0 1.0
1 1.0
2 1.0
3 1.0
4 0.8828125
5 1.0
6 1.0
7 0.6796875
8 1.0
9 0.625
10 1.0
11 0.78125
12 1.0
13 1.0
14 1.0
15 1.0
16 0.8828125
17 1.0
18 1.0
19 0.3359375
20 0.4609375
21 0.8828125
22 0.6015625
23 1.0
24 0.78125
25 0.8828125
26 0.7734375
27 0.78125
28 1.0
29 1.0
30 0.34375
31 1.0
32 0.59375
33 1.0
34 1.0
35 1.0
36 1.0
37 1.0
38 1.0
39 1.0
40 1.0
41 1.0
42 1.0
43 1.0
44 1.0
45 1.0
46 1.0
47 1.0
48 1.0
49 1.0
50 0.4921875
51 1.0
52 0.78125
53 1.0
54 1.0
55 0.78125
56 0.5234375
57 0.7734375
58 0.8828125
59 1.0
60 0.5078125
61 0.78125
62 0.4921875
63 0.5859375
64 0.8828125
65 1.0
66 0.671875
67 0.5078125
68 1.0
69 0.8828125
70 0.6796875
71 1.0
72 0.7734375
73 0.8828125
74 0.6015625
75 0.78125
76 0.5
77 0.3984375
78 1.0
79 1.0
80 1.0
81 0.8828125
82 1.0
83 0.7734375
84 1.0
85 1.0
86 1.0
87 0.625
88 1.0
89 1.0
90 1.0
91 1.0
92 0.6953125
93 0.8828125
94 0.8828125
95 1.0
96 0.390625
97 0.7734375
98 0.7734375
99 0.662222222222
100 0.875555555556
101 0.875555555556
102 1.0
103 0.768888888889
104 0.52
105 1.0
106 1.0
107 0.68
108 0.662222222222
109 1.0
110 1.0
111 0.68
112 1.0
113 0.875555555556
114 1.0
115 0.662222222222
116 0.768888888889
117 1.0
118 1.0
119 1.0
120 1.0
121 1.0
122 1.0
123 0.768888888889
124 0.44
125 0.875555555556
126 0.768888888889
127 1.0
128 0.662222222222
129 0.573333333333
130 1.0
131 0.875555555556
132 1.0
133 0.6796875
134 1.0
135 0.5703125
136 0.78125
137 0.78125
138 0.53125
139 1.0
140 0.4609375
141 0.3984375
142 0.59375
143 1.0
144 0.78125
145 1.0
146 0.4609375
147 0.5703125
148 1.0
149 1.0
150 1.0
151 0.7734375
152 1.0
153 1.0
154 0.6796875
155 0.8828125
156 1.0
157 0.6953125
158 0.8828125
159 1.0
160 1.0
161 1.0
162 1.0
163 1.0
164 1.0
165 0.78125
166 1.0
167 1.0
168 1.0
169 0.8828125
170 0.78125
171 1.0
172 1.0
173 0.78125
174 0.78125
175 1.0
176 1.0
177 0.5859375
178 1.0
179 1.0
180 0.7734375
181 0.3515625
182 0.46875
183 0.78125
184 0.8828125
185 0.3671875
186 0.59375
187 1.0
188 0.5390625
189 0.40625
190 0.8828125
191 0.4453125
192 0.671875
193 0.671875
194 1.0
195 0.8828125
196 0.8828125
197 0.6953125
198 0.6015625
199 0.671875
200 1.0
201 0.8828125
202 0.78125
203 0.8828125
204 0.8828125
205 0.4140625
206 0.4453125
207 0.6796875
208 0.578125
209 0.4453125
210 0.78125
211 0.8828125
212 0.8828125
213 1.0
214 0.8828125
215 1.0
216 0.8828125
217 0.5
218 0.8828125
219 0.8828125
220 1.0
221 1.0
222 0.5078125
223 1.0
224 1.0
225 0.5078125
226 1.0
227 1.0
228 0.7734375
229 0.8828125
230 0.8828125
231 0.5078125
232 0.8828125
233 1.0
234 0.7734375
235 0.53125
236 0.4453125
237 0.625
238 1.0
239 1.0
240 0.78125
241 0.8828125
242 0.6796875
243 0.59375
244 0.8828125
245 0.7734375
246 0.8828125
247 1.0
248 0.78125
249 0.6953125
250 0.8828125
251 0.6796875
252 0.6796875
253 1.0
254 0.6796875
255 1.0
256 1.0
257 1.0
258 0.4296875
259 0.6015625
260 0.5390625
261 0.8828125
262 0.6796875
263 0.6796875
264 0.2734375
265 0.355371900826
266 0.685950413223
267 0.371900826446
268 0.685950413223
269 0.6953125
270 0.8828125
271 0.8828125
272 1.0
273 0.53125
274 1.0
275 1.0
276 1.0
277 1.0
278 1.0
279 0.6796875
280 0.8828125
281 0.78125
282 0.8828125
283 0.8828125
284 0.76
285 0.484444444444
286 0.44
287 0.768888888889
288 0.875555555556
289 0.875555555556
290 0.52
291 0.578125
292 0.5
293 0.3984375
294 0.78125
295 0.6796875
296 0.4453125
297 0.8828125
298 0.6015625
299 0.3515625
300 0.7734375
301 0.8828125
302 0.671875
303 1.0
304 0.5
305 0.6796875
306 1.0
307 0.7734375
308 0.5859375
309 0.479591836735
310 0.5859375
311 0.4609375
312 0.3515625
313 0.3984375
314 0.8828125
315 0.8828125
316 0.3984375
317 0.4296875
318 1.0
319 0.578125
320 0.8828125
321 0.6796875
322 0.3046875
323 0.8828125
324 0.78125
325 0.6796875
326 0.7734375
327 0.7734375
328 0.78125
329 0.78125
330 0.3828125
331 0.671875
332 0.5078125
333 0.78125
334 0.7734375
335 0.6953125
336 1.0
337 0.8828125
338 0.5234375
339 0.662222222222
340 0.555555555556
341 0.768888888889
342 0.351111111111
343 0.8828125
344 0.3125
345 0.421875
346 0.40625
347 0.6953125
348 0.5859375
349 0.5859375
350 0.359375
351 0.515625
352 0.6796875
353 0.6796875
354 0.78125
355 0.7734375
356 1.0
357 0.7734375
358 1.0
359 0.6796875
360 0.7734375
361 0.5390625
362 0.7734375
363 0.448979591837
364 0.359375
365 0.3359375
366 0.8828125
367 0.671875
368 0.59375
369 0.4609375
370 0.351111111111
371 0.413333333333
372 0.875555555556
373 0.582222222222
374 0.632653061224
375 0.5859375
376 0.4296875
377 0.4296875
378 0.4453125
379 0.7734375
380 0.6796875
381 0.5859375
382 0.3671875
383 0.5859375
384 0.3828125
385 0.5859375
386 0.78125
387 0.671875
388 0.6796875
389 0.7734375
390 0.5234375
391 0.6796875
392 0.8828125
393 0.6796875
394 0.8828125
395 0.59375
396 0.7734375
397 0.438775510204
398 0.867346938776
402 0.642857142857
403 0.5078125
404 0.3515625
405 0.653333333333
406 0.6796875
407 0.564444444444
408 0.3203125
409 0.625
410 0.5859375
411 0.5859375
412 0.8828125
413 0.7734375
414 0.3359375
415 0.6796875
416 0.6015625
417 0.5859375
418 0.4296875
419 0.76
420 0.867346938776
421 0.5
422 0.475555555556
423 0.475555555556
424 0.768888888889
425 0.404444444444
426 0.671875
427 0.7734375
430 0.6953125
431 0.34375
432 0.78125
433 0.5078125
434 0.333333333333
435 0.653333333333
436 0.564444444444
437 0.342222222222
438 0.342222222222
439 0.875555555556
440 0.7734375
441 0.34375
442 0.296875
443 0.7734375
444 0.5859375
445 0.6796875
446 0.3046875
447 0.4609375
448 0.4453125
449 0.78125
450 0.5078125
451 0.7734375
453 0.867346938776
454 0.6796875
455 0.8828125
456 1.0
457 0.7734375
458 1.0
459 1.0
460 1.0
461 0.4609375
462 0.5078125
463 0.328125
464 1.0
465 0.78125
466 0.671875
467 0.6796875
468 0.515625
469 0.5859375
470 0.5703125
471 0.7734375
472 1.0
473 0.4453125
474 1.0
475 0.3125
476 0.5859375
477 0.28125
478 0.34375
479 0.6015625
480 0.8828125
481 0.3203125
482 0.515625
483 0.421875
484 0.6796875
485 0.671875
486 0.6796875
487 0.66
488 0.68
489 0.8828125
490 0.78125
491 0.78125
492 0.4453125
493 0.3984375
494 0.6796875
495 0.2890625
496 0.78125
497 1.0
498 0.40625
499 0.4609375
500 0.3046875
501 0.367346938776
502 0.561224489796
503 1.0
504 1.0
505 1.0
506 0.642857142857
507 0.397959183673
508 0.867346938776
509 1.0
510 0.744897959184
511 0.78125
512 0.5078125
513 0.6796875
514 0.3125
515 0.171875
516 0.78125
517 0.6796875
518 1.0
519 0.768888888889
520 0.390625
521 0.6015625
522 0.4609375
523 0.59375
524 0.671875
525 0.46875
526 0.4609375
527 0.6796875
528 0.671875
529 1.0
530 0.6015625
531 0.5859375
532 0.5859375
533 0.6796875
534 0.386666666667
535 0.671875
536 1.0
537 0.28125
538 0.578125
539 0.8828125
540 0.296875
541 0.8828125
542 0.78125
543 0.328125
544 0.671875
545 0.6015625
546 0.8828125
547 0.421875
548 0.8828125
549 0.4296875
550 0.359375
551 0.78125
552 1.0
553 0.5859375
554 0.8828125
555 0.867346938776
556 0.377551020408
557 0.642857142857
558 0.867346938776
559 0.744897959184
560 0.359375
561 1.0
562 0.6015625
563 0.7734375
564 0.8828125
565 0.8828125
566 0.6796875
567 0.5859375
568 0.78125
569 0.6796875
570 1.0
571 1.0
572 1.0
573 1.0
574 0.7734375
575 0.6953125
578 0.6796875
579 0.5234375
580 0.3046875
581 0.564444444444
582 0.8828125
583 0.328125
584 0.8828125
585 0.625
586 0.6015625
587 0.78125
588 0.6796875
589 0.2421875
590 1.0
591 0.7734375
592 0.78125
593 0.3671875
594 1.0
595 0.7734375
596 1.0
597 0.78125
598 0.78125
599 1.0
600 1.0
601 1.0
602 1.0
603 1.0
604 1.0
605 0.8828125
606 0.5859375
607 0.8828125
