0 1.0
1 0.768888888889
2 0.555555555556
3 0.875555555556
4 0.262222222222
5 0.875555555556
6 0.76
7 0.875555555556
8 0.475555555556
9 0.573333333333
10 0.662222222222
11 0.662222222222
12 0.52
13 0.875555555556
14 1.0
15 0.768888888889
16 1.0
17 1.0
18 0.502222222222
19 1.0
20 0.582222222222
21 1.0
22 1.0
23 1.0
24 1.0
25 1.0
26 0.768888888889
27 0.555555555556
28 1.0
29 1.0
30 1.0
31 1.0
32 0.875555555556
33 1.0
34 1.0
35 1.0
36 1.0
37 0.875555555556
38 1.0
39 0.875555555556
40 0.395555555556
41 0.875555555556
42 0.875555555556
43 0.475555555556
44 1.0
45 0.582222222222
46 0.333333333333
47 1.0
48 0.663265306122
49 1.0
50 1.0
51 1.0
52 0.510204081633
53 0.591836734694
54 1.0
55 1.0
56 1.0
57 1.0
58 0.875555555556
59 1.0
60 1.0
61 1.0
62 1.0
63 1.0
64 0.875555555556
65 1.0
66 1.0
67 1.0
68 1.0
69 1.0
70 1.0
71 1.0
72 1.0
73 1.0
74 1.0
75 1.0
76 1.0
77 1.0
78 1.0
79 1.0
80 1.0
81 1.0
82 1.0
83 1.0
84 0.7734375
85 1.0
86 1.0
87 1.0
88 1.0
89 0.8828125
90 0.8828125
91 0.8828125
92 0.7734375
93 1.0
94 1.0
95 0.7734375
96 0.78125
97 1.0
98 0.5703125
99 1.0
100 0.515625
101 0.625
103 0.875555555556
104 0.34375
105 0.8828125
106 0.3125
107 1.0
108 0.6953125
109 1.0
110 0.8828125
111 1.0
112 0.8828125
113 1.0
114 0.53125
115 1.0
116 1.0
117 0.4453125
118 1.0
119 1.0
120 1.0
121 0.5078125
122 1.0
123 1.0
124 1.0
125 1.0
126 1.0
127 1.0
128 1.0
129 1.0
130 1.0
131 1.0
132 1.0
133 1.0
134 1.0
135 1.0
136 1.0
137 0.4140625
138 0.4609375
139 0.8828125
140 1.0
141 0.6953125
142 0.8828125
143 1.0
144 0.5703125
145 1.0
146 1.0
147 1.0
148 1.0
149 1.0
150 1.0
151 0.78125
152 0.59375
153 1.0
154 1.0
155 1.0
156 0.6796875
157 0.78125
158 1.0
159 1.0
160 1.0
161 1.0
162 1.0
163 0.8828125
164 1.0
165 1.0
166 1.0
167 1.0
168 1.0
169 0.625
170 1.0
171 1.0
172 1.0
173 1.0
174 1.0
175 1.0
176 0.8828125
177 1.0
178 1.0
179 1.0
180 0.8828125
181 1.0
182 1.0
183 1.0
184 1.0
185 1.0
186 1.0
187 1.0
188 0.4921875
189 1.0
190 1.0
191 1.0
192 1.0
193 1.0
194 1.0
195 1.0
196 1.0
197 1.0
198 1.0
199 0.8828125
200 1.0
201 0.8828125
202 1.0
203 0.5078125
204 0.5078125
205 1.0
206 1.0
207 0.8828125
208 1.0
209 1.0
210 1.0
211 0.78125
212 1.0
213 1.0
214 1.0
215 1.0
216 1.0
217 1.0
218 1.0
219 1.0
220 0.8828125
221 1.0
222 0.8828125
223 0.625
224 1.0
225 1.0
226 0.8828125
227 1.0
228 1.0
229 1.0
230 1.0
231 1.0
232 1.0
233 0.8828125
234 1.0
235 0.8828125
236 0.7734375
237 1.0
238 1.0
239 1.0
240 1.0
241 1.0
242 1.0
243 1.0
244 1.0
245 1.0
246 0.3046875
247 1.0
248 1.0
249 1.0
250 1.0
251 1.0
252 1.0
253 1.0
254 1.0
255 1.0
256 1.0
257 1.0
258 0.8828125
259 0.8828125
260 1.0
261 1.0
262 1.0
263 1.0
264 1.0
265 1.0
266 1.0
267 1.0
268 0.8828125
269 1.0
270 0.8828125
271 1.0
272 1.0
273 1.0
274 1.0
275 1.0
276 0.5078125
277 0.8828125
278 1.0
279 1.0
280 0.8828125
281 1.0
282 1.0
283 1.0
284 1.0
285 1.0
286 1.0
287 0.6796875
288 0.5078125
289 1.0
290 1.0
291 1.0
292 0.8828125
293 0.8828125
294 1.0
295 1.0
296 1.0
297 1.0
298 1.0
299 0.8828125
300 1.0
301 0.625
302 1.0
303 1.0
304 1.0
305 0.6015625
306 1.0
307 1.0
308 0.6796875
309 0.4921875
310 0.8828125
311 0.7734375
312 0.5078125
313 0.5
314 0.867346938776
315 0.8828125
316 0.8828125
317 0.78125
318 0.5390625
319 1.0
320 1.0
321 0.6796875
322 0.6953125
323 0.5078125
324 0.4921875
328 0.5078125
329 0.78125
330 0.78125
331 0.6796875
332 0.6796875
333 0.6796875
