0 1.0
1 0.7734375
2 0.6015625
3 1.0
4 0.7734375
5 1.0
6 0.53125
7 0.578125
8 0.6796875
9 1.0
10 0.6796875
11 0.5703125
12 0.7734375
13 0.8828125
14 0.8828125
15 0.8828125
16 0.78125
17 0.78125
18 0.6015625
19 0.8828125
20 0.875555555556
21 0.351111111111
22 1.0
23 0.7734375
24 0.4296875
25 0.6953125
26 0.6796875
27 0.515625
28 0.8828125
29 0.7734375
30 0.8828125
31 0.8828125
32 1.0
33 0.8828125
34 1.0
35 1.0
36 1.0
37 1.0
38 0.8828125
39 1.0
40 1.0
41 0.78125
42 0.8828125
43 0.8828125
44 1.0
45 1.0
46 0.8828125
47 0.78125
48 1.0
49 0.4609375
50 1.0
51 1.0
52 1.0
53 0.8828125
54 0.4453125
55 0.8828125
56 0.78125
57 0.6796875
58 0.671875
59 1.0
60 1.0
61 0.8828125
62 0.671875
63 0.4296875
64 0.8828125
65 0.6796875
66 0.5390625
67 0.5859375
68 0.8828125
69 1.0
70 0.6015625
71 1.0
72 1.0
73 1.0
74 0.8828125
75 0.8828125
76 0.78125
77 1.0
78 1.0
79 0.6015625
80 0.6796875
81 0.8828125
82 0.78125
83 0.6015625
84 0.78125
85 0.375
86 0.6796875
87 1.0
88 1.0
89 0.8828125
90 0.6796875
91 0.755102040816
92 0.642857142857
93 1.0
94 0.5390625
95 0.6953125
96 0.53125
97 0.5859375
98 0.5859375
99 0.8828125
100 0.421875
101 0.6796875
102 0.6796875
103 0.8828125
104 1.0
105 1.0
106 0.3984375
107 0.8828125
108 0.3125
109 0.6796875
110 0.7734375
111 0.8828125
112 0.8828125
113 0.78125
114 0.621301775148
115 0.8828125
116 0.7734375
117 0.7734375
118 1.0
119 1.0
120 1.0
121 0.7734375
122 0.8828125
123 0.5703125
124 1.0
125 0.8828125
126 1.0
127 0.8828125
128 0.5859375
129 0.8828125
130 0.8828125
131 0.8828125
132 0.78125
133 0.8828125
134 0.671875
135 0.7734375
136 0.6796875
137 0.59375
138 0.6015625
139 0.7734375
140 0.78125
141 0.5078125
142 0.5859375
143 0.8828125
144 0.6015625
145 0.6796875
146 0.6796875
147 0.8828125
148 0.7734375
149 0.78125
150 0.5
151 0.515625
152 0.7734375
153 0.6796875
154 0.8828125
155 0.78125
156 0.867346938776
157 0.4921875
158 0.5078125
159 0.7734375
160 0.8828125
161 0.5078125
162 0.8828125
163 0.78125
164 0.8828125
165 1.0
166 1.0
167 0.78125
168 0.78125
169 0.78125
170 0.78125
171 0.8828125
172 0.5703125
173 0.6015625
174 0.8828125
175 0.3984375
176 0.3671875
177 0.5078125
178 0.78125
179 0.59375
180 0.7734375
181 0.78125
182 0.6796875
183 0.34375
184 0.802469135802
185 1.0
186 0.671875
187 1.0
188 0.5078125
189 0.59375
190 0.6796875
191 0.78125
192 0.6796875
193 0.8828125
194 0.6796875
195 0.4375
196 0.7734375
197 0.7734375
198 0.78125
199 0.5859375
200 0.6953125
201 0.8828125
202 0.5078125
203 0.7734375
204 0.6796875
205 0.5078125
206 0.4453125
207 0.34375
208 0.768888888889
209 0.8828125
210 0.578125
211 0.7734375
212 0.8828125
213 1.0
214 0.265625
215 0.8828125
216 1.0
217 1.0
218 0.722222222222
219 0.28125
220 0.7734375
221 0.265625
222 0.6796875
223 0.6796875
224 0.8828125
225 0.4921875
226 0.5078125
227 0.6953125
228 0.59375
229 0.6796875
230 1.0
231 1.0
232 0.59375
233 0.8828125
234 0.4453125
235 0.6796875
236 0.421875
237 0.502222222222
238 0.662222222222
239 0.8828125
240 0.8828125
241 0.78125
242 0.7734375
243 0.8828125
244 0.625
245 0.6796875
246 1.0
247 0.4453125
248 1.0
249 0.7734375
250 0.6796875
251 0.3984375
252 0.4609375
253 1.0
254 0.5078125
256 0.625
257 0.8828125
258 0.7734375
259 0.6796875
260 0.59375
261 1.0
262 0.52
263 1.0
264 1.0
265 1.0
266 0.8828125
267 1.0
268 1.0
269 1.0
270 1.0
271 1.0
272 0.8828125
273 1.0
274 1.0
275 1.0
276 0.8828125
277 0.78125
278 1.0
279 1.0
280 1.0
281 1.0
282 1.0
283 1.0
284 1.0
285 1.0
286 1.0
287 1.0
288 1.0
289 1.0
290 1.0
291 1.0
292 1.0
293 1.0
294 1.0
295 1.0
296 1.0
297 1.0
298 1.0
299 0.8828125
300 1.0
301 1.0
302 0.8828125
303 1.0
304 0.8828125
305 1.0
306 1.0
307 1.0
308 1.0
309 1.0
310 1.0
311 1.0
312 1.0
313 1.0
314 1.0
315 0.6796875
316 1.0
317 1.0
318 1.0
319 1.0
320 1.0
321 1.0
322 1.0
323 1.0
324 1.0
325 1.0
326 1.0
327 0.8828125
328 1.0
329 1.0
330 1.0
331 1.0
332 0.5078125
333 1.0
334 0.6796875
335 1.0
336 0.8828125
337 1.0
338 1.0
339 1.0
340 1.0
341 1.0
342 1.0
343 1.0
344 1.0
345 1.0
346 1.0
347 1.0
348 1.0
349 1.0
350 1.0
351 0.8828125
352 1.0
353 1.0
354 1.0
355 0.6796875
356 1.0
357 1.0
358 1.0
359 1.0
360 0.8828125
361 1.0
362 1.0
363 0.8828125
364 1.0
365 1.0
366 1.0
367 1.0
368 1.0
369 1.0
370 1.0
371 1.0
372 0.8828125
373 1.0
374 1.0
375 1.0
376 1.0
377 1.0
378 1.0
379 1.0
380 1.0
381 1.0
382 1.0
383 0.78125
384 1.0
385 1.0
386 0.8828125
387 1.0
388 1.0
389 1.0
390 1.0
391 1.0
392 1.0
393 1.0
394 1.0
395 0.8828125
396 1.0
397 1.0
398 1.0
399 1.0
400 1.0
401 1.0
402 1.0
403 1.0
404 0.78125
405 0.78125
406 0.8828125
407 1.0
408 1.0
409 1.0
410 1.0
411 1.0
412 1.0
413 1.0
414 1.0
415 1.0
416 1.0
417 1.0
418 0.4453125
419 0.6953125
420 1.0
421 1.0
422 1.0
423 0.8828125
424 1.0
425 1.0
426 1.0
427 1.0
428 1.0
429 1.0
430 1.0
431 1.0
432 1.0
433 1.0
434 1.0
435 1.0
436 1.0
437 1.0
438 1.0
439 1.0
440 0.6796875
441 0.5078125
442 1.0
443 0.3359375
444 0.515625
445 0.6015625
446 0.4609375
447 0.8828125
448 0.662222222222
449 0.6796875
450 0.4453125
451 0.3359375
452 0.744897959184
453 1.0
454 0.78125
455 1.0
456 1.0
457 1.0
458 1.0
459 1.0
460 1.0
461 1.0
462 1.0
463 1.0
464 1.0
465 1.0
466 1.0
467 1.0
468 1.0
469 1.0
470 1.0
471 1.0
472 1.0
473 1.0
474 1.0
475 0.8828125
476 0.8828125
477 0.8828125
478 1.0
479 0.6953125
480 1.0
481 0.78125
482 1.0
483 1.0
484 1.0
485 1.0
486 1.0
487 1.0
488 0.46875
489 1.0
490 1.0
491 1.0
492 1.0
493 1.0
494 1.0
495 0.53125
496 1.0
497 1.0
498 1.0
499 1.0
500 1.0
501 1.0
502 1.0
503 0.78125
504 0.578125
505 0.6796875
506 0.8828125
507 1.0
508 0.8828125
509 1.0
510 1.0
511 1.0
512 1.0
513 1.0
514 1.0
515 0.6796875
516 1.0
517 0.8828125
518 1.0
519 1.0
520 0.78125
521 0.6796875
522 0.7734375
523 0.78125
524 0.8828125
525 0.6953125
526 0.4453125
527 1.0
528 1.0
529 1.0
530 1.0
531 1.0
532 1.0
533 1.0
534 1.0
535 1.0
536 1.0
537 1.0
538 0.8828125
539 1.0
540 1.0
541 1.0
542 1.0
543 1.0
544 1.0
545 1.0
546 1.0
547 1.0
548 1.0
549 0.8828125
550 1.0
551 1.0
552 1.0
553 0.8828125
554 0.8828125
555 1.0
556 1.0
557 1.0
558 0.6796875
559 0.7734375
560 0.8828125
561 1.0
562 1.0
563 1.0
564 0.78125
565 1.0
566 1.0
567 0.8828125
568 1.0
569 0.3671875
570 1.0
571 0.7734375
572 1.0
573 0.5078125
574 0.78125
575 1.0
576 1.0
577 1.0
578 1.0
579 0.78125
580 1.0
581 0.5859375
582 1.0
583 0.3515625
584 0.3984375
585 1.0
586 0.5078125
587 0.78125
588 1.0
589 1.0
590 1.0
591 1.0
592 1.0
593 1.0
594 1.0
595 1.0
596 1.0
597 1.0
598 1.0
599 1.0
600 0.78125
601 1.0
602 1.0
603 0.8828125
604 0.78125
605 1.0
606 0.8828125
607 0.78125
608 1.0
609 1.0
610 0.78125
611 1.0
612 0.8828125
613 1.0
614 1.0
615 1.0
616 1.0
617 1.0
618 1.0
619 1.0
620 1.0
621 1.0
622 1.0
623 0.8828125
624 1.0
625 0.8828125
626 1.0
627 1.0
628 1.0
629 1.0
630 1.0
631 1.0
632 0.8828125
633 1.0
634 1.0
635 1.0
636 1.0
637 1.0
638 1.0
639 0.5859375
640 1.0
641 1.0
642 0.390625
643 1.0
644 0.8828125
645 1.0
646 1.0
647 1.0
648 1.0
649 1.0
650 1.0
651 1.0
652 1.0
653 1.0
654 1.0
655 1.0
656 1.0
657 1.0
658 1.0
659 1.0
660 1.0
661 1.0
662 1.0
663 1.0
664 1.0
665 0.8828125
666 1.0
667 1.0
668 1.0
669 0.8828125
670 1.0
671 1.0
672 1.0
673 1.0
674 1.0
675 1.0
676 1.0
677 1.0
678 0.53125
679 0.5078125
680 1.0
681 1.0
682 0.78125
683 1.0
684 1.0
685 1.0
686 1.0
687 1.0
688 0.3984375
689 1.0
690 1.0
691 0.625
692 1.0
693 1.0
694 1.0
695 1.0
696 1.0
697 1.0
698 1.0
699 1.0
700 1.0
701 1.0
702 1.0
703 1.0
704 1.0
705 1.0
706 1.0
707 1.0
708 1.0
709 1.0
710 0.8828125
711 1.0
712 1.0
713 1.0
714 0.78125
715 1.0
716 0.8828125
717 1.0
718 1.0
719 0.8828125
720 0.78125
721 1.0
722 1.0
723 1.0
724 1.0
725 1.0
726 0.8828125
727 1.0
728 1.0
729 1.0
730 1.0
731 1.0
732 1.0
733 1.0
734 1.0
735 1.0
736 1.0
737 0.8828125
738 1.0
739 1.0
740 1.0
741 0.671875
742 1.0
743 1.0
744 1.0
745 1.0
746 1.0
747 1.0
748 1.0
749 1.0
750 1.0
751 0.6953125
752 1.0
753 1.0
754 1.0
755 0.8828125
756 1.0
757 1.0
758 1.0
759 1.0
760 1.0
761 1.0
762 0.6796875
763 1.0
764 1.0
765 1.0
766 1.0
767 1.0
768 0.8828125
769 1.0
770 1.0
771 0.7734375
772 1.0
773 1.0
774 0.8828125
775 0.5
776 0.6015625
777 1.0
778 1.0
779 0.8828125
780 0.8828125
781 1.0
782 1.0
783 0.8828125
784 1.0
785 1.0
786 1.0
787 1.0
788 1.0
789 1.0
790 1.0
791 1.0
792 0.8828125
793 1.0
794 1.0
795 1.0
796 1.0
797 1.0
798 1.0
799 1.0
800 1.0
801 0.5078125
802 0.78125
803 0.8828125
804 1.0
805 1.0
806 1.0
807 1.0
808 1.0
809 1.0
810 0.6953125
811 1.0
812 1.0
813 0.78125
814 0.6015625
815 0.53125
816 1.0
817 0.6953125
818 0.4453125
819 1.0
820 0.671875
821 1.0
822 1.0
823 0.875555555556
824 1.0
825 0.5078125
826 1.0
827 1.0
828 1.0
829 0.8828125
830 0.625
831 1.0
832 1.0
833 0.78125
834 0.59375
835 1.0
836 1.0
837 1.0
838 1.0
839 1.0
840 1.0
841 0.8828125
842 0.8828125
843 0.8828125
844 1.0
845 0.5859375
846 1.0
847 1.0
848 1.0
849 1.0
850 1.0
851 1.0
852 0.8828125
853 0.8828125
854 0.78125
855 1.0
856 1.0
857 1.0
858 1.0
859 1.0
860 1.0
861 1.0
862 0.8828125
863 1.0
864 1.0
865 1.0
866 1.0
867 1.0
868 1.0
869 1.0
870 1.0
871 1.0
872 1.0
873 0.8828125
874 1.0
875 0.78125
876 1.0
877 1.0
878 1.0
879 1.0
880 1.0
881 0.8828125
882 1.0
883 1.0
884 0.8828125
885 0.3984375
886 1.0
887 1.0
888 1.0
889 1.0
890 0.3515625
891 1.0
892 1.0
893 1.0
894 1.0
895 0.78125
896 0.8828125
897 1.0
898 1.0
899 1.0
900 0.78125
901 1.0
902 1.0
903 0.8828125
904 0.375
905 1.0
906 1.0
907 0.847222222222
908 1.0
909 1.0
910 0.7734375
911 0.8828125
912 1.0
913 1.0
914 1.0
915 1.0
916 0.78125
917 1.0
918 1.0
919 0.78125
920 1.0
921 1.0
922 1.0
923 0.78125
924 1.0
925 1.0
926 1.0
927 1.0
928 1.0
929 1.0
930 1.0
931 0.5078125
932 1.0
933 1.0
934 1.0
935 1.0
936 1.0
937 1.0
938 0.78125
939 1.0
940 1.0
941 1.0
942 1.0
943 0.78125
944 1.0
945 1.0
946 1.0
947 0.78125
948 0.5078125
949 1.0
950 1.0
951 1.0
952 1.0
953 1.0
954 1.0
955 1.0
956 1.0
957 1.0
958 1.0
959 0.8828125
960 1.0
961 1.0
962 0.78125
963 0.78125
964 1.0
965 1.0
966 1.0
967 1.0
968 1.0
969 1.0
970 1.0
971 1.0
972 1.0
973 1.0
974 1.0
975 1.0
976 1.0
977 1.0
978 1.0
979 1.0
980 1.0
981 1.0
982 1.0
983 1.0
984 0.78125
985 1.0
986 0.671875
987 0.6796875
988 1.0
989 1.0
990 1.0
991 1.0
992 1.0
993 0.8828125
994 0.4453125
995 0.8828125
996 1.0
997 1.0
998 1.0
999 0.4453125
1000 1.0
1001 1.0
1002 0.78125
1003 1.0
1004 0.6796875
1005 0.40625
1006 1.0
1007 1.0
1008 0.8828125
1009 1.0
1010 1.0
1011 1.0
1012 0.5703125
1013 0.5390625
1014 1.0
1015 1.0
1016 1.0
1017 1.0
1018 1.0
1019 0.7734375
1020 1.0
1021 0.8828125
1022 0.8828125
1023 0.8828125
1024 1.0
1025 1.0
1026 0.8828125
1027 0.5
1028 0.78125
1029 0.6953125
1030 1.0
1031 0.8828125
1032 0.78125
1033 1.0
1034 1.0
1035 0.8828125
1036 0.8828125
1037 1.0
1038 1.0
1039 1.0
1040 1.0
1041 1.0
1042 1.0
1043 0.5703125
1044 0.8828125
1045 0.4453125
1046 0.5078125
1047 1.0
1048 1.0
1049 1.0
1050 0.6953125
1051 1.0
1052 1.0
1053 0.8828125
1054 1.0
1055 1.0
1056 0.8828125
1057 0.6015625
1058 0.8828125
1059 0.4921875
1060 1.0
1061 0.4609375
1062 1.0
1063 1.0
1064 0.6796875
1065 0.5078125
1066 1.0
1067 0.6953125
1068 1.0
1069 1.0
1070 0.8828125
1071 0.78125
1072 1.0
1073 1.0
1074 0.6796875
1075 1.0
1076 0.8828125
1077 1.0
1078 1.0
1079 1.0
1080 0.8828125
1081 1.0
1082 1.0
1083 0.78125
1084 0.5
1085 1.0
1086 1.0
1087 1.0
1088 1.0
1089 0.8828125
1090 0.78125
1091 0.625
1092 1.0
1093 0.625
1094 1.0
1095 1.0
1096 1.0
1097 0.8828125
1098 0.7734375
1099 0.5078125
1100 0.8828125
1101 0.6953125
1102 0.78125
1103 0.78125
1104 0.6796875
1105 1.0
1106 0.8828125
1107 0.59375
1108 0.390625
1109 0.5390625
1110 0.5234375
1111 0.53125
1112 0.78125
1113 1.0
1114 0.7734375
1115 1.0
1116 0.390625
1117 0.7734375
1118 0.8828125
1119 1.0
1120 1.0
1121 0.515625
1122 0.578125
1123 1.0
1124 0.6796875
1125 0.328125
1126 0.78125
1127 0.7734375
1128 0.3984375
1129 0.7734375
1130 0.8828125
1131 0.6953125
1132 0.5078125
1133 1.0
1134 0.8828125
1135 0.53125
1136 0.78125
1137 0.515625
1138 0.5
1139 0.6953125
1140 0.8828125
1141 0.8828125
1142 1.0
1143 0.8828125
1144 1.0
1145 1.0
1146 1.0
1147 0.78125
1148 1.0
1149 0.4296875
1150 1.0
1151 1.0
1152 0.4609375
1153 1.0
1154 0.6953125
1155 0.7734375
1156 1.0
1157 1.0
1158 1.0
1159 1.0
1160 1.0
1161 1.0
1162 1.0
1163 0.5078125
1164 1.0
1165 1.0
1166 0.8828125
1167 0.8828125
1168 1.0
1169 0.6953125
1170 1.0
1171 0.265625
1172 1.0
1173 0.8828125
1174 0.7734375
1175 0.6953125
1176 0.7734375
1177 1.0
1178 0.8828125
1179 1.0
1180 1.0
1181 1.0
1182 1.0
1183 1.0
1184 0.78125
1185 0.78125
1186 1.0
1187 0.78125
1188 1.0
1189 0.8828125
1190 1.0
1191 0.8828125
1192 0.4453125
1193 1.0
1194 0.8828125
1195 0.78125
1196 1.0
1197 1.0
1198 1.0
1199 1.0
1200 0.5078125
1201 1.0
1202 0.8828125
1203 1.0
1204 1.0
1205 0.7734375
1206 0.6796875
1207 0.5859375
1208 1.0
1209 0.7734375
1210 1.0
1211 1.0
1212 0.78125
1213 0.8828125
1214 0.8828125
1215 1.0
1216 0.6796875
1217 0.78125
1218 0.6796875
1219 0.8828125
1220 1.0
1221 0.8828125
1222 0.78125
1223 0.8828125
1224 0.6796875
1225 0.6953125
1226 1.0
1227 0.8828125
1228 1.0
1229 0.78125
1230 0.8828125
1231 0.8828125
1232 0.625
1233 0.4609375
1234 0.6796875
1235 1.0
1236 0.625
1237 0.5703125
1238 0.6015625
1239 1.0
1240 0.8828125
1241 0.5
1242 0.671875
1243 1.0
1244 0.3984375
1245 0.671875
1246 0.7734375
1247 0.625
1248 0.4296875
1249 0.6796875
1250 0.5859375
1252 0.4453125
1253 0.7734375
1254 0.59375
1255 0.8828125
1256 0.8828125
1257 0.5859375
1258 0.8828125
1259 0.6796875
1260 1.0
1261 0.8828125
1306 0.8828125
1307 0.8828125
1308 0.8828125
1309 0.5859375
1310 1.0
1311 1.0
1312 0.7734375
1313 1.0
1314 0.8828125
1315 0.8828125
1316 0.8828125
1317 0.8828125
1318 0.78125
1319 0.8828125
1320 1.0
1321 1.0
1322 1.0
1323 1.0
1324 0.8828125
1325 0.8828125
1326 0.78125
1327 0.8828125
1328 0.506172839506
1329 0.7734375
1330 0.6953125
1331 0.6796875
1332 0.8828125
1333 0.8828125
1334 1.0
1335 0.5078125
1336 0.5859375
1337 0.768888888889
1338 0.8828125
1339 0.6796875
1340 0.78125
1341 0.78125
1342 0.386666666667
1343 0.8828125
1344 1.0
1345 1.0
1346 1.0
1347 0.78125
1348 1.0
1349 0.5859375
1350 0.5859375
1351 0.8828125
1352 0.8828125
1353 0.6796875
1354 0.5390625
1355 0.52
1356 0.8828125
1357 0.8828125
1358 1.0
1359 0.4921875
1360 0.5703125
1361 0.8828125
1362 0.7734375
1363 0.8828125
1364 0.59375
1365 0.5859375
1366 0.59375
1367 0.8828125
1368 0.8828125
1369 0.8828125
1370 0.6796875
1371 0.5
1372 0.8828125
1373 0.6953125
1374 0.7734375
1375 1.0
1376 0.875555555556
1377 0.8828125
1378 1.0
1379 0.78125
1380 0.6953125
1381 0.5078125
1382 0.5078125
1383 0.8828125
1384 0.5859375
1385 0.44
1386 1.0
1387 0.671875
1388 0.6953125
1389 0.78125
1390 0.6015625
1391 0.390625
1392 0.3984375
1393 0.578125
1394 0.8828125
1395 0.3671875
1396 0.5859375
1397 1.0
1398 0.8828125
1399 0.6796875
1400 0.78125
1401 0.5078125
1402 0.5078125
1403 1.0
1404 1.0
1405 0.7734375
1406 0.5
1407 0.6796875
1408 0.8828125
1409 0.739644970414
1410 0.337278106509
1411 0.644970414201
1412 0.7734375
1413 0.5859375
1414 0.4453125
1415 0.8828125
1416 0.8828125
1417 0.7734375
1418 0.8828125
1419 0.5078125
1420 0.78125
1421 0.46875
1422 1.0
1423 1.0
1424 1.0
1425 0.6953125
1426 1.0
1427 0.8828125
1428 0.625
1429 0.46875
1430 1.0
1431 1.0
1432 0.59375
1433 0.2890625
1434 0.8828125
1435 0.78125
1436 1.0
1437 0.3125
1438 0.5703125
1439 0.4375
1440 0.78125
1441 0.78125
1442 0.671875
1443 0.4453125
1444 0.555555555556
1445 0.671875
1446 0.5859375
1447 1.0
1448 1.0
1449 0.4609375
1450 1.0
1451 0.6953125
1452 0.78125
1453 1.0
1454 0.875555555556
1455 0.671875
1456 0.6796875
1457 0.8828125
1458 0.7734375
1459 0.671875
1460 0.4453125
1461 0.8828125
1462 0.6015625
1463 0.7734375
1464 0.271111111111
1465 1.0
1466 0.78125
1467 0.8828125
1468 1.0
1469 0.8828125
1470 0.78125
1471 0.8828125
1472 0.78125
1473 1.0
1474 0.6953125
1475 0.8828125
1476 0.78125
1477 0.5078125
1478 1.0
1479 1.0
1480 1.0
1481 1.0
1482 0.78125
1483 0.8828125
1484 1.0
1485 1.0
