0 1.0
1 1.0
2 0.8828125
3 0.78125
4 1.0
5 1.0
6 0.8828125
7 0.78125
8 0.3125
9 0.671875
10 0.40625
11 0.78125
12 0.46875
13 1.0
14 0.78125
15 0.78125
16 1.0
17 0.515625
18 0.8828125
19 0.6953125
20 1.0
21 1.0
22 1.0
23 1.0
24 0.8828125
25 0.8828125
26 0.8828125
27 0.7734375
28 0.6796875
29 0.7734375
30 1.0
31 1.0
32 0.3515625
33 0.7734375
34 1.0
35 1.0
36 1.0
37 1.0
38 1.0
39 1.0
40 0.8828125
41 0.78125
42 1.0
43 1.0
44 1.0
45 1.0
46 0.8828125
47 1.0
48 1.0
49 1.0
50 1.0
51 1.0
52 1.0
53 1.0
54 1.0
55 1.0
56 1.0
57 1.0
58 0.78125
59 0.6953125
60 1.0
61 0.6796875
62 1.0
63 0.7734375
64 1.0
65 1.0
66 0.8828125
67 0.8828125
68 1.0
69 1.0
70 1.0
71 0.8828125
72 1.0
73 1.0
74 1.0
75 0.8828125
76 0.8828125
77 1.0
78 0.8828125
79 1.0
80 0.8828125
81 0.8828125
82 1.0
83 1.0
84 0.5078125
85 1.0
86 1.0
87 1.0
88 1.0
89 1.0
90 1.0
91 1.0
92 1.0
93 1.0
94 1.0
95 0.8828125
96 0.6015625
97 1.0
98 1.0
99 0.5
100 0.7734375
101 1.0
102 0.78125
103 1.0
104 1.0
105 1.0
106 1.0
107 0.671875
108 0.6953125
109 1.0
110 0.4609375
111 0.5078125
112 0.53125
113 1.0
114 1.0
115 1.0
116 1.0
117 1.0
118 0.5078125
119 1.0
120 1.0
121 1.0
122 0.8828125
123 1.0
124 1.0
125 1.0
126 0.6796875
127 0.7734375
128 0.6796875
129 1.0
130 0.6796875
131 0.8828125
132 1.0
133 0.8828125
134 1.0
135 0.8828125
136 1.0
137 0.755102040816
138 1.0
139 1.0
140 0.625
141 0.8828125
142 1.0
143 0.8828125
144 1.0
145 1.0
146 1.0
147 0.7734375
148 0.578125
149 0.4453125
150 0.7734375
151 0.8828125
152 0.8828125
153 1.0
154 1.0
155 1.0
156 0.6796875
157 0.59375
158 1.0
159 1.0
160 0.8828125
161 1.0
162 0.78125
163 1.0
164 1.0
165 0.5078125
166 1.0
167 1.0
168 1.0
169 0.5078125
170 1.0
171 0.5078125
172 1.0
173 1.0
174 1.0
175 1.0
176 0.4609375
177 0.8828125
178 0.5
179 1.0
180 0.8828125
181 1.0
182 0.78125
183 1.0
184 1.0
185 1.0
186 1.0
187 1.0
188 0.78125
189 1.0
190 1.0
191 1.0
192 0.6796875
193 0.8828125
194 1.0
195 1.0
196 1.0
197 0.53125
198 1.0
199 1.0
200 1.0
201 0.8828125
202 0.671875
203 0.8828125
204 0.6796875
205 1.0
206 0.7734375
207 0.59375
208 1.0
209 1.0
210 1.0
211 0.5
212 0.4609375
213 1.0
214 1.0
215 0.5
216 0.78125
217 0.53125
218 0.8828125
219 0.78125
220 1.0
221 0.2890625
222 1.0
223 1.0
224 0.78125
225 0.8828125
226 1.0
227 1.0
228 0.8828125
229 1.0
230 1.0
231 0.78125
232 1.0
233 1.0
234 0.40625
235 0.8828125
236 1.0
237 0.7734375
238 0.8828125
239 0.5078125
240 0.78125
241 0.234375
242 1.0
243 0.78125
244 0.7734375
245 0.6796875
246 0.5390625
264 0.768888888889
265 0.78125
266 0.5703125
267 0.78125
268 0.6015625
269 0.6015625
270 0.7734375
271 0.8828125
272 1.0
273 0.8828125
274 1.0
275 0.8828125
276 1.0
277 0.8828125
278 1.0
279 1.0
280 0.671875
281 1.0
282 1.0
283 1.0
284 1.0
285 1.0
286 0.46875
287 0.671875
288 0.5859375
289 0.3125
290 0.515625
291 0.625
292 0.8828125
293 0.6796875
294 0.7734375
295 0.8828125
296 0.7734375
297 0.5078125
298 0.5234375
299 0.78125
300 0.78125
301 0.78125
302 0.8828125
303 0.78125
304 1.0
305 0.3515625
306 0.6953125
307 0.8828125
308 1.0
309 1.0
310 0.8828125
311 1.0
312 0.8828125
313 1.0
314 1.0
315 1.0
316 0.7734375
317 0.5859375
318 0.671875
319 0.7734375
320 0.8828125
321 0.8828125
322 0.46875
323 1.0
324 1.0
