0 1.0
1 1.0
2 1.0
3 0.78125
4 1.0
5 1.0
6 0.8828125
7 0.8828125
8 1.0
10 0.5078125
11 0.8828125
12 1.0
13 0.7734375
14 0.8828125
15 0.6953125
16 1.0
17 1.0
18 0.8828125
19 0.8828125
20 1.0
21 0.8828125
22 1.0
23 0.8828125
24 0.5
25 1.0
26 1.0
27 1.0
28 0.6953125
29 0.78125
30 1.0
31 1.0
32 1.0
33 1.0
34 1.0
35 1.0
36 1.0
37 1.0
38 1.0
39 1.0
40 1.0
41 1.0
42 1.0
43 1.0
44 1.0
45 1.0
46 0.8828125
47 1.0
48 1.0
49 1.0
50 1.0
51 0.78125
52 1.0
53 1.0
54 1.0
55 0.8828125
56 1.0
57 1.0
58 1.0
59 1.0
60 1.0
61 1.0
62 1.0
63 1.0
64 1.0
65 1.0
66 1.0
67 0.78125
68 0.8828125
69 1.0
70 0.8828125
71 0.7734375
72 1.0
73 1.0
74 1.0
75 0.8828125
76 0.78125
77 1.0
78 1.0
79 1.0
80 1.0
81 1.0
82 1.0
83 0.8828125
84 1.0
85 1.0
86 1.0
87 1.0
88 1.0
89 1.0
90 0.78125
91 0.8828125
92 1.0
93 1.0
94 1.0
95 1.0
96 1.0
97 0.768888888889
98 0.768888888889
99 1.0
100 1.0
101 1.0
102 1.0
103 0.8828125
104 0.8828125
105 1.0
106 0.8828125
107 1.0
108 1.0
109 1.0
110 1.0
111 1.0
112 1.0
113 1.0
114 1.0
115 1.0
116 1.0
117 1.0
118 1.0
119 1.0
120 1.0
121 1.0
122 0.7734375
123 0.3671875
124 1.0
125 1.0
126 1.0
127 0.3515625
128 1.0
129 1.0
130 1.0
131 0.6796875
132 1.0
133 0.8828125
134 0.8828125
135 0.8828125
136 0.6953125
137 0.4921875
138 0.6015625
139 0.78125
140 0.78125
141 0.78125
142 0.6796875
143 0.8828125
144 0.5078125
145 1.0
146 1.0
147 1.0
148 1.0
149 1.0
150 1.0
151 1.0
152 1.0
153 1.0
154 1.0
155 1.0
156 1.0
157 0.8828125
158 1.0
159 0.5703125
160 1.0
161 1.0
162 1.0
163 1.0
164 1.0
165 0.8828125
166 1.0
167 1.0
168 1.0
169 1.0
170 1.0
171 1.0
172 1.0
173 1.0
174 1.0
175 1.0
176 1.0
177 1.0
178 1.0
179 1.0
180 1.0
181 1.0
182 1.0
183 1.0
184 1.0
185 1.0
186 1.0
187 0.8828125
188 1.0
189 1.0
190 1.0
191 1.0
192 1.0
193 1.0
194 1.0
195 1.0
196 1.0
197 0.8828125
198 1.0
199 1.0
200 1.0
201 1.0
202 1.0
203 1.0
204 0.78125
205 1.0
206 0.78125
207 1.0
208 0.78125
209 1.0
210 1.0
211 1.0
212 1.0
213 1.0
214 1.0
215 1.0
216 0.5078125
217 1.0
218 1.0
219 1.0
220 1.0
221 0.53125
222 1.0
223 0.78125
224 0.78125
225 1.0
226 1.0
227 1.0
228 1.0
229 1.0
230 0.5078125
231 1.0
232 1.0
233 1.0
234 1.0
235 1.0
236 0.8828125
237 0.6796875
238 1.0
239 0.4453125
240 0.7734375
241 1.0
242 0.578125
243 1.0
244 0.8828125
245 0.7734375
246 0.3671875
247 1.0
248 0.8828125
249 0.8828125
250 0.53125
251 0.7734375
252 1.0
253 1.0
254 1.0
255 0.3984375
256 1.0
257 0.8828125
258 1.0
259 0.802469135802
260 0.4921875
261 0.8828125
262 1.0
263 0.78125
264 0.78125
265 1.0
266 1.0
267 1.0
268 0.438775510204
269 0.5234375
270 0.6796875
271 0.59375
272 0.5078125
273 1.0
274 0.515625
275 0.78125
276 1.0
277 1.0
278 0.7734375
279 0.6796875
280 1.0
281 0.8828125
282 0.4296875
283 0.5859375
284 0.7734375
285 0.59375
286 0.4609375
287 0.5859375
288 1.0
289 0.78125
290 0.5859375
291 0.34375
292 1.0
293 0.78125
294 0.5234375
295 0.8828125
296 0.6796875
297 1.0
298 0.78125
299 1.0
300 0.78125
301 1.0
302 0.744897959184
303 1.0
304 0.5234375
305 0.78125
306 1.0
307 0.5078125
308 0.7734375
309 0.421875
310 0.59375
311 0.5859375
312 1.0
313 0.7734375
314 1.0
315 0.7734375
316 0.78125
317 1.0
318 1.0
319 1.0
320 1.0
321 1.0
322 0.8828125
323 0.5078125
324 1.0
325 1.0
326 1.0
327 1.0
328 1.0
329 0.6796875
330 0.5
331 1.0
332 1.0
333 0.8828125
334 1.0
335 1.0
336 1.0
337 1.0
338 1.0
339 1.0
340 0.5
341 1.0
342 1.0
343 0.7734375
344 1.0
345 0.7734375
346 0.78125
347 1.0
348 0.8828125
349 1.0
358 0.7734375
359 0.5703125
360 0.6796875
361 0.78125
362 0.514792899408
363 1.0
364 0.8828125
365 0.7734375
366 0.78125
367 1.0
368 1.0
369 1.0
370 0.5
371 0.6796875
372 0.3515625
373 0.78125
374 0.8828125
375 0.8828125
376 0.5078125
377 0.4609375
378 0.8828125
379 1.0
380 0.8828125
381 0.5859375
382 0.6796875
383 0.6796875
384 1.0
385 0.642857142857
386 1.0
387 1.0
388 0.8828125
389 1.0
390 0.7734375
391 0.6796875
392 1.0
393 0.78125
394 1.0
395 0.78125
396 0.78125
397 1.0
398 1.0
399 1.0
400 0.8828125
401 1.0
402 0.6796875
403 0.6796875
