3 1.0
4 0.7734375
5 0.7734375
6 1.0
7 0.6015625
8 1.0
9 1.0
10 1.0
11 1.0
12 1.0
13 1.0
14 0.78125
15 1.0
16 1.0
17 1.0
18 1.0
19 1.0
20 0.8828125
21 1.0
22 1.0
23 1.0
24 1.0
25 1.0
26 0.7734375
27 0.8828125
28 1.0
29 1.0
30 1.0
31 0.78125
32 1.0
33 1.0
34 0.8828125
35 1.0
36 1.0
37 1.0
38 1.0
39 1.0
40 1.0
41 1.0
42 1.0
43 1.0
44 1.0
45 0.3671875
46 0.78125
47 1.0
48 1.0
49 0.8828125
50 0.8828125
51 0.78125
52 1.0
53 0.53125
54 0.6796875
55 1.0
56 1.0
57 1.0
58 1.0
59 0.8828125
60 1.0
61 1.0
62 1.0
63 1.0
64 1.0
65 1.0
66 1.0
67 0.6953125
68 1.0
69 0.8828125
70 1.0
71 1.0
72 1.0
73 0.3984375
74 0.8828125
75 1.0
76 1.0
77 1.0
78 1.0
79 1.0
80 0.78125
81 0.6796875
82 1.0
83 1.0
84 1.0
85 1.0
86 1.0
87 1.0
88 1.0
89 1.0
90 1.0
91 0.8828125
92 1.0
93 1.0
94 1.0
95 1.0
96 1.0
97 1.0
98 1.0
99 1.0
100 1.0
101 0.8828125
102 1.0
103 1.0
104 1.0
105 0.8828125
106 1.0
107 0.8828125
108 1.0
109 0.5859375
110 1.0
111 0.8828125
112 1.0
113 1.0
114 0.359375
115 1.0
116 0.8828125
117 0.8828125
118 1.0
119 0.8828125
120 1.0
121 1.0
122 0.78125
123 0.78125
124 1.0
125 0.6953125
126 1.0
127 1.0
128 1.0
129 1.0
130 1.0
131 0.6796875
132 0.8828125
133 0.8828125
134 1.0
135 1.0
136 1.0
137 1.0
138 0.8828125
139 1.0
140 1.0
141 1.0
142 0.6015625
143 1.0
144 1.0
145 1.0
146 1.0
147 1.0
148 1.0
149 1.0
150 1.0
151 1.0
152 1.0
153 1.0
154 1.0
155 1.0
156 0.8828125
157 0.78125
158 1.0
159 1.0
160 0.78125
161 1.0
162 1.0
163 1.0
164 1.0
165 1.0
166 1.0
167 0.78125
168 1.0
169 1.0
170 1.0
171 0.8828125
172 1.0
173 1.0
174 1.0
175 1.0
176 1.0
177 1.0
178 1.0
179 1.0
180 0.5078125
181 1.0
182 0.8828125
183 1.0
184 1.0
185 1.0
186 1.0
187 0.671875
188 1.0
189 1.0
190 0.5
191 1.0
192 0.8828125
193 1.0
194 1.0
195 1.0
196 1.0
197 1.0
198 1.0
199 1.0
200 1.0
201 1.0
202 1.0
203 1.0
204 1.0
205 1.0
206 1.0
207 1.0
208 0.8828125
209 1.0
210 1.0
211 1.0
212 0.4609375
213 0.625
214 0.8828125
215 0.5
216 0.8828125
217 0.4609375
218 1.0
219 1.0
220 0.7734375
221 1.0
222 0.59375
223 0.6796875
224 0.6015625
225 0.8828125
226 1.0
227 1.0
228 1.0
229 1.0
230 1.0
231 1.0
232 1.0
233 0.78125
234 0.7734375
235 0.5078125
236 1.0
237 1.0
238 1.0
239 1.0
240 1.0
241 0.6953125
242 1.0
243 0.8828125
244 1.0
245 1.0
246 0.6796875
247 0.8828125
248 1.0
249 0.8828125
250 1.0
251 1.0
252 0.8828125
253 0.78125
254 1.0
255 1.0
256 1.0
257 1.0
258 0.6796875
259 1.0
260 0.8828125
261 1.0
262 1.0
263 0.8828125
264 1.0
265 0.7734375
266 0.7734375
267 0.78125
268 1.0
269 0.625
270 1.0
271 1.0
272 1.0
273 0.8828125
274 0.8828125
275 0.5859375
276 0.78125
277 0.7734375
278 0.5078125
279 0.3984375
280 1.0
281 1.0
282 0.8828125
283 0.8828125
284 1.0
285 1.0
286 1.0
287 0.8828125
288 0.8828125
289 1.0
290 0.8828125
291 0.7734375
292 1.0
293 1.0
294 1.0
295 1.0
296 1.0
297 1.0
298 0.7734375
299 1.0
300 1.0
301 1.0
302 0.8828125
303 1.0
304 1.0
305 1.0
306 0.8828125
307 1.0
308 1.0
309 1.0
310 0.6796875
311 1.0
312 1.0
313 1.0
314 0.78125
315 1.0
316 0.4453125
317 0.8828125
318 0.8828125
319 1.0
320 1.0
321 1.0
322 1.0
323 0.7734375
324 1.0
325 1.0
326 1.0
327 1.0
328 1.0
329 1.0
330 1.0
331 1.0
332 1.0
333 1.0
334 1.0
335 0.8828125
336 0.328125
337 1.0
338 0.5859375
339 0.8828125
340 0.7734375
341 0.78125
342 0.78125
343 0.8828125
344 0.6015625
345 0.78125
346 1.0
347 1.0
348 0.8828125
349 1.0
350 0.78125
351 0.78125
352 1.0
353 1.0
354 1.0
355 0.8828125
356 1.0
357 1.0
358 0.4921875
359 1.0
360 1.0
361 1.0
362 1.0
363 1.0
364 0.8828125
365 1.0
366 0.6796875
367 0.8828125
368 1.0
369 1.0
370 0.78125
371 1.0
372 1.0
373 1.0
374 0.78125
375 0.8828125
376 0.40625
377 0.8828125
378 0.6953125
379 0.8828125
380 1.0
381 0.78125
382 1.0
383 1.0
384 1.0
385 0.6953125
386 0.7734375
387 1.0
388 0.8828125
389 0.8828125
390 1.0
391 1.0
392 1.0
393 1.0
394 1.0
395 1.0
396 1.0
397 1.0
398 1.0
399 1.0
400 1.0
401 0.8828125
402 1.0
403 1.0
404 1.0
405 1.0
406 0.8828125
407 1.0
408 1.0
409 0.8828125
410 1.0
411 1.0
412 1.0
413 1.0
414 1.0
415 1.0
416 0.6953125
417 1.0
418 0.78125
419 1.0
420 1.0
421 1.0
422 1.0
423 1.0
424 1.0
425 1.0
426 1.0
427 1.0
428 0.5703125
429 0.5703125
430 0.5390625
431 1.0
432 1.0
433 1.0
434 0.8828125
435 0.6796875
436 1.0
437 1.0
438 0.78125
439 1.0
440 0.6953125
441 1.0
442 1.0
443 1.0
444 1.0
445 1.0
446 0.4453125
447 0.8828125
448 0.3203125
449 0.78125
450 1.0
451 0.8828125
452 1.0
453 1.0
454 1.0
455 1.0
456 0.6953125
457 1.0
458 1.0
459 1.0
460 1.0
461 1.0
462 1.0
463 0.8828125
464 0.78125
465 1.0
466 0.8828125
467 1.0
468 1.0
469 0.78125
470 1.0
471 1.0
472 0.78125
473 1.0
474 0.265625
475 1.0
476 1.0
477 0.4453125
478 0.6953125
479 0.5859375
480 1.0
481 1.0
482 1.0
483 1.0
484 1.0
485 1.0
486 1.0
487 1.0
488 1.0
489 1.0
490 1.0
491 1.0
492 1.0
493 1.0
494 0.4453125
495 1.0
496 0.5859375
497 1.0
498 0.6796875
499 1.0
500 1.0
501 0.8828125
502 1.0
503 1.0
504 0.6796875
505 1.0
506 0.8828125
507 1.0
508 0.78125
509 0.8828125
510 0.8828125
511 0.7734375
512 0.5
513 0.8828125
514 0.78125
515 1.0
516 1.0
517 0.8828125
518 1.0
519 1.0
520 1.0
521 0.5703125
522 1.0
523 0.8828125
524 0.78125
525 0.4453125
526 1.0
527 0.8828125
528 1.0
529 0.7734375
530 0.4609375
531 1.0
532 0.3046875
533 1.0
534 1.0
535 0.5078125
536 0.8828125
537 1.0
538 1.0
539 1.0
540 1.0
541 1.0
542 1.0
543 0.8828125
544 1.0
545 1.0
546 1.0
547 1.0
548 1.0
549 1.0
550 1.0
551 0.6796875
552 1.0
553 1.0
554 0.8828125
555 1.0
556 1.0
557 1.0
558 0.8828125
559 1.0
560 1.0
561 1.0
562 1.0
563 0.8828125
564 0.4609375
565 1.0
566 1.0
567 1.0
568 1.0
569 1.0
570 1.0
571 1.0
572 1.0
573 0.8828125
574 1.0
575 1.0
576 1.0
577 0.5703125
578 1.0
579 0.4921875
580 0.5859375
581 1.0
582 0.8828125
583 1.0
584 1.0
585 1.0
586 0.8828125
587 0.8828125
588 1.0
589 1.0
590 1.0
591 1.0
592 1.0
593 0.8828125
594 0.53125
595 1.0
596 0.8828125
597 1.0
598 1.0
599 1.0
600 1.0
601 1.0
602 1.0
603 0.78125
604 1.0
605 1.0
606 0.8828125
607 0.7734375
608 1.0
609 0.8828125
610 0.78125
611 1.0
612 1.0
613 0.78125
614 1.0
615 1.0
616 1.0
617 0.8828125
618 1.0
619 1.0
620 0.8828125
621 1.0
622 0.78125
623 1.0
624 1.0
625 1.0
626 1.0
627 0.8828125
628 1.0
629 1.0
630 1.0
631 0.78125
632 0.6796875
633 1.0
634 1.0
635 1.0
636 1.0
637 1.0
638 0.8828125
639 1.0
640 0.78125
641 1.0
642 1.0
643 1.0
644 1.0
645 0.78125
646 1.0
647 0.6953125
648 0.8828125
649 0.78125
650 0.7734375
651 1.0
652 1.0
653 1.0
654 1.0
655 1.0
656 0.4453125
657 0.8828125
658 1.0
659 1.0
660 0.78125
661 1.0
662 1.0
663 1.0
664 1.0
665 1.0
666 0.4453125
667 0.8828125
668 1.0
669 1.0
670 1.0
671 1.0
672 0.78125
673 1.0
674 1.0
675 1.0
676 1.0
677 0.4453125
678 0.5703125
679 0.8828125
680 0.4921875
681 1.0
682 1.0
683 1.0
