0 1.0
1 1.0
2 0.422222222222
3 1.0
4 0.296875
5 0.8828125
6 0.8828125
7 1.0
8 0.6953125
9 1.0
10 0.8828125
11 1.0
12 1.0
13 1.0
14 1.0
15 1.0
16 1.0
17 1.0
18 1.0
19 1.0
20 0.6953125
21 1.0
22 0.8828125
23 1.0
24 1.0
25 1.0
26 0.515625
27 0.8828125
28 0.8828125
29 1.0
30 0.8828125
31 0.8828125
32 0.78125
33 1.0
34 0.6796875
35 1.0
36 1.0
37 0.3046875
38 0.46875
39 0.4453125
40 0.78125
41 0.4296875
42 0.4453125
43 0.6015625
44 0.8828125
45 0.5078125
46 0.8828125
47 0.625
48 0.8828125
49 1.0
50 0.7734375
51 0.7734375
52 0.3203125
53 1.0
54 1.0
55 1.0
56 1.0
57 1.0
58 0.53125
59 1.0
60 1.0
61 1.0
62 0.8828125
63 1.0
64 1.0
65 0.8828125
66 0.448888888889
67 0.78125
68 0.6953125
69 0.4609375
70 0.4453125
71 0.8828125
72 0.8828125
73 0.390625
74 0.7734375
75 0.8828125
76 0.6796875
77 1.0
79 0.3828125
80 0.328125
81 0.5859375
82 0.5859375
83 0.78125
84 1.0
85 0.3984375
86 0.6796875
87 1.0
88 0.7734375
89 0.8828125
90 0.3671875
91 0.8828125
92 1.0
93 1.0
94 0.5078125
95 1.0
96 0.6953125
97 0.6796875
98 0.3984375
99 0.53125
100 0.6953125
101 1.0
102 1.0
103 1.0
104 1.0
105 0.5078125
106 1.0
107 1.0
108 0.625
109 0.8828125
110 0.8828125
111 0.78125
112 0.5
113 1.0
114 0.53125
115 0.6796875
116 0.4609375
117 0.4609375
118 0.625
119 0.7734375
120 0.5859375
121 0.8828125
122 0.515625
123 1.0
124 1.0
125 0.5859375
126 0.5
127 0.8828125
128 0.875555555556
129 0.4453125
130 0.78125
131 0.5234375
132 0.5859375
133 1.0
134 1.0
135 0.53125
136 0.4296875
137 0.6796875
138 0.625
139 0.515625
140 0.4609375
141 0.671875
142 0.3515625
143 0.3984375
144 0.40625
145 0.78125
146 0.8828125
147 1.0
148 0.7734375
149 1.0
150 0.8828125
151 0.8828125
152 1.0
153 1.0
154 0.78125
155 1.0
156 0.4453125
157 1.0
158 0.8828125
159 0.6796875
160 1.0
161 1.0
162 0.7734375
163 0.6953125
164 1.0
165 0.8828125
166 0.8828125
167 0.6796875
168 0.3515625
169 0.8828125
170 0.6796875
171 0.3984375
172 0.6796875
173 1.0
174 0.4609375
175 0.8828125
176 1.0
177 1.0
178 0.40625
179 0.6796875
180 0.6796875
181 0.7734375
182 0.7734375
183 0.6953125
184 1.0
185 0.78125
186 1.0
187 0.78125
188 0.78125
189 0.8828125
190 1.0
191 1.0
192 0.78125
193 0.8828125
194 1.0
195 1.0
196 0.515625
197 1.0
198 1.0
199 0.7734375
200 0.4296875
201 0.8828125
202 1.0
203 0.6953125
204 1.0
205 0.6015625
206 1.0
207 0.5078125
208 1.0
209 1.0
210 0.7734375
211 0.8828125
212 1.0
213 0.78125
214 0.5390625
215 1.0
216 1.0
217 1.0
218 0.3125
219 1.0
220 0.5859375
221 0.78125
222 0.8828125
223 0.3125
224 0.7734375
225 1.0
226 1.0
227 0.390625
228 0.8828125
229 1.0
230 0.6953125
231 0.78125
232 0.6796875
233 1.0
234 1.0
235 0.8828125
236 1.0
237 1.0
238 1.0
239 1.0
240 1.0
241 1.0
242 1.0
243 1.0
244 1.0
245 0.8828125
246 0.5078125
247 0.4296875
248 1.0
249 1.0
250 0.421875
251 0.8828125
252 0.8828125
253 0.6796875
254 0.8828125
255 1.0
256 0.5703125
257 1.0
258 1.0
259 0.8828125
260 1.0
261 0.421875
262 0.5859375
263 0.8828125
264 1.0
265 0.8828125
266 0.8828125
267 1.0
268 1.0
269 0.8828125
270 1.0
271 1.0
272 0.5703125
273 1.0
274 0.7734375
275 1.0
276 1.0
277 1.0
278 0.78125
279 1.0
280 1.0
281 0.8828125
282 1.0
283 1.0
284 1.0
285 1.0
286 1.0
287 1.0
288 0.8828125
289 1.0
290 0.4453125
291 1.0
292 0.5859375
293 0.7734375
294 0.8828125
295 1.0
296 0.671875
297 0.6953125
298 0.8828125
299 0.375
300 1.0
301 0.3671875
302 1.0
303 0.6796875
304 0.5390625
305 0.8828125
306 1.0
307 1.0
308 0.3984375
309 1.0
310 1.0
311 1.0
312 0.8828125
313 0.5859375
314 1.0
315 0.4453125
316 0.6953125
317 0.6796875
318 1.0
319 0.78125
320 1.0
321 1.0
322 1.0
323 0.8828125
324 1.0
325 1.0
326 0.78125
327 0.8828125
328 0.5390625
329 0.3671875
330 0.6015625
331 0.625
332 0.671875
333 0.5859375
334 0.671875
335 0.5078125
336 0.421875
337 0.5859375
338 0.7734375
339 0.4453125
340 0.7734375
341 0.6796875
342 1.0
343 0.7734375
344 0.6796875
345 0.78125
346 1.0
347 1.0
348 1.0
349 1.0
350 1.0
351 1.0
352 1.0
353 0.5859375
354 0.6953125
355 0.5859375
356 0.59375
357 1.0
358 1.0
359 1.0
360 0.8828125
361 1.0
362 1.0
363 1.0
364 0.8828125
365 0.78125
366 0.7734375
367 1.0
368 1.0
369 1.0
370 1.0
371 0.5078125
372 1.0
373 0.6953125
374 1.0
375 1.0
376 0.625
377 1.0
378 0.44
379 0.386666666667
380 0.5
381 0.59375
382 0.7734375
383 0.5078125
384 0.3671875
385 0.3671875
386 0.333333333333
387 1.0
388 0.388888888889
389 0.847222222222
