0 1.0
1 1.0
2 0.6796875
3 0.6953125
4 0.6953125
5 0.7734375
6 0.3046875
7 0.5078125
8 0.34375
9 0.8828125
10 1.0
11 0.5078125
12 1.0
13 1.0
14 0.6796875
15 1.0
16 0.4453125
17 0.8828125
18 1.0
19 1.0
20 1.0
21 0.8828125
22 1.0
23 1.0
24 0.53125
25 1.0
26 1.0
27 0.8828125
28 1.0
29 1.0
30 1.0
31 1.0
32 1.0
33 1.0
34 1.0
35 1.0
36 1.0
37 1.0
38 1.0
39 1.0
40 1.0
41 1.0
42 0.8828125
44 0.8828125
45 1.0
46 1.0
47 1.0
48 1.0
49 1.0
50 1.0
51 1.0
52 1.0
53 1.0
54 1.0
55 1.0
56 1.0
57 1.0
58 0.8828125
59 0.6796875
60 0.359375
61 0.8828125
62 1.0
63 0.78125
64 1.0
65 0.6953125
66 0.3984375
67 1.0
68 1.0
69 1.0
70 0.53125
71 1.0
72 0.671875
73 1.0
74 0.8828125
75 0.5
76 0.8828125
77 1.0
78 1.0
79 0.7734375
80 0.7734375
81 1.0
82 0.7734375
83 1.0
84 0.8828125
85 0.4453125
86 1.0
87 1.0
88 0.8828125
89 1.0
90 1.0
91 1.0
92 1.0
93 1.0
94 1.0
95 1.0
96 0.5859375
97 1.0
98 0.625
99 0.3984375
100 1.0
101 1.0
102 1.0
103 1.0
104 0.8828125
105 1.0
106 1.0
107 1.0
108 0.8828125
109 1.0
110 1.0
111 0.8828125
112 0.671875
113 0.625
114 1.0
115 1.0
116 1.0
117 1.0
118 1.0
119 1.0
120 0.8828125
121 1.0
122 1.0
123 0.515625
124 0.7734375
125 1.0
126 0.78125
127 1.0
128 1.0
129 0.6796875
130 1.0
131 1.0
132 1.0
133 1.0
134 0.78125
135 0.8828125
136 1.0
137 1.0
138 0.8828125
139 1.0
140 1.0
141 0.625
142 1.0
143 1.0
144 1.0
145 1.0
146 1.0
147 1.0
148 0.28125
149 1.0
150 0.8828125
151 1.0
152 1.0
153 1.0
154 0.78125
155 1.0
156 1.0
157 0.8828125
158 1.0
159 1.0
160 1.0
161 0.8828125
162 0.8828125
163 1.0
164 0.4453125
165 1.0
166 0.78125
167 1.0
168 1.0
169 1.0
170 1.0
171 1.0
172 1.0
173 1.0
174 1.0
175 0.5
176 0.8828125
177 1.0
178 1.0
179 0.8828125
180 1.0
181 1.0
182 0.8828125
183 1.0
184 1.0
185 1.0
186 0.8828125
187 1.0
188 0.8828125
189 1.0
190 1.0
191 1.0
192 1.0
193 0.8828125
194 1.0
195 1.0
196 1.0
197 0.4453125
198 1.0
199 0.6796875
200 1.0
201 0.8828125
202 0.78125
203 1.0
204 0.78125
205 1.0
206 1.0
207 0.5859375
208 1.0
209 0.53125
210 1.0
212 1.0
213 1.0
214 0.6953125
215 1.0
216 1.0
217 1.0
218 1.0
219 0.8828125
220 1.0
221 1.0
222 0.8828125
223 1.0
224 0.5703125
225 0.78125
226 0.78125
227 0.7734375
228 1.0
229 1.0
230 1.0
231 1.0
232 0.8828125
233 0.6953125
234 1.0
235 0.8828125
236 1.0
237 1.0
238 0.5078125
239 1.0
240 0.78125
241 1.0
242 1.0
243 0.78125
244 1.0
245 0.78125
246 1.0
247 0.78125
248 1.0
249 1.0
250 0.8828125
251 0.8828125
252 1.0
253 1.0
254 1.0
255 1.0
256 1.0
257 1.0
258 0.6796875
259 1.0
260 1.0
261 0.78125
262 0.8828125
263 1.0
264 1.0
265 1.0
266 1.0
267 1.0
268 1.0
269 1.0
270 0.8828125
271 0.8828125
272 1.0
273 1.0
274 0.8828125
275 1.0
276 1.0
277 0.6796875
278 0.78125
279 0.78125
280 0.40625
281 0.744897959184
282 0.78125
283 1.0
284 0.8828125
285 0.8828125
286 0.7734375
287 0.768888888889
288 0.7734375
289 0.5078125
290 0.8828125
291 1.0
292 0.8828125
293 0.59375
294 0.8828125
295 1.0
296 0.5
297 1.0
298 1.0
299 0.8828125
300 0.8828125
301 1.0
302 1.0
303 1.0
304 1.0
305 0.78125
306 0.8828125
307 0.8828125
308 1.0
309 0.3984375
310 0.78125
311 0.8828125
312 0.8828125
313 0.671875
314 0.78125
315 1.0
316 1.0
317 1.0
318 0.671875
319 0.78125
320 0.8828125
321 0.4609375
322 0.8828125
323 1.0
324 1.0
325 1.0
326 1.0
327 1.0
328 1.0
329 1.0
330 1.0
331 0.6796875
332 1.0
333 1.0
334 1.0
335 1.0
336 0.8828125
337 0.8828125
338 1.0
339 1.0
340 0.8828125
341 1.0
342 1.0
343 1.0
344 0.7734375
345 0.8828125
346 1.0
347 1.0
348 0.44
349 1.0
350 1.0
351 0.875555555556
352 0.653333333333
353 1.0
354 0.875555555556
355 0.875555555556
356 0.875555555556
357 1.0
358 0.448888888889
359 0.315555555556
360 1.0
361 1.0
362 0.582222222222
363 1.0
364 0.875555555556
365 0.662222222222
366 0.52
367 0.875555555556
368 0.44
369 0.253333333333
370 0.76
371 0.68
372 1.0
373 0.573333333333
374 0.76
375 0.875555555556
376 1.0
377 1.0
378 0.44
379 0.413333333333
380 1.0
381 0.768888888889
382 1.0
383 1.0
384 0.875555555556
385 0.875555555556
386 1.0
387 1.0
388 1.0
389 1.0
390 1.0
391 0.875555555556
392 0.76
393 1.0
394 1.0
395 1.0
396 0.768888888889
397 1.0
398 0.76
399 0.76
400 1.0
401 1.0
402 1.0
403 0.875555555556
404 1.0
405 1.0
406 1.0
407 1.0
408 0.768888888889
409 0.573333333333
410 1.0
411 1.0
412 1.0
413 0.768888888889
414 1.0
415 1.0
416 0.768888888889
417 0.875555555556
418 1.0
419 0.768888888889
420 1.0
421 0.768888888889
422 1.0
423 1.0
424 1.0
425 1.0
426 0.68
427 1.0
428 1.0
429 1.0
430 1.0
431 0.875555555556
432 1.0
433 0.768888888889
434 1.0
435 1.0
436 1.0
437 0.573333333333
438 0.315555555556
439 0.573333333333
440 0.875555555556
441 0.76
442 1.0
443 1.0
444 1.0
445 0.395555555556
446 0.768888888889
447 1.0
448 0.502222222222
449 0.52
450 0.768888888889
451 0.768888888889
452 0.875555555556
453 0.875555555556
454 1.0
455 1.0
456 1.0
457 1.0
458 1.0
459 0.875555555556
460 0.395555555556
461 1.0
462 1.0
463 1.0
464 0.875555555556
465 0.76
466 1.0
467 0.768888888889
468 0.875555555556
469 0.632653061224
470 0.396449704142
471 0.357142857143
472 0.551020408163
