7 1.0
8 0.78125
9 0.4609375
10 1.0
11 0.8828125
12 1.0
13 1.0
14 1.0
15 1.0
16 1.0
17 1.0
18 1.0
19 1.0
20 1.0
21 1.0
22 1.0
23 1.0
24 1.0
25 1.0
26 1.0
27 1.0
28 1.0
29 1.0
30 1.0
31 1.0
32 1.0
33 1.0
34 1.0
35 1.0
36 1.0
37 1.0
38 1.0
39 1.0
40 1.0
41 1.0
42 1.0
43 1.0
44 1.0
45 1.0
46 1.0
47 1.0
48 1.0
49 1.0
50 0.875555555556
51 1.0
52 0.768888888889
53 1.0
54 1.0
55 1.0
56 0.52
57 0.875555555556
58 1.0
59 1.0
60 1.0
61 1.0
62 1.0
63 1.0
64 1.0
65 1.0
66 1.0
67 1.0
68 1.0
69 1.0
70 1.0
71 1.0
72 1.0
73 1.0
74 1.0
75 1.0
76 1.0
77 1.0
78 1.0
79 0.8828125
80 0.78125
81 1.0
82 1.0
83 1.0
84 1.0
85 1.0
86 1.0
87 1.0
88 1.0
89 1.0
90 1.0
91 1.0
92 1.0
93 0.6953125
94 1.0
95 1.0
96 1.0
97 1.0
98 1.0
99 0.4453125
100 1.0
101 1.0
102 1.0
103 1.0
104 1.0
105 1.0
106 1.0
107 1.0
108 1.0
109 1.0
110 1.0
111 1.0
112 1.0
113 1.0
114 1.0
115 1.0
116 1.0
117 1.0
118 1.0
119 1.0
120 0.8828125
121 1.0
122 1.0
123 1.0
124 1.0
125 1.0
126 1.0
127 0.8828125
128 0.8828125
129 1.0
130 1.0
131 1.0
132 1.0
133 1.0
134 1.0
135 0.515625
136 1.0
137 1.0
138 1.0
139 1.0
140 1.0
141 1.0
142 0.78125
143 0.8828125
144 1.0
145 1.0
146 1.0
147 1.0
148 1.0
149 1.0
150 1.0
151 1.0
152 1.0
153 1.0
154 1.0
155 0.78125
156 1.0
157 1.0
158 1.0
159 1.0
160 1.0
161 1.0
162 1.0
163 1.0
164 1.0
165 1.0
166 0.3515625
167 1.0
168 1.0
169 1.0
170 1.0
171 1.0
172 1.0
173 1.0
174 1.0
175 1.0
176 0.8828125
177 1.0
178 1.0
179 1.0
180 1.0
181 1.0
182 1.0
183 1.0
184 1.0
185 0.8828125
186 1.0
187 1.0
188 1.0
189 1.0
190 0.625
191 0.78125
192 1.0
193 1.0
194 0.53125
195 1.0
196 1.0
197 0.78125
198 1.0
199 0.8828125
200 1.0
201 1.0
202 1.0
203 1.0
204 1.0
205 1.0
206 1.0
207 1.0
208 0.78125
209 1.0
210 1.0
211 1.0
212 1.0
213 1.0
214 1.0
215 0.78125
216 1.0
217 0.5078125
218 0.8828125
219 1.0
220 1.0
221 1.0
222 1.0
223 1.0
224 1.0
225 0.8828125
226 1.0
227 1.0
228 1.0
229 1.0
230 1.0
231 1.0
232 1.0
233 1.0
234 1.0
235 1.0
236 1.0
237 0.5078125
238 0.78125
239 1.0
240 1.0
241 1.0
242 1.0
243 1.0
244 1.0
245 0.8828125
246 1.0
247 0.8828125
248 1.0
249 0.7734375
250 1.0
251 1.0
252 1.0
253 1.0
254 1.0
255 1.0
256 1.0
257 1.0
258 1.0
259 1.0
260 1.0
261 1.0
262 1.0
263 1.0
264 1.0
265 1.0
266 1.0
267 1.0
268 1.0
269 1.0
270 1.0
271 1.0
272 1.0
273 1.0
274 1.0
275 1.0
276 0.625
277 0.78125
278 1.0
279 0.78125
280 1.0
281 1.0
282 1.0
283 1.0
284 0.8828125
285 1.0
286 1.0
287 1.0
288 1.0
289 1.0
290 1.0
291 1.0
292 1.0
293 0.78125
294 1.0
295 1.0
296 1.0
297 1.0
298 1.0
299 1.0
300 1.0
301 1.0
302 1.0
303 1.0
304 1.0
305 1.0
306 1.0
307 1.0
308 1.0
309 1.0
310 1.0
311 1.0
312 1.0
313 1.0
314 1.0
315 1.0
316 1.0
317 1.0
318 1.0
319 1.0
320 1.0
321 1.0
322 1.0
323 1.0
324 1.0
325 1.0
326 0.5703125
327 1.0
328 1.0
329 1.0
330 0.8828125
331 1.0
332 0.78125
333 1.0
334 1.0
335 1.0
336 0.8828125
337 1.0
338 0.8828125
339 0.6015625
340 1.0
341 1.0
342 1.0
343 1.0
344 1.0
345 0.6953125
346 1.0
347 1.0
348 0.5390625
349 1.0
350 1.0
351 1.0
352 1.0
353 1.0
354 1.0
355 1.0
356 1.0
357 0.8828125
358 1.0
359 0.59375
360 1.0
361 1.0
362 1.0
363 1.0
364 0.8828125
365 0.328125
366 0.7734375
367 0.8828125
368 0.8828125
369 0.7734375
370 0.4921875
371 0.3984375
372 0.34375
373 0.59375
374 0.5703125
375 1.0
376 1.0
377 0.6796875
378 0.755102040816
379 1.0
380 1.0
381 0.53125
382 1.0
383 0.78125
384 0.7734375
385 0.8828125
386 1.0
387 0.6953125
388 1.0
389 1.0
390 1.0
391 1.0
392 1.0
393 1.0
394 0.6953125
395 1.0
396 0.8828125
397 1.0
398 1.0
399 1.0
400 1.0
401 1.0
402 1.0
403 0.8828125
404 1.0
405 1.0
406 0.3125
407 1.0
408 0.6796875
409 0.3125
410 0.662222222222
411 0.768888888889
412 0.8828125
413 1.0
414 0.7734375
415 0.7734375
416 0.6796875
417 0.3984375
418 0.78125
419 0.5703125
422 0.78125
423 0.5
424 0.4453125
425 0.78125
426 0.68
427 0.357142857143
428 0.76
429 0.564444444444
430 0.375
431 0.390625
432 0.78125
433 0.671875
434 0.8828125
435 0.6796875
436 1.0
437 0.8828125
438 1.0
439 1.0
440 0.671875
441 0.8828125
442 1.0
443 1.0
444 0.671875
445 0.8828125
450 0.5859375
451 0.5859375
452 0.5234375
453 0.78125
454 1.0
455 0.4921875
456 0.4609375
457 0.7734375
458 0.4296875
459 0.6796875
460 0.8828125
461 0.3828125
462 0.6015625
463 0.4453125
464 0.5859375
465 0.3203125
466 0.3359375
467 0.78125
468 0.6796875
469 0.6953125
470 0.296875
471 0.5703125
472 0.7734375
473 0.7734375
474 0.6796875
475 0.78125
476 0.8828125
477 0.3515625
478 1.0
479 0.8828125
480 1.0
481 0.4
482 0.78125
483 0.78125
484 1.0
485 1.0
486 1.0
487 0.6953125
488 1.0
489 1.0
490 0.5078125
491 1.0
492 1.0
493 0.8828125
494 0.8828125
495 1.0
496 0.78125
497 1.0
498 0.6796875
499 0.5390625
500 0.8828125
501 0.7734375
502 1.0
503 0.6953125
504 0.8828125
505 1.0
506 1.0
507 1.0
508 1.0
509 0.6796875
510 1.0
511 1.0
512 1.0
513 1.0
514 1.0
515 1.0
516 1.0
517 1.0
518 1.0
519 1.0
520 1.0
521 1.0
522 0.78125
523 1.0
524 0.8828125
525 1.0
526 1.0
527 1.0
528 0.7734375
529 0.8828125
530 0.8828125
531 0.8828125
532 1.0
533 1.0
534 0.4609375
535 1.0
536 0.8828125
537 1.0
538 1.0
539 1.0
540 0.78125
541 0.8828125
542 1.0
543 0.8828125
544 1.0
545 1.0
546 1.0
547 1.0
548 1.0
549 1.0
550 0.8828125
551 1.0
552 1.0
553 0.8828125
554 1.0
555 1.0
556 1.0
557 1.0
558 1.0
559 1.0
560 1.0
561 1.0
562 1.0
563 1.0
564 1.0
565 1.0
566 1.0
567 1.0
568 0.78125
569 1.0
570 1.0
571 1.0
572 1.0
573 1.0
574 1.0
575 1.0
576 1.0
577 1.0
578 1.0
579 0.8828125
580 1.0
581 1.0
582 1.0
583 1.0
584 1.0
585 1.0
586 1.0
587 1.0
588 1.0
589 1.0
590 1.0
591 1.0
592 1.0
593 1.0
594 1.0
595 1.0
596 1.0
597 1.0
598 0.8828125
599 1.0
600 1.0
601 1.0
602 1.0
603 1.0
604 1.0
605 1.0
606 1.0
607 1.0
608 1.0
609 1.0
610 1.0
611 1.0
612 1.0
613 1.0
614 0.8828125
615 1.0
616 1.0
617 1.0
618 1.0
619 1.0
620 1.0
621 1.0
622 1.0
623 1.0
624 1.0
625 1.0
626 1.0
627 1.0
628 1.0
629 1.0
630 1.0
631 0.8828125
632 1.0
633 0.8828125
634 1.0
635 1.0
636 1.0
637 1.0
638 1.0
639 1.0
640 1.0
641 1.0
642 0.78125
643 1.0
644 1.0
645 1.0
646 1.0
647 0.8828125
648 1.0
649 0.8828125
650 1.0
651 0.6015625
652 1.0
653 1.0
654 1.0
655 1.0
656 1.0
657 1.0
658 1.0
659 0.78125
660 1.0
661 1.0
662 1.0
663 1.0
664 1.0
665 1.0
666 1.0
667 1.0
668 1.0
669 1.0
670 1.0
671 1.0
672 1.0
673 1.0
674 1.0
675 1.0
676 1.0
677 1.0
678 1.0
679 1.0
680 1.0
681 1.0
682 1.0
683 1.0
684 1.0
685 1.0
686 1.0
687 1.0
688 0.8828125
689 1.0
690 1.0
691 1.0
692 1.0
693 1.0
694 1.0
695 1.0
696 0.7734375
697 1.0
698 1.0
699 1.0
700 0.8828125
701 1.0
702 1.0
703 1.0
704 1.0
705 0.78125
706 0.78125
707 0.78125
708 1.0
709 1.0
710 0.8828125
711 1.0
712 1.0
713 0.8828125
714 1.0
715 1.0
716 0.7734375
717 0.78125
718 0.4453125
719 0.8828125
720 1.0
721 0.8828125
722 0.3125
723 0.4453125
724 0.78125
725 0.5
726 1.0
727 1.0
728 1.0
729 0.8828125
730 1.0
731 1.0
732 1.0
733 0.625
734 0.625
735 1.0
736 1.0
737 1.0
738 0.5078125
739 1.0
740 1.0
741 0.8828125
742 0.5078125
743 1.0
744 1.0
745 1.0
746 1.0
747 0.7734375
748 1.0
749 1.0
750 1.0
751 1.0
752 1.0
753 0.8828125
754 0.6953125
755 1.0
756 1.0
757 1.0
758 1.0
759 1.0
760 1.0
761 1.0
762 1.0
763 1.0
764 1.0
765 0.8828125
766 1.0
767 1.0
768 1.0
769 1.0
770 1.0
