0 1.0
1 1.0
2 0.6796875
3 0.8828125
4 1.0
5 1.0
6 0.4296875
7 0.8828125
8 1.0
9 0.8828125
10 0.8828125
11 0.6953125
12 1.0
13 1.0
14 1.0
15 1.0
16 1.0
17 1.0
18 0.6015625
19 0.53125
20 1.0
21 1.0
22 1.0
23 1.0
24 1.0
25 0.8828125
26 1.0
27 1.0
28 1.0
29 0.6796875
30 1.0
31 1.0
32 1.0
33 1.0
34 1.0
35 1.0
36 1.0
37 1.0
38 0.78125
39 1.0
40 1.0
41 1.0
42 0.78125
43 1.0
44 0.8828125
45 1.0
46 1.0
47 1.0
48 0.8828125
49 1.0
50 1.0
51 0.8828125
52 1.0
53 1.0
54 1.0
55 1.0
56 0.8828125
57 1.0
58 0.6015625
59 1.0
60 0.8828125
61 0.78125
62 0.6796875
63 0.8828125
64 1.0
65 0.8828125
66 0.5
67 1.0
68 1.0
69 1.0
70 1.0
71 1.0
72 1.0
73 1.0
74 1.0
75 1.0
76 1.0
77 1.0
78 0.4296875
79 1.0
80 0.5390625
81 0.78125
82 1.0
83 1.0
84 1.0
85 1.0
86 0.8828125
87 0.7734375
88 1.0
89 1.0
90 1.0
91 1.0
92 1.0
93 1.0
94 1.0
95 1.0
96 1.0
97 1.0
98 0.53125
99 1.0
100 1.0
101 1.0
102 1.0
103 1.0
104 0.78125
105 0.8828125
106 1.0
107 1.0
108 1.0
109 1.0
110 1.0
111 0.8828125
112 0.8828125
113 0.8828125
114 0.3359375
115 0.6953125
116 0.78125
117 1.0
118 1.0
119 1.0
120 1.0
121 1.0
122 0.78125
123 1.0
124 1.0
125 0.53125
126 1.0
127 1.0
128 1.0
129 1.0
130 0.6796875
131 0.8828125
132 0.671875
133 1.0
134 1.0
135 0.671875
136 0.5078125
137 0.8828125
138 1.0
139 0.625
140 1.0
141 0.5859375
142 1.0
143 1.0
144 1.0
145 1.0
146 1.0
147 1.0
148 1.0
149 1.0
150 1.0
151 1.0
152 1.0
153 1.0
154 0.78125
155 1.0
156 1.0
157 1.0
158 1.0
159 1.0
160 0.78125
161 1.0
162 1.0
163 1.0
164 1.0
165 1.0
166 1.0
167 1.0
168 0.8828125
169 1.0
170 1.0
171 1.0
172 1.0
173 1.0
174 0.625
175 1.0
176 1.0
177 0.8828125
178 0.8828125
179 1.0
180 1.0
181 1.0
182 1.0
183 0.8828125
184 0.78125
185 1.0
186 1.0
187 1.0
188 1.0
189 1.0
190 1.0
191 1.0
192 1.0
193 1.0
194 1.0
195 1.0
196 0.8828125
197 0.8828125
198 1.0
199 1.0
200 0.8828125
201 1.0
202 0.8828125
203 1.0
204 1.0
205 1.0
206 0.5
207 1.0
208 1.0
209 1.0
210 1.0
211 1.0
212 1.0
213 1.0
214 1.0
215 1.0
216 1.0
217 1.0
218 1.0
219 1.0
220 1.0
221 1.0
222 1.0
223 1.0
224 1.0
225 1.0
226 0.34375
227 0.8828125
228 1.0
229 1.0
230 1.0
231 0.8828125
232 1.0
233 1.0
234 0.78125
235 0.3984375
236 1.0
237 0.6953125
238 1.0
239 1.0
240 0.8828125
241 1.0
242 1.0
243 1.0
244 1.0
245 1.0
246 1.0
247 0.8828125
248 0.8828125
249 1.0
250 1.0
251 1.0
252 1.0
253 1.0
254 1.0
255 0.6953125
256 1.0
257 1.0
258 0.6953125
259 1.0
260 0.8828125
261 1.0
262 1.0
263 1.0
264 1.0
265 1.0
266 0.8828125
267 1.0
268 1.0
269 1.0
270 1.0
271 1.0
272 1.0
273 0.8828125
274 1.0
275 1.0
276 1.0
277 1.0
278 1.0
279 0.78125
280 1.0
281 1.0
282 0.78125
283 1.0
284 0.625
285 0.40625
286 0.8828125
287 1.0
288 1.0
289 0.78125
290 0.7734375
291 0.8828125
292 0.6796875
293 0.53125
294 1.0
295 0.5390625
296 1.0
297 0.7734375
298 0.328125
299 0.78125
300 1.0
301 1.0
302 0.4453125
303 1.0
304 0.8828125
305 1.0
306 1.0
307 1.0
308 1.0
309 0.6015625
310 1.0
311 1.0
312 0.78125
313 1.0
314 1.0
315 1.0
316 1.0
317 1.0
318 1.0
319 1.0
320 0.46875
321 0.8828125
322 1.0
323 1.0
324 1.0
325 1.0
326 1.0
327 1.0
328 1.0
329 1.0
330 1.0
331 0.7734375
332 1.0
333 1.0
334 1.0
335 0.5390625
336 1.0
337 0.3203125
338 1.0
339 0.78125
340 1.0
341 1.0
342 0.8828125
343 0.7734375
344 1.0
345 0.578125
346 1.0
347 1.0
348 1.0
349 0.53125
350 1.0
351 0.8828125
352 1.0
353 1.0
354 0.8828125
355 1.0
356 1.0
357 0.8828125
358 0.6015625
359 1.0
360 1.0
361 0.8828125
362 1.0
363 1.0
364 1.0
365 0.6953125
366 1.0
367 1.0
368 1.0
369 0.5078125
370 1.0
371 0.8828125
372 0.8828125
373 0.7734375
374 0.3046875
375 0.6953125
376 0.78125
377 0.8828125
378 1.0
379 0.78125
380 0.3515625
381 0.875555555556
382 0.4453125
383 0.78125
384 0.6796875
385 1.0
386 0.5078125
387 0.3125
388 0.3984375
389 0.834710743802
390 0.404958677686
391 0.702479338843
392 1.0
393 0.8828125
394 1.0
395 1.0
396 1.0
397 1.0
398 0.671875
399 1.0
400 0.7734375
401 1.0
402 1.0
403 1.0
404 1.0
405 0.8828125
406 1.0
407 1.0
408 0.7734375
409 1.0
410 1.0
411 1.0
412 0.8828125
413 1.0
414 1.0
415 1.0
416 0.78125
417 0.5390625
418 0.78125
419 0.262222222222
420 1.0
421 1.0
423 0.422222222222
424 0.422222222222
425 0.6796875
426 0.7734375
427 0.8828125
428 0.78125
429 0.59375
430 0.8828125
431 0.625
432 0.78125
433 0.5234375
434 0.6953125
435 0.6796875
436 0.8828125
437 0.5078125
438 0.8828125
439 0.671875
440 0.7734375
441 0.53125
442 0.755102040816
443 0.875555555556
444 0.8828125
445 0.4609375
446 0.671875
447 0.515625
448 1.0
449 0.34375
450 0.6953125
451 0.6953125
452 0.4375
453 0.671875
454 0.4921875
455 1.0
456 0.671875
457 0.4453125
458 0.8828125
459 0.5078125
460 0.671875
461 0.8828125
462 0.7734375
463 0.671875
465 0.515625
466 0.7734375
467 1.0
468 0.4296875
469 0.6015625
470 0.6796875
471 0.671875
472 0.8828125
473 0.34375
474 0.3828125
475 0.78125
476 0.8828125
477 0.59375
478 0.6796875
479 0.5
480 0.3515625
481 0.28125
482 0.59375
483 1.0
484 0.78125
485 0.34375
486 0.8828125
487 1.0
488 1.0
489 0.78125
490 1.0
491 0.5859375
492 1.0
493 0.8828125
494 0.8828125
495 0.6796875
496 0.8828125
497 1.0
498 0.46875
499 0.3984375
500 0.6796875
501 0.5078125
502 0.78125
503 0.5859375
504 0.7734375
505 0.5859375
506 0.59375
507 0.7734375
508 0.671875
509 0.4296875
510 0.78125
511 1.0
512 0.7734375
513 0.3046875
514 1.0
515 1.0
516 0.6796875
517 0.8828125
518 0.8828125
519 0.36
520 0.2734375
521 0.5859375
522 0.6953125
523 1.0
524 0.5
525 0.7734375
526 0.6796875
527 0.404444444444
528 0.78125
529 0.7734375
530 0.8828125
531 0.6796875
532 0.4453125
533 0.671875
534 0.3046875
535 0.8828125
536 0.768888888889
537 0.7734375
538 0.7734375
539 0.8828125
540 0.3203125
541 0.8828125
542 0.6796875
543 1.0
544 0.6796875
545 0.78125
546 0.6796875
547 0.5859375
548 0.671875
549 0.78125
550 0.4296875
551 1.0
552 0.671875
553 0.78125
554 1.0
555 0.5078125
556 0.625
557 0.5859375
558 0.578125
559 0.8828125
560 0.7734375
561 1.0
562 0.78125
563 0.8828125
564 0.5078125
565 0.5859375
566 1.0
567 1.0
568 0.8828125
569 1.0
570 0.78125
571 0.6796875
572 0.5078125
573 0.78125
574 0.662222222222
575 0.8828125
576 0.4453125
577 0.53125
578 0.4375
579 0.5
580 0.421875
581 0.6015625
582 0.7734375
583 0.390625
584 0.6953125
585 0.4921875
586 0.8828125
587 0.662222222222
588 0.4453125
589 0.333333333333
590 0.8828125
591 0.6796875
592 0.421875
593 1.0
594 0.5859375
595 0.671875
596 1.0
597 0.6796875
598 0.351111111111
599 0.8828125
600 0.7734375
601 1.0
602 0.7734375
603 1.0
604 1.0
605 0.53125
606 0.78125
607 0.8828125
608 1.0
609 1.0
610 1.0
611 1.0
612 1.0
613 1.0
614 1.0
615 1.0
616 1.0
617 0.8828125
618 1.0
619 1.0
620 0.59375
621 1.0
622 0.390625
623 0.768888888889
624 1.0
625 0.768888888889
626 0.7734375
627 0.7734375
628 0.8828125
629 1.0
630 0.7734375
631 0.390625
632 0.8828125
633 0.8828125
634 0.6953125
635 0.6015625
636 0.4609375
637 0.608888888889
638 1.0
639 0.8828125
640 1.0
641 0.3515625
642 0.53125
643 1.0
644 0.4921875
645 1.0
646 0.8828125
647 0.7734375
648 0.6796875
649 0.7734375
650 1.0
651 0.78125
652 0.3671875
653 1.0
654 0.78125
655 0.578125
656 0.7734375
657 0.6953125
658 0.78125
659 0.4921875
660 0.4609375
661 0.6796875
662 0.7734375
663 0.8828125
664 0.5078125
665 0.7734375
666 1.0
667 1.0
668 0.8828125
669 0.6796875
670 0.8828125
671 0.53125
672 0.3984375
673 0.7734375
674 0.78125
675 0.78125
676 0.8828125
677 1.0
678 0.59375
679 0.2578125
680 0.7734375
681 0.78125
682 0.7734375
683 0.8828125
684 0.59375
685 0.6015625
686 0.671875
687 0.6796875
688 0.5
689 1.0
690 0.6796875
691 0.5078125
692 0.78125
693 0.4140625
694 0.7734375
695 0.768888888889
696 0.6796875
697 0.3671875
698 0.40625
699 0.6796875
700 0.5078125
701 0.2421875
702 0.7734375
703 1.0
704 0.671875
705 0.4921875
706 0.5859375
707 1.0
708 0.5859375
709 0.7734375
710 0.377551020408
711 0.85798816568
712 0.5
713 0.6015625
714 0.3984375
715 0.8828125
716 0.3984375
717 0.8828125
718 0.7734375
719 1.0
720 0.4453125
721 0.8828125
722 0.8828125
723 0.625
724 1.0
725 0.3828125
726 0.6796875
727 0.578125
728 0.78125
729 1.0
730 0.515625
731 0.4453125
732 0.4921875
733 0.3984375
734 0.6796875
735 0.59375
736 0.8828125
737 0.8828125
738 1.0
739 0.671875
740 0.7734375
741 0.3984375
742 0.5078125
743 0.7734375
744 0.671875
745 0.78125
746 0.375
747 0.4921875
748 0.78125
749 1.0
750 1.0
751 1.0
752 1.0
753 0.5859375
754 1.0
755 1.0
756 0.7734375
757 1.0
758 1.0
759 1.0
760 1.0
761 1.0
762 1.0
763 1.0
764 1.0
765 0.8828125
766 1.0
767 1.0
768 1.0
769 0.78125
770 0.359375
771 0.78125
772 0.78125
773 0.7734375
774 0.421875
775 0.7734375
776 1.0
777 0.671875
778 0.6796875
779 0.6796875
780 0.4453125
781 0.78125
782 0.5
783 0.3125
784 0.4609375
785 0.4609375
786 0.6796875
787 1.0
788 0.59375
789 1.0
790 0.578125
791 0.5390625
792 0.8828125
793 0.6796875
794 1.0
795 0.78125
796 0.7734375
797 0.6796875
798 0.5078125
799 0.4609375
800 0.8828125
801 0.7734375
802 0.7734375
803 0.78125
804 0.3671875
805 0.7734375
806 0.6953125
807 0.6796875
808 0.8828125
809 0.78125
810 0.3125
811 0.6796875
812 0.625
813 0.8828125
814 0.7734375
815 0.8828125
816 0.5
817 0.3984375
818 0.6953125
819 0.387755102041
820 0.7734375
821 0.755102040816
822 0.377551020408
823 0.479591836735
824 0.7734375
825 0.7734375
826 1.0
827 1.0
828 0.3515625
829 0.59375
830 0.78125
831 0.3984375
832 0.625
833 0.3671875
834 0.6015625
835 0.7734375
836 0.6796875
837 0.4375
838 0.875555555556
839 1.0
840 1.0
841 0.8828125
842 0.502958579882
843 0.78125
844 0.8828125
845 0.78125
846 1.0
847 1.0
848 1.0
849 1.0
850 0.671875
851 0.6796875
852 0.390625
853 0.8828125
854 0.6796875
855 1.0
856 0.8828125
857 0.78125
858 0.3515625
859 0.8828125
860 1.0
861 0.4296875
862 0.8828125
863 0.8828125
864 0.5859375
865 0.4453125
866 0.671875
867 0.7734375
868 0.6796875
869 1.0
870 0.5
871 0.875555555556
872 0.7734375
873 0.3515625
874 0.78125
875 0.8828125
876 1.0
877 0.390625
878 0.7734375
879 0.8828125
880 1.0
881 1.0
882 1.0
883 1.0
884 1.0
885 1.0
886 0.6953125
887 0.6015625
888 1.0
889 0.625
890 0.8828125
891 1.0
892 0.5390625
893 1.0
894 0.78125
895 0.8828125
896 0.5859375
897 0.78125
898 0.40625
899 0.708333333333
900 0.4453125
901 0.6015625
902 0.4296875
903 0.671875
904 0.5078125
905 1.0
906 0.5859375
907 0.78125
908 0.40625
909 0.78125
910 0.7734375
911 0.78125
912 0.8828125
913 0.78125
914 0.8828125
915 0.8828125
916 0.5078125
917 0.3046875
918 0.6796875
919 0.4296875
920 0.5
921 0.3203125
922 1.0
923 0.5859375
924 0.5
925 0.8828125
926 0.40625
927 0.8828125
928 0.3828125
929 0.8828125
930 0.671875
931 0.6015625
932 1.0
933 0.4453125
934 0.5859375
935 0.5703125
936 0.6796875
937 0.515625
938 1.0
939 0.5
940 0.4609375
941 0.359375
942 0.5859375
943 0.8828125
944 0.3984375
945 0.5859375
946 0.7734375
947 1.0
948 0.4609375
949 0.8828125
950 0.78125
951 0.59375
952 0.578125
953 0.5078125
954 0.78125
955 0.78125
956 0.7734375
957 0.4453125
958 0.8828125
959 0.4609375
960 0.5078125
961 0.4609375
962 0.8828125
963 1.0
964 0.390625
965 0.53125
966 0.8828125
967 0.8828125
968 0.6796875
969 0.4296875
970 0.377551020408
971 0.663265306122
972 0.5078125
973 0.4453125
974 0.7734375
975 0.6796875
976 0.78125
977 1.0
978 0.78125
979 0.7734375
980 1.0
981 0.4296875
982 0.4921875
983 0.4296875
984 0.6796875
985 0.515625
986 0.5
987 0.372781065089
988 0.53125
989 0.8828125
990 1.0
991 0.7734375
992 0.8828125
993 0.78125
994 1.0
995 0.76
996 0.834710743802
997 0.6796875
998 0.8828125
999 0.78125
1000 0.7734375
1001 0.7734375
1002 0.4375
1003 1.0
1004 0.8828125
1005 0.5078125
1006 0.7734375
1007 1.0
1008 0.578125
1009 0.671875
1010 0.390625
1011 0.7734375
1012 0.5859375
1013 0.6796875
1014 0.4453125
1015 0.2109375
1016 0.6796875
1017 0.78125
1018 0.875555555556
1019 0.44
1020 0.76
1021 0.4609375
1022 0.515625
1023 0.8828125
1024 0.671875
1025 0.8828125
1026 0.4609375
1027 1.0
1028 0.671875
1029 1.0
1030 0.8828125
1031 0.7734375
1032 0.7734375
1033 0.8828125
1036 0.4921875
1037 1.0
1038 0.875555555556
1039 0.40625
1040 0.8828125
1041 0.7734375
1042 0.671875
1043 0.4609375
1044 1.0
1045 0.76
1046 0.78125
1047 0.6953125
1048 0.5859375
1049 0.78125
1050 0.5
1051 0.3984375
1052 0.8828125
1053 1.0
1054 1.0
1055 0.625
1056 1.0
1057 1.0
1058 1.0
1059 0.8828125
1060 0.5390625
1061 1.0
1062 1.0
1063 1.0
1064 0.8828125
1065 1.0
1066 1.0
1067 0.5078125
1068 1.0
1069 0.78125
1070 0.4453125
1071 1.0
1072 1.0
1073 1.0
1074 1.0
1075 1.0
1076 1.0
1077 0.3828125
1078 1.0
1079 1.0
1080 0.8828125
1081 0.78125
1082 1.0
1083 0.3984375
1084 0.4921875
1085 0.625
1086 0.7734375
1087 1.0
1088 1.0
1089 1.0
1090 1.0
1091 1.0
1092 1.0
1093 1.0
1094 0.5390625
1095 1.0
1096 1.0
1097 1.0
1098 1.0
1099 0.3984375
1100 0.8828125
1101 0.78125
1102 1.0
1103 0.8828125
1104 0.530612244898
1105 1.0
1106 1.0
1107 1.0
1108 1.0
1109 0.591836734694
1110 1.0
1111 1.0
1112 1.0
1113 1.0
1114 1.0
1115 1.0
1116 0.867346938776
1117 1.0
1118 1.0
1119 1.0
1120 1.0
1121 1.0
1122 1.0
1123 1.0
1124 0.663265306122
1125 0.438775510204
1126 1.0
1127 1.0
1128 1.0
1129 0.642857142857
1130 0.744897959184
1131 1.0
1132 0.755102040816
1133 0.355371900826
1134 0.867346938776
1135 0.867346938776
1136 0.642857142857
1137 0.768888888889
1138 0.68
1139 0.76
1140 0.768888888889
1141 0.5
1142 0.265306122449
1143 0.368888888889
1146 0.475555555556
1147 0.76
1148 0.662222222222
1149 1.0
1150 0.875555555556
1151 1.0
1152 1.0
1153 1.0
1154 1.0
1155 1.0
1156 1.0
1157 0.573333333333
1158 1.0
1159 1.0
1160 0.875555555556
1161 1.0
1162 1.0
1163 0.8828125
1164 1.0
1165 1.0
1166 1.0
1167 1.0
1168 1.0
1169 0.8828125
1170 1.0
1171 1.0
1172 1.0
1173 1.0
1174 1.0
1175 1.0
1176 1.0
1177 0.7734375
1178 1.0
1179 1.0
1180 0.8828125
1181 1.0
1182 1.0
1183 1.0
1184 1.0
1185 1.0
1186 0.6953125
1187 1.0
1188 0.8828125
1189 1.0
1190 1.0
1191 1.0
1192 1.0
1193 1.0
1194 1.0
1195 0.5390625
1196 1.0
1197 1.0
1198 1.0
1199 1.0
1200 0.78125
1201 0.8828125
1202 1.0
1203 1.0
1204 1.0
1205 1.0
1206 1.0
1207 1.0
1208 0.8828125
1209 1.0
1210 1.0
1211 1.0
1212 1.0
1213 1.0
1214 1.0
1215 1.0
1216 1.0
1217 0.8828125
1218 0.5859375
1219 0.8828125
1220 0.6953125
1221 0.8828125
1222 0.5
1223 1.0
1224 0.671875
1225 0.8828125
1226 1.0
1227 1.0
1228 1.0
1229 1.0
1230 1.0
1231 1.0
1232 1.0
1233 1.0
1234 1.0
1235 1.0
1236 1.0
1237 1.0
1238 1.0
1239 1.0
1240 1.0
1241 1.0
1242 0.5
1243 1.0
1244 1.0
1245 1.0
1246 1.0
1247 1.0
1248 1.0
1249 0.326530612245
1250 1.0
1251 1.0
1252 1.0
1253 1.0
1254 1.0
1255 1.0
1256 0.7734375
1257 0.5
1258 1.0
1259 0.78125
1260 0.59375
1261 1.0
1262 1.0
1263 1.0
1264 1.0
1265 1.0
1266 1.0
1267 0.8828125
1268 1.0
1269 0.78125
1270 0.3515625
1271 0.4921875
1272 1.0
1273 1.0
1274 1.0
1275 0.6796875
1276 1.0
1277 0.671875
1278 1.0
1279 0.78125
1280 1.0
1281 1.0
1282 1.0
1283 1.0
1284 1.0
1285 1.0
1286 1.0
1287 0.5078125
1288 0.78125
1289 1.0
1290 1.0
1291 0.8828125
1292 0.6796875
1293 1.0
1294 1.0
1295 1.0
1296 1.0
1297 1.0
1298 1.0
1299 0.8828125
1300 0.3671875
1301 0.34375
1302 1.0
1303 1.0
1304 1.0
1305 0.6796875
1306 0.78125
1307 0.8828125
1308 0.8828125
1309 0.8828125
1310 0.6953125
1311 1.0
1312 0.78125
1313 1.0
1314 1.0
1315 1.0
1316 1.0
1317 1.0
1318 1.0
1319 1.0
1320 0.7734375
1321 1.0
1322 1.0
1323 1.0
1324 1.0
1325 0.78125
1326 1.0
1327 1.0
1328 1.0
1329 1.0
1330 1.0
1331 1.0
1332 0.8828125
1333 0.78125
1334 1.0
1335 1.0
1336 0.78125
1337 0.6796875
1338 0.8828125
1339 1.0
1340 1.0
1341 1.0
1342 0.78125
1343 1.0
1344 1.0
1345 1.0
1346 1.0
1347 0.5703125
1348 1.0
1349 1.0
1350 1.0
1351 1.0
1352 1.0
1353 1.0
1354 1.0
1355 1.0
1356 1.0
1357 0.8828125
1358 0.8828125
1359 0.8828125
1360 1.0
1361 1.0
1362 1.0
1363 1.0
1364 1.0
1365 0.8828125
1366 1.0
1367 1.0
1368 1.0
1369 1.0
1370 1.0
1371 1.0
1372 1.0
1373 1.0
1374 1.0
1375 1.0
1376 1.0
1377 0.8828125
1378 1.0
1379 1.0
1380 1.0
1381 1.0
1382 0.6796875
1383 1.0
1384 1.0
1385 0.6796875
1386 0.53125
1387 1.0
1388 1.0
1389 0.7734375
1390 1.0
1391 1.0
1392 1.0
1393 1.0
1394 0.8828125
1395 1.0
1396 1.0
1397 0.3671875
1398 0.8828125
1399 1.0
1400 1.0
1401 1.0
1402 1.0
1403 1.0
1404 1.0
1405 1.0
1406 1.0
1407 1.0
1408 1.0
1409 1.0
1410 1.0
1411 1.0
1412 1.0
1413 1.0
1414 1.0
1415 1.0
1416 0.78125
1417 0.5859375
1418 0.8828125
1419 1.0
1420 1.0
1421 0.8828125
1422 0.8828125
1423 1.0
1424 1.0
1425 1.0
1426 0.4453125
1427 1.0
1428 1.0
1429 1.0
1430 1.0
1431 0.5
1432 0.8828125
1433 1.0
1434 0.7734375
1435 0.625
1436 1.0
1437 0.7734375
1438 0.7734375
1439 1.0
1440 1.0
1441 0.5078125
1442 1.0
1443 1.0
1444 1.0
1445 0.8828125
1446 0.5
1447 0.8828125
1448 0.78125
1449 0.875555555556
1450 0.875555555556
1451 0.662222222222
1452 0.564444444444
1453 1.0
1454 0.5
1455 0.8828125
1456 0.8828125
1457 0.44
1458 0.768888888889
1459 0.5859375
1460 0.7734375
1461 0.8828125
1462 1.0
1463 1.0
1464 0.6953125
1465 0.78125
