0 1.0
1 1.0
2 0.4609375
3 0.7734375
4 1.0
5 0.59375
6 1.0
7 1.0
8 1.0
9 1.0
10 0.78125
11 1.0
12 1.0
13 1.0
14 1.0
15 1.0
16 1.0
17 1.0
18 1.0
19 1.0
20 1.0
21 1.0
22 1.0
23 1.0
24 1.0
25 1.0
26 1.0
27 1.0
28 1.0
29 0.78125
30 0.78125
31 1.0
32 1.0
33 1.0
34 1.0
35 1.0
36 0.8828125
37 0.8828125
38 1.0
39 0.6953125
40 0.8828125
41 1.0
42 1.0
43 1.0
44 0.7734375
45 1.0
46 1.0
47 0.78125
48 0.8828125
49 1.0
50 0.515625
51 1.0
52 1.0
53 1.0
54 1.0
55 1.0
56 1.0
57 1.0
58 1.0
59 1.0
60 1.0
61 1.0
62 1.0
63 0.8828125
64 1.0
65 1.0
66 1.0
67 1.0
68 1.0
69 1.0
70 1.0
71 1.0
72 1.0
73 0.6796875
74 1.0
75 1.0
76 1.0
77 0.8828125
78 0.8828125
79 1.0
80 1.0
81 1.0
82 1.0
83 1.0
84 1.0
85 1.0
86 1.0
87 1.0
88 1.0
89 1.0
90 1.0
91 1.0
92 0.8828125
93 0.53125
94 1.0
95 1.0
96 1.0
97 1.0
98 1.0
99 1.0
100 1.0
101 1.0
102 1.0
103 1.0
104 1.0
105 1.0
106 1.0
107 1.0
108 1.0
109 1.0
110 1.0
111 1.0
112 1.0
113 0.78125
114 1.0
115 1.0
116 1.0
117 0.8828125
118 1.0
119 0.8828125
120 1.0
121 1.0
122 1.0
123 1.0
124 1.0
125 1.0
126 1.0
127 1.0
128 1.0
129 1.0
130 1.0
131 1.0
132 1.0
133 1.0
134 1.0
135 1.0
136 0.8828125
137 1.0
138 1.0
139 1.0
140 1.0
141 1.0
142 0.6953125
143 1.0
144 1.0
145 1.0
146 1.0
147 1.0
148 0.8828125
149 0.78125
150 1.0
151 1.0
152 1.0
153 1.0
154 1.0
155 1.0
156 0.8828125
157 1.0
158 1.0
159 1.0
160 1.0
161 0.78125
162 1.0
163 1.0
164 1.0
165 1.0
166 1.0
167 1.0
168 1.0
169 1.0
170 1.0
171 1.0
172 0.8828125
173 1.0
174 1.0
175 0.6796875
176 1.0
177 1.0
178 1.0
179 1.0
180 1.0
181 1.0
182 1.0
183 1.0
184 1.0
185 1.0
186 1.0
187 1.0
188 1.0
189 1.0
190 1.0
191 1.0
192 1.0
193 0.6796875
194 1.0
195 1.0
196 1.0
197 1.0
198 1.0
199 1.0
200 0.8828125
201 1.0
202 1.0
203 1.0
204 1.0
205 1.0
206 1.0
207 1.0
208 1.0
209 1.0
210 1.0
211 1.0
212 1.0
213 1.0
214 1.0
215 0.875555555556
216 1.0
217 1.0
218 1.0
219 1.0
220 1.0
221 0.875555555556
222 1.0
223 1.0
224 0.662222222222
225 1.0
226 1.0
227 1.0
228 1.0
229 1.0
230 1.0
231 1.0
232 1.0
233 1.0
234 1.0
235 1.0
236 1.0
237 0.875555555556
238 1.0
239 1.0
240 1.0
241 1.0
242 1.0
243 1.0
244 1.0
245 1.0
246 1.0
247 1.0
248 1.0
249 1.0
250 1.0
251 0.768888888889
252 1.0
253 0.76
254 0.875555555556
255 1.0
256 1.0
257 1.0
258 1.0
259 1.0
260 1.0
261 1.0
262 0.502222222222
263 1.0
264 1.0
265 1.0
266 1.0
267 1.0
268 1.0
269 1.0
270 1.0
271 1.0
272 0.875555555556
273 1.0
274 1.0
275 1.0
276 1.0
277 1.0
278 0.768888888889
279 1.0
280 1.0
281 1.0
282 1.0
283 0.78125
284 1.0
285 1.0
286 1.0
287 0.8828125
288 0.78125
289 1.0
290 1.0
291 0.8828125
292 1.0
293 1.0
294 1.0
295 1.0
296 0.6953125
297 0.8828125
298 0.78125
299 1.0
300 1.0
301 0.3984375
302 1.0
303 1.0
304 1.0
305 0.8828125
306 1.0
307 1.0
308 0.8828125
309 0.8828125
310 1.0
311 0.5078125
312 0.8828125
313 1.0
314 1.0
315 0.4921875
316 1.0
317 1.0
318 0.671875
319 0.78125
320 1.0
321 1.0
322 1.0
323 1.0
324 1.0
325 1.0
326 1.0
327 1.0
328 1.0
329 1.0
330 0.625
331 1.0
332 1.0
333 0.6953125
334 1.0
335 1.0
336 1.0
337 1.0
338 1.0
339 0.78125
340 0.8828125
341 0.8828125
342 0.8828125
343 1.0
344 0.78125
345 0.78125
346 1.0
347 1.0
348 1.0
349 1.0
350 1.0
351 1.0
352 1.0
353 1.0
354 0.5859375
355 0.3203125
356 1.0
357 1.0
358 0.6796875
359 1.0
360 1.0
361 1.0
362 0.5078125
363 1.0
364 1.0
365 1.0
366 1.0
367 1.0
368 1.0
369 0.8828125
370 1.0
371 1.0
372 1.0
373 1.0
374 1.0
375 1.0
376 0.5703125
377 0.8828125
378 1.0
379 1.0
380 1.0
381 1.0
382 1.0
383 1.0
384 1.0
385 1.0
386 1.0
387 1.0
388 0.8828125
389 1.0
390 1.0
391 1.0
392 1.0
393 1.0
394 0.5
395 1.0
396 1.0
397 1.0
398 1.0
399 1.0
400 0.78125
401 0.6953125
402 1.0
403 1.0
404 1.0
405 0.6953125
406 0.5703125
407 0.6796875
408 1.0
409 1.0
410 1.0
411 1.0
412 1.0
413 0.8828125
414 1.0
415 0.8828125
416 0.625
417 1.0
418 0.5078125
419 1.0
420 1.0
422 0.8828125
423 1.0
424 1.0
425 0.8828125
426 1.0
427 1.0
428 1.0
429 1.0
430 1.0
431 1.0
432 1.0
433 1.0
434 1.0
435 1.0
436 1.0
437 1.0
438 1.0
439 1.0
440 0.8828125
441 1.0
442 1.0
443 1.0
444 1.0
445 1.0
446 1.0
447 1.0
448 1.0
449 1.0
450 1.0
451 1.0
452 1.0
453 1.0
454 1.0
455 1.0
456 0.8828125
457 1.0
458 1.0
459 1.0
460 1.0
461 1.0
462 1.0
463 1.0
464 1.0
465 1.0
466 1.0
467 1.0
468 1.0
469 1.0
470 1.0
471 0.8828125
472 1.0
473 1.0
474 1.0
475 1.0
476 1.0
477 1.0
478 1.0
479 1.0
480 1.0
481 1.0
482 1.0
483 1.0
484 1.0
485 1.0
486 1.0
487 1.0
488 1.0
489 1.0
490 1.0
491 1.0
492 1.0
493 1.0
494 1.0
495 0.8828125
496 1.0
497 1.0
498 1.0
499 1.0
500 1.0
501 1.0
502 1.0
503 1.0
504 1.0
505 1.0
506 1.0
507 0.5703125
508 1.0
509 1.0
510 0.78125
511 1.0
512 0.8828125
513 1.0
514 1.0
515 1.0
516 1.0
517 1.0
518 1.0
519 1.0
520 0.8828125
521 1.0
522 1.0
523 1.0
524 0.3828125
525 1.0
526 1.0
527 1.0
528 1.0
529 1.0
530 1.0
531 0.6953125
532 1.0
533 0.6796875
534 1.0
535 0.390625
536 0.5390625
537 0.8828125
538 1.0
539 0.8828125
540 0.78125
541 0.78125
542 1.0
543 0.53125
544 1.0
545 1.0
546 1.0
547 1.0
548 0.78125
549 0.8828125
550 0.578125
551 0.7734375
552 1.0
553 1.0
554 0.6015625
555 1.0
556 0.5
557 1.0
558 1.0
559 1.0
560 0.7734375
561 0.8828125
562 0.4140625
563 0.5
564 0.8828125
565 0.78125
566 0.40625
567 0.53125
568 0.5703125
569 0.8828125
570 1.0
571 1.0
572 1.0
573 1.0
574 1.0
575 1.0
576 0.78125
577 1.0
578 1.0
579 0.8828125
580 1.0
581 1.0
582 1.0
583 0.625
584 0.7734375
585 0.6015625
586 0.6796875
587 1.0
588 0.78125
589 0.6796875
590 1.0
591 1.0
592 1.0
593 1.0
594 1.0
595 0.82
596 0.40625
597 0.8828125
598 0.6953125
599 1.0
600 0.8828125
601 0.625
602 0.8828125
603 0.8828125
604 0.6796875
605 0.53125
606 1.0
607 0.3515625
608 1.0
609 1.0
610 0.5078125
611 0.4609375
612 0.375
613 0.8828125
614 0.5078125
615 1.0
616 1.0
617 1.0
618 1.0
619 0.8828125
620 1.0
621 0.6796875
622 1.0
623 0.8828125
624 1.0
625 0.78125
626 0.8828125
627 0.78125
628 1.0
629 0.8828125
630 1.0
631 1.0
632 1.0
633 0.6953125
634 0.7734375
635 0.8828125
636 0.5078125
637 0.78125
638 1.0
639 1.0
640 1.0
641 0.78125
642 1.0
643 0.6796875
644 0.8828125
645 1.0
646 1.0
647 1.0
648 0.78125
649 1.0
650 1.0
651 0.469387755102
652 0.8828125
653 0.625
654 0.78125
655 0.578125
656 0.8828125
657 0.6953125
658 1.0
659 0.7734375
660 0.78125
661 0.6953125
662 0.6953125
663 0.671875
664 0.8828125
667 0.8828125
668 0.5859375
669 0.7734375
670 0.5859375
671 0.7734375
673 0.7734375
674 0.8828125
675 0.8828125
676 1.0
677 0.2578125
678 0.78125
679 1.0
680 1.0
681 1.0
682 1.0
683 0.3828125
684 0.4453125
685 0.8828125
686 1.0
687 0.8828125
688 0.6796875
689 1.0
690 1.0
691 1.0
692 0.5078125
693 1.0
694 0.8828125
695 1.0
696 1.0
697 1.0
698 1.0
699 1.0
700 1.0
701 0.8828125
702 0.78125
703 0.296875
704 0.8828125
705 0.5390625
706 0.6796875
707 1.0
708 1.0
709 0.8828125
710 1.0
711 1.0
