0 1.0
1 0.78125
2 0.6796875
3 0.40625
4 0.5234375
5 0.8828125
6 0.53125
7 0.671875
8 0.3046875
9 0.8828125
10 0.8828125
11 0.8828125
12 0.59375
13 0.8828125
14 0.7734375
15 0.6796875
16 0.8828125
19 0.7734375
20 0.4609375
21 0.6796875
22 0.6796875
23 0.357142857143
24 0.386666666667
25 0.6796875
26 0.5390625
27 0.78125
28 0.6796875
29 0.59375
30 0.6796875
32 0.6796875
33 0.6015625
34 0.78125
35 0.7734375
36 0.34375
37 0.625
38 0.5078125
39 1.0
40 0.8828125
41 0.78125
42 0.802469135802
43 0.62962962963
44 0.78125
45 0.479591836735
46 0.7734375
47 0.7734375
48 1.0
49 0.502222222222
50 1.0
51 1.0
52 0.7734375
53 1.0
54 1.0
55 1.0
56 1.0
57 1.0
58 1.0
59 0.564444444444
60 0.875555555556
61 1.0
62 0.653333333333
63 0.875555555556
64 1.0
65 0.875555555556
66 1.0
67 1.0
68 1.0
69 1.0
70 1.0
71 0.875555555556
72 1.0
73 0.875555555556
74 0.875555555556
75 0.768888888889
76 1.0
77 1.0
78 1.0
79 1.0
80 1.0
81 0.875555555556
82 1.0
83 1.0
84 0.76
85 1.0
86 1.0
87 1.0
88 0.76
89 1.0
90 1.0
91 1.0
92 1.0
93 0.8828125
94 1.0
95 0.8828125
96 1.0
97 1.0
98 0.78125
99 1.0
100 0.4609375
101 0.8828125
102 0.8828125
103 1.0
104 1.0
105 0.8828125
106 1.0
107 1.0
108 1.0
109 1.0
110 1.0
111 0.5859375
112 1.0
113 1.0
114 0.78125
115 1.0
116 1.0
117 1.0
118 1.0
119 1.0
120 0.8828125
121 1.0
122 0.8828125
123 0.8828125
124 1.0
125 0.7734375
126 0.671875
127 1.0
128 0.8828125
129 0.8828125
130 1.0
131 1.0
132 0.8828125
133 0.78125
134 0.78125
135 1.0
136 1.0
137 1.0
138 1.0
139 1.0
140 1.0
141 1.0
142 0.78125
143 1.0
144 1.0
145 1.0
146 1.0
147 1.0
148 1.0
149 1.0
150 1.0
151 1.0
152 1.0
153 0.8828125
154 1.0
155 0.8828125
156 1.0
157 0.8828125
158 0.78125
159 0.7734375
160 0.625
161 1.0
162 1.0
163 0.5703125
164 0.8828125
165 1.0
166 1.0
167 1.0
168 1.0
169 1.0
170 1.0
171 1.0
172 1.0
173 1.0
174 1.0
175 1.0
176 1.0
177 1.0
178 1.0
179 0.78125
180 1.0
181 0.6953125
199 1.0
200 1.0
201 1.0
202 1.0
203 1.0
204 1.0
205 1.0
206 1.0
207 1.0
208 1.0
209 1.0
210 0.78125
211 1.0
212 1.0
213 1.0
214 0.8828125
215 1.0
216 1.0
217 1.0
218 1.0
219 1.0
220 1.0
221 0.8828125
222 0.7734375
223 0.8828125
224 0.78125
225 1.0
226 1.0
227 1.0
228 1.0
229 0.8828125
230 1.0
231 1.0
232 1.0
233 1.0
234 0.53125
235 1.0
236 1.0
237 0.78125
238 1.0
239 1.0
240 0.5078125
241 0.8828125
242 1.0
243 1.0
244 1.0
245 1.0
246 1.0
247 0.8828125
248 1.0
249 1.0
250 1.0
251 1.0
252 1.0
253 1.0
254 1.0
255 1.0
256 0.7734375
257 1.0
258 1.0
259 1.0
260 0.8828125
261 1.0
262 1.0
263 1.0
264 1.0
265 1.0
266 1.0
267 1.0
268 1.0
269 1.0
270 1.0
271 1.0
272 1.0
273 1.0
274 1.0
275 1.0
276 0.8828125
277 1.0
278 1.0
279 1.0
280 1.0
281 0.8828125
282 1.0
283 0.8828125
284 0.8828125
285 1.0
286 0.78125
287 1.0
288 1.0
289 1.0
290 1.0
291 1.0
292 1.0
293 1.0
294 0.8828125
295 1.0
296 1.0
297 1.0
298 0.4296875
299 0.78125
300 1.0
301 0.6796875
302 1.0
303 1.0
304 0.625
305 1.0
306 1.0
307 1.0
308 1.0
309 1.0
310 1.0
311 0.8828125
312 1.0
313 1.0
314 1.0
315 0.78125
316 1.0
317 1.0
318 1.0
319 1.0
320 1.0
321 1.0
322 1.0
323 1.0
324 1.0
325 0.8828125
326 1.0
327 1.0
328 1.0
329 1.0
330 0.78125
331 1.0
332 1.0
333 1.0
334 1.0
335 1.0
336 1.0
337 1.0
338 1.0
339 1.0
340 1.0
341 1.0
342 1.0
343 0.8828125
344 1.0
345 1.0
346 1.0
347 1.0
348 1.0
349 0.8828125
350 1.0
351 1.0
352 1.0
353 1.0
354 1.0
355 1.0
356 1.0
357 1.0
358 1.0
359 1.0
360 1.0
361 0.8828125
362 1.0
363 1.0
364 1.0
365 1.0
366 1.0
367 1.0
368 1.0
369 1.0
370 0.8828125
371 1.0
372 1.0
373 1.0
374 1.0
375 1.0
376 1.0
377 1.0
378 1.0
379 1.0
380 0.5703125
381 0.8828125
382 1.0
383 0.7734375
384 0.8828125
385 0.8828125
386 1.0
387 1.0
388 1.0
389 1.0
390 1.0
391 1.0
392 1.0
393 1.0
394 1.0
395 1.0
396 1.0
397 1.0
398 1.0
399 1.0
400 1.0
401 1.0
402 1.0
403 1.0
404 1.0
405 0.78125
406 1.0
407 1.0
408 1.0
409 0.8828125
410 1.0
411 0.8828125
412 1.0
413 1.0
414 1.0
415 1.0
416 1.0
417 1.0
418 1.0
419 1.0
420 1.0
421 0.78125
422 1.0
423 1.0
424 0.78125
425 1.0
426 1.0
427 1.0
428 1.0
429 1.0
430 0.7734375
431 1.0
432 1.0
433 1.0
434 0.5703125
435 1.0
436 1.0
437 1.0
438 0.8828125
439 1.0
440 1.0
441 0.78125
442 1.0
443 1.0
444 1.0
445 1.0
446 0.8828125
447 1.0
448 1.0
449 0.8828125
450 0.8828125
451 1.0
452 1.0
453 1.0
454 1.0
455 1.0
456 1.0
457 1.0
458 1.0
459 1.0
460 1.0
461 1.0
462 1.0
463 1.0
464 1.0
465 1.0
466 1.0
467 0.78125
468 1.0
469 1.0
470 1.0
471 1.0
472 0.78125
473 0.6953125
474 1.0
475 0.7734375
476 1.0
477 0.6015625
478 1.0
479 1.0
480 1.0
481 1.0
482 1.0
483 0.4609375
484 1.0
485 1.0
486 1.0
487 1.0
488 1.0
489 1.0
490 1.0
491 1.0
492 1.0
493 0.6796875
494 1.0
495 1.0
496 1.0
497 1.0
498 1.0
499 1.0
500 1.0
501 1.0
502 1.0
503 1.0
504 1.0
505 1.0
506 1.0
507 0.6953125
508 1.0
509 1.0
510 1.0
511 1.0
512 1.0
513 1.0
514 1.0
515 0.53125
516 1.0
517 1.0
518 1.0
519 1.0
520 1.0
521 0.8828125
522 1.0
523 1.0
524 1.0
525 0.5703125
526 1.0
527 1.0
528 1.0
529 1.0
530 1.0
531 1.0
532 1.0
533 1.0
534 1.0
535 1.0
536 0.671875
537 1.0
538 0.8828125
539 1.0
540 0.8828125
541 1.0
542 1.0
543 1.0
544 1.0
545 1.0
546 1.0
547 1.0
548 1.0
549 1.0
550 1.0
551 1.0
552 1.0
553 1.0
554 1.0
555 1.0
556 1.0
557 1.0
558 1.0
559 1.0
560 1.0
561 1.0
562 1.0
563 1.0
564 1.0
565 1.0
566 1.0
567 0.59375
568 1.0
569 1.0
570 0.7734375
571 0.4296875
572 0.3984375
573 0.671875
574 1.0
575 1.0
576 1.0
577 1.0
578 0.6796875
579 1.0
580 1.0
581 1.0
582 1.0
583 1.0
584 1.0
585 1.0
586 1.0
587 1.0
588 1.0
589 1.0
590 1.0
591 1.0
592 1.0
593 1.0
594 1.0
595 1.0
596 1.0
597 0.5078125
598 0.78125
599 1.0
600 0.7734375
601 0.8828125
602 1.0
603 0.359375
604 1.0
605 1.0
606 1.0
607 1.0
608 1.0
609 1.0
610 1.0
611 1.0
612 1.0
613 1.0
614 1.0
615 1.0
616 1.0
617 1.0
618 1.0
619 1.0
620 1.0
621 1.0
622 1.0
623 1.0
624 1.0
625 1.0
626 1.0
627 1.0
628 0.8828125
629 1.0
630 1.0
631 1.0
632 1.0
633 1.0
634 1.0
635 1.0
636 1.0
637 1.0
638 1.0
639 1.0
640 1.0
641 0.8828125
642 1.0
643 0.8828125
644 1.0
645 1.0
646 0.78125
647 0.78125
648 1.0
649 1.0
650 1.0
651 1.0
652 1.0
653 1.0
654 1.0
655 1.0
656 1.0
657 1.0
658 1.0
659 1.0
660 1.0
661 1.0
662 1.0
663 1.0
664 1.0
665 1.0
666 1.0
667 1.0
668 1.0
669 1.0
670 1.0
671 1.0
672 1.0
674 1.0
675 1.0
676 1.0
677 1.0
678 1.0
679 1.0
680 1.0
681 1.0
682 1.0
683 1.0
684 0.4453125
685 0.46875
686 1.0
687 1.0
688 1.0
689 1.0
690 0.78125
691 1.0
692 1.0
693 1.0
694 1.0
695 1.0
696 1.0
697 1.0
698 1.0
699 0.78125
700 1.0
701 1.0
702 1.0
703 1.0
704 1.0
705 1.0
706 1.0
707 0.8828125
708 1.0
709 1.0
710 0.625
711 1.0
712 0.8828125
713 1.0
714 1.0
715 1.0
716 0.53125
717 1.0
718 0.8828125
719 0.5859375
720 1.0
721 1.0
722 1.0
723 0.625
724 1.0
725 1.0
726 1.0
727 1.0
728 1.0
729 1.0
730 1.0
731 1.0
732 1.0
733 1.0
734 0.8828125
735 1.0
736 0.8828125
737 1.0
738 1.0
739 1.0
740 0.8828125
741 0.8828125
742 1.0
743 1.0
744 1.0
745 1.0
746 1.0
747 1.0
748 1.0
749 1.0
750 1.0
751 1.0
752 1.0
753 1.0
754 1.0
755 1.0
756 0.4609375
757 1.0
758 1.0
759 1.0
760 1.0
761 1.0
762 1.0
763 0.8828125
764 0.78125
765 1.0
766 0.671875
767 1.0
768 0.8828125
769 1.0
770 0.3359375
771 1.0
772 1.0
773 1.0
774 1.0
775 0.8828125
776 0.8828125
777 1.0
778 1.0
779 0.7734375
780 1.0
781 1.0
782 0.8828125
783 1.0
784 1.0
785 0.6796875
786 0.375
787 1.0
788 0.4453125
789 0.8828125
790 1.0
791 1.0
792 1.0
793 0.78125
794 1.0
795 1.0
796 1.0
797 0.8828125
798 1.0
799 1.0
800 1.0
801 1.0
802 1.0
803 0.8828125
804 0.8828125
805 1.0
806 0.8828125
807 0.5859375
808 0.671875
809 0.4453125
810 1.0
811 0.8828125
812 0.78125
813 0.3515625
814 0.4609375
815 1.0
816 1.0
817 0.8828125
818 0.8828125
819 1.0
820 1.0
821 0.5859375
822 1.0
823 1.0
824 0.8828125
825 0.8828125
826 1.0
827 0.5078125
828 1.0
829 1.0
830 1.0
831 1.0
832 0.8828125
833 1.0
834 1.0
835 0.4921875
836 1.0
837 1.0
838 1.0
839 0.4453125
840 0.359375
841 1.0
842 0.78125
843 1.0
844 1.0
845 1.0
846 1.0
847 1.0
848 1.0
849 1.0
850 0.8828125
851 0.8828125
852 0.3515625
853 0.8828125
854 1.0
