0 1.0
1 1.0
2 0.78125
3 0.7734375
4 1.0
5 1.0
6 0.8828125
7 1.0
8 1.0
9 1.0
10 1.0
11 1.0
12 1.0
13 1.0
14 0.421875
15 0.78125
16 1.0
17 1.0
18 1.0
19 1.0
20 1.0
21 1.0
22 1.0
23 1.0
24 1.0
25 1.0
26 1.0
27 1.0
28 1.0
29 1.0
30 1.0
31 1.0
32 0.5078125
33 0.5078125
34 0.5078125
35 0.625
36 1.0
37 0.78125
38 1.0
39 0.53125
40 1.0
41 1.0
42 1.0
43 1.0
44 1.0
45 1.0
46 1.0
47 1.0
48 1.0
49 1.0
50 0.78125
51 1.0
52 1.0
53 1.0
54 1.0
55 1.0
56 1.0
57 1.0
58 0.8828125
59 1.0
60 1.0
61 1.0
62 1.0
63 1.0
64 0.8828125
65 1.0
66 0.8828125
67 1.0
68 1.0
69 1.0
70 1.0
71 0.6953125
72 1.0
73 1.0
74 1.0
75 1.0
76 1.0
77 0.8828125
78 0.4609375
79 0.8828125
80 1.0
81 0.78125
82 0.4453125
83 1.0
84 0.375
85 0.4453125
86 1.0
87 0.6796875
88 1.0
89 1.0
90 1.0
91 0.8828125
92 0.5859375
93 0.25
94 0.8828125
95 0.68
96 1.0
97 1.0
98 0.359375
99 0.5078125
100 0.671875
101 0.867346938776
102 0.7734375
103 0.390625
104 0.3984375
105 0.515625
106 0.5078125
107 0.8828125
108 0.8828125
110 0.6796875
111 1.0
112 0.7734375
113 0.7734375
114 0.6796875
115 1.0
116 0.6015625
117 1.0
118 0.6796875
119 0.8828125
120 0.3984375
121 1.0
122 0.5859375
123 0.6796875
124 0.6796875
125 1.0
126 0.6953125
127 0.5234375
128 0.6796875
129 0.578125
131 1.0
132 1.0
133 1.0
134 0.8828125
135 0.78125
136 0.78125
137 1.0
138 1.0
139 1.0
140 1.0
141 0.3984375
142 0.53125
143 1.0
144 1.0
145 0.3046875
146 1.0
147 1.0
148 0.78125
149 1.0
150 0.8828125
151 0.8828125
152 1.0
153 0.78125
154 0.3046875
155 1.0
156 0.5078125
157 0.2421875
158 1.0
159 1.0
160 1.0
161 1.0
162 1.0
163 1.0
164 1.0
165 1.0
166 1.0
167 0.59375
168 1.0
169 1.0
170 0.78125
171 0.8828125
172 0.3203125
173 0.8828125
174 0.8828125
175 0.8828125
176 0.6953125
177 0.7734375
178 0.8828125
179 0.8828125
180 0.5234375
181 0.671875
182 0.8828125
183 1.0
184 1.0
185 1.0
186 1.0
187 1.0
188 0.8828125
189 1.0
190 1.0
191 1.0
192 1.0
193 1.0
194 1.0
195 0.8828125
196 0.7734375
197 0.8828125
198 1.0
199 1.0
200 0.6953125
201 1.0
202 1.0
203 1.0
204 1.0
205 0.78125
206 1.0
207 1.0
208 0.8828125
209 0.6953125
210 1.0
211 1.0
212 0.8828125
213 1.0
214 1.0
215 1.0
216 0.8828125
217 1.0
218 1.0
219 0.78125
220 0.78125
221 1.0
222 1.0
223 0.8828125
224 0.7734375
225 0.3984375
226 0.8828125
227 0.7734375
228 0.671875
229 0.671875
230 0.3828125
231 0.515625
232 1.0
233 0.53125
234 1.0
235 0.6796875
236 0.5078125
237 1.0
238 0.8828125
239 0.7734375
240 0.3046875
241 0.4609375
242 1.0
243 1.0
244 0.625
245 0.671875
246 0.7734375
247 0.8828125
248 0.76
249 0.8828125
250 0.78125
251 1.0
252 0.6953125
253 0.6796875
254 1.0
255 0.4453125
256 0.3984375
257 0.671875
258 0.8828125
259 1.0
260 0.3359375
261 0.7734375
262 1.0
263 1.0
264 1.0
265 0.5703125
266 1.0
267 0.78125
268 1.0
269 1.0
270 0.7734375
271 1.0
272 1.0
273 1.0
274 1.0
275 1.0
276 1.0
277 0.5703125
278 0.8828125
279 1.0
280 0.78125
281 0.5703125
282 1.0
283 0.4609375
284 1.0
285 0.8828125
286 0.8828125
287 1.0
288 0.7734375
289 0.78125
290 1.0
291 0.8828125
292 0.8828125
293 1.0
294 0.8828125
295 1.0
296 1.0
297 0.6953125
298 1.0
299 0.6796875
300 1.0
301 0.5390625
302 1.0
303 1.0
304 1.0
305 1.0
306 1.0
307 1.0
308 1.0
309 1.0
310 1.0
311 0.8828125
312 1.0
313 1.0
314 1.0
315 1.0
316 1.0
317 1.0
318 0.3671875
319 1.0
320 0.8828125
321 1.0
322 1.0
324 0.6796875
325 0.4140625
326 1.0
327 0.5859375
328 1.0
329 1.0
330 1.0
331 1.0
332 1.0
333 1.0
334 1.0
335 1.0
336 1.0
337 1.0
338 1.0
339 1.0
340 1.0
341 1.0
342 1.0
343 1.0
344 1.0
345 0.8828125
346 1.0
347 1.0
348 1.0
349 1.0
350 1.0
351 1.0
352 1.0
353 1.0
354 1.0
355 1.0
356 1.0
357 1.0
358 1.0
359 1.0
360 1.0
361 1.0
362 1.0
363 1.0
364 1.0
365 0.5078125
366 0.625
367 0.8828125
368 0.8828125
369 1.0
370 1.0
371 1.0
372 1.0
373 1.0
374 1.0
375 1.0
376 1.0
377 0.5390625
378 0.5234375
379 0.6796875
380 1.0
381 1.0
382 1.0
383 1.0
384 1.0
385 1.0
386 1.0
387 1.0
388 1.0
389 1.0
390 1.0
391 1.0
392 1.0
393 1.0
394 1.0
395 1.0
396 1.0
397 1.0
398 1.0
399 1.0
400 1.0
401 1.0
402 1.0
403 1.0
404 1.0
405 1.0
406 0.78125
407 1.0
408 1.0
409 1.0
410 1.0
411 1.0
412 1.0
413 0.78125
414 1.0
415 1.0
416 1.0
417 1.0
418 0.8828125
419 1.0
420 0.6796875
421 1.0
422 1.0
423 0.6953125
424 1.0
425 1.0
426 1.0
427 1.0
428 1.0
429 1.0
430 1.0
431 0.8828125
432 0.6796875
433 1.0
434 1.0
435 1.0
436 1.0
437 1.0
438 0.7734375
439 0.625
440 0.8828125
441 0.4453125
442 0.78125
443 0.8828125
444 0.8828125
445 0.4453125
446 0.7734375
447 0.3203125
448 0.6953125
449 0.8828125
450 0.6796875
451 0.8828125
452 1.0
453 1.0
454 1.0
455 1.0
456 1.0
457 1.0
458 1.0
459 1.0
460 0.6953125
461 0.8828125
462 1.0
463 1.0
464 0.78125
465 0.78125
466 1.0
467 0.4296875
468 1.0
469 1.0
470 1.0
471 1.0
472 1.0
473 0.78125
474 1.0
475 0.8828125
476 0.6953125
477 1.0
478 1.0
479 1.0
480 1.0
481 1.0
482 1.0
483 1.0
484 1.0
485 1.0
486 1.0
487 1.0
488 0.78125
489 1.0
490 1.0
491 1.0
492 1.0
493 1.0
494 1.0
495 1.0
496 0.7734375
497 1.0
498 0.6796875
499 0.6953125
500 1.0
501 1.0
502 0.78125
503 1.0
504 1.0
505 1.0
506 1.0
507 1.0
508 1.0
509 1.0
510 1.0
511 1.0
512 0.8828125
513 1.0
514 0.8828125
515 1.0
516 0.671875
517 0.8828125
518 1.0
519 1.0
520 1.0
521 0.4453125
522 1.0
523 1.0
524 1.0
525 1.0
526 0.78125
527 1.0
528 1.0
529 1.0
530 0.6015625
531 1.0
532 1.0
533 1.0
534 1.0
535 1.0
536 1.0
537 1.0
538 0.6796875
539 1.0
540 1.0
541 1.0
542 0.8828125
543 0.8828125
544 0.78125
545 1.0
546 1.0
547 1.0
548 1.0
549 0.6796875
550 0.515625
551 0.5703125
552 1.0
553 1.0
554 0.8828125
