0 1.0
1 1.0
2 1.0
3 1.0
4 0.515625
5 1.0
6 0.6796875
7 1.0
8 0.7734375
9 0.59375
10 1.0
11 0.54
12 0.53125
13 0.8828125
14 1.0
15 0.5859375
16 1.0
17 1.0
18 1.0
19 0.78125
20 0.8828125
21 0.8828125
22 1.0
23 1.0
24 0.4609375
25 1.0
26 1.0
27 1.0
28 1.0
29 1.0
30 1.0
31 0.421875
32 0.8828125
33 1.0
34 0.8828125
35 0.8828125
36 0.421875
37 1.0
38 0.7734375
39 1.0
40 0.8828125
41 1.0
42 1.0
43 0.78125
44 1.0
45 1.0
46 0.5859375
47 1.0
48 0.7734375
49 0.6953125
50 0.7734375
51 1.0
52 0.6953125
53 0.7734375
54 0.8828125
55 0.6953125
56 1.0
57 1.0
58 1.0
59 0.8828125
60 0.671875
61 1.0
62 1.0
63 1.0
64 0.4609375
65 1.0
66 0.8828125
67 0.4453125
68 1.0
69 1.0
70 1.0
71 1.0
72 1.0
73 1.0
74 1.0
75 1.0
76 0.8828125
77 0.8828125
78 1.0
79 0.8828125
80 1.0
81 0.8828125
82 0.8828125
83 0.8828125
84 0.6796875
85 0.8828125
86 0.5
87 1.0
88 0.34375
89 0.6796875
90 1.0
91 0.8828125
92 0.4609375
93 0.8828125
94 1.0
95 0.4140625
96 0.5078125
97 1.0
98 1.0
99 1.0
100 1.0
101 1.0
102 0.4453125
103 1.0
104 1.0
105 1.0
106 1.0
107 0.53125
108 1.0
109 1.0
110 1.0
111 1.0
112 1.0
113 1.0
114 0.78125
115 1.0
116 1.0
117 1.0
118 1.0
119 1.0
120 1.0
121 0.7734375
122 0.8828125
123 1.0
124 1.0
125 0.8828125
126 0.6796875
127 1.0
128 0.625
129 0.78125
130 0.8828125
131 0.78125
132 1.0
133 0.8828125
134 1.0
135 1.0
136 1.0
137 0.53125
138 1.0
139 0.6796875
140 1.0
141 0.8828125
142 1.0
143 1.0
144 1.0
145 0.8828125
146 1.0
147 1.0
148 1.0
149 1.0
150 0.8828125
151 1.0
152 0.4296875
153 0.8828125
154 1.0
155 1.0
156 1.0
157 1.0
158 1.0
159 1.0
160 1.0
161 1.0
162 1.0
163 1.0
164 1.0
165 1.0
166 1.0
167 1.0
168 0.8828125
169 1.0
170 1.0
171 0.8828125
172 1.0
173 1.0
174 1.0
175 1.0
176 1.0
177 0.6796875
178 1.0
179 1.0
180 0.8828125
181 1.0
182 1.0
183 1.0
184 0.6015625
185 0.8828125
186 0.8828125
187 0.8828125
188 0.7734375
189 0.6953125
190 1.0
191 0.4609375
192 0.8828125
193 1.0
194 0.8828125
195 0.8828125
196 0.8828125
197 1.0
198 1.0
199 0.3671875
200 1.0
201 1.0
202 1.0
203 0.5078125
204 1.0
205 0.6796875
206 0.6953125
207 1.0
208 0.6953125
209 0.5078125
210 1.0
211 1.0
212 1.0
213 1.0
214 1.0
215 0.7734375
216 1.0
217 1.0
218 0.8828125
219 1.0
220 1.0
221 1.0
222 0.8828125
223 1.0
224 1.0
225 0.8828125
226 1.0
227 0.5078125
228 1.0
229 1.0
230 0.8828125
231 0.8828125
232 1.0
233 1.0
234 0.8828125
235 1.0
236 1.0
237 1.0
238 0.8828125
239 0.6953125
240 1.0
241 0.8828125
242 0.6015625
243 0.8828125
244 1.0
245 1.0
246 1.0
247 0.4609375
248 0.8828125
249 1.0
250 1.0
251 0.78125
252 0.6953125
253 1.0
254 0.671875
255 0.7734375
256 0.6953125
257 1.0
258 0.78125
259 0.3125
260 0.5078125
261 0.8828125
262 0.8828125
263 0.5703125
264 1.0
265 1.0
266 0.8828125
267 0.7734375
268 1.0
269 1.0
270 0.8828125
271 1.0
272 0.3203125
273 0.8828125
274 0.6796875
275 1.0
276 0.5390625
277 0.78125
278 1.0
279 0.4296875
280 0.6796875
281 0.8828125
282 0.6796875
283 0.8828125
284 0.5703125
285 1.0
286 0.8828125
287 0.8828125
288 1.0
289 0.8828125
290 0.5078125
291 0.78125
292 0.8828125
293 1.0
294 1.0
295 0.4609375
296 1.0
297 1.0
298 1.0
299 0.5859375
300 0.8828125
301 1.0
302 1.0
303 0.8828125
304 1.0
305 1.0
306 1.0
307 1.0
308 1.0
309 0.8828125
310 1.0
311 1.0
312 1.0
313 1.0
314 0.8828125
315 1.0
316 0.6796875
317 0.8828125
318 0.8828125
319 0.5078125
320 0.6796875
321 1.0
322 1.0
323 0.6953125
324 1.0
325 0.625
326 1.0
327 0.5078125
328 1.0
329 0.6796875
330 1.0
331 0.6796875
332 0.7734375
333 0.8828125
334 1.0
335 0.5859375
336 1.0
337 1.0
338 1.0
339 0.8828125
340 0.8828125
341 0.8828125
342 0.8828125
343 1.0
344 0.5859375
345 0.7734375
346 0.78125
347 0.4921875
348 0.4453125
349 0.6796875
350 0.6015625
351 0.7734375
352 0.5390625
353 0.7734375
354 0.5859375
355 1.0
356 0.78125
357 0.7734375
358 1.0
359 0.6796875
360 0.7734375
361 0.7734375
362 0.6953125
363 1.0
364 1.0
365 1.0
366 0.8828125
367 0.8828125
368 1.0
369 1.0
370 0.5859375
371 1.0
372 1.0
373 1.0
374 1.0
375 0.53125
376 0.7734375
377 0.8828125
378 1.0
379 1.0
380 1.0
381 0.8828125
382 0.625
383 1.0
384 0.6953125
385 0.78125
386 0.4453125
387 0.5390625
388 0.28125
389 0.6796875
390 0.6796875
391 0.78125
392 0.6015625
393 0.4296875
394 0.8828125
395 0.4453125
396 0.5390625
397 0.8828125
398 0.8828125
399 0.4453125
400 0.4921875
401 0.3203125
402 0.5078125
403 0.4921875
404 0.8828125
405 0.6796875
406 0.3125
407 0.296875
408 0.671875
409 0.359375
410 1.0
411 1.0
412 0.5859375
413 0.3671875
414 0.5859375
415 0.479289940828
416 0.3203125
417 0.5859375
418 0.8828125
419 0.515625
420 0.6796875
421 0.7734375
422 0.5078125
423 0.5
424 0.5859375
425 0.3984375
426 0.671875
427 1.0
428 0.5859375
429 0.8828125
430 1.0
431 1.0
432 1.0
433 1.0
434 0.6796875
435 0.8828125
436 0.359375
437 0.7734375
438 0.3359375
439 0.40625
440 0.78125
441 0.8828125
442 0.6015625
443 0.421875
444 0.6015625
445 0.3359375
446 0.4453125
447 1.0
448 1.0
449 0.6953125
450 0.68
451 1.0
452 0.875555555556
453 0.8828125
454 1.0
455 1.0
456 0.5078125
457 0.78125
458 0.8828125
459 1.0
460 0.6796875
461 1.0
464 0.5859375
465 0.3125
466 0.5390625
467 1.0
468 1.0
469 1.0
470 1.0
471 1.0
472 1.0
473 0.8828125
474 1.0
475 0.78125
476 1.0
477 0.5
478 1.0
479 0.6953125
480 0.421875
481 1.0
482 1.0
483 0.78125
484 1.0
485 0.4609375
486 1.0
487 0.3671875
488 1.0
489 1.0
490 1.0
491 0.875555555556
492 0.78125
493 1.0
494 0.8828125
495 1.0
496 1.0
497 0.8828125
498 0.6015625
499 0.671875
500 0.78125
501 0.78125
502 0.5390625
503 0.78125
504 0.578125
505 0.5859375
506 0.7734375
507 0.6015625
508 0.739644970414
509 0.875555555556
510 0.653333333333
511 0.76
512 0.555555555556
513 0.76
514 0.404444444444
515 0.5078125
516 0.515625
517 0.4140625
518 0.28125
519 0.359375
520 0.3984375
521 0.7734375
522 0.4375
523 0.6796875
524 0.5390625
525 0.4375
526 0.5234375
527 0.6796875
528 0.515625
529 0.6796875
530 0.5859375
531 0.6796875
532 0.6015625
533 0.3046875
534 0.578125
535 1.0
536 0.6796875
537 0.4453125
538 0.6796875
539 0.46875
540 0.8828125
544 0.564444444444
545 0.351111111111
546 0.342222222222
547 0.44
548 1.0
549 0.421875
550 1.0
551 0.6796875
552 0.5859375
553 0.3203125
554 1.0
555 0.5078125
556 0.4453125
557 0.768888888889
558 0.40625
559 0.867346938776
560 1.0
561 0.4453125
562 0.7734375
563 0.78125
564 1.0
565 0.6015625
566 1.0
567 0.8828125
568 0.8828125
569 0.8828125
570 0.625
571 1.0
572 0.625
573 0.78125
574 0.46875
575 0.78125
576 0.6796875
577 0.78125
578 1.0
579 1.0
580 0.5859375
581 0.3828125
582 0.25
583 1.0
584 0.7734375
585 1.0
586 0.5859375
587 0.8828125
588 0.8828125
589 1.0
590 0.6796875
591 0.78125
592 0.5078125
593 0.5
594 0.4609375
595 0.8828125
596 1.0
597 0.6796875
598 0.8828125
599 1.0
600 0.4921875
601 0.8828125
602 0.4375
603 1.0
604 0.78125
605 1.0
606 0.328125
607 0.578125
608 0.6796875
609 0.3984375
610 0.768888888889
611 0.5859375
612 0.515625
613 0.390625
614 0.8828125
615 0.671875
616 0.671875
617 0.4609375
618 0.5078125
619 0.5859375
620 0.6796875
621 0.8828125
622 1.0
623 0.6796875
624 1.0
625 0.6796875
626 0.4609375
627 0.8828125
628 1.0
629 0.3515625
630 1.0
631 0.8828125
632 0.78125
633 0.34375
634 0.5390625
635 0.7734375
636 0.867346938776
637 0.8828125
638 1.0
639 0.4609375
640 1.0
641 0.59375
642 1.0
643 0.3984375
644 0.671875
645 0.8828125
646 0.671875
647 0.671875
648 0.34375
649 0.78125
650 0.5859375
651 0.7734375
652 0.2578125
653 0.390625
654 0.8828125
655 0.78125
656 0.8828125
657 0.8828125
658 0.5078125
659 1.0
660 0.5078125
661 1.0
662 0.8828125
663 0.8828125
664 0.8828125
665 1.0
666 0.7734375
667 1.0
668 1.0
669 1.0
670 0.5078125
673 0.21875
674 0.8828125
675 0.7734375
676 0.671875
677 0.7734375
678 1.0
679 0.7734375
680 0.3359375
681 0.6796875
682 0.306666666667
683 0.3984375
684 0.7734375
685 0.316326530612
686 0.7734375
687 0.76
688 0.8828125
689 0.3984375
690 0.8828125
691 0.8828125
692 1.0
693 1.0
694 1.0
695 1.0
696 1.0
697 0.6953125
698 1.0
699 0.78125
700 0.6953125
701 0.4609375
702 0.8828125
703 1.0
704 1.0
705 1.0
706 1.0
707 1.0
708 1.0
709 0.7734375
710 1.0
711 1.0
712 1.0
713 1.0
714 1.0
715 1.0
716 1.0
717 0.78125
718 0.6796875
719 0.8828125
720 0.8828125
721 0.8828125
722 1.0
723 0.8828125
724 0.8828125
725 0.8828125
726 1.0
727 1.0
728 1.0
729 0.78125
730 1.0
731 1.0
732 0.6953125
733 0.8828125
734 1.0
735 1.0
736 1.0
737 0.8828125
738 1.0
739 0.78125
740 1.0
741 0.78125
742 1.0
743 0.8828125
744 1.0
745 0.6953125
746 1.0
747 1.0
748 1.0
749 1.0
750 1.0
751 1.0
752 1.0
753 1.0
754 1.0
755 1.0
756 1.0
757 0.53125
758 0.4609375
759 1.0
760 1.0
761 1.0
762 1.0
