0 1.0
1 1.0
2 1.0
3 1.0
4 1.0
5 1.0
6 1.0
7 1.0
8 1.0
9 1.0
10 1.0
11 1.0
12 1.0
13 1.0
14 1.0
15 1.0
16 1.0
17 1.0
18 1.0
19 1.0
20 1.0
21 1.0
22 1.0
23 1.0
24 1.0
25 1.0
26 1.0
27 1.0
28 1.0
29 1.0
30 1.0
31 1.0
32 0.8828125
33 1.0
34 1.0
35 0.8828125
36 1.0
37 1.0
38 1.0
39 0.8828125
40 1.0
41 0.6796875
42 0.8828125
43 1.0
44 0.625
45 1.0
46 1.0
47 1.0
48 1.0
49 1.0
50 1.0
51 1.0
52 1.0
53 1.0
54 1.0
55 1.0
56 1.0
57 1.0
58 1.0
59 1.0
60 1.0
61 1.0
62 1.0
63 1.0
64 1.0
65 1.0
66 1.0
67 0.8828125
68 1.0
69 1.0
70 1.0
71 1.0
72 1.0
73 1.0
74 1.0
75 1.0
76 1.0
77 1.0
78 1.0
79 1.0
80 1.0
81 0.53125
82 1.0
83 1.0
84 1.0
85 1.0
86 1.0
87 1.0
88 1.0
89 0.8828125
90 1.0
91 1.0
92 0.8828125
93 1.0
94 1.0
95 1.0
96 1.0
97 1.0
98 1.0
99 0.6953125
100 1.0
101 0.8828125
102 1.0
103 0.5078125
104 0.8828125
105 0.555555555556
106 0.4921875
107 0.8828125
108 0.8828125
109 1.0
110 0.8828125
111 0.8828125
112 0.8828125
113 1.0
114 1.0
115 1.0
116 1.0
117 0.78125
118 0.6953125
119 0.6796875
120 0.78125
121 0.515625
122 1.0
123 0.671875
124 0.8828125
125 0.7734375
126 0.6953125
127 0.7734375
128 0.6796875
129 0.359375
131 0.5859375
132 0.59375
133 0.8828125
134 1.0
135 1.0
136 1.0
137 0.6953125
138 1.0
139 1.0
140 1.0
141 1.0
142 1.0
143 0.8828125
144 0.8828125
145 1.0
146 0.3515625
147 0.5
148 0.328125
149 0.5859375
150 0.8828125
151 1.0
152 0.8828125
153 0.8828125
154 0.78125
155 0.8828125
156 0.5
157 0.6015625
158 1.0
159 0.8828125
160 0.6796875
161 1.0
162 0.3515625
163 1.0
164 0.8828125
165 1.0
166 1.0
167 0.7734375
168 1.0
169 1.0
170 0.78125
171 1.0
172 1.0
173 1.0
174 0.6953125
175 0.78125
176 1.0
177 0.78125
178 0.6953125
179 1.0
180 0.8828125
181 1.0
182 0.625
183 0.6796875
184 0.328125
185 1.0
186 1.0
187 1.0
188 1.0
189 0.8828125
190 1.0
191 0.59375
192 0.4609375
193 0.6796875
194 0.8828125
195 0.502222222222
196 1.0
197 0.8828125
198 0.78125
199 0.5234375
200 0.78125
201 0.78125
202 1.0
203 1.0
204 1.0
205 1.0
206 1.0
207 1.0
208 1.0
209 1.0
210 1.0
211 0.8828125
212 1.0
213 1.0
214 0.8828125
215 1.0
216 1.0
217 0.875555555556
218 1.0
219 1.0
220 1.0
221 1.0
222 0.768888888889
223 0.85798816568
224 0.875555555556
225 0.768888888889
226 0.768888888889
227 0.76
228 0.875555555556
229 0.68
230 0.653333333333
231 0.768888888889
232 1.0
233 0.768888888889
234 0.502222222222
235 1.0
236 0.68
237 0.76
238 0.875555555556
239 0.768888888889
240 0.608888888889
241 1.0
242 0.564444444444
243 1.0
244 0.368888888889
245 0.52
246 0.395555555556
247 0.372781065089
248 1.0
249 0.8828125
250 0.671875
251 0.78125
252 1.0
253 0.5078125
254 0.78125
255 0.59375
256 0.4375
257 0.6796875
258 0.2890625
259 0.7734375
260 0.8828125
261 0.6796875
262 0.8828125
263 0.6796875
264 0.6796875
265 0.4453125
266 1.0
267 0.78125
268 0.5390625
269 0.82
270 0.6796875
271 1.0
272 0.3671875
273 1.0
274 0.8828125
275 0.6796875
276 0.78125
277 0.875555555556
278 0.6796875
279 1.0
280 0.78125
281 1.0
282 1.0
283 1.0
284 0.328125
285 0.78125
286 0.8828125
287 1.0
288 1.0
289 0.6796875
290 0.78125
291 1.0
292 0.8828125
293 0.5859375
294 1.0
295 0.78125
296 1.0
297 0.53125
298 1.0
299 1.0
300 0.8828125
301 1.0
302 1.0
303 0.8828125
304 1.0
305 1.0
306 0.5078125
307 0.8828125
308 1.0
309 0.8828125
310 0.3515625
311 0.5078125
312 1.0
313 0.6953125
314 1.0
315 1.0
316 0.8828125
317 0.6796875
318 1.0
319 0.3515625
320 1.0
321 1.0
322 1.0
323 0.8828125
324 1.0
325 1.0
326 0.78125
327 1.0
328 1.0
329 1.0
330 1.0
331 1.0
332 1.0
333 1.0
334 1.0
335 1.0
336 1.0
337 1.0
338 1.0
339 0.6796875
340 0.5390625
341 1.0
342 1.0
343 0.6953125
344 0.5390625
345 0.6796875
346 1.0
347 1.0
348 1.0
349 0.8828125
350 1.0
351 0.6953125
352 1.0
353 1.0
354 1.0
355 0.625
356 0.78125
357 0.578125
358 0.7734375
359 1.0
360 0.8828125
361 0.8828125
362 1.0
363 1.0
364 0.8828125
365 0.8828125
366 1.0
367 0.8828125
368 0.6015625
369 0.8828125
370 0.8828125
371 0.78125
372 0.6796875
373 1.0
374 1.0
375 0.78125
376 0.744897959184
377 0.8828125
378 0.4453125
379 0.5859375
380 0.78125
381 1.0
382 0.7734375
383 0.8828125
384 0.5
385 0.6953125
386 0.6796875
387 0.8828125
388 0.5
389 0.6796875
390 0.5390625
391 0.4375
392 0.7734375
393 1.0
394 0.3046875
395 0.8828125
396 0.78125
397 0.7734375
398 0.4375
399 0.671875
400 0.3203125
401 0.78125
402 0.78125
403 0.8828125
404 0.4609375
405 0.5234375
406 0.6796875
407 0.7734375
408 0.8828125
409 0.671875
410 0.4453125
411 0.6796875
412 0.4609375
413 0.78125
414 0.7734375
415 0.8828125
416 0.6953125
417 0.8828125
418 0.5703125
419 0.3515625
420 0.78125
421 1.0
422 0.3046875
423 0.3515625
424 0.8828125
425 0.5390625
426 0.359375
427 0.8828125
428 0.4453125
429 0.5
430 1.0
431 0.7734375
432 0.8828125
433 0.671875
434 0.7734375
435 0.8828125
436 0.515625
437 1.0
438 0.8828125
439 0.7734375
440 0.662222222222
441 0.875555555556
442 0.875555555556
443 0.6015625
444 1.0
445 0.40625
446 0.8828125
447 0.8828125
448 1.0
449 0.6953125
450 0.7734375
451 1.0
452 0.8828125
453 0.6015625
454 0.8828125
455 0.390625
456 0.28125
457 0.3984375
458 0.7734375
459 0.5859375
460 0.744897959184
461 0.867346938776
462 1.0
463 0.4609375
464 0.4453125
465 0.6796875
466 0.5
467 1.0
468 0.8828125
474 1.0
475 0.8828125
476 0.46875
477 0.3046875
478 0.78125
479 0.78125
480 0.4609375
481 0.8828125
482 0.78125
483 0.8828125
484 0.5
485 0.8828125
486 0.6953125
487 1.0
488 1.0
489 0.3359375
490 1.0
491 0.78125
492 0.6953125
493 0.5859375
494 0.5234375
495 1.0
496 0.78125
497 0.3046875
498 1.0
499 0.78125
500 1.0
501 0.78125
502 0.8828125
503 0.8828125
504 0.8828125
505 1.0
506 0.8828125
507 0.7734375
508 0.4609375
509 1.0
510 1.0
511 1.0
512 0.7734375
513 0.8828125
514 1.0
515 1.0
516 1.0
517 1.0
518 1.0
519 1.0
520 1.0
521 1.0
522 0.7734375
523 0.6953125
524 1.0
525 1.0
526 0.78125
527 1.0
528 1.0
529 0.78125
530 0.78125
531 1.0
532 0.6015625
533 1.0
534 0.8828125
535 1.0
536 0.625
537 0.34375
538 1.0
539 1.0
540 1.0
541 1.0
542 1.0
543 1.0
544 0.8828125
545 0.8828125
546 1.0
547 1.0
548 1.0
549 1.0
550 0.8828125
551 1.0
552 1.0
553 0.8828125
554 0.4609375
555 1.0
556 1.0
557 0.8828125
558 1.0
559 0.53125
560 0.3984375
561 0.4609375
