0 1.0
1 0.867346938776
2 0.755102040816
3 1.0
4 0.867346938776
5 0.642857142857
6 0.5
7 0.479591836735
8 0.397959183673
9 0.387755102041
10 1.0
11 0.867346938776
12 1.0
13 0.377551020408
14 0.702479338843
15 0.867346938776
16 0.642857142857
17 0.755102040816
18 0.551020408163
19 0.5
20 1.0
21 0.867346938776
22 1.0
23 0.642857142857
24 1.0
25 1.0
26 0.5
27 1.0
28 0.438775510204
29 0.438775510204
30 0.642857142857
31 0.540816326531
32 0.397959183673
33 0.755102040816
34 0.438775510204
35 0.438775510204
36 0.561224489796
37 0.867346938776
38 0.744897959184
39 0.867346938776
40 0.295918367347
41 0.428571428571
42 0.744897959184
43 0.867346938776
44 0.755102040816
45 0.459183673469
46 0.632653061224
47 0.5
48 0.438775510204
49 1.0
50 0.632653061224
51 1.0
52 1.0
53 1.0
54 1.0
55 0.625
56 1.0
57 0.625
58 1.0
59 1.0
60 1.0
61 1.0
62 0.515625
63 1.0
64 0.8828125
65 1.0
66 1.0
67 1.0
68 1.0
69 0.78125
70 1.0
71 1.0
72 1.0
73 1.0
74 1.0
75 1.0
76 0.5078125
77 1.0
78 1.0
79 1.0
80 1.0
81 1.0
82 1.0
105 0.8828125
106 1.0
107 1.0
108 1.0
109 1.0
110 0.78125
111 1.0
112 1.0
113 1.0
114 0.5
115 1.0
116 1.0
117 1.0
118 0.8828125
119 1.0
120 1.0
121 1.0
122 0.53125
123 1.0
124 1.0
125 1.0
126 1.0
127 0.7734375
128 1.0
129 0.8828125
130 0.8828125
131 0.7734375
132 0.8828125
133 0.5078125
134 0.8828125
135 0.8828125
136 1.0
137 0.5078125
138 1.0
139 1.0
140 1.0
141 1.0
142 1.0
143 0.8828125
144 1.0
145 0.515625
146 1.0
147 0.5234375
148 0.8828125
149 0.78125
150 1.0
151 1.0
152 0.8828125
153 0.78125
154 1.0
155 0.6796875
156 0.78125
157 1.0
158 0.8828125
159 1.0
160 0.3359375
161 1.0
162 0.8828125
163 1.0
164 1.0
165 0.5390625
166 0.671875
167 1.0
168 0.8828125
169 0.768888888889
170 0.875555555556
171 1.0
172 0.76
173 0.275510204082
174 0.288888888889
175 0.653333333333
176 0.5859375
177 0.768888888889
178 0.555555555556
179 0.448888888889
180 0.386666666667
181 0.8828125
182 0.6796875
183 0.739644970414
184 0.479591836735
185 0.459183673469
186 0.744897959184
187 0.316326530612
188 0.469387755102
189 1.0
190 0.7734375
191 0.7734375
192 0.671875
193 0.5390625
194 0.387755102041
195 0.591836734694
196 0.438775510204
197 0.744897959184
198 0.428571428571
199 0.8828125
200 0.28125
201 0.7734375
202 0.3125
205 1.0
206 0.632653061224
207 0.459183673469
208 0.642857142857
209 0.2890625
210 0.46875
211 0.8828125
213 0.8828125
214 0.5859375
215 0.3984375
216 0.5234375
217 0.4296875
218 0.315555555556
219 0.662222222222
220 0.768888888889
221 0.662222222222
222 0.555555555556
223 0.297777777778
224 0.6796875
225 0.3515625
226 0.5859375
227 1.0
228 0.6796875
229 0.8828125
230 0.5078125
231 0.515625
232 0.3984375
233 0.78125
234 1.0
235 1.0
236 0.5078125
237 0.6953125
238 0.78125
239 0.8828125
240 0.78125
241 1.0
242 0.6015625
243 1.0
244 0.78125
245 0.2578125
246 0.6953125
247 0.7734375
248 0.7734375
249 0.6796875
250 1.0
251 0.5
252 1.0
253 0.390625
254 0.78125
255 0.8828125
256 0.78125
257 1.0
258 1.0
259 0.78125
260 1.0
261 1.0
262 1.0
263 0.8828125
264 1.0
265 1.0
266 1.0
267 1.0
268 1.0
269 0.8828125
270 1.0
271 1.0
272 1.0
273 1.0
274 1.0
275 0.8828125
276 0.8828125
277 1.0
278 1.0
279 0.8828125
280 1.0
281 1.0
282 0.78125
283 1.0
284 0.78125
285 0.34375
286 0.8828125
287 1.0
288 0.608888888889
289 0.582222222222
