0 1.0
1 1.0
2 1.0
3 1.0
4 1.0
5 0.6796875
6 1.0
7 1.0
8 1.0
9 1.0
10 1.0
11 1.0
12 1.0
13 1.0
14 1.0
15 0.7734375
16 1.0
17 1.0
18 1.0
19 1.0
20 1.0
21 1.0
22 1.0
23 1.0
24 1.0
25 0.6796875
26 1.0
27 1.0
28 1.0
29 1.0
30 1.0
31 1.0
32 1.0
33 1.0
34 0.40625
35 1.0
36 1.0
37 1.0
38 0.7734375
39 1.0
40 1.0
41 1.0
42 1.0
43 1.0
44 1.0
45 1.0
46 0.7734375
47 1.0
48 1.0
49 1.0
50 1.0
51 0.8828125
52 1.0
53 1.0
54 1.0
55 0.7734375
56 0.4453125
57 0.8828125
58 1.0
59 0.6796875
60 1.0
61 1.0
62 1.0
63 1.0
64 1.0
65 1.0
66 1.0
67 1.0
68 1.0
69 1.0
70 1.0
71 1.0
72 1.0
73 1.0
74 1.0
75 1.0
76 0.8828125
77 0.8828125
78 1.0
79 1.0
80 1.0
81 0.625
82 1.0
83 1.0
84 1.0
85 1.0
86 1.0
87 1.0
88 1.0
89 0.8828125
90 1.0
91 1.0
92 1.0
93 1.0
94 1.0
95 1.0
96 1.0
97 0.78125
98 0.8828125
99 1.0
100 1.0
101 1.0
102 1.0
103 1.0
104 0.78125
105 0.8828125
106 1.0
107 1.0
108 1.0
109 1.0
110 0.382716049383
111 0.8828125
112 0.5234375
113 0.5703125
114 1.0
115 1.0
116 1.0
117 1.0
118 1.0
119 1.0
120 1.0
121 0.78125
122 0.5390625
123 1.0
124 0.78125
125 0.5234375
126 1.0
127 0.8828125
128 1.0
129 1.0
130 1.0
131 1.0
132 1.0
133 1.0
134 0.78125
135 1.0
136 1.0
137 1.0
138 1.0
139 0.671875
140 1.0
141 1.0
142 0.8828125
143 0.7734375
144 1.0
145 0.5078125
146 1.0
147 1.0
148 0.78125
149 1.0
150 1.0
151 0.671875
152 1.0
153 1.0
154 1.0
155 0.6796875
156 1.0
157 1.0
158 1.0
159 1.0
160 1.0
161 1.0
162 0.53125
163 0.359375
164 0.8828125
165 1.0
166 0.5703125
167 0.7734375
168 0.358024691358
169 0.8828125
170 1.0
171 0.6015625
172 0.6953125
173 1.0
174 1.0
175 0.78125
176 0.78125
177 0.3671875
178 0.8828125
179 0.78125
180 0.671875
181 0.53125
182 1.0
183 0.5
184 0.875555555556
185 0.6015625
186 0.3515625
187 0.78125
188 0.8828125
189 0.867346938776
190 0.540816326531
191 0.5
192 1.0
193 1.0
194 0.78125
195 1.0
196 1.0
197 0.5078125
198 0.421875
199 1.0
200 0.7734375
201 1.0
202 1.0
203 1.0
204 1.0
205 0.8828125
206 1.0
207 0.265625
208 0.8828125
209 0.8828125
210 1.0
211 1.0
212 0.46875
213 0.5078125
214 0.8828125
215 1.0
216 1.0
217 0.625
218 1.0
219 1.0
220 0.78125
221 0.4453125
222 1.0
223 0.6953125
224 1.0
225 1.0
226 0.8828125
227 1.0
228 1.0
229 0.8828125
230 0.4921875
231 0.78125
232 0.8828125
233 1.0
234 1.0
235 1.0
236 1.0
237 0.802469135802
238 0.802469135802
245 0.722222222222
246 0.30612244898
247 0.34693877551
248 0.551020408163
249 0.30612244898
250 0.265306122449
251 0.510204081633
252 0.510204081633
253 0.3125
254 0.46875
255 0.570247933884
256 0.305785123967
257 0.603305785124
258 1.0
259 1.0
260 0.834710743802
261 0.834710743802
262 0.834710743802
263 0.537190082645
264 1.0
265 0.388429752066
266 0.570247933884
267 0.305785123967
268 0.223140495868
269 0.4921875
270 0.78125
271 0.34375
272 0.6015625
273 0.5703125
274 1.0
275 0.359375
276 1.0
277 0.53125
278 0.5859375
279 0.4453125
280 0.8828125
281 1.0
282 0.5234375
283 0.4921875
284 0.3125
285 1.0
286 0.4453125
287 1.0
288 0.475555555556
289 0.25
290 0.46875
291 0.52
292 0.570247933884
293 0.322314049587
294 0.8828125
295 1.0
296 0.78125
297 0.5859375
298 0.4453125
299 0.448888888889
300 0.342222222222
301 0.582222222222
302 1.0
303 0.875555555556
304 1.0
305 0.4921875
306 0.5390625
307 0.608888888889
308 0.8828125
309 0.296875
310 1.0
311 1.0
312 1.0
315 1.0
316 1.0
317 0.3515625
318 1.0
319 0.8828125
320 0.7734375
321 0.8828125
322 1.0
323 0.625
325 1.0
326 0.4453125
327 1.0
328 0.7734375
329 0.8828125
330 0.388888888889
331 0.68
332 1.0
333 0.8828125
334 1.0
335 0.5078125
339 0.5
342 1.0
343 0.6796875
344 0.6796875
345 1.0
349 0.68
350 0.8828125
352 1.0
353 0.8828125
354 1.0
355 0.4453125
356 1.0
357 1.0
358 1.0
359 1.0
360 1.0
361 0.8828125
362 1.0
363 1.0
364 1.0
365 1.0
366 1.0
367 0.625
368 0.78125
369 0.6796875
370 1.0
371 0.59375
372 0.6796875
373 1.0
374 0.8828125
375 1.0
376 0.7734375
377 0.6796875
378 1.0
379 1.0
380 1.0
381 0.6015625
383 1.0
384 0.78125
385 1.0
386 0.5234375
387 0.8828125
388 1.0
389 1.0
390 0.8828125
391 0.78125
392 1.0
393 0.4921875
394 0.78125
395 0.3984375
396 0.40625
397 1.0
398 0.3359375
399 1.0
400 1.0
401 1.0
402 0.6953125
403 0.78125
404 1.0
405 1.0
406 0.4140625
407 0.78125
408 1.0
409 0.78125
410 1.0
411 0.8828125
412 0.671875
413 1.0
414 1.0
415 1.0
416 0.4453125
417 0.5703125
418 1.0
419 1.0
420 0.6796875
421 1.0
422 1.0
423 1.0
424 0.78125
425 1.0
426 0.7734375
427 0.4453125
428 0.78125
429 1.0
430 1.0
431 0.5078125
432 0.4453125
433 0.625
434 0.78125
435 0.377777777778
436 1.0
437 0.30612244898
438 0.513888888889
439 1.0
440 0.34693877551
443 1.0
444 0.591836734694
445 0.591836734694
446 0.551020408163
447 0.755102040816
448 0.642857142857
449 0.8828125
450 1.0
451 1.0
452 0.8828125
453 0.875555555556
454 0.875555555556
455 0.296875
456 1.0
457 0.3671875
458 0.6953125
459 1.0
460 0.53125
461 1.0
462 1.0
463 1.0
464 0.5078125
465 1.0
466 1.0
467 1.0
468 0.4453125
469 1.0
470 1.0
471 1.0
472 0.53125
473 1.0
474 1.0
475 0.8828125
476 0.4609375
477 0.8828125
478 0.46875
479 1.0
480 0.53125
481 1.0
482 0.8828125
483 1.0
484 0.515625
485 1.0
486 1.0
487 0.8828125
488 1.0
489 0.875555555556
490 0.6015625
491 0.8828125
492 0.59375
493 1.0
494 0.8828125
495 0.6015625
496 1.0
497 0.8828125
498 1.0
499 1.0
500 0.7734375
501 0.875555555556
502 0.8828125
503 0.8828125
504 0.4296875
505 1.0
506 0.3203125
507 0.7734375
508 0.625
509 1.0
510 1.0
511 0.3671875
512 1.0
513 0.6953125
514 1.0
515 1.0
516 0.6953125
517 0.78125
518 1.0
519 1.0
520 0.8828125
521 1.0
522 1.0
523 0.8828125
524 1.0
525 0.4921875
526 1.0
527 0.5234375
528 1.0
529 0.632653061224
530 0.5
531 0.867346938776
532 1.0
533 0.8828125
534 0.7734375
535 0.4453125
536 0.8828125
537 0.875555555556
538 1.0
539 1.0
540 0.5859375
541 1.0
542 0.8828125
543 1.0
544 0.59375
545 1.0
546 1.0
547 1.0
548 1.0
549 0.6796875
550 0.7734375
551 0.8828125
552 1.0
553 1.0
554 0.6796875
555 0.8828125
556 0.7734375
557 0.6796875
558 1.0
559 1.0
560 1.0
561 1.0
562 1.0
563 0.8828125
564 0.53125
565 1.0
566 0.7734375
567 1.0
568 0.8828125
569 1.0
570 0.6796875
571 0.78125
572 1.0
573 0.78125
574 1.0
575 1.0
576 1.0
577 1.0
578 0.8828125
579 1.0
580 1.0
581 1.0
582 1.0
583 0.53125
584 0.78125
585 1.0
586 0.78125
587 1.0
588 0.8828125
589 0.3515625
590 0.7734375
591 0.4453125
592 1.0
593 0.78125
594 0.78125
595 1.0
596 1.0
597 1.0
598 0.8828125
599 1.0
600 1.0
601 1.0
602 0.6953125
603 0.78125
604 1.0
605 1.0
606 0.6953125
607 1.0
608 0.78125
609 0.28125
610 0.46875
