0 1.0
1 1.0
2 1.0
3 1.0
4 1.0
5 1.0
6 1.0
7 0.395555555556
8 1.0
9 1.0
10 1.0
11 1.0
12 1.0
13 1.0
14 0.662222222222
15 1.0
16 0.875555555556
17 1.0
18 0.875555555556
19 1.0
20 0.768888888889
21 1.0
22 1.0
23 1.0
24 1.0
25 1.0
26 1.0
27 1.0
28 0.76
29 1.0
30 0.875555555556
31 0.768888888889
32 1.0
33 1.0
34 1.0
35 1.0
36 0.573333333333
37 0.76
38 1.0
39 1.0
40 0.76
41 0.875555555556
42 1.0
43 1.0
44 0.768888888889
45 1.0
46 1.0
47 0.875555555556
48 1.0
49 0.875555555556
50 0.875555555556
51 1.0
52 1.0
53 1.0
54 1.0
55 1.0
56 1.0
57 0.76
58 0.52
59 1.0
60 0.875555555556
61 0.68
62 1.0
63 1.0
64 1.0
65 0.875555555556
66 0.875555555556
67 1.0
68 0.875555555556
69 0.76
70 1.0
71 0.875555555556
72 1.0
73 1.0
74 1.0
75 1.0
76 1.0
77 1.0
78 0.744897959184
79 1.0
80 1.0
81 1.0
82 1.0
83 1.0
84 1.0
85 1.0
86 1.0
87 1.0
88 0.867346938776
89 1.0
90 1.0
91 0.867346938776
92 1.0
93 0.744897959184
94 1.0
95 1.0
96 1.0
97 0.867346938776
98 1.0
99 1.0
100 0.5
101 0.744897959184
102 0.642857142857
103 0.867346938776
104 1.0
105 0.642857142857
106 1.0
107 0.867346938776
108 0.438775510204
109 0.561224489796
110 0.397959183673
111 0.663265306122
112 0.867346938776
113 0.744897959184
114 1.0
115 1.0
116 1.0
117 1.0
118 0.744897959184
119 1.0
120 0.867346938776
121 1.0
122 1.0
123 1.0
124 0.867346938776
125 1.0
126 1.0
127 1.0
128 1.0
129 0.530612244898
130 0.755102040816
131 0.867346938776
132 1.0
133 0.744897959184
134 1.0
135 0.875555555556
136 1.0
137 1.0
138 0.875555555556
139 0.44
140 1.0
141 0.875555555556
142 1.0
143 1.0
144 1.0
145 0.582222222222
146 0.351111111111
147 1.0
148 1.0
149 1.0
150 1.0
151 1.0
152 0.875555555556
153 1.0
154 1.0
155 1.0
156 1.0
157 0.875555555556
158 1.0
159 1.0
160 1.0
161 0.768888888889
162 1.0
163 1.0
164 1.0
165 0.768888888889
166 0.448888888889
167 0.875555555556
168 1.0
169 1.0
170 1.0
171 1.0
172 1.0
173 1.0
174 1.0
175 1.0
176 1.0
177 1.0
178 1.0
179 0.448888888889
180 1.0
181 1.0
182 0.662222222222
183 1.0
184 1.0
185 0.875555555556
186 0.395555555556
187 0.76
188 1.0
189 0.875555555556
191 0.555555555556
192 0.475555555556
193 0.662222222222
194 0.875555555556
195 0.875555555556
196 1.0
197 0.351111111111
198 1.0
199 1.0
200 0.76
201 0.875555555556
202 0.564444444444
203 1.0
204 0.502222222222
205 1.0
206 1.0
207 0.875555555556
208 0.875555555556
209 0.875555555556
210 0.582222222222
211 0.44
212 0.875555555556
213 1.0
214 1.0
215 1.0
216 1.0
217 0.875555555556
218 1.0
219 1.0
220 1.0
221 1.0
222 1.0
223 0.875555555556
224 1.0
225 1.0
226 0.413333333333
227 1.0
228 0.875555555556
229 1.0
230 1.0
231 0.875555555556
232 1.0
233 0.875555555556
234 1.0
235 0.52
236 1.0
237 0.875555555556
238 1.0
239 1.0
240 1.0
241 0.653333333333
242 0.386666666667
243 0.875555555556
245 0.875555555556
246 0.5
247 0.867346938776
248 0.744897959184
249 0.867346938776
250 0.867346938776
251 0.867346938776
252 0.875555555556
253 0.662222222222
254 0.875555555556
255 0.875555555556
256 0.875555555556
257 0.875555555556
258 0.404444444444
259 0.502222222222
260 0.875555555556
261 1.0
262 0.768888888889
263 0.662222222222
264 0.52
265 0.875555555556
266 0.653333333333
267 0.662222222222
268 0.875555555556
269 1.0
270 0.76
271 1.0
272 0.502222222222
273 1.0
274 1.0
275 1.0
276 1.0
277 0.875555555556
278 0.875555555556
279 1.0
280 0.68
281 0.662222222222
282 1.0
283 1.0
284 0.875555555556
285 0.608888888889
286 1.0
287 0.608888888889
288 0.875555555556
289 0.76
290 1.0
291 0.502222222222
292 0.502222222222
293 0.744897959184
294 0.768888888889
295 0.76
296 0.653333333333
297 1.0
298 0.52
299 0.768888888889
300 0.608888888889
301 0.875555555556
