0 1.0
1 0.867346938776
2 0.285714285714
3 1.0
4 0.867346938776
5 0.867346938776
6 1.0
7 1.0
8 0.867346938776
9 1.0
10 1.0
11 0.867346938776
12 0.85798816568
13 1.0
14 0.377551020408
15 0.642857142857
16 0.459183673469
17 0.642857142857
18 0.387755102041
19 1.0
20 0.867346938776
21 0.867346938776
22 1.0
23 0.510204081633
24 1.0
25 1.0
26 1.0
27 0.867346938776
28 0.755102040816
29 1.0
30 0.632653061224
31 0.377551020408
32 1.0
33 0.744897959184
34 0.313609467456
35 0.85798816568
36 0.867346938776
37 0.484444444444
38 0.582222222222
39 0.448888888889
40 0.875555555556
41 1.0
42 0.564444444444
43 0.875555555556
44 1.0
45 0.564444444444
46 0.44
47 0.68
48 1.0
49 0.564444444444
50 0.875555555556
51 0.768888888889
52 0.875555555556
53 1.0
54 1.0
55 0.875555555556
56 0.76
57 0.875555555556
58 0.582222222222
59 0.351111111111
60 0.493333333333
61 0.76
62 0.875555555556
63 0.662222222222
64 0.555555555556
65 1.0
66 0.475555555556
67 0.44
68 0.76
69 0.76
70 0.448888888889
71 0.875555555556
72 0.875555555556
73 0.493333333333
74 0.875555555556
75 1.0
76 0.582222222222
77 0.377777777778
78 0.76
79 0.768888888889
80 1.0
81 0.875555555556
82 0.555555555556
83 0.459183673469
84 0.867346938776
85 1.0
86 1.0
87 0.744897959184
88 1.0
89 0.867346938776
90 0.867346938776
91 0.438775510204
92 0.867346938776
93 1.0
94 0.540816326531
95 0.755102040816
96 1.0
97 0.867346938776
98 0.448979591837
99 0.867346938776
100 0.867346938776
101 1.0
102 0.7734375
103 0.3046875
104 1.0
105 1.0
106 0.6015625
107 0.78125
108 0.8828125
109 0.6796875
110 0.78125
111 0.8828125
112 0.5859375
113 1.0
114 0.608888888889
115 0.502222222222
116 0.662222222222
117 0.662222222222
118 1.0
119 0.76
120 0.68
121 0.52
122 1.0
123 0.653333333333
124 1.0
125 1.0
126 0.768888888889
127 0.582222222222
128 0.422222222222
129 0.662222222222
130 0.582222222222
131 0.76
132 0.653333333333
133 0.76
134 0.271111111111
135 0.475555555556
136 0.768888888889
137 1.0
138 1.0
139 1.0
140 0.755102040816
141 1.0
142 0.768888888889
143 0.875555555556
144 0.253333333333
145 0.875555555556
147 0.351111111111
148 0.555555555556
149 0.52
150 0.6796875
151 0.7734375
152 0.5859375
153 0.2421875
154 0.7734375
155 0.78125
156 0.4296875
157 0.53125
158 0.421875
159 0.8828125
160 0.3125
161 0.8828125
162 1.0
163 0.8828125
164 0.4609375
165 0.6796875
166 0.875555555556
167 0.653333333333
168 0.44
169 1.0
170 1.0
171 1.0
172 0.217777777778
173 1.0
174 0.78125
175 0.5703125
176 0.8828125
177 0.3671875
178 0.7734375
179 0.5859375
180 0.8828125
181 0.8828125
182 0.2890625
183 0.8828125
184 0.8828125
185 0.8828125
186 0.3671875
187 0.6015625
188 0.8828125
189 1.0
190 0.8828125
191 0.5390625
192 0.7734375
193 1.0
194 0.875555555556
195 0.875555555556
196 1.0
197 0.875555555556
198 0.582222222222
199 0.564444444444
200 0.297777777778
201 0.540816326531
202 0.727810650888
203 0.875555555556
204 0.448888888889
205 0.76
206 0.44
207 0.475555555556
208 0.875555555556
209 0.76
210 0.76
211 0.662222222222
212 0.315555555556
213 0.288888888889
214 0.875555555556
215 0.226666666667
216 0.217777777778
217 0.475555555556
218 0.438775510204
219 0.540816326531
220 1.0
221 0.662222222222
222 0.875555555556
223 0.422222222222
224 0.867346938776
225 0.867346938776
226 0.397959183673
227 1.0
228 0.513888888889
229 0.621301775148
230 0.5
231 0.722222222222
232 0.319444444444
233 0.333333333333
234 0.333333333333
235 0.739644970414
236 0.459183673469
237 0.663265306122
238 0.755102040816
239 0.573964497041
240 0.722222222222
241 0.597222222222
242 0.708333333333
243 0.727810650888
244 0.621301775148
245 0.349112426036
246 0.514792899408
247 0.337278106509
248 1.0
249 1.0
250 0.847222222222
251 0.375
252 0.597222222222
253 0.555555555556
254 0.727810650888
255 0.372781065089
256 0.402777777778
257 0.254437869822
258 1.0
259 0.510204081633
260 1.0
261 1.0
262 0.387755102041
263 1.0
264 0.875555555556
265 0.875555555556
266 0.653333333333
267 0.653333333333
268 0.342222222222
269 0.875555555556
270 0.662222222222
271 1.0
272 0.875555555556
273 0.768888888889
274 0.315555555556
275 0.2
276 0.475555555556
278 0.46
279 0.66
280 0.32
281 0.382716049383
282 0.407407407407
283 0.506172839506
284 0.20987654321
285 0.333333333333
286 0.234567901235
287 0.62962962963
289 0.34375
