7 1.0
8 1.0
9 0.608888888889
10 0.768888888889
11 0.502222222222
12 1.0
13 1.0
14 0.395555555556
15 1.0
16 1.0
17 1.0
18 1.0
19 1.0
20 0.662222222222
21 1.0
22 0.540816326531
23 0.744897959184
24 0.768888888889
25 0.662222222222
26 0.768888888889
27 0.768888888889
28 0.608888888889
29 0.351111111111
30 0.768888888889
31 0.875555555556
32 0.768888888889
33 0.768888888889
34 1.0
35 1.0
36 0.768888888889
37 0.875555555556
38 1.0
39 1.0
40 1.0
41 1.0
42 0.662222222222
43 1.0
44 1.0
45 0.404444444444
46 0.386666666667
47 1.0
48 0.514792899408
49 0.301775147929
50 0.337278106509
51 0.662222222222
52 0.502222222222
53 1.0
54 0.52
55 0.76
56 0.68
57 1.0
58 0.76
59 1.0
60 1.0
61 0.768888888889
62 0.875555555556
63 1.0
64 1.0
65 1.0
66 0.768888888889
67 0.68
68 0.662222222222
69 0.315555555556
70 0.768888888889
71 0.5
72 0.8828125
73 0.8828125
74 0.4453125
77 0.8828125
78 0.78125
79 0.8828125
80 0.8828125
81 0.8828125
82 1.0
83 0.78125
84 0.8828125
85 0.78125
86 0.5
87 0.4453125
88 0.7734375
89 0.6953125
90 0.5390625
91 0.78125
92 0.8828125
93 1.0
94 1.0
95 0.6953125
96 1.0
97 0.4609375
98 1.0
99 0.5078125
100 0.7734375
101 0.515625
102 1.0
103 0.744897959184
104 0.6796875
105 0.8828125
106 0.6796875
107 0.6796875
108 1.0
109 0.6015625
110 0.8828125
111 0.5
112 1.0
113 1.0
114 1.0
115 1.0
116 1.0
117 1.0
118 0.5078125
119 1.0
120 0.625
121 0.4609375
122 0.6953125
123 0.78125
124 0.8828125
125 0.7734375
126 0.3203125
127 0.6796875
128 0.8828125
129 0.5859375
130 0.6796875
131 0.4921875
132 0.34375
133 0.7734375
134 0.8828125
135 0.4296875
136 0.78125
137 0.59375
138 1.0
139 0.8828125
140 0.6796875
141 0.6953125
142 0.4296875
143 0.671875
144 0.625
145 0.671875
146 0.7734375
147 0.4609375
148 0.5
149 0.375
150 0.5859375
151 0.78125
152 0.297777777778
153 0.768888888889
154 0.540816326531
155 0.642857142857
156 0.78125
157 1.0
158 0.3671875
159 0.8828125
160 1.0
161 0.8828125
162 0.53125
163 0.53125
164 0.78125
165 0.4453125
166 1.0
167 0.59375
168 0.4609375
169 0.5078125
170 0.654320987654
171 0.802469135802
172 0.510204081633
173 1.0
174 0.3984375
175 0.34375
176 0.4921875
177 1.0
178 1.0
179 1.0
180 0.5390625
181 0.3125
182 0.8828125
183 1.0
184 1.0
185 1.0
186 0.8828125
187 1.0
188 1.0
189 0.78125
190 0.5390625
191 0.8828125
192 0.78125
193 0.8828125
194 1.0
195 0.8828125
196 0.7734375
197 0.6796875
198 0.8828125
199 1.0
200 0.8828125
201 0.4296875
202 0.7734375
203 0.6796875
204 0.5
205 0.78125
206 0.5078125
207 0.5
208 0.6796875
209 0.8828125
210 0.3515625
211 1.0
212 0.8828125
213 0.7734375
214 0.8828125
215 1.0
216 0.4296875
217 1.0
218 0.4921875
219 0.3984375
220 0.59375
221 0.5078125
222 0.2265625
223 0.5390625
224 0.578125
225 0.6796875
226 1.0
227 1.0
228 0.8828125
229 0.34375
230 1.0
231 0.6796875
232 0.78125
233 0.4921875
234 0.59375
235 1.0
236 0.8828125
237 0.78125
238 0.78125
239 1.0
240 0.8828125
241 0.755102040816
242 1.0
243 0.867346938776
244 0.537190082645
245 0.322314049587
246 0.834710743802
247 1.0
248 0.603305785124
250 0.875555555556
251 0.8828125
252 0.328125
253 0.5234375
254 0.421875
255 0.486111111111
256 0.7734375
257 0.390625
258 0.6796875
259 0.502222222222
260 1.0
261 0.5234375
262 0.421875
263 0.40625
264 0.6953125
265 0.4453125
266 1.0
267 0.53125
268 1.0
269 0.4921875
270 0.59375
271 0.8828125
272 0.78125
273 0.78125
274 0.5859375
275 1.0
276 0.78125
277 1.0
278 1.0
279 0.78125
280 0.4453125
281 0.8828125
282 0.7734375
283 0.5234375
284 0.4453125
285 1.0
286 0.78125
287 0.7734375
288 0.7734375
289 0.5078125
290 0.6796875
291 0.5390625
292 1.0
293 0.8828125
294 0.296875
297 0.85798816568
298 0.4609375
299 0.671875
300 0.78125
301 0.4453125
302 0.5859375
303 0.867346938776
304 0.744897959184
305 0.744897959184
306 0.275510204082
307 0.867346938776
308 0.867346938776
309 0.76
310 0.413333333333
311 1.0
312 1.0
313 0.502222222222
314 0.52
315 1.0
316 0.875555555556
317 0.875555555556
318 0.52
319 0.768888888889
320 1.0
321 0.662222222222
322 0.875555555556
323 0.768888888889
324 0.76
325 0.52
326 0.653333333333
327 0.768888888889
328 0.582222222222
329 0.662222222222
330 0.413333333333
331 0.875555555556
332 0.875555555556
333 1.0
334 0.722222222222
335 0.448888888889
336 0.475555555556
337 0.395555555556
338 1.0
339 0.375
340 0.8828125
341 1.0
342 0.8828125
343 0.8828125
344 1.0
345 0.78125
346 0.6796875
347 0.46875
348 1.0
349 0.25
350 0.78125
351 0.421875
352 0.265625
353 0.6015625
354 0.671875
355 0.8828125
356 0.7734375
357 0.8828125
358 0.59375
359 1.0
360 0.8828125
361 0.421875
362 0.390625
363 0.4921875
364 0.6796875
365 1.0
366 1.0
367 1.0
368 0.8828125
369 0.328125
370 1.0
371 0.78125
372 0.7734375
373 1.0
374 1.0
375 0.7734375
376 0.582222222222
377 1.0
378 1.0
379 0.6796875
380 1.0
381 0.78125
382 0.7734375
383 0.8828125
384 1.0
385 0.78125
386 0.4921875
387 0.8828125
388 0.3671875
389 0.8828125
390 0.4140625
391 0.7734375
392 1.0
393 0.6953125
394 0.78125
395 0.3984375
396 0.8828125
397 0.8828125
398 0.78125
399 0.4453125
400 0.6796875
401 0.78125
402 0.5078125
403 0.8828125
404 0.7734375
405 0.6796875
406 0.515625
407 1.0
408 0.8828125
409 1.0
410 0.4453125
411 0.53125
412 1.0
413 0.8828125
414 0.3046875
415 0.78125
416 1.0
417 0.6796875
418 0.8828125
419 0.4609375
420 0.78125
421 0.8828125
422 0.78125
423 0.78125
424 0.78125
425 1.0
426 0.5390625
427 1.0
428 0.625
429 0.53125
430 0.5859375
431 0.6796875
432 0.6796875
433 1.0
434 0.7734375
435 0.53125
436 0.7734375
437 0.6796875
438 0.25
439 0.3515625
440 0.4921875
441 0.78125
442 0.6796875
443 1.0
444 0.78125
445 0.6953125
446 0.8828125
447 0.625
448 1.0
449 0.8828125
450 0.6953125
451 0.387755102041
452 0.5
453 0.265625
454 0.8828125
455 1.0
456 1.0
457 0.8828125
458 0.6796875
459 1.0
460 0.4375
461 0.78125
462 0.7734375
463 0.6953125
464 0.6015625
465 0.578125
466 0.390625
467 0.46875
468 1.0
469 0.8828125
470 0.7734375
471 0.3203125
472 0.78125
473 0.8828125
474 0.671875
475 0.3046875
476 1.0
477 0.5859375
478 1.0
479 1.0
480 1.0
481 0.671875
482 0.6953125
483 0.6953125
484 0.46875
485 0.6796875
486 0.8828125
487 0.8828125
488 0.6796875
489 0.3046875
490 1.0
491 0.8828125
492 0.671875
493 0.6015625
494 0.5859375
495 0.328125
496 0.6796875
497 0.8828125
498 0.8828125
499 0.6015625
500 0.265625
501 0.6796875
502 0.8828125
503 0.3125
504 1.0
505 0.6796875
506 1.0
507 0.78125
508 0.59375
509 0.3984375
510 0.8828125
511 0.6796875
512 0.5390625
513 0.5234375
514 0.6796875
515 0.6015625
516 0.7734375
517 0.4453125
520 0.5078125
521 0.8828125
522 0.448888888889
523 0.573333333333
524 0.642857142857
525 1.0
526 0.8828125
527 0.515625
528 0.7734375
529 1.0
530 0.6796875
531 0.625
532 1.0
533 0.7734375
534 0.53125
535 0.4140625
537 0.234375
538 1.0
539 0.390625
541 0.6953125
542 0.2421875
543 0.3203125
544 0.2734375
545 0.671875
546 1.0
547 0.78125
548 0.6015625
549 0.78125
550 0.8828125
551 0.5859375
552 0.6796875
553 0.5703125
554 1.0
555 0.4921875
556 0.5078125
557 0.3671875
558 0.6015625
559 0.8828125
560 0.6796875
561 0.8828125
562 0.53125
563 0.578125
564 0.7734375
565 1.0
566 0.34693877551
567 0.671875
568 0.4609375
569 0.40625
570 0.6796875
571 1.0
572 0.6953125
575 0.6015625
576 0.578125
577 0.4453125
578 0.6953125
579 0.76
580 0.351111111111
581 0.5078125
582 0.768888888889
583 0.333333333333
584 1.0
585 0.7734375
586 0.7734375
587 0.3984375
588 0.7734375
589 0.4609375
590 0.5859375
591 0.6796875
592 0.78125
594 1.0
595 0.510204081633
596 0.642857142857
597 0.744897959184
598 0.6796875
599 0.8828125
600 0.375
601 0.7734375
602 0.78125
603 0.6015625
604 1.0
605 1.0
606 1.0
607 1.0
608 0.5703125
609 0.78125
610 1.0
611 1.0
612 0.78125
613 0.8828125
614 1.0
615 0.78125
616 1.0
617 0.768888888889
618 0.404444444444
619 1.0
620 0.768888888889
621 0.7734375
622 0.8828125
623 0.5859375
624 0.78125
626 0.7734375
627 0.8828125
628 0.671875
633 0.3984375
634 0.564444444444
635 0.8828125
636 0.46875
637 0.6953125
638 0.3046875
639 1.0
640 0.591836734694
641 0.722222222222
642 0.7734375
643 0.76
644 1.0
645 0.3515625
646 0.3125
647 0.8828125
648 0.8828125
649 0.8828125
650 0.7734375
651 0.8828125
652 1.0
653 0.7734375
654 0.8828125
655 0.8828125
656 0.6953125
657 0.6015625
658 0.3515625
659 0.3046875
660 0.671875
661 1.0
662 0.6015625
663 0.6796875
664 1.0
665 0.4609375
666 0.3984375
667 0.5859375
668 0.7734375
669 0.8828125
670 0.8828125
671 0.5
672 0.5078125
673 1.0
674 0.5078125
675 1.0
676 1.0
677 0.8828125
678 1.0
679 0.625
680 1.0
681 1.0
682 1.0
683 0.78125
684 1.0
685 1.0
686 0.8828125
687 1.0
688 0.4453125
689 0.8828125
690 1.0
691 1.0
692 0.8828125
693 1.0
694 0.78125
695 1.0
696 0.4375
697 1.0
698 1.0
699 0.78125
700 0.6796875
701 0.4453125
702 0.8828125
703 0.421875
704 0.5078125
705 0.5859375
706 1.0
707 0.8828125
708 0.78125
709 1.0
710 0.3515625
711 1.0
712 0.8828125
713 1.0
714 0.7734375
715 1.0
716 1.0
717 1.0
718 0.8828125
719 0.421875
720 1.0
721 1.0
722 1.0
723 1.0
724 1.0
725 1.0
726 0.6953125
727 1.0
728 1.0
729 1.0
730 1.0
731 0.8828125
732 1.0
733 0.4921875
734 0.4453125
735 0.6953125
736 1.0
737 0.8828125
738 0.4609375
739 0.4453125
740 0.8828125
741 0.78125
742 0.53125
743 0.53125
744 0.5859375
745 0.6015625
746 0.8828125
747 0.78125
748 1.0
749 0.7734375
750 1.0
751 0.78125
752 0.6015625
753 1.0
754 0.8828125
755 0.8828125
756 1.0
757 1.0
758 0.8828125
759 1.0
760 0.8828125
761 1.0
762 0.8828125
763 1.0
764 1.0
765 0.7734375
766 1.0
767 1.0
768 0.8828125
769 1.0
770 0.46875
771 1.0
772 1.0
773 0.8828125
774 1.0
775 1.0
776 1.0
777 1.0
778 1.0
779 1.0
780 0.390625
781 1.0
782 1.0
783 1.0
784 0.7734375
785 1.0
786 0.4609375
787 0.8828125
788 0.625
789 0.6953125
790 0.78125
791 0.5078125
792 0.5
793 1.0
794 0.3984375
795 0.78125
796 1.0
797 1.0
798 1.0
799 1.0
800 1.0
801 0.5859375
802 1.0
803 0.6796875
804 0.8828125
805 1.0
806 1.0
807 0.78125
808 0.53125
809 1.0
810 0.4375
811 1.0
812 0.6796875
813 0.7734375
814 1.0
815 1.0
816 0.8828125
817 0.671875
818 0.78125
819 1.0
820 1.0
821 0.7734375
822 0.8828125
823 1.0
824 1.0
825 0.8828125
826 0.5
827 0.6953125
828 0.78125
829 1.0
830 0.5859375
831 0.53125
832 0.8828125
833 0.8828125
834 0.5859375
835 0.8828125
836 1.0
837 1.0
838 0.8828125
839 1.0
840 1.0
841 1.0
842 1.0
843 0.8828125
844 1.0
845 1.0
846 0.8828125
847 1.0
848 1.0
849 1.0
850 0.5390625
851 1.0
852 0.8828125
853 0.7734375
854 0.78125
855 1.0
856 0.6796875
857 0.8828125
858 0.625
859 1.0
860 1.0
861 1.0
862 1.0
863 0.6796875
864 0.78125
865 0.8828125
866 0.7734375
867 0.6796875
868 1.0
869 0.7734375
870 0.390625
871 1.0
872 1.0
873 0.7734375
874 0.671875
875 1.0
876 1.0
877 0.6796875
878 0.6796875
879 0.671875
880 0.7734375
881 0.78125
882 0.4609375
883 0.6953125
884 0.6796875
885 0.7734375
886 0.6015625
887 1.0
888 0.8828125
889 0.78125
890 0.78125
891 0.625
892 1.0
893 0.7734375
894 0.6796875
895 1.0
896 0.8828125
897 0.8828125
898 1.0
899 1.0
900 1.0
901 1.0
902 0.7734375
903 0.3984375
904 1.0
905 0.8828125
906 0.6953125
907 1.0
908 1.0
909 0.8828125
910 1.0
911 1.0
912 0.46875
913 0.8828125
914 0.78125
915 0.3984375
916 1.0
917 1.0
918 1.0
919 0.6796875
920 0.4921875
921 1.0
922 1.0
923 0.4296875
924 0.3046875
925 0.8828125
926 0.6796875
927 1.0
928 1.0
929 0.6796875
930 0.3125
931 0.8828125
932 0.8828125
933 1.0
934 0.8828125
935 0.6796875
936 0.6953125
937 1.0
938 1.0
939 1.0
940 0.78125
941 0.7734375
942 0.40625
943 0.7734375
944 0.5859375
945 0.5078125
946 0.8828125
947 1.0
948 1.0
949 0.4296875
950 1.0
951 1.0
952 0.8828125
953 1.0
954 0.8828125
955 0.8828125
956 0.78125
957 1.0
958 0.78125
959 0.78125
960 1.0
961 1.0
962 0.78125
963 0.8828125
964 1.0
965 1.0
966 1.0
967 1.0
968 1.0
969 1.0
970 1.0
971 1.0
972 0.8828125
973 1.0
974 0.4453125
975 1.0
976 1.0
977 0.78125
978 0.8828125
979 1.0
980 1.0
981 1.0
982 0.7734375
983 1.0
984 1.0
985 1.0
986 0.53125
987 1.0
988 1.0
989 1.0
990 1.0
991 0.4609375
992 1.0
993 0.78125
994 0.8828125
995 0.8828125
996 0.8828125
997 1.0
998 0.8828125
999 1.0
1000 1.0
1001 0.53125
1002 0.5078125
1003 1.0
1004 0.4140625
1005 1.0
1006 0.7734375
1007 1.0
1008 0.6796875
1009 1.0
1010 0.625
1011 1.0
1012 1.0
1013 0.7734375
1014 0.8828125
1015 0.8828125
1016 0.53125
1017 0.6015625
1018 0.78125
1019 1.0
1020 1.0
1021 0.8828125
1022 1.0
1023 1.0
1024 1.0
1025 0.78125
1026 0.5859375
1027 1.0
1028 1.0
1029 1.0
1030 0.8828125
1031 1.0
1032 1.0
1033 0.8828125
1034 1.0
1035 0.8828125
1036 0.8828125
1037 1.0
1038 0.8828125
1039 1.0
1040 1.0
1041 1.0
1042 0.53125
1043 1.0
1044 1.0
1045 0.5078125
1046 0.78125
1047 1.0
1048 1.0
1049 0.8828125
1050 1.0
1051 1.0
1052 1.0
1053 0.3984375
1054 1.0
1055 0.4609375
1056 0.6953125
1057 1.0
1058 1.0
1059 1.0
1060 0.78125
1061 1.0
1062 0.359375
1063 0.8828125
1064 1.0
1065 1.0
1066 0.8828125
1067 0.7734375
1068 1.0
1069 0.8828125
1070 1.0
1071 1.0
1072 1.0
1073 0.78125
1074 0.8828125
1075 1.0
1076 1.0
1077 1.0
1078 1.0
1079 0.8828125
1080 1.0
1081 0.4921875
1082 0.8828125
1083 1.0
1084 0.5078125
1085 0.8828125
1086 1.0
1087 1.0
1088 1.0
1089 1.0
1090 1.0
1091 1.0
1092 0.8828125
1093 0.8828125
1094 1.0
1095 0.8828125
1096 1.0
1097 1.0
1098 1.0
1099 1.0
1100 0.5078125
1101 0.8828125
1102 1.0
1103 1.0
1104 0.78125
1105 1.0
1106 1.0
1107 1.0
1108 0.8828125
1109 1.0
1110 1.0
1111 0.8828125
1112 0.625
1113 1.0
1114 1.0
1115 0.8828125
1116 1.0
1117 0.8828125
1118 1.0
1119 0.7734375
1120 1.0
1121 0.671875
1122 1.0
1123 1.0
1124 1.0
1125 1.0
1126 1.0
1127 1.0
1128 1.0
1129 0.6953125
1130 0.4453125
1131 0.8828125
1132 0.78125
1133 1.0
1134 1.0
1135 0.4453125
1136 1.0
1137 1.0
1138 1.0
1139 0.7734375
1140 1.0
1141 1.0
1142 1.0
1143 1.0
1144 1.0
1145 0.625
1146 0.625
1147 0.78125
1148 1.0
1149 1.0
1150 1.0
1151 1.0
1152 1.0
1153 1.0
1154 1.0
1155 1.0
1156 0.6953125
1157 0.6796875
1158 0.6953125
1159 1.0
1160 1.0
1161 1.0
1162 0.6796875
1163 1.0
1164 0.6796875
1165 1.0
1166 0.7734375
1167 1.0
1168 0.8828125
1169 0.78125
1170 0.4296875
1171 0.78125
1172 1.0
1173 1.0
1174 1.0
1175 1.0
1176 1.0
1177 1.0
1178 0.78125
1179 1.0
1180 1.0
1181 0.78125
1182 1.0
1183 1.0
1184 1.0
1185 1.0
1186 1.0
1187 1.0
1188 1.0
1189 0.5390625
1190 1.0
1191 1.0
1192 1.0
1193 1.0
1194 1.0
1195 0.8828125
1196 1.0
1197 0.538461538462
1198 1.0
1199 0.5703125
1200 1.0
1201 0.59375
1202 0.8828125
1203 0.5859375
1204 1.0
1205 0.7734375
1206 0.8828125
1207 0.7734375
1208 0.8828125
1209 1.0
1210 0.6015625
1211 0.8828125
1212 0.8828125
1213 0.6796875
1214 0.5234375
1215 0.6796875
1216 0.8828125
1217 0.5078125
1218 0.4375
1219 0.5
1220 0.3828125
1221 0.3515625
1222 1.0
1223 0.8828125
1224 0.7734375
1225 0.8828125
1226 0.8828125
1227 1.0
1228 0.510204081633
1229 0.438775510204
1230 0.755102040816
1231 0.744897959184
1232 0.78125
1233 0.5859375
1234 0.875555555556
1235 1.0
1236 0.8828125
1237 0.875555555556
1238 0.555555555556
1239 0.564444444444
1240 0.609467455621
1241 0.6796875
1242 0.671875
1243 0.8828125
1244 0.421875
1245 0.390625
1246 0.6796875
1247 0.6796875
1248 0.8828125
1249 0.8828125
1250 0.76
1251 0.44
1252 0.76
1253 0.875555555556
1254 0.52
1255 0.387755102041
1256 0.591836734694
1257 0.744897959184
1258 0.510204081633
1259 1.0
1260 0.438775510204
1261 0.564444444444
1262 0.8828125
1263 0.78125
1264 0.3984375
1265 0.7734375
1266 0.7734375
1267 0.8828125
1268 0.5
1269 0.7734375
1272 0.296875
1273 0.4609375
1274 0.3515625
1275 0.296875
1276 0.8828125
1277 0.8828125
1278 0.4609375
1279 0.5859375
1280 0.5234375
1281 0.78125
1282 0.5859375
1283 0.5390625
1284 1.0
1285 0.5859375
1286 0.8828125
1287 0.671875
1291 1.0
1292 0.6953125
1293 0.6015625
1294 0.8828125
1295 0.7734375
1296 1.0
1297 0.40625
1298 0.7734375
1299 0.78125
1300 0.421875
1301 0.555555555556
1302 0.7734375
1303 0.671875
1304 0.502222222222
1305 0.6015625
1306 0.59375
1307 1.0
1308 0.5234375
1309 1.0
1310 0.296875
1311 1.0
1312 0.6953125
1313 0.6953125
1314 0.351111111111
1315 0.34375
1316 0.4609375
1317 0.34375
1318 0.78125
1319 0.8828125
1320 0.6796875
1321 0.6796875
1322 0.78125
1323 0.3515625
1324 0.3984375
1325 0.671875
1326 1.0
1327 0.78125
1328 0.7734375
1329 1.0
1330 1.0
1331 1.0
1332 0.8828125
1333 1.0
1334 0.6796875
1335 0.8828125
1336 1.0
1337 0.6953125
1338 0.78125
1339 0.6953125
1340 0.5859375
1341 1.0
1342 0.5859375
1343 0.671875
1344 0.265625
1345 0.5859375
1346 0.7734375
1347 0.390625
1348 0.78125
1349 0.6796875
1350 1.0
1351 0.6015625
1352 0.8828125
1353 0.5859375
1354 0.3515625
1355 0.755102040816
1356 1.0
1357 0.5
1358 0.2421875
1359 0.7734375
1360 0.6796875
1361 0.78125
1362 0.3984375
1363 0.6015625
1364 0.744897959184
1365 0.5
1366 0.510204081633
1367 0.642857142857
1368 1.0
1369 0.7734375
1370 0.59375
1371 0.8828125
1372 0.7734375
1373 0.390625
1374 0.6796875
1375 0.6015625
1376 0.7734375
1377 0.3984375
1378 0.4375
1379 0.578125
1380 0.390625
1381 0.7734375
1382 0.3125
1383 1.0
1384 0.5390625
1385 0.78125
1386 1.0
1387 0.8828125
1388 0.421875
1389 0.7734375
1390 0.6015625
1391 0.78125
1392 0.8828125
1393 0.7734375
1394 0.8828125
1395 0.78125
1396 0.78125
1397 1.0
1398 0.4296875
1399 0.7734375
1400 0.40625
1401 0.6796875
1402 0.59375
1403 0.78125
1404 0.390625
1405 0.7734375
1406 0.6796875
1407 0.53125
1408 1.0
1409 0.8828125
1410 0.78125
1411 0.6796875
1412 0.59375
1413 0.8828125
1414 0.5390625
1415 0.4921875
1416 0.7734375
1417 0.6015625
1418 0.4921875
1419 0.5859375
1420 0.3984375
1421 0.8828125
1422 0.4453125
1423 0.5
1424 1.0
1425 0.8828125
1426 1.0
1427 0.5078125
1428 0.78125
1429 0.78125
1430 0.78125
1431 0.4453125
1432 0.4453125
1433 0.8828125
1434 0.4375
1435 0.5859375
1436 0.5234375
1437 0.515625
1438 0.78125
1439 0.8828125
1440 1.0
1441 0.28125
1442 0.7734375
1443 0.6796875
1444 0.4296875
1445 0.4609375
1446 0.515625
1447 0.6796875
1448 0.6015625
1449 0.78125
1450 0.390625
1451 0.4453125
1452 0.5
1453 0.7734375
1454 0.62962962963
1455 0.432098765432
1456 0.802469135802
1457 0.8828125
1458 1.0
1459 0.5703125
1460 1.0
1461 0.875555555556
1462 0.875555555556
1463 0.7734375
1464 0.8828125
1465 1.0
1466 1.0
1467 0.78125
1468 1.0
1469 0.6015625
1470 0.6796875
1471 0.5390625
1472 0.8828125
1473 0.7734375
1474 1.0
1475 0.8828125
1476 1.0
1477 0.4453125
1478 1.0
1479 0.8828125
1480 0.6796875
1481 0.78125
1482 0.8828125
1483 0.5859375
1484 0.78125
1485 0.8828125
1486 0.7734375
1487 0.8828125
1488 0.5859375
1489 1.0
1490 0.8828125
1491 0.7734375
1492 0.8828125
1493 0.6796875
1494 0.3984375
1495 1.0
1496 0.8828125
1497 0.8828125
1498 0.78125
1499 0.8828125
1500 0.6796875
1501 0.265625
1502 0.7734375
1503 0.7734375
1504 0.8828125
1505 0.5078125
1506 0.8828125
1507 0.6796875
1508 0.8828125
1509 1.0
1510 0.5078125
1511 0.4296875
1512 0.78125
1513 0.78125
1514 0.8828125
1515 0.5
1516 0.5390625
1517 0.6953125
1518 0.4609375
1519 0.78125
1520 0.8828125
1521 0.5
1522 0.8828125
1523 1.0
1524 0.6796875
1525 1.0
1526 1.0
1527 0.78125
1528 0.8828125
1529 1.0
1530 0.3515625
1531 1.0
1532 1.0
1533 1.0
1534 0.8828125
1535 1.0
1536 1.0
1537 1.0
1538 0.4609375
1539 1.0
1540 1.0
1541 1.0
1542 1.0
1543 1.0
1544 1.0
1545 0.6796875
1546 1.0
1547 0.78125
