0 1.0
1 1.0
2 1.0
3 0.448888888889
4 0.76
5 0.76
6 1.0
7 0.608888888889
8 1.0
9 0.502222222222
10 1.0
11 1.0
12 1.0
13 1.0
14 1.0
15 1.0
16 1.0
17 1.0
18 1.0
19 1.0
20 1.0
21 1.0
22 1.0
23 1.0
24 1.0
25 1.0
26 1.0
27 0.768888888889
28 1.0
29 1.0
30 1.0
31 1.0
32 1.0
33 1.0
34 0.875555555556
35 1.0
36 0.768888888889
37 0.502222222222
38 0.448888888889
39 1.0
40 0.608888888889
41 0.875555555556
42 0.68
43 0.875555555556
44 0.768888888889
45 0.297777777778
46 1.0
47 0.875555555556
48 0.44
49 1.0
50 0.768888888889
51 0.875555555556
52 1.0
53 0.768888888889
54 0.875555555556
55 1.0
56 0.662222222222
57 1.0
58 1.0
59 1.0
60 1.0
61 0.875555555556
62 1.0
63 0.555555555556
64 1.0
65 0.875555555556
66 0.875555555556
67 0.768888888889
68 0.52
69 1.0
70 0.52
71 0.333333333333
72 1.0
73 0.76
74 0.582222222222
75 0.52
76 1.0
77 0.875555555556
78 0.875555555556
79 0.875555555556
80 1.0
81 0.564444444444
82 1.0
83 0.662222222222
84 1.0
85 0.306666666667
86 0.875555555556
87 0.875555555556
88 1.0
89 0.662222222222
90 0.875555555556
91 1.0
92 0.76
93 0.662222222222
94 0.448888888889
95 0.386666666667
96 0.875555555556
97 1.0
98 0.76
99 0.875555555556
100 1.0
101 0.555555555556
102 0.386666666667
103 0.768888888889
104 1.0
105 0.52
106 0.502222222222
107 0.44
108 0.875555555556
109 0.755102040816
110 0.867346938776
111 0.875555555556
112 0.768888888889
113 0.582222222222
114 1.0
115 0.768888888889
116 0.875555555556
117 1.0
118 0.653333333333
119 0.653333333333
120 0.768888888889
121 1.0
122 1.0
123 0.5
124 0.591836734694
125 0.755102040816
126 1.0
127 0.875555555556
128 0.608888888889
129 1.0
130 0.875555555556
131 0.662222222222
132 0.564444444444
133 0.768888888889
134 0.573333333333
135 0.768888888889
136 0.564444444444
137 0.395555555556
138 0.564444444444
139 0.875555555556
140 0.502222222222
141 0.768888888889
142 0.395555555556
143 0.768888888889
144 1.0
145 0.422222222222
146 1.0
147 0.3125
148 0.4609375
149 0.4609375
150 0.8828125
151 0.7734375
152 1.0
153 0.8828125
154 0.8828125
155 1.0
156 0.78125
157 0.5234375
158 0.5859375
159 0.3828125
160 0.5078125
161 0.671875
162 0.4453125
163 0.515625
164 1.0
165 0.8828125
166 0.5703125
167 0.3125
168 0.28125
169 0.4609375
170 1.0
171 0.422222222222
172 0.875555555556
173 0.3828125
174 0.6953125
175 1.0
176 1.0
177 0.8828125
178 0.5078125
179 0.78125
180 1.0
181 0.6796875
182 0.5859375
183 0.5078125
184 1.0
185 0.5390625
186 1.0
187 0.8828125
188 0.5859375
189 0.6953125
190 0.78125
191 0.8828125
195 0.515625
196 0.6796875
197 0.8828125
198 0.6953125
199 1.0
200 1.0
201 0.5078125
202 0.4921875
203 1.0
204 1.0
205 0.5390625
206 0.7734375
207 1.0
208 1.0
209 1.0
210 0.78125
211 0.4453125
212 0.6796875
213 1.0
214 0.3984375
215 0.5859375
216 0.8828125
217 0.6953125
218 0.625
219 0.4921875
220 0.6796875
221 0.78125
222 0.3515625
223 0.8828125
224 0.59375
225 0.7734375
227 0.875555555556
228 0.76
229 0.44
230 0.582222222222
231 0.68
232 0.662222222222
233 0.8828125
234 0.8828125
235 0.510204081633
236 0.510204081633
237 0.78125
238 1.0
239 1.0
240 0.4609375
241 0.5703125
242 1.0
243 0.8828125
244 1.0
245 1.0
246 0.8828125
247 1.0
248 1.0
249 1.0
250 1.0
251 0.8828125
252 0.78125
253 0.78125
254 1.0
255 1.0
256 1.0
257 0.5859375
258 0.6796875
259 0.8828125
260 0.625
261 0.7734375
262 1.0
263 1.0
264 1.0
265 1.0
266 1.0
267 1.0
268 1.0
269 0.5
270 1.0
271 0.8828125
272 1.0
273 1.0
274 1.0
275 1.0
276 1.0
277 1.0
278 0.78125
279 0.78125
280 1.0
281 1.0
282 0.6953125
283 0.6015625
284 1.0
285 1.0
286 0.6796875
287 1.0
288 1.0
289 0.78125
290 1.0
291 1.0
292 1.0
293 1.0
294 0.6796875
295 0.78125
296 1.0
297 0.8828125
298 1.0
299 0.78125
300 1.0
301 1.0
302 1.0
303 0.8828125
304 1.0
305 1.0
306 1.0
307 1.0
308 1.0
309 0.8828125
310 1.0
311 1.0
312 1.0
313 1.0
314 1.0
315 1.0
316 1.0
317 1.0
318 1.0
319 1.0
320 1.0
321 0.78125
322 1.0
323 1.0
324 0.78125
325 0.7734375
326 0.8828125
327 1.0
328 1.0
329 0.8828125
330 0.8828125
331 1.0
332 1.0
333 1.0
334 1.0
335 1.0
336 1.0
337 1.0
338 1.0
339 0.625
340 1.0
341 1.0
342 1.0
343 1.0
344 0.78125
345 1.0
346 1.0
347 0.8828125
348 1.0
349 0.8828125
350 0.78125
351 0.8828125
352 0.5
353 1.0
354 0.3984375
355 1.0
356 1.0
357 0.3828125
358 0.7734375
359 0.78125
360 0.448888888889
361 0.502222222222
362 0.78125
363 0.7734375
364 1.0
365 1.0
366 0.3203125
