0 1.0
1 1.0
2 0.875555555556
3 0.768888888889
4 1.0
5 0.6015625
6 1.0
7 1.0
8 0.7734375
9 0.8828125
10 1.0
11 1.0
12 1.0
13 0.3984375
14 0.6953125
15 0.8828125
16 1.0
17 0.53125
18 1.0
19 1.0
20 0.5078125
21 0.8828125
22 1.0
23 1.0
24 0.8828125
25 0.6796875
26 0.78125
27 0.625
28 0.671875
29 1.0
30 0.78125
31 0.3125
32 1.0
33 0.6796875
34 0.4921875
35 0.34375
36 0.6796875
37 0.78125
38 0.3125
39 0.5859375
40 0.515625
41 0.78125
42 1.0
43 1.0
44 1.0
45 0.8828125
46 1.0
47 1.0
48 0.375
49 0.8828125
50 1.0
51 1.0
52 0.6796875
53 0.6953125
54 0.8828125
55 0.8828125
56 0.8828125
57 0.78125
58 0.6953125
59 0.78125
60 1.0
61 0.8828125
62 1.0
63 1.0
64 1.0
65 1.0
66 0.8828125
67 1.0
68 1.0
69 1.0
70 0.7734375
71 0.7734375
72 0.6796875
73 0.8828125
74 1.0
75 1.0
76 1.0
77 1.0
78 1.0
79 1.0
80 0.8828125
81 0.7734375
82 1.0
83 0.8828125
84 1.0
85 0.7734375
86 0.8828125
87 1.0
88 1.0
89 0.4921875
90 1.0
91 0.7734375
92 0.6796875
93 0.6796875
94 0.8828125
95 1.0
96 1.0
97 1.0
98 0.8828125
99 1.0
100 0.78125
101 1.0
102 1.0
103 1.0
104 0.6953125
105 0.8828125
106 1.0
107 0.5703125
108 0.3984375
109 0.5703125
110 1.0
111 0.8828125
112 0.8828125
113 0.8828125
114 1.0
115 1.0
116 0.8828125
117 0.8828125
118 1.0
119 0.8828125
120 1.0
121 1.0
122 1.0
123 1.0
124 0.78125
125 1.0
126 1.0
127 0.8828125
128 1.0
129 1.0
130 0.8828125
131 1.0
132 1.0
133 1.0
134 1.0
135 0.8828125
136 1.0
137 1.0
138 1.0
139 0.8828125
140 1.0
141 1.0
142 1.0
143 1.0
144 0.8828125
145 1.0
146 1.0
147 0.78125
148 0.78125
149 1.0
150 1.0
151 0.5703125
152 0.8828125
153 1.0
154 0.6796875
155 1.0
156 0.78125
157 1.0
158 1.0
159 1.0
160 1.0
161 0.8828125
162 1.0
163 0.5078125
164 1.0
165 0.8828125
166 0.8828125
167 1.0
168 1.0
169 0.78125
170 0.7734375
171 1.0
172 1.0
173 1.0
174 1.0
175 1.0
176 1.0
177 1.0
178 1.0
179 1.0
180 0.78125
181 1.0
182 0.59375
183 1.0
184 0.5859375
185 1.0
186 1.0
187 1.0
188 1.0
189 1.0
190 0.6796875
191 1.0
192 0.5859375
193 1.0
194 0.5859375
195 0.78125
196 0.702479338843
197 0.8828125
198 1.0
199 1.0
200 0.78125
201 1.0
202 1.0
203 1.0
204 0.8828125
205 1.0
206 1.0
207 1.0
208 1.0
209 0.78125
210 0.4140625
211 0.8828125
212 1.0
213 0.5
214 0.8828125
215 1.0
216 0.8828125
217 1.0
218 1.0
219 0.5078125
220 1.0
221 1.0
222 1.0
223 1.0
224 1.0
225 1.0
226 1.0
227 1.0
228 1.0
229 0.8828125
230 1.0
231 1.0
232 1.0
233 0.8828125
234 1.0
235 0.8828125
236 0.8828125
237 1.0
238 0.6015625
239 0.625
240 0.5078125
241 1.0
242 1.0
243 1.0
244 0.8828125
245 0.8828125
246 0.5
247 1.0
248 1.0
249 1.0
250 1.0
251 0.875555555556
252 1.0
253 1.0
254 0.875555555556
255 1.0
256 1.0
257 1.0
258 1.0
259 1.0
260 0.875555555556
261 1.0
262 1.0
263 1.0
264 1.0
265 1.0
266 0.875555555556
267 1.0
268 1.0
269 0.608888888889
270 1.0
271 0.768888888889
272 1.0
273 0.875555555556
274 1.0
275 1.0
276 1.0
277 1.0
278 1.0
279 1.0
280 0.768888888889
281 1.0
282 1.0
283 1.0
284 1.0
285 1.0
286 1.0
287 1.0
288 1.0
289 1.0
290 1.0
291 1.0
292 1.0
293 1.0
294 0.625
295 1.0
296 1.0
297 1.0
298 1.0
299 1.0
300 1.0
301 0.5078125
302 1.0
303 1.0
304 0.8828125
305 1.0
306 0.78125
307 1.0
308 1.0
309 1.0
310 1.0
311 1.0
312 1.0
313 1.0
314 1.0
315 1.0
316 1.0
317 0.5078125
318 0.8828125
319 1.0
320 1.0
321 1.0
322 0.5078125
323 1.0
324 0.8828125
325 0.6015625
326 0.4921875
327 1.0
328 1.0
329 1.0
330 1.0
331 1.0
332 0.7734375
333 0.8828125
334 1.0
335 1.0
336 1.0
337 1.0
338 1.0
339 1.0
340 1.0
341 0.8828125
342 1.0
343 0.5
344 1.0
345 1.0
346 1.0
347 0.625
348 0.7734375
349 0.78125
350 0.8828125
351 1.0
352 0.8828125
353 1.0
354 0.78125
355 0.8828125
356 1.0
357 0.8828125
358 1.0
359 0.6953125
360 0.8828125
361 1.0
362 0.8828125
363 1.0
364 1.0
365 0.8828125
366 1.0
367 1.0
368 1.0
369 1.0
370 1.0
371 1.0
372 1.0
373 0.8828125
374 0.8828125
375 1.0
376 1.0
377 1.0
378 1.0
379 1.0
380 1.0
381 1.0
382 1.0
383 1.0
384 1.0
385 1.0
386 1.0
387 1.0
388 1.0
389 1.0
390 0.78125
391 1.0
392 1.0
393 1.0
394 1.0
395 1.0
