0 1.0
1 1.0
2 0.8828125
3 1.0
4 1.0
5 1.0
6 1.0
7 0.3359375
8 1.0
9 1.0
10 0.8828125
11 1.0
12 1.0
13 1.0
14 0.7734375
15 0.8828125
16 1.0
17 1.0
18 1.0
19 1.0
20 1.0
21 1.0
22 1.0
23 1.0
24 1.0
25 1.0
26 0.8828125
27 0.5078125
28 1.0
29 0.8828125
30 0.8828125
31 1.0
32 0.3515625
33 0.6796875
34 1.0
35 0.8828125
36 0.3984375
37 0.6796875
38 1.0
39 1.0
40 0.8828125
41 0.4609375
42 1.0
43 0.78125
44 1.0
45 0.8828125
46 0.3515625
47 0.78125
48 1.0
49 0.8828125
50 0.5859375
51 0.4921875
52 0.78125
53 0.867346938776
54 0.755102040816
55 1.0
56 1.0
57 0.8828125
58 0.6953125
59 0.8828125
60 1.0
61 1.0
62 0.8828125
63 0.7734375
64 1.0
65 0.8828125
66 0.8828125
67 0.78125
68 0.7734375
69 1.0
70 0.78125
71 0.6015625
72 0.78125
73 1.0
74 1.0
75 0.8828125
76 1.0
77 1.0
78 1.0
79 0.78125
80 0.3984375
81 0.78125
82 1.0
83 0.78125
84 0.802469135802
85 1.0
86 0.8828125
87 1.0
88 1.0
89 1.0
90 1.0
91 0.78125
92 0.6796875
93 0.8828125
94 1.0
95 1.0
96 0.4453125
97 1.0
98 0.8828125
99 1.0
100 1.0
101 0.375
102 0.5078125
103 1.0
104 1.0
105 0.5078125
106 0.8828125
107 1.0
108 1.0
109 1.0
110 0.8828125
111 1.0
112 1.0
113 1.0
114 1.0
115 1.0
116 1.0
117 1.0
118 1.0
119 1.0
120 1.0
121 0.8828125
122 0.4921875
123 0.3671875
124 0.8828125
125 0.5078125
126 1.0
127 1.0
128 0.53125
129 0.78125
130 1.0
131 1.0
132 0.5703125
133 1.0
134 1.0
135 1.0
136 1.0
137 0.8828125
138 1.0
139 1.0
140 1.0
141 1.0
142 1.0
143 1.0
144 1.0
145 1.0
146 1.0
147 1.0
148 1.0
149 1.0
150 1.0
151 1.0
152 1.0
153 1.0
154 0.5078125
155 1.0
156 1.0
157 1.0
158 1.0
159 1.0
160 1.0
161 1.0
162 1.0
163 1.0
164 1.0
165 0.6796875
166 1.0
167 1.0
168 1.0
169 1.0
170 1.0
171 1.0
172 1.0
173 1.0
174 1.0
175 1.0
176 1.0
177 1.0
178 1.0
179 1.0
180 0.8828125
181 1.0
182 0.78125
183 1.0
184 1.0
185 1.0
186 1.0
187 1.0
188 1.0
189 1.0
190 1.0
191 0.8828125
192 1.0
193 1.0
194 1.0
195 0.8828125
196 1.0
197 0.7734375
198 0.7734375
199 1.0
200 1.0
201 1.0
202 1.0
203 1.0
204 1.0
205 1.0
206 1.0
207 1.0
208 1.0
209 1.0
210 0.8828125
211 1.0
212 0.5078125
213 1.0
214 0.8828125
215 1.0
216 0.625
217 1.0
218 1.0
219 1.0
220 1.0
221 1.0
222 0.78125
223 0.3984375
224 1.0
225 1.0
226 1.0
227 1.0
228 1.0
229 1.0
230 1.0
231 1.0
232 1.0
233 1.0
234 0.78125
235 0.78125
236 1.0
237 1.0
238 1.0
239 1.0
240 1.0
241 1.0
242 1.0
243 1.0
244 1.0
245 1.0
246 1.0
247 0.78125
248 1.0
249 0.8828125
250 0.8828125
251 0.8828125
252 1.0
253 1.0
254 1.0
255 0.5078125
256 1.0
257 1.0
258 0.78125
259 1.0
260 1.0
261 0.4453125
262 1.0
263 0.78125
264 1.0
265 1.0
266 0.6796875
267 1.0
268 1.0
269 1.0
270 0.8828125
271 1.0
272 0.8828125
273 0.8828125
274 1.0
275 0.3515625
276 0.671875
277 1.0
278 0.8828125
279 1.0
280 0.8828125
281 1.0
282 0.8828125
283 0.8828125
284 0.6015625
285 1.0
286 0.8828125
287 0.8828125
288 1.0
289 1.0
290 1.0
291 1.0
292 1.0
293 1.0
294 0.625
295 0.8828125
296 0.5234375
297 0.8828125
298 0.8828125
299 1.0
300 1.0
301 0.8828125
302 1.0
303 0.6953125
304 1.0
305 1.0
306 1.0
307 0.3984375
308 1.0
309 1.0
310 1.0
311 1.0
312 0.53125
313 0.78125
314 0.4453125
315 1.0
316 1.0
317 0.6796875
318 0.4453125
319 1.0
320 1.0
321 0.8828125
322 0.5078125
323 1.0
324 1.0
325 1.0
326 1.0
327 0.671875
328 1.0
329 0.4453125
330 1.0
331 0.78125
332 1.0
333 0.7734375
334 1.0
335 0.6015625
336 0.59375
337 0.8828125
338 1.0
339 0.6796875
340 0.78125
341 0.8828125
342 0.8828125
343 1.0
344 1.0
345 1.0
346 1.0
347 0.8828125
348 1.0
349 0.8828125
350 0.7734375
351 0.46875
352 1.0
353 0.34375
354 1.0
355 1.0
356 1.0
357 0.4921875
358 0.7734375
359 1.0
360 1.0
361 0.4609375
362 1.0
363 1.0
364 1.0
365 0.8828125
366 0.3984375
367 1.0
368 1.0
369 0.8828125
370 0.5078125
371 0.78125
372 0.6796875
373 0.8828125
374 1.0
375 0.6796875
376 0.8828125
377 1.0
378 1.0
379 0.8828125
380 0.5
381 0.4453125
382 0.6796875
383 0.8828125
384 0.4296875
385 0.8828125
386 0.40625
387 1.0
388 0.53125
389 0.78125
390 0.8828125
391 1.0
392 0.421875
393 1.0
394 1.0
395 0.8828125
396 1.0
397 1.0
398 1.0
399 0.8828125
400 0.8828125
401 0.502222222222
402 0.875555555556
403 1.0
404 0.582222222222
405 1.0
406 1.0
407 0.484444444444
408 0.662222222222
409 1.0
410 0.76
411 0.768888888889
412 1.0
413 0.875555555556
414 1.0
415 0.875555555556
416 0.875555555556
417 0.582222222222
418 0.875555555556
419 1.0
420 1.0
421 1.0
422 1.0
423 0.8828125
424 1.0
425 0.6953125
426 0.390625
427 0.8828125
428 1.0
429 0.7734375
430 1.0
431 1.0
432 1.0
433 0.8828125
434 1.0
435 1.0
436 0.8828125
437 0.8828125
438 0.421875
439 0.4453125
440 1.0
441 0.5078125
442 1.0
443 0.46875
444 0.5078125
445 0.625
446 0.8828125
447 1.0
448 0.5078125
449 1.0
450 0.53125
451 0.8828125
452 1.0
453 0.78125
454 1.0
455 1.0
456 0.78125
457 0.7734375
458 1.0
459 1.0
460 1.0
461 0.6796875
462 0.5390625
463 0.5234375
464 0.8828125
465 1.0
466 1.0
467 1.0
468 0.5078125
469 0.6796875
470 1.0
471 1.0
472 0.8828125
473 0.53125
474 1.0
475 1.0
476 0.8828125
477 0.4609375
478 0.78125
479 0.8828125
480 1.0
481 1.0
482 0.7734375
483 0.671875
484 0.8828125
485 0.78125
486 0.8828125
487 0.6796875
488 0.6796875
489 0.3671875
490 0.8828125
491 1.0
492 1.0
493 0.8828125
494 0.4453125
495 1.0
496 0.78125
497 0.78125
498 0.53125
499 1.0
500 0.6015625
501 0.5
502 0.78125
503 1.0
504 0.7734375
505 0.8828125
506 1.0
507 1.0
508 0.78125
509 1.0
510 1.0
511 0.8828125
512 1.0
513 0.8828125
514 0.5859375
515 1.0
516 0.8828125
517 0.7734375
518 0.4453125
519 0.3984375
520 0.8828125
521 0.78125
522 0.4296875
523 0.8828125
524 0.78125
525 0.8828125
526 1.0
527 0.8828125
528 0.8828125
529 0.6953125
530 0.8828125
531 0.40625
532 1.0
533 0.8828125
534 0.5234375
535 1.0
536 0.8828125
537 0.8828125
538 0.3984375
539 0.7734375
540 1.0
541 0.78125
542 0.8828125
543 0.53125
544 0.625
545 1.0
546 1.0
547 1.0
548 1.0
549 0.5
550 0.8828125
551 0.40625
552 0.8828125
553 0.78125
554 0.8828125
555 1.0
556 1.0
557 0.7734375
558 0.7734375
559 1.0
560 1.0
561 1.0
562 1.0
563 1.0
564 0.5859375
565 1.0
566 0.46875
567 0.7734375
568 0.6796875
569 0.8828125
570 0.78125
571 0.671875
572 1.0
573 1.0
574 0.768888888889
575 1.0
576 1.0
577 0.875555555556
578 0.52
579 1.0
580 0.875555555556
581 0.768888888889
582 1.0
583 0.768888888889
584 0.768888888889
585 0.76
586 0.768888888889
587 0.448888888889
588 1.0
589 1.0
590 0.875555555556
591 1.0
592 0.662222222222
593 1.0
594 1.0
595 1.0
596 1.0
597 1.0
598 1.0
599 1.0
600 0.875555555556
601 0.78125
602 1.0
603 1.0
604 1.0
605 1.0
606 0.78125
607 1.0
608 1.0
609 0.46875
610 1.0
611 1.0
612 0.53125
613 1.0
614 1.0
615 1.0
616 1.0
617 0.78125
618 1.0
619 1.0
620 0.78125
621 1.0
622 1.0
623 1.0
624 0.768888888889
625 1.0
626 0.608888888889
627 1.0
628 1.0
629 0.768888888889
630 1.0
631 0.875555555556
632 1.0
633 0.448888888889
634 1.0
635 0.315555555556
636 0.875555555556
637 1.0
638 1.0
639 0.867346938776
640 0.755102040816
641 1.0
642 0.875555555556
643 1.0
644 1.0
645 0.768888888889
646 0.68
647 1.0
648 1.0
649 0.875555555556
650 0.475555555556
651 0.768888888889
652 1.0
653 0.875555555556
654 0.76
655 1.0
656 1.0
657 1.0
658 1.0
659 0.768888888889
660 1.0
661 1.0
662 0.875555555556
663 1.0
664 1.0
665 0.4609375
666 0.8828125
667 1.0
668 0.8828125
669 0.6796875
670 1.0
671 1.0
672 0.8828125
673 0.5390625
674 0.625
675 1.0
676 1.0
677 0.8828125
678 0.8828125
679 0.28125
680 0.78125
681 0.53125
682 0.7734375
683 0.6796875
684 0.3515625
685 1.0
686 0.8828125
687 1.0
688 1.0
689 1.0
690 1.0
691 0.671875
692 1.0
693 1.0
694 0.6015625
695 0.78125
696 1.0
697 0.8828125
698 0.78125
699 1.0
700 1.0
701 0.4609375
702 1.0
703 1.0
704 0.5859375
705 1.0
706 1.0
707 1.0
708 0.5390625
709 0.4140625
710 0.78125
711 0.8828125
712 1.0
713 1.0
714 1.0
715 0.8828125
716 1.0
717 1.0
718 1.0
719 1.0
720 1.0
721 1.0
722 0.40625
723 1.0
724 1.0
725 1.0
726 1.0
727 1.0
728 1.0
729 1.0
730 1.0
731 1.0
732 1.0
733 1.0
734 1.0
735 1.0
736 1.0
737 1.0
738 1.0
739 1.0
740 1.0
741 1.0
742 1.0
743 1.0
744 0.78125
745 0.78125
746 0.5078125
747 1.0
748 1.0
749 1.0
750 1.0
751 1.0
752 1.0
753 1.0
754 1.0
755 0.7734375
756 1.0
757 1.0
758 0.78125
759 0.625
760 1.0
761 1.0
762 1.0
763 0.78125
764 0.8828125
765 1.0
766 0.3125
767 0.5
768 0.671875
769 0.78125
770 1.0
771 1.0
772 0.421875
773 1.0
774 1.0
775 0.7734375
776 0.8828125
777 0.6796875
778 0.5703125
779 0.3984375
780 1.0
781 0.8828125
782 0.3671875
783 1.0
784 0.6953125
785 0.8828125
786 0.8828125
787 0.78125
788 1.0
789 0.8828125
790 0.5859375
791 1.0
792 0.78125
793 0.8828125
794 1.0
795 0.8828125
796 0.78125
797 0.6953125
798 1.0
799 1.0
800 0.78125
801 1.0
802 0.662222222222
803 0.7734375
804 1.0
805 1.0
806 0.6796875
807 0.3984375
808 0.6953125
809 0.7734375
813 0.7734375
814 0.6015625
815 1.0
816 0.7734375
817 0.8828125
818 1.0
819 1.0
820 0.625
821 1.0
822 0.78125
823 0.5859375
824 1.0
825 0.671875
826 0.8828125
827 0.78125
828 0.8828125
829 0.8828125
830 0.3515625
831 0.234567901235
832 0.78125
833 0.59375
834 0.8828125
835 0.53125
836 1.0
837 0.8828125
838 1.0
839 0.5234375
840 0.3359375
841 0.78125
842 1.0
843 1.0
844 0.5078125
845 0.390625
846 0.8828125
847 0.8828125
848 0.5234375
849 0.6796875
850 0.4453125
851 1.0
852 0.3515625
853 0.7734375
854 0.4296875
855 0.6953125
856 0.4921875
858 0.8828125
859 1.0
860 0.8828125
861 0.6953125
862 0.7734375
863 1.0
864 0.6796875
865 0.8828125
866 0.5703125
867 0.78125
868 0.625
869 0.8828125
870 0.8828125
871 0.5078125
872 0.625
873 0.8828125
874 0.8828125
875 0.8828125
876 0.6796875
877 0.78125
878 0.78125
879 1.0
880 0.6796875
881 1.0
882 0.8828125
883 1.0
884 1.0
885 1.0
886 1.0
887 1.0
888 1.0
889 0.3515625
890 0.59375
891 0.5078125
892 0.78125
893 0.8828125
894 1.0
895 0.78125
896 0.8828125
897 0.5078125
898 0.78125
899 0.421875
900 0.8828125
901 0.4609375
902 0.78125
903 0.78125
904 0.8828125
905 0.7734375
907 1.0
908 1.0
909 1.0
910 1.0
911 0.78125
912 0.5
913 1.0
914 0.8828125
915 1.0
916 1.0
917 0.5390625
918 1.0
919 1.0
920 1.0
921 1.0
922 1.0
923 1.0
924 0.6015625
925 0.78125
926 1.0
927 1.0
928 1.0
929 0.78125
930 0.6796875
931 1.0
932 1.0
933 1.0
934 1.0
935 0.6953125
936 0.671875
937 0.6953125
938 0.5078125
939 0.3046875
940 0.8828125
941 0.5390625
942 0.34375
943 0.7734375
944 0.8828125
945 0.744897959184
947 0.662222222222
948 0.78125
949 0.28125
950 1.0
951 1.0
952 0.8828125
953 0.78125
954 1.0
955 0.5
956 1.0
957 1.0
958 1.0
959 0.68
960 0.53125
961 1.0
962 0.6796875
963 0.8828125
964 1.0
965 0.78125
966 0.7734375
967 0.8828125
968 0.78125
969 1.0
970 0.5078125
971 0.359375
972 1.0
973 0.6796875
974 0.78125
975 0.5234375
976 0.3984375
977 0.78125
978 1.0
979 0.6953125
980 0.6953125
981 0.8828125
982 1.0
983 1.0
984 1.0
985 0.8828125
986 0.78125
987 1.0
988 1.0
989 1.0
990 0.5859375
991 0.78125
992 1.0
993 0.8828125
994 0.5234375
995 0.78125
996 1.0
997 1.0
998 0.8828125
999 0.8828125
1000 0.8828125
1001 1.0
1002 1.0
1003 1.0
1004 0.7734375
