0 1.0
1 1.0
2 0.68
3 1.0
4 0.875555555556
5 1.0
6 0.875555555556
7 1.0
8 0.768888888889
9 1.0
10 1.0
11 1.0
12 0.875555555556
13 1.0
14 1.0
15 1.0
16 1.0
17 1.0
18 1.0
19 1.0
20 1.0
21 1.0
22 1.0
23 0.875555555556
24 1.0
25 1.0
26 0.653333333333
27 0.875555555556
28 1.0
29 1.0
30 1.0
31 0.875555555556
32 1.0
33 0.875555555556
34 1.0
35 1.0
36 1.0
37 1.0
38 1.0
39 1.0
40 1.0
41 1.0
42 1.0
43 1.0
44 1.0
45 1.0
46 0.68
47 0.768888888889
48 1.0
49 0.502222222222
50 1.0
51 0.44
52 1.0
53 0.68
54 1.0
55 1.0
56 1.0
57 1.0
58 0.76
59 1.0
60 0.413333333333
61 0.875555555556
62 0.76
63 0.44
64 0.386666666667
65 0.875555555556
66 1.0
67 0.297777777778
68 1.0
69 1.0
70 0.68
71 1.0
72 0.368888888889
73 0.875555555556
74 1.0
75 1.0
76 0.68
77 0.875555555556
78 1.0
79 1.0
80 0.573333333333
81 0.502222222222
82 1.0
83 1.0
84 1.0
85 0.875555555556
86 1.0
87 1.0
88 0.768888888889
89 0.875555555556
90 0.875555555556
91 0.875555555556
92 1.0
93 1.0
94 1.0
95 1.0
96 0.502222222222
97 1.0
98 1.0
99 1.0
100 0.875555555556
101 0.68
102 1.0
103 1.0
104 1.0
105 0.768888888889
106 1.0
107 1.0
108 0.555555555556
109 1.0
110 1.0
111 0.502222222222
112 0.76
113 0.608888888889
114 0.653333333333
115 0.662222222222
116 1.0
117 0.875555555556
118 0.875555555556
119 1.0
120 1.0
121 0.76
122 0.395555555556
123 1.0
124 0.662222222222
125 0.875555555556
126 1.0
127 1.0
128 0.662222222222
129 0.44
130 1.0
131 1.0
132 1.0
133 0.502222222222
134 0.875555555556
135 0.768888888889
136 0.68
137 0.875555555556
138 0.502222222222
139 0.44
140 1.0
141 1.0
142 1.0
143 0.875555555556
144 0.413333333333
145 1.0
146 0.768888888889
147 0.768888888889
148 1.0
149 0.875555555556
150 1.0
151 0.608888888889
152 1.0
153 0.76
154 1.0
155 1.0
156 0.44
157 1.0
158 1.0
159 0.76
160 1.0
161 1.0
162 1.0
163 1.0
164 1.0
165 0.768888888889
166 1.0
167 0.875555555556
168 1.0
169 1.0
170 1.0
171 0.395555555556
172 0.502222222222
173 1.0
174 0.68
175 1.0
176 1.0
177 0.573333333333
178 1.0
179 1.0
180 1.0
181 0.608888888889
182 0.768888888889
183 0.875555555556
184 0.875555555556
185 1.0
186 1.0
187 0.768888888889
188 1.0
189 1.0
190 1.0
191 0.493333333333
192 1.0
193 1.0
194 0.662222222222
195 0.76
196 1.0
197 0.768888888889
198 1.0
199 1.0
200 0.76
201 0.768888888889
202 1.0
203 1.0
204 1.0
205 1.0
206 1.0
207 1.0
208 1.0
209 0.68
210 1.0
211 1.0
212 1.0
213 0.768888888889
214 1.0
215 1.0
216 0.768888888889
217 1.0
218 1.0
219 1.0
220 1.0
221 1.0
222 1.0
223 1.0
224 1.0
225 0.875555555556
226 1.0
227 1.0
228 1.0
229 1.0
230 0.768888888889
231 1.0
232 0.768888888889
233 0.875555555556
234 1.0
235 0.875555555556
236 0.351111111111
237 0.413333333333
238 1.0
239 1.0
240 1.0
241 1.0
242 1.0
243 1.0
244 0.875555555556
245 1.0
246 0.52
247 1.0
248 1.0
249 0.875555555556
250 0.386666666667
251 1.0
252 1.0
253 1.0
254 0.768888888889
255 1.0
256 1.0
257 1.0
258 1.0
259 1.0
260 1.0
261 1.0
262 0.76
263 1.0
264 1.0
265 1.0
266 1.0
267 1.0
268 1.0
269 1.0
270 0.68
271 1.0
272 1.0
273 1.0
274 0.875555555556
275 1.0
276 1.0
277 1.0
278 0.875555555556
279 1.0
280 0.875555555556
281 1.0
282 1.0
283 1.0
284 1.0
285 1.0
286 1.0
287 1.0
288 0.768888888889
289 1.0
290 1.0
291 1.0
292 1.0
293 1.0
294 1.0
295 1.0
296 1.0
297 1.0
298 1.0
299 1.0
300 1.0
301 1.0
302 0.867346938776
303 1.0
304 1.0
305 0.867346938776
306 1.0
307 1.0
308 1.0
309 1.0
310 1.0
311 1.0
312 0.755102040816
313 0.867346938776
314 0.867346938776
315 1.0
316 1.0
317 1.0
318 1.0
319 1.0
320 1.0
321 1.0
322 0.744897959184
323 0.867346938776
324 0.875555555556
325 1.0
326 0.875555555556
327 1.0
328 1.0
329 1.0
330 1.0
331 1.0
332 1.0
333 1.0
334 1.0
335 0.875555555556
336 0.875555555556
337 1.0
338 0.875555555556
339 0.768888888889
340 1.0
341 0.768888888889
342 0.875555555556
343 1.0
344 0.875555555556
345 0.875555555556
346 0.875555555556
347 1.0
348 1.0
349 1.0
350 0.875555555556
351 1.0
352 1.0
353 0.573333333333
354 0.768888888889
355 1.0
356 1.0
357 0.875555555556
358 0.52
359 0.76
360 0.875555555556
361 1.0
362 1.0
363 0.662222222222
364 0.662222222222
365 0.76
366 1.0
367 1.0
368 1.0
369 1.0
370 1.0
371 0.875555555556
372 1.0
373 1.0
374 1.0
375 0.875555555556
376 0.875555555556
377 1.0
378 1.0
379 1.0
380 1.0
381 0.875555555556
382 1.0
383 0.768888888889
384 0.662222222222
385 1.0
386 0.573333333333
387 1.0
388 1.0
389 0.44
390 0.662222222222
391 1.0
392 0.386666666667
393 0.475555555556
394 1.0
395 0.502222222222
396 0.44
397 1.0
398 1.0
399 1.0
400 0.875555555556
401 1.0
402 1.0
403 0.875555555556
404 1.0
405 0.875555555556
406 1.0
407 0.875555555556
408 0.395555555556
409 1.0
410 0.768888888889
411 1.0
412 1.0
413 0.8828125
414 1.0
415 1.0
416 1.0
417 1.0
418 1.0
419 1.0
420 1.0
421 1.0
422 0.8828125
423 1.0
424 1.0
425 1.0
426 0.5
427 1.0
428 1.0
429 0.78125
430 0.297777777778
431 1.0
432 0.78125
433 0.78125
434 0.3984375
435 0.59375
436 0.8828125
437 0.8828125
438 1.0
439 0.7734375
440 0.4140625
441 0.4453125
442 0.4453125
443 0.5078125
444 0.6953125
445 0.78125
446 0.5859375
447 0.5234375
448 0.6796875
449 0.8828125
450 0.3515625
451 0.625
452 0.578125
453 0.7734375
454 0.78125
455 0.6953125
456 1.0
457 0.377777777778
458 0.44
459 0.653333333333
460 0.44
461 0.76
462 0.502222222222
463 0.76
464 0.7734375
465 1.0
466 0.375
467 1.0
468 0.5703125
469 0.6953125
470 1.0
471 1.0
472 0.6796875
473 0.78125
474 0.78125
475 1.0
476 1.0
477 1.0
478 1.0
479 1.0
480 1.0
481 0.8828125
482 0.8828125
483 1.0
484 0.4453125
485 0.78125
486 0.78125
487 0.78125
488 0.8828125
489 1.0
490 0.8828125
491 0.421875
492 1.0
493 1.0
494 1.0
495 0.4453125
496 0.8828125
497 0.5
498 0.3203125
499 1.0
500 1.0
501 1.0
502 0.386666666667
503 1.0
504 0.551020408163
505 0.755102040816
506 0.755102040816
507 0.5703125
508 0.78125
509 0.5859375
510 0.78125
511 0.6796875
512 1.0
513 1.0
514 1.0
515 0.6796875
516 0.3984375
517 0.5859375
518 0.8828125
519 0.5
520 1.0
521 1.0
522 0.744897959184
523 0.3671875
524 0.671875
525 0.8828125
526 0.4453125
527 0.671875
528 0.875555555556
529 1.0
530 0.333333333333
531 0.4453125
532 0.6015625
533 0.8828125
534 0.5390625
535 0.8828125
536 0.5
537 0.8828125
538 0.7734375
539 0.7734375
540 0.8828125
541 0.8828125
542 0.40625
543 0.7734375
544 0.5859375
545 0.5078125
546 0.6796875
547 0.296875
548 0.7734375
549 0.3984375
550 0.6953125
551 0.8828125
552 0.5234375
553 0.6796875
554 0.78125
555 0.6796875
556 0.5859375
557 0.8828125
558 0.8828125
559 0.68
560 0.653333333333
561 0.4453125
562 0.6796875
563 0.78125
564 0.5078125
565 0.6796875
566 0.671875
567 0.5
568 0.6796875
569 0.4453125
570 0.28125
571 0.8828125
572 0.6796875
573 0.671875
574 0.6796875
575 1.0
576 0.7734375
577 0.8828125
580 0.4453125
581 0.768888888889
582 0.564444444444
583 0.768888888889
584 0.608888888889
585 0.3671875
586 0.328125
587 0.5234375
588 0.7734375
590 0.8828125
591 0.671875
592 0.6796875
593 0.5703125
594 0.5
595 0.78125
596 0.3515625
597 0.8828125
598 0.5078125
599 0.3046875
600 0.421875
601 0.8828125
602 1.0
603 0.5234375
604 0.6796875
605 0.7734375
606 0.78125
607 0.85798816568
608 0.5859375
609 0.6015625
610 0.6796875
611 0.78125
612 0.8828125
613 0.4609375
614 0.78125
615 1.0
616 0.6796875
617 1.0
618 0.8828125
619 0.78125
620 1.0
621 1.0
622 1.0
623 1.0
624 0.8828125
625 0.78125
626 1.0
627 0.40625
628 1.0
629 1.0
630 0.7734375
631 0.8828125
632 0.7734375
633 1.0
634 0.78125
635 0.671875
636 0.515625
637 0.78125
638 0.6796875
639 0.59375
640 1.0
641 1.0
642 0.4609375
643 0.5859375
644 0.8828125
645 0.8828125
646 0.6015625
647 0.484444444444
648 0.6796875
649 0.8828125
650 0.6953125
651 0.78125
652 0.564444444444
653 0.653333333333
654 0.76
655 0.875555555556
656 1.0
657 1.0
658 0.867346938776
659 1.0
660 1.0
661 0.5234375
662 1.0
663 0.8828125
664 0.4609375
665 0.6953125
666 0.8828125
667 1.0
668 0.5703125
669 0.7734375
670 0.4296875
671 0.78125
672 0.8828125
673 0.4921875
674 1.0
675 0.5078125
676 0.8828125
677 0.6796875
678 0.217777777778
679 0.3671875
680 0.3515625
681 0.5
682 0.3984375
683 0.78125
684 0.5859375
685 0.78125
686 0.78125
687 0.8828125
688 1.0
689 0.582222222222
690 0.561224489796
691 0.561224489796
692 0.8828125
693 0.5078125
694 0.5078125
695 0.3125
696 0.359375
697 1.0
698 0.6796875
699 0.5859375
701 0.564444444444
702 0.875555555556
703 0.4609375
704 0.671875
705 0.4921875
706 0.8828125
707 0.3515625
708 0.4609375
709 1.0
710 0.5390625
711 0.6015625
712 0.78125
713 1.0
714 0.5078125
715 1.0
716 0.78125
717 0.6015625
718 1.0
719 1.0
720 0.3046875
721 0.5078125
722 1.0
723 1.0
724 1.0
725 1.0
726 1.0
727 0.78125
728 1.0
729 1.0
730 0.8828125
731 1.0
732 1.0
733 1.0
734 1.0
735 1.0
736 0.40625
737 1.0
738 1.0
739 1.0
740 0.6953125
741 0.8828125
742 1.0
743 0.53125
744 1.0
745 0.78125
746 0.78125
747 0.4609375
748 1.0
749 1.0
750 1.0
751 1.0
752 0.7734375
753 0.8828125
754 1.0
755 0.5078125
756 0.4609375
757 0.8828125
758 1.0
759 0.78125
760 0.5
761 1.0
762 1.0
763 0.377551020408
764 0.40625
765 1.0
766 0.6796875
767 0.3671875
768 0.40625
769 0.8828125
770 0.7734375
771 0.78125
772 1.0
773 0.5078125
774 0.3828125
775 0.6796875
776 0.4921875
777 0.8828125
778 0.78125
779 0.8828125
780 1.0
781 0.6015625
782 0.59375
783 0.8828125
784 0.5
785 0.6796875
786 0.78125
787 0.671875
788 0.6796875
789 0.5859375
790 0.5078125
795 0.4453125
796 1.0
797 1.0
798 0.78125
799 1.0
800 1.0
801 0.8828125
802 0.7734375
803 0.3515625
804 0.7734375
805 0.5859375
806 0.4453125
807 0.4609375
808 0.8828125
809 1.0
810 1.0
811 1.0
812 1.0
813 0.5703125
814 0.8828125
815 1.0
816 0.8828125
817 0.8828125
818 0.875555555556
819 1.0
820 0.59375
821 0.4453125
822 0.78125
823 0.8828125
824 0.4453125
825 0.59375
826 0.4609375
827 0.8828125
828 0.625
829 0.8828125
830 1.0
831 0.6796875
832 1.0
833 1.0
834 0.6796875
835 0.5859375
836 0.5859375
837 0.40625
838 1.0
839 0.768888888889
840 0.662222222222
841 1.0
842 0.662222222222
843 0.8828125
844 0.4453125
845 0.4453125
846 0.4453125
847 1.0
848 0.6953125
849 0.5078125
850 1.0
851 1.0
852 1.0
853 0.8828125
854 1.0
855 0.78125
856 1.0
857 1.0
858 1.0
859 1.0
860 0.53125
861 1.0
862 1.0
863 0.8828125
864 1.0
865 0.78125
866 1.0
867 1.0
868 0.8828125
869 1.0
870 1.0
871 1.0
872 0.8828125
873 0.7734375
874 0.4921875
875 0.6953125
876 1.0
877 1.0
878 1.0
879 0.8828125
880 1.0
881 0.78125
882 1.0
883 0.6953125
884 1.0
885 1.0
886 1.0
887 0.5078125
888 1.0
889 0.53125
890 1.0
891 1.0
892 1.0
893 1.0
894 0.78125
895 1.0
896 1.0
897 1.0
898 1.0
899 1.0
900 0.8828125
901 0.6953125
902 0.4453125
903 1.0
904 1.0
905 0.6796875
906 0.3359375
907 1.0
908 0.3046875
909 0.8828125
910 0.7734375
911 0.3671875
912 1.0
913 0.8828125
914 0.875555555556
915 0.448888888889
916 0.78125
917 0.8828125
918 0.78125
919 1.0
920 1.0
921 0.578125
922 0.40625
923 0.3671875
924 0.8828125
925 0.5078125
926 1.0
927 0.78125
928 1.0
929 1.0
930 0.7734375
931 0.4609375
932 0.5859375
933 0.306666666667
934 0.5390625
935 0.561224489796
936 0.5859375
937 0.40625
938 0.6796875
939 0.8828125
940 0.6953125
941 0.78125
942 0.8828125
943 1.0
944 1.0
945 0.78125
946 0.53125
947 1.0
948 1.0
949 0.6796875
950 0.4296875
951 0.8828125
952 1.0
953 1.0
954 0.8828125
955 1.0
956 1.0
957 1.0
958 0.8828125
959 1.0
960 1.0
961 1.0
962 0.78125
963 0.8828125
964 0.78125
965 1.0
966 0.8828125
967 1.0
968 1.0
969 0.59375
970 0.78125
971 0.625
972 0.78125
973 1.0
974 1.0
975 1.0
976 1.0
977 1.0
978 0.8828125
979 0.6796875
980 0.7734375
981 0.5078125
982 0.5
983 0.8828125
984 0.6796875
985 0.6796875
987 0.8828125
988 0.78125
989 1.0
990 0.53125
991 0.8828125
992 0.7734375
993 1.0
994 0.53125
995 0.59375
996 1.0
997 0.8828125
998 0.421875
999 0.8828125
1000 0.78125
1001 0.8828125
1002 0.6796875
1003 0.59375
1004 0.3984375
1005 1.0
1006 0.6796875
1007 0.7734375
1008 0.6015625
1009 1.0
1010 0.78125
1011 0.2578125
1012 0.5
1013 0.4453125
1014 0.6796875
1015 0.5078125
1016 0.59375
1017 0.3515625
1018 0.8828125
1019 1.0
1020 0.5078125
1021 1.0
1022 1.0
1023 1.0
1024 1.0
1025 0.53125
1026 1.0
1027 0.5703125
1028 0.8828125
1029 1.0
1030 0.8828125
1031 1.0
1032 1.0
1033 1.0
1034 1.0
1035 1.0
1036 1.0
1037 1.0
1038 0.78125
1041 1.0
1042 1.0
1043 1.0
1044 1.0
1045 0.3671875
1046 1.0
1047 0.6796875
1048 1.0
1049 0.578125
1050 1.0
1051 0.5078125
1052 0.78125
1053 0.8828125
1054 1.0
1055 0.78125
1056 0.5078125
1057 0.46875
1058 0.53125
1059 0.5859375
1060 0.78125
1061 0.85798816568
1062 1.0
1063 0.59375
1064 0.78125
1065 0.78125
1066 0.8828125
1067 0.7734375
1068 0.3046875
1069 0.78125
1070 0.8828125
1071 0.3515625
1072 1.0
1073 0.8828125
1074 1.0
1075 0.8828125
1076 0.8828125
1077 0.875555555556
1078 1.0
1079 0.53125
1080 0.4453125
1081 0.8828125
1082 0.2734375
1083 0.59375
1084 0.5859375
1085 0.5859375
1086 0.3125
1087 1.0
1089 0.3515625
1090 0.3046875
1091 0.8828125
1092 0.768888888889
1093 0.386666666667
1094 0.662222222222
1095 0.875555555556
1096 0.662222222222
1097 1.0
1098 0.8828125
1099 0.7734375
1100 0.8828125
1101 0.78125
1102 0.515625
1104 0.459183673469
1105 0.46875
1106 0.7734375
1107 0.78125
1108 0.6796875
1109 0.5078125
1110 0.8828125
1111 0.671875
1112 0.6796875
1113 1.0
1114 0.6953125
1115 0.2578125
1116 1.0
1117 0.78125
1118 0.78125
1119 0.8828125
1120 0.8828125
1121 0.6953125
1122 0.8828125
1123 0.8828125
1124 0.78125
1125 1.0
1126 1.0
1127 0.53125
1128 1.0
1129 0.8828125
1133 0.3515625
1134 0.8828125
1135 0.8828125
1136 0.6796875
1137 0.78125
1138 1.0
1139 0.4453125
1140 1.0
1141 0.8828125
1142 0.8828125
1143 0.8828125
1144 0.8828125
1145 0.404444444444
1146 0.671875
1147 0.6015625
1148 0.6953125
1149 0.78125
1150 0.78125
1151 1.0
1152 0.36
1153 1.0
1154 1.0
1155 0.5859375
1156 0.671875
1157 1.0
1158 0.6796875
1159 0.76
1160 1.0
1161 0.448888888889
1162 1.0
1163 0.625
1164 0.6796875
1165 0.8828125
1166 0.671875
1167 0.538461538462
1168 0.396449704142
1169 0.671875
1170 0.8828125
1171 0.59375
1172 0.78125
1173 0.390625
1174 0.59375
1175 0.7734375
1176 0.8828125
1177 0.6796875
1178 0.5859375
1179 0.6953125
1180 0.5
1181 0.6796875
1182 0.78125
1183 0.5859375
1184 0.295918367347
1185 0.7734375
1186 0.8828125
1187 0.5078125
1188 0.3984375
1189 0.78125
1190 1.0
1191 0.727810650888
1192 1.0
1193 0.6796875
1194 0.5859375
1195 0.59375
1196 0.3671875
1197 0.4453125
1198 0.3984375
1199 0.6796875
1200 0.78125
1201 0.82
1202 1.0
1203 1.0
1204 0.82
1205 1.0
1206 0.82
1207 1.0
1208 0.58
1209 0.66
1210 0.54
1211 0.44
1212 0.4
1213 0.82
1214 0.66
1215 1.0
1216 0.58
1217 0.3
1218 0.58
1219 1.0
1220 0.54
1221 0.58
1222 0.68
1223 0.68
1224 1.0
1225 0.68
1226 1.0
1227 0.68
1228 0.54
1229 0.42
1230 1.0
1231 1.0
1232 1.0
1233 0.82
1234 1.0
1235 0.52
1236 1.0
1237 1.0
1238 0.58
1239 1.0
1240 0.82
1241 1.0
1242 0.52
1243 0.54
1244 0.68
1245 0.82
1246 1.0
1247 0.68
1248 0.82
1249 1.0
1250 0.82
1251 0.36
1252 0.54
1253 0.54
1254 0.82
1255 1.0
1256 0.52
1257 0.52
1258 1.0
1259 0.82
1260 1.0
1261 1.0
1262 1.0
1263 0.573333333333
1264 0.68
1265 0.7734375
1266 0.40625
1267 0.8828125
1268 1.0
1269 0.4453125
1270 0.8828125
1271 1.0
1272 0.3203125
1273 0.7734375
1274 1.0
1275 1.0
1276 0.46875
1277 0.6796875
1278 1.0
1279 0.8828125
1280 0.3828125
1281 0.8828125
1282 0.359375
1283 0.6953125
1284 0.59375
1285 1.0
1286 0.6015625
1287 0.7734375
1288 0.3515625
1289 0.7734375
1290 1.0
1291 0.6796875
1292 1.0
1293 0.8828125
1294 0.59375
1295 0.5234375
1296 0.7734375
1297 0.6796875
1298 0.5859375
1299 0.7734375
1300 0.5859375
1301 0.78125
1302 1.0
1303 0.53125
1304 0.8828125
1305 0.4296875
1306 1.0
1308 0.7734375
1309 0.422222222222
1310 1.0
1311 0.6796875
1312 0.8828125
1313 0.5234375
1314 0.3671875
1315 1.0
1316 0.78125
1317 0.7734375
1318 0.397959183673
1319 0.744897959184
1320 0.867346938776
1321 0.357142857143
1322 0.513888888889
1323 1.0
1324 0.368888888889
1325 1.0
1326 0.5859375
1327 0.5859375
1328 0.7734375
1329 0.7734375
1330 0.78125
1331 0.7734375
1332 1.0
1333 0.78125
1334 0.4609375
1335 0.78125
1336 0.2265625
1337 0.78125
1338 0.515625
1339 0.5
1340 0.7734375
1341 0.5859375
1342 0.8828125
1343 0.390625
1344 0.3984375
1345 0.6796875
1346 0.459183673469
1347 0.867346938776
1348 0.867346938776
1349 1.0
1350 0.459183673469
1351 0.6953125
1352 0.5078125
1353 1.0
1354 1.0
1355 0.6953125
1356 0.78125
1357 0.671875
1358 1.0
1359 0.8828125
1360 0.78125
1361 0.6796875
1362 0.408284023669
1363 0.6953125
1364 0.3203125
1365 0.8828125
1366 0.2890625
1367 0.3984375
1368 1.0
1369 0.296875
1370 0.3984375
1371 0.4921875
1372 0.3984375
1373 0.34375
1374 0.875555555556
1375 0.368888888889
1376 0.506172839506
1377 1.0
1378 1.0
1379 0.53125
1380 0.78125
1381 0.3515625
1382 0.59375
1383 0.7734375
1384 0.4609375
1385 0.78125
1386 0.6796875
1387 0.4296875
1388 0.8828125
1389 0.5078125
1390 0.2734375
1391 0.4453125
1392 0.5859375
1393 0.6796875
1394 0.7734375
1395 0.8828125
1396 0.5390625
1397 0.5078125
1398 0.5078125
1399 0.6796875
1400 1.0
1401 1.0
1402 0.4609375
1403 0.6796875
1404 0.625
1405 0.78125
1406 1.0
1407 0.5859375
1408 0.59375
1409 1.0
1410 1.0
1411 1.0
1412 0.6953125
1413 0.34375
1414 0.5390625
1415 0.5703125
1416 0.671875
1417 0.515625
1418 0.6796875
1419 0.3984375
1420 0.8828125
1421 0.40625
1422 0.34375
1423 1.0
1424 0.6796875
1425 0.6796875
1426 0.78125
1427 0.7734375
1428 0.78125
1429 1.0
1430 1.0
1431 1.0
1432 0.6796875
1433 0.6796875
1434 0.6796875
1435 0.6796875
1436 0.59375
1437 1.0
1438 1.0
1439 0.8828125
1440 0.78125
1441 0.6796875
1442 1.0
1443 1.0
1444 1.0
1445 1.0
1446 0.8828125
1447 0.59375
1448 1.0
1449 0.78125
1450 1.0
1451 1.0
1452 1.0
1453 0.8828125
1454 1.0
1455 0.78125
1456 0.7734375
1457 0.8828125
1458 0.78125
1459 0.5078125
1460 1.0
1461 0.8828125
1462 0.4296875
1463 0.6953125
1464 0.7734375
1465 0.78125
1466 0.78125
1467 0.6796875
1468 0.78125
1469 0.8828125
1470 0.6796875
1471 0.7734375
1472 0.5859375
1473 1.0
1474 0.78125
1475 0.6015625
1476 1.0
1477 0.78125
1478 0.78125
1479 0.671875
1480 1.0
1481 1.0
1482 0.53125
1483 1.0
1484 1.0
1485 0.3046875
1486 1.0
1487 0.5078125
1488 0.7734375
1489 0.78125
1491 0.5078125
1492 0.5859375
1493 0.6953125
1494 0.78125
1495 0.265625
1496 1.0
1497 0.8828125
1498 0.6015625
1499 0.5
1500 0.5078125
1501 0.8828125
1502 1.0
1503 0.78125
1504 1.0
1505 1.0
1506 0.6796875
1507 1.0
1508 0.8828125
1509 0.78125
1510 0.5078125
1511 1.0
1512 1.0
1513 0.4453125
1514 0.8828125
1515 1.0
1516 1.0
1517 0.6953125
1518 1.0
1519 1.0
1520 0.8828125
1521 0.4453125
1522 0.8828125
1523 0.3984375
1524 1.0
1525 1.0
1526 1.0
1527 0.8828125
1528 0.8828125
1529 0.6796875
1530 0.625
1531 1.0
1532 0.8828125
1533 0.5078125
1534 1.0
1535 0.359375
1536 1.0
1537 0.5078125
1538 1.0
1539 0.6796875
1540 0.4609375
1541 0.8828125
1542 1.0
1543 0.5859375
1544 1.0
1545 0.421487603306
1546 0.578125
1547 0.5859375
