0 1.0
1 1.0
2 0.266272189349
3 0.372781065089
5 0.85798816568
6 0.85798816568
7 0.278106508876
8 0.372781065089
9 0.85798816568
10 1.0
11 1.0
12 0.85798816568
13 1.0
14 0.397959183673
15 0.5
16 0.755102040816
17 0.662222222222
18 0.875555555556
19 0.502222222222
20 0.288888888889
21 0.333333333333
22 0.582222222222
23 0.573333333333
24 1.0
25 0.768888888889
26 0.351111111111
27 0.573333333333
28 0.582222222222
29 0.875555555556
30 0.768888888889
31 1.0
32 0.875555555556
33 0.875555555556
34 0.768888888889
35 1.0
36 0.297777777778
37 0.768888888889
38 1.0
39 0.573333333333
40 1.0
41 0.768888888889
42 1.0
43 1.0
44 0.76
45 1.0
46 0.573333333333
47 0.768888888889
48 1.0
49 0.582222222222
50 0.386666666667
51 0.768888888889
52 0.297777777778
53 1.0
54 0.555555555556
55 1.0
56 1.0
57 0.68
58 1.0
59 1.0
60 1.0
61 1.0
62 1.0
63 1.0
64 1.0
65 0.564444444444
66 0.351111111111
67 0.875555555556
68 0.336734693878
69 0.386666666667
70 0.342222222222
71 0.573333333333
72 0.448888888889
73 0.235555555556
74 0.502222222222
75 0.502222222222
76 0.68
77 0.76
78 0.875555555556
79 0.768888888889
80 0.386666666667
81 0.555555555556
82 0.662222222222
83 0.315555555556
84 0.555555555556
85 0.768888888889
86 1.0
87 1.0
88 0.875555555556
89 1.0
90 0.377777777778
91 0.351111111111
92 1.0
93 0.768888888889
94 0.68
95 0.235555555556
96 0.768888888889
97 0.315555555556
98 0.662222222222
99 1.0
100 1.0
101 0.502222222222
102 0.413333333333
103 1.0
104 0.573333333333
105 0.875555555556
106 0.44
107 1.0
108 0.413333333333
109 1.0
110 0.76
111 0.564444444444
112 0.52
113 0.448888888889
114 1.0
115 0.555555555556
116 0.44
117 1.0
118 0.555555555556
119 0.76
120 0.413333333333
121 1.0
122 1.0
123 0.395555555556
124 0.351111111111
125 0.662222222222
126 1.0
127 1.0
128 0.768888888889
129 0.502222222222
130 1.0
131 1.0
132 0.662222222222
133 1.0
134 0.351111111111
135 0.582222222222
136 0.295918367347
137 1.0
138 1.0
139 0.621301775148
140 1.0
141 1.0
142 0.443786982249
143 0.573964497041
144 0.85798816568
145 0.384615384615
146 1.0
147 0.644970414201
148 0.739644970414
149 0.420118343195
150 0.510204081633
151 1.0
152 0.397959183673
153 0.285714285714
154 0.438775510204
155 0.30612244898
156 0.336734693878
157 0.336734693878
158 1.0
159 0.397959183673
160 0.459183673469
161 0.867346938776
162 1.0
163 0.377551020408
164 0.642857142857
165 0.387755102041
166 0.663265306122
167 0.387755102041
168 1.0
169 1.0
170 1.0
171 1.0
172 1.0
173 1.0
174 1.0
175 0.663265306122
176 1.0
177 0.768888888889
178 0.875555555556
179 0.653333333333
180 0.76
181 0.875555555556
182 1.0
183 0.662222222222
184 0.608888888889
185 1.0
186 0.875555555556
187 0.333333333333
188 0.875555555556
189 0.582222222222
190 0.875555555556
191 0.502222222222
192 1.0
193 1.0
194 1.0
195 0.875555555556
196 1.0
197 0.662222222222
198 1.0
199 0.653333333333
200 1.0
201 0.469387755102
202 0.867346938776
203 0.744897959184
204 0.244897959184
205 0.510204081633
206 1.0
207 0.867346938776
208 0.163265306122
209 0.755102040816
210 1.0
211 1.0
212 1.0
213 0.755102040816
214 1.0
215 0.459183673469
216 0.551020408163
217 0.632653061224
218 0.30612244898
219 0.744897959184
220 0.326530612245
221 1.0
222 1.0
223 1.0
224 0.744897959184
225 1.0
226 1.0
227 0.663265306122
228 0.867346938776
229 1.0
230 1.0
231 0.875555555556
232 1.0
233 1.0
234 0.768888888889
235 0.875555555556
236 1.0
237 1.0
238 0.875555555556
239 0.768888888889
240 0.76
241 0.564444444444
242 0.342222222222
243 1.0
244 0.44
245 0.386666666667
246 1.0
247 0.875555555556
248 0.875555555556
249 0.875555555556
250 1.0
251 0.875555555556
252 0.564444444444
253 1.0
254 1.0
255 1.0
256 1.0
257 1.0
258 0.875555555556
259 0.351111111111
260 1.0
261 0.875555555556
262 0.768888888889
263 0.768888888889
264 0.875555555556
265 0.484444444444
266 0.244444444444
267 0.368888888889
268 1.0
269 0.875555555556
270 0.76
271 1.0
272 1.0
273 0.875555555556
274 0.422222222222
275 0.768888888889
276 0.502222222222
277 0.76
278 0.76
279 1.0
280 1.0
281 1.0
282 1.0
283 0.875555555556
284 0.76
285 0.28
286 0.502222222222
287 0.244444444444
288 1.0
289 1.0
290 1.0
291 0.875555555556
292 0.875555555556
293 0.662222222222
294 0.768888888889
295 1.0
296 1.0
297 0.76
298 0.875555555556
299 0.76
300 0.76
301 0.395555555556
302 0.306666666667
303 1.0
304 0.875555555556
305 1.0
306 1.0
307 0.662222222222
308 0.662222222222
309 0.76
310 0.475555555556
311 0.662222222222
312 1.0
313 0.76
314 1.0
315 0.768888888889
316 0.76
317 0.573333333333
318 0.662222222222
319 0.44
320 0.875555555556
321 0.573333333333
322 0.76
323 0.875555555556
324 0.875555555556
325 0.662222222222
326 0.768888888889
327 0.573333333333
328 0.768888888889
329 0.768888888889
330 1.0
331 0.662222222222
332 1.0
333 0.68
334 0.662222222222
335 1.0
336 0.5
337 0.867346938776
338 0.867346938776
339 1.0
340 1.0
341 0.295918367347
342 1.0
343 0.867346938776
344 0.438775510204
345 1.0
346 1.0
347 0.295918367347
348 0.755102040816
349 0.459183673469
350 1.0
351 0.755102040816
352 0.867346938776
353 0.755102040816
354 1.0
355 0.561224489796
356 0.479591836735
357 0.551020408163
358 0.755102040816
359 0.387755102041
360 0.642857142857
361 0.540816326531
362 0.755102040816
363 0.540816326531
364 0.663265306122
365 1.0
366 0.744897959184
367 1.0
368 1.0
369 0.867346938776
370 0.744897959184
371 0.755102040816
372 0.755102040816
373 0.663265306122
374 0.642857142857
375 0.551020408163
376 1.0
377 0.755102040816
378 0.867346938776
379 1.0
380 0.755102040816
381 0.642857142857
382 0.867346938776
383 0.867346938776
384 0.397959183673
385 0.336734693878
386 0.387755102041
387 0.642857142857
388 0.867346938776
389 1.0
390 0.755102040816
391 0.551020408163
392 0.479591836735
393 1.0
394 0.540816326531
395 0.255102040816
396 0.632653061224
397 0.591836734694
398 0.357142857143
399 0.459183673469
400 0.418367346939
401 0.755102040816
402 1.0
403 0.744897959184
404 1.0
405 0.755102040816
406 1.0
407 0.387755102041
408 0.663265306122
409 1.0
410 0.540816326531
411 0.438775510204
412 0.867346938776
413 0.755102040816
414 0.551020408163
415 1.0
416 0.644970414201
417 0.85798816568
418 0.739644970414
419 0.301775147929
420 0.85798816568
421 1.0
422 1.0
423 0.372781065089
424 1.0
425 1.0
426 0.408284023669
427 1.0
428 1.0
429 1.0
430 0.739644970414
431 0.479289940828
432 1.0
433 0.349112426036
434 0.242603550296
435 1.0
436 0.372781065089
437 0.360946745562
438 1.0
439 0.739644970414
440 0.85798816568
441 0.502958579882
442 0.325443786982
443 1.0
444 1.0
445 0.538461538462
446 1.0
447 1.0
448 1.0
449 0.739644970414
450 0.443786982249
451 1.0
452 1.0
453 1.0
454 0.384615384615
455 1.0
456 0.325443786982
457 0.85798816568
458 0.644970414201
459 1.0
460 1.0
461 1.0
462 1.0
463 0.744897959184
464 1.0
465 0.744897959184
466 0.561224489796
467 0.755102040816
468 0.867346938776
469 0.755102040816
470 0.438775510204
471 0.285714285714
472 1.0
473 1.0
474 0.459183673469
475 0.867346938776
476 0.540816326531
477 1.0
478 1.0
479 0.867346938776
480 0.755102040816
481 1.0
482 0.5
483 1.0
484 1.0
485 1.0
486 0.755102040816
487 0.591836734694
488 0.30612244898
489 0.867346938776
490 1.0
491 0.540816326531
492 0.755102040816
493 0.285714285714
494 1.0
495 1.0
496 1.0
497 0.867346938776
498 0.744897959184
499 0.755102040816
500 0.357142857143
501 0.428571428571
502 1.0
503 0.755102040816
504 0.372781065089
505 0.336734693878
506 0.867346938776
507 0.739644970414
508 0.357142857143
509 0.744897959184
510 0.642857142857
511 0.397959183673
512 0.632653061224
513 0.459183673469
514 0.744897959184
515 0.397959183673
516 0.469387755102
517 0.275510204082
518 0.397959183673
519 0.244897959184
520 0.642857142857
521 0.377551020408
522 1.0
523 0.326530612245
524 0.336734693878
525 0.632653061224
526 0.561224489796
527 0.663265306122
528 0.632653061224
529 0.867346938776
530 0.744897959184
531 0.744897959184
532 0.632653061224
533 1.0
534 1.0
535 1.0
536 1.0
537 0.867346938776
538 0.755102040816
539 0.867346938776
540 1.0
541 0.551020408163
542 0.867346938776
543 0.867346938776
544 0.397959183673
545 0.867346938776
546 1.0
547 1.0
548 1.0
549 0.642857142857
550 1.0
551 0.744897959184
552 0.755102040816
553 0.336734693878
554 1.0
555 0.755102040816
556 0.755102040816
557 0.510204081633
558 0.326530612245
559 0.755102040816
560 0.867346938776
561 0.744897959184
562 0.632653061224
563 0.867346938776
564 0.418367346939
565 1.0
566 1.0
567 1.0
568 0.275510204082
569 0.744897959184
570 0.397959183673
571 0.265306122449
572 0.642857142857
573 1.0
574 0.397959183673
575 0.397959183673
576 0.387755102041
577 0.387755102041
578 0.867346938776
579 0.867346938776
580 0.867346938776
581 0.867346938776
582 1.0
583 0.377551020408
584 1.0
585 0.76
586 0.875555555556
587 1.0
588 0.875555555556
589 0.76
590 1.0
591 0.875555555556
592 0.875555555556
593 0.564444444444
594 0.608888888889
595 0.768888888889
596 0.875555555556
597 0.448888888889
598 1.0
599 0.502222222222
600 0.44
601 0.768888888889
602 0.68
603 0.404444444444
604 0.875555555556
605 0.271111111111
606 0.76
607 0.297777777778
608 0.297777777778
609 0.555555555556
610 0.475555555556
611 0.377777777778
612 0.386666666667
613 0.608888888889
614 0.395555555556
615 0.76
616 0.573333333333
617 0.315555555556
618 0.875555555556
619 0.768888888889
620 1.0
621 0.395555555556
622 1.0
623 1.0
624 1.0
625 1.0
626 0.448888888889
627 1.0
628 1.0
629 1.0
630 1.0
631 1.0
632 0.875555555556
633 1.0
634 0.68
635 0.44
636 1.0
637 1.0
638 0.68
639 0.573333333333
640 0.208888888889
641 1.0
642 0.768888888889
643 0.768888888889
644 1.0
645 1.0
646 0.502222222222
647 0.76
648 1.0
649 1.0
650 0.875555555556
651 0.502222222222
652 1.0
653 0.68
654 0.875555555556
655 1.0
656 1.0
657 0.875555555556
658 1.0
659 0.875555555556
660 0.768888888889
661 0.768888888889
662 1.0
663 1.0
664 1.0
665 0.502222222222
666 1.0
667 1.0
668 1.0
669 1.0
670 1.0
671 0.768888888889
672 1.0
673 0.52
674 0.875555555556
675 0.875555555556
676 1.0
677 1.0
678 0.662222222222
679 0.875555555556
680 1.0
681 1.0
682 0.768888888889
683 1.0
684 0.76
685 1.0
686 0.52
687 0.76
688 0.875555555556
689 1.0
690 0.582222222222
691 0.28
692 0.52
693 1.0
694 0.397959183673
695 0.744897959184
696 1.0
697 0.755102040816
698 0.755102040816
699 0.397959183673
700 1.0
701 0.265306122449
702 0.510204081633
703 1.0
704 0.397959183673
705 0.530612244898
706 0.561224489796
707 0.428571428571
708 1.0
709 0.438775510204
710 1.0
711 1.0
712 0.397959183673
713 1.0
714 1.0
715 0.502222222222
716 0.867346938776
717 1.0
718 0.387755102041
719 1.0
720 0.387755102041
721 1.0
722 0.755102040816
723 0.387755102041
724 0.867346938776
725 1.0
726 0.867346938776
727 1.0
728 1.0
729 1.0
730 1.0
731 1.0
732 1.0
733 0.510204081633
734 0.755102040816
735 1.0
736 0.428571428571
737 0.867346938776
738 1.0
739 1.0
740 0.642857142857
741 1.0
742 0.387755102041
743 0.642857142857
744 1.0
745 0.867346938776
746 0.744897959184
747 0.755102040816
748 1.0
749 1.0
750 0.755102040816
751 0.755102040816
752 1.0
753 0.632653061224
754 1.0
755 1.0
756 0.438775510204
757 0.755102040816
758 0.755102040816
759 0.591836734694
760 1.0
761 0.663265306122
762 0.663265306122
763 1.0
764 0.315555555556
765 0.502222222222
766 1.0
767 0.76
768 0.768888888889
769 0.448888888889
770 1.0
771 1.0
772 0.502222222222
773 1.0
774 1.0
775 0.351111111111
776 1.0
777 1.0
778 0.653333333333
779 1.0
780 1.0
781 0.875555555556
782 1.0
783 0.662222222222
784 0.768888888889
785 1.0
786 0.768888888889
787 0.564444444444
788 0.52
789 0.768888888889
790 0.475555555556
791 0.386666666667
792 0.875555555556
793 0.52
794 0.662222222222
795 0.875555555556
796 0.555555555556
797 0.386666666667
798 0.351111111111
799 1.0
800 1.0
801 0.564444444444
802 1.0
803 0.875555555556
804 1.0
805 0.68
806 1.0
807 0.44
808 0.76
809 1.0
810 0.502222222222
811 1.0
812 0.76
813 0.76
814 0.662222222222
815 0.333333333333
816 0.324444444444
817 0.608888888889
818 0.306666666667
819 0.76
820 1.0
821 0.768888888889
822 0.875555555556
823 0.768888888889
824 0.768888888889
825 1.0
826 0.768888888889
827 0.875555555556
828 0.76
829 0.484444444444
830 0.875555555556
831 0.662222222222
832 0.76
833 0.875555555556
834 1.0
835 0.484444444444
836 0.377777777778
838 0.875555555556
839 0.768888888889
840 0.342222222222
841 0.875555555556
842 0.510204081633
843 0.510204081633
844 1.0
845 1.0
846 1.0
847 0.377551020408
848 1.0
849 0.867346938776
850 0.755102040816
851 0.755102040816
852 1.0
853 1.0
854 0.438775510204
855 0.867346938776
856 0.867346938776
857 1.0
858 1.0
859 0.510204081633
860 1.0
861 0.591836734694
862 0.459183673469
863 0.755102040816
864 0.438775510204
865 0.561224489796
866 0.469387755102
867 0.316326530612
868 0.755102040816
869 1.0
870 0.642857142857
871 1.0
872 0.663265306122
873 1.0
874 0.755102040816
875 1.0
876 0.755102040816
877 0.540816326531
878 0.755102040816
879 0.744897959184
880 1.0
881 0.744897959184
882 0.755102040816
883 1.0
884 0.438775510204
885 0.540816326531
886 1.0
887 0.438775510204
888 0.755102040816
889 0.510204081633
890 0.755102040816
891 0.255102040816
892 0.397959183673
893 1.0
894 1.0
895 0.642857142857
896 0.755102040816
897 0.591836734694
898 0.867346938776
899 0.30612244898
900 1.0
901 1.0
902 0.642857142857
903 0.397959183673
904 1.0
905 0.663265306122
906 1.0
907 0.867346938776
908 0.867346938776
909 0.255102040816
910 0.326530612245
932 0.632653061224
933 0.551020408163
934 0.755102040816
935 0.510204081633
936 0.397959183673
937 0.744897959184
938 0.397959183673
939 0.642857142857
940 0.387755102041
941 0.59375
942 0.625
943 0.625
944 0.59375
945 0.625
946 0.46875
947 0.625
