     1    367    245


 1

     1      1    -2.8243685579   0.059346118641      21.7800  -----------KK---
     2      1    -2.7801597100   0.062028600000      22.7645  ---------K------
     3      1    -3.2419039485   0.039089400000      14.3458  ---------N------
     4      1    -2.6661710056   0.069517900000      25.5131  ---------S------
     5      1    -8.8299880998   0.000146279980       0.0537  --FFFFFFFFLLLLLL
     6      1    -9.0116018247   0.000121986299       0.0448  --QQQQQQQQKKKKKK
     7      1    -9.6603183213   0.000063764221       0.0234  -D-NNNNNNNDDDDDD
     8      1   -12.2923817749   0.000004586553       0.0017  -N-NNNNNNNNNNSNS
     9      1   -13.6411263545   0.000001190513       0.0004  -R-KKKKKKKRKKKRR
    10      3    -3.6584330589   0.025772865664       9.4586  AA-AAAAAAAAAAAAA
    11      1   -16.0041551693   0.000000112069       0.0000  AA-AAAAAAAATTSEA
    12      1    -9.7859345449   0.000056237062       0.0206  AA-AAAAAAAPPPPPP
    13      1   -22.3623352979   0.000000000194       0.0000  AA-HHRHHHHHHHLHH
    14      1   -12.0960559320   0.000005581484       0.0020  AA-TTTTTTTTAAATT
    15      1   -10.4840541256   0.000027979062       0.0103  AA-VVVVVVIVVVVVV
    16      1   -22.5099862278   0.000000000168       0.0000  AA-VVVVVVVVMMMMA
    17      3    -3.7281930964   0.024036227768       8.8213  AAAAAAAAAAAAAAAA
    18      1    -8.4339897880   0.000217352567       0.0798  AAAAAAAAAAAAAAAG
    19      1   -13.0087231862   0.000002240698       0.0008  AAAAAAAAAAATTAAT
    20      1   -12.4432741298   0.000003944162       0.0014  AAAAAAAAAATAAAAV
    21      1   -10.0638112411   0.000042593400       0.0156  AAAAEAAAAAAAAAAA
    22      1   -14.1142549659   0.000000741749       0.0003  AAEEEEEEQEEEEEEE
    23      1   -12.8361190754   0.000002662835       0.0010  AANNNNNNNSNNNNNN
    24      1   -18.7429555909   0.000000007245       0.0000  AATTTTTTT-TSSSTC
    25      1    -8.4193265093   0.000220563150       0.0809  AATTTTTTTAAAAAAA
    26      1   -17.3463885213   0.000000029279       0.0000  AAVVVVVVVAAAATAT
    27      1   -11.5651790901   0.000009490881       0.0035  AAVVVVVVVVVAAVVV
    28      1   -31.7964746619   0.000000000000       0.0000  AG-GGGGGGDHDDGDG
    29      1   -17.0943231386   0.000000037673       0.0000  AT-AAAAAATTTTATT
    30      1   -13.2762302855   0.000001714772       0.0006  AVAAAAAAAVVVVVVV
    31      1    -4.4798396566   0.011335230538       4.1600  CC-CCCCCCCCCCCCC
    32      3    -4.5103293780   0.010994838121       4.0351  CCCCCCCCCCCCCCCC
    33      1   -34.5049682062   0.000000000000       0.0000  CG-CCCCCCYCGGYCS
    34      1   -25.7466995183   0.000000000007       0.0000  CYHHHHHHHYHKKHHH
    35      4    -3.9349285629   0.019547095666       7.1738  DD-DDDDDDDDDDDDD
    36      1    -7.3683433649   0.000630912506       0.2315  DD-DDDDDDEDDDDDD
    37      1   -15.6766224564   0.000000155500       0.0001  DDDAAAAAAGDDDDDD
    38      5    -3.9966765071   0.018376612050       6.7442  DDDDDDDDDDDDDDDD
    39      1    -7.6320075416   0.000484686852       0.1779  DDDDDDDDDDDDDDDE
    40      1   -14.7041215933   0.000000411227       0.0002  DDDDDDDDDGDGGGDD
    41      1   -14.5425593934   0.000000483333       0.0002  DHKKKKKKKKKKKKKK
    42      1    -7.6358577650   0.000482824287       0.1772  EE-EEEEEEEEEEEDE
    43      1    -4.1856879284   0.015211737756       5.5827  EE-EEEEEEEEEEEEE
    44      1    -8.0141169650   0.000330760184       0.1214  EE-GGGGGGGGGGGGG
    45      1   -18.8947201746   0.000000006225       0.0000  EEEDDDDDDEKVVEEE
    46      1   -10.0903966898   0.000041475955       0.0152  EEEEEEEEDEEEEEEE
    47      1   -12.8964991995   0.000002506811       0.0009  EEEEEEEEE-GEEEED
    48      1   -17.6709310194   0.000000021165       0.0000  EEEEEEEEEDEEKEEQ
    49      8    -4.2628798360   0.014081691001       5.1680  EEEEEEEEEEEEEEEE
    50      1    -8.6850880955   0.000169088537       0.0621  EEKEEEEEE-EEEEEE
    51      1   -26.4523746577   0.000000000003       0.0000  EK-EGGGGGEEGEEED
    52      1   -10.0760181948   0.000042076625       0.0154  EV-EEEEEEEEEEEEE
    53      1    -4.0350441780   0.017684898813       6.4904  FF-FFFFFFFFFFFFF
    54      1    -9.2199075217   0.000099047847       0.0364  FF-FFFFFFFVFFFFF
    55      1   -15.1561943760   0.000000261667       0.0001  FF-KKKKKKIIIIIII
    56      5    -4.0796338753   0.016913657027       6.2073  FFFFFFFFFFFFFFFF
    57      1   -13.7111514916   0.000001109999       0.0004  FFFFFFFFFFFFFLFI
    58      1    -9.7328517715   0.000059302934       0.0218  FFFFFFFFFFFFLFFF
    59      1   -15.2318748536   0.000000242594       0.0001  FFFFLLLLLFVFFFFF
    60      1   -21.6593277697   0.000000000392       0.0000  FFLFLLLSSLLLLLLL
    61      1   -21.7491457854   0.000000000358       0.0000  FFPPPPPPPPPSSSPL
    62      1   -13.6740486630   0.000001151957       0.0004  FFYYYYYYYFFFFFVF
    63      1    -8.9679750877   0.000127425957       0.0468  FL-LLLLLLLLLLLLL
    64      2    -7.9631844230   0.000348043035       0.1277  GG-DDDDDDDDDDDDD
    65      1    -3.0280432177   0.048410273872      17.7666  GG-GGGGGGGGGGGGG
    66      1    -7.5809984001   0.000510051733       0.1872  GG-GGGGGGGSGGGGG
    67      1   -10.6409942467   0.000023915250       0.0088  GG-GRGGGGGGGGGGG
    68      1    -7.5806874517   0.000510210357       0.1872  GG-SSSSSS-SSSSSS
    69      1   -13.2139920595   0.000001824888       0.0007  GGDDDDDDDDDDDDDG
    70      5    -3.0591488374   0.046927621260      17.2224  GGGGGGGGGGGGGGGG
    71      1    -8.8176359153   0.000148098063       0.0544  GGGGGGGGGGGSSSGG
    72      1    -9.1122882546   0.000110302027       0.0405  GGGGGGGGGRGGGGGG
    73      1   -26.4424760850   0.000000000003       0.0000  GGRRHRRRRHHNNHHH
    74      1   -23.2138674041   0.000000000083       0.0000  GTTTTTTTT-SAAATA
    75      1   -17.6450194178   0.000000021720       0.0000  HH-CCCCCCCCCCFCC
    76      1    -4.8561432146   0.007780433562       2.8554  HHHHHHHHHHHHHHHH
    77      1    -8.6957303453   0.000167298595       0.0614  HHNNNNNNNNNNNNNN
    78      1   -22.8385126172   0.000000000121       0.0000  HHSNNNNNNHQQQQKQ
    79      1   -12.8958616299   0.000002508410       0.0009  HHYYYYYYYYYYYHYY
    80      1    -8.1451343993   0.000290143654       0.1065  HHYYYYYYYYYYYYYY
    81      1    -9.4524137167   0.000078499860       0.0288  HQHHHHHHHHHHHHHH
    82      1   -19.8708014740   0.000000002345       0.0000  HYYFFYYYY-YYYYYY
    83      1   -10.5425650854   0.000026388953       0.0097  II-IIIIIIIIIIIAI
    84      1    -4.3599197698   0.012779412904       4.6900  II-IIIIIIIIIIIII
    85      4    -4.4368424984   0.011833243078       4.3428  IIIIIIIIIIIIIIII
    86      1    -9.2376199131   0.000097308919       0.0357  IIIIIIIIIIIIIITI
    87      1    -7.4372527336   0.000588900845       0.2161  IIIIIIIIIIIIIIVI
    88      1    -8.2702328141   0.000256025678       0.0940  IITTTTTTTTTTTTTT
    89      1    -7.7339070314   0.000437730545       0.1606  IIVIIIIIIIIIIIII
    90      1   -25.3739248531   0.000000000010       0.0000  IVFIIIIIIFIFFFII
    91      1   -10.9344887739   0.000017832485       0.0065  IVVVVVVVVIIIIIII
    92      4    -3.9999883004   0.018315853175       6.7219  KK-KKKKKKKKKKKKK
    93      1   -21.6036165132   0.000000000415       0.0000  KK-KKKKKKQEKRKRK
    94      1   -28.0844457697   0.000000000001       0.0000  KK-MMMMMMKMTTRTT
    95      1   -19.9073258689   0.000000002261       0.0000  KK-NNNNNNKKKKITK
    96      1    -8.0699645900   0.000312794357       0.1148  KKKKKKKKK-QKKKKK
    97      1   -12.4488394346   0.000003922272       0.0014  KKKKKKKKKKKEEKRK
    98      9    -4.0702030918   0.017073920583       6.2661  KKKKKKKKKKKKKKKK
    99      1   -10.4279426029   0.000029593891       0.0109  KKKKKKKKKKKKKMKK
   100      1    -8.1303375900   0.000294468774       0.1081  KKKKKKKKKKKRRKKK
   101      1   -13.5768862427   0.000001269502       0.0005  KKKKKKKKKNRRRRRR
   102      1   -11.9044053812   0.000006760556       0.0025  KKKKKKQKKKKKKKKK
   103      1   -15.7879650645   0.000000139115       0.0001  KKNNNNNNNK-SSNNN
   104      1   -16.6802618091   0.000000056997       0.0000  KKRRQQQQQRKRRRRR
   105      1   -16.8938409294   0.000000046036       0.0000  KKRRRRRRRSGRRRRR
   106      1   -14.6551259370   0.000000431877       0.0002  KNKKKKKRRKKKKKKK
   107      1   -13.6001097117   0.000001240359       0.0005  LL-LLLLLLIPLLLLL
   108      1   -10.7393111108   0.000021675865       0.0080  LL-LLLLLLLLCCLLL
   109      3    -3.2381026108   0.039238274791      14.4004  LL-LLLLLLLLLLLLL
   110      1    -7.7356422311   0.000436971653       0.1604  LL-VVVVVVLLLLLLL
   111      1   -18.1776933396   0.000000012751       0.0000  LLIIIIIIITIIIIKI
   112      1   -10.2833408541   0.000034198087       0.0126  LLLLLLLLL-LSSSLL
   113      1    -9.7357629402   0.000059130544       0.0217  LLLLLLLLLLLLFLLL
   114      9    -3.2834240375   0.037499636570      13.7624  LLLLLLLLLLLLLLLL
   115      1   -10.9628970073   0.000017333023       0.0064  LLLLLLLLLLLLSLLL
   116      1    -9.1271511093   0.000108674747       0.0399  LLLLLLLLLLSLLLLL
   117      1   -16.4170776466   0.000000074157       0.0000  LLLLLLLLQFLLLLLL
   118      1   -17.8086045525   0.000000018443       0.0000  LLLSSSSSSLWLLLLL
   119      1    -9.0543828589   0.000116877654       0.0429  LLSSSSSSSSSSSSSS
   120      1    -8.0441459998   0.000320975424       0.1178  LLVLLLLLLLLLLLLL
   121      1   -21.5702101365   0.000000000429       0.0000  LS-LLLLLLLWLLLLF
   122      1    -5.3790275896   0.004612304803       1.6927  MM-MMMMMMMMMMMMM
   123      1   -12.2834981474   0.000004627480       0.0017  MMLMMMMMMMMMMMLM
   124      1    -5.4616961353   0.004246347254       1.5584  MMMMMMMMMMMMMMMM
   125      1   -11.6432005596   0.000008778539       0.0032  MMMMMMMVVMMMMMMM
   126      1   -16.6884867841   0.000000056530       0.0000  MMTTTTTTTIIVVIII
   127      1   -10.0572398885   0.000042874218       0.0157  MMVMMMMMMMMMMMMM
   128      1    -8.3457186952   0.000237410774       0.0871  NN-DDDDDDNNNNNNN
   129      1   -19.2843966473   0.000000004216       0.0000  NN-NGGGGGGGGGGAG
   130      1    -8.6237815440   0.000179779125       0.0660  NN-NNNNNNNKNNNNN
   131      1    -8.3489659216   0.000236641097       0.0868  NN-NNNNNNNNNNDNN
   132      4    -4.8207829997   0.008060473319       2.9582  NN-NNNNNNNNNNNNN
   133      1    -8.4727382006   0.000209091584       0.0767  NN-NNNNNNNNNNSNN
   134      1   -13.9062863409   0.000000913222       0.0003  NN-NNNNNNTNNNNNT
   135      1   -12.6868288507   0.000003091578       0.0011  NN-NNNNNNTSNNNNN
   136      1   -12.5508082195   0.000003542038       0.0013  NN-SSSSSSTNNNNNN
   137      1   -13.3210988675   0.000001639533       0.0006  NNNNNNNNNNNHHSNN
   138      4    -4.9115240488   0.007361260857       2.7016  NNNNNNNNNNNNNNNN
   139      1    -8.3394480834   0.000238904162       0.0877  NNNNNNNNNNSNNNNN
   140      1   -10.4533322018   0.000028851972       0.0106  NNNNSSSSSNNNNNNN
   141      1   -19.5535329168   0.000000003221       0.0000  NNSSSSSSSSSNNNRN
   142      1   -12.3561962843   0.000004303008       0.0016  NS-DDDDDDNNNNNNN
   143      1    -9.6395458476   0.000065102615       0.0239  PP-APPPPPPPPPPPP
   144      1   -19.5630921075   0.000000003190       0.0000  PP-LFLLLLLLLLVLL
   145     10    -3.7451883380   0.023631177981       8.6726  PP-PPPPPPPPPPPPP
   146      1    -9.7318784992   0.000059360680       0.0218  PP-PPPPPPPPSPPPP
   147      1   -10.4297770680   0.000029539652       0.0108  PP-PPSSSSPPPPPPP
   148      1    -8.7264844524   0.000162231788       0.0595  PPLLLLLLLLLLLLLL
   149      1   -15.3854801664   0.000000208052       0.0001  PPPLLLLLLLLLLLLL
   150      4    -3.7830611189   0.022752935274       8.3503  PPPPPPPPPPPPPPPP
   151      1    -8.1495159464   0.000288875157       0.1060  PPPPPPPPPPSPPPPP
   152      1   -13.0835959165   0.000002079057       0.0008  PPPPPPPPPSSSSSSS
   153      1   -21.7282085179   0.000000000366       0.0000  PPPPSPPPPPLTTTPP
   154      2    -9.3687481297   0.000085350169       0.0313  PPQQQQQQQQQQQQQQ
   155      1   -19.8065465671   0.000000002501       0.0000  PPSPSSSSSSSPPSSS
   156      1   -17.9874430664   0.000000015422       0.0000  PPSSSSSSSPPPPSSP
   157      1   -15.5508332397   0.000000176343       0.0001  PPTPPPPPPPPQQPPP
   158      1   -15.9698742261   0.000000115977       0.0000  QE-QQQQQQIQQQQQQ
   159      1    -8.6734581552   0.000171066506       0.0628  QE-QQQQQQQQQQQQQ
   160      1   -14.7222829393   0.000000403826       0.0001  QKQQQQQQQQQQQQQP
   161      1   -22.5225288428   0.000000000165       0.0000  QQ-KKKKKKQTTKKKK
   162      1    -9.7562888261   0.000057929209       0.0213  QQ-QQQQQQQKKKKKK
   163      1    -9.4168570054   0.000081341273       0.0299  QQ-QQQQQQQQQQHQQ
   164      2    -4.8048937587   0.008189571039       3.0056  QQ-QQQQQQQQQQQQQ
   165      1   -10.6488424412   0.000023728293       0.0087  QQ-QQQQQQQVQQQQQ
   166      1    -8.6808064172   0.000169814071       0.0623  QQQQQQQQQKQQQQQQ
   167      1   -10.4849257815   0.000027954684       0.0103  QQQQQQQQQQGQQQQQ
   168      7    -4.8911072358   0.007513099096       2.7573  QQQQQQQQQQQQQQQQ
   169      1   -11.1637929451   0.000014178371       0.0052  QQQQQQQRRQQQQQQQ
   170      1   -18.5503586266   0.000000008784       0.0000  QQRGRRRRRRRRRRRK
   171      1    -9.6151579362   0.000066709850       0.0245  QRQQQQQQQQQQQQQQ
   172      1   -30.1448659557   0.000000000000       0.0000  RQHRRRRRRCRCRRRR
   173      2    -6.9705727819   0.000939114844       0.3447  RR-KKKKKKKKKKKKK
   174      1   -14.5390061469   0.000000485054       0.0002  RR-KKKKKKKRKKKKR
   175      5    -4.1836410518   0.015242906193       5.5941  RR-RRRRRRRRRRRRR
   176      1    -9.8684890541   0.000051780908       0.0190  RR-RRRRRRRRRRTRR
   177      1    -9.2910593944   0.000092245284       0.0339  RR-RRRRRRRRSSRRR
   178      1    -9.3630295586   0.000085839648       0.0315  RREEEEEEEEEEEEEE
   179      1   -22.3594542308   0.000000000195       0.0000  RRKKKNKKKKKKKKQR
   180      1    -7.7679136893   0.000423095054       0.1553  RRRRRRRRRRRRRRKR
   181      8    -4.2445130037   0.014342716829       5.2638  RRRRRRRRRRRRRRRR
   182      1   -16.6438195359   0.000000059113       0.0000  SC-FFFFFFSSSSSSS
   183      1   -10.5830819023   0.000025341127       0.0093  SF-FFFFFFFFFFFFF
   184      1   -14.5276413514   0.000000490598       0.0002  SG-GGGGGGGSSSSSS
   185      1    -9.0649683904   0.000115646968       0.0424  SG-SSSSSSSSSSSSS
   186      1   -19.5000542074   0.000000003398       0.0000  SI-SSSSSSSSSSNNS
   187      1   -15.7001746858   0.000000151880       0.0001  SP-SSSSSSSSSSSFS
   188      1   -13.8566737069   0.000000959673       0.0004  SPPPPPPPPPPPPPSP
   189      1   -16.0313169319   0.000000109066       0.0000  SS-DDDDDDDDNNSDD
   190      2    -7.6197572550   0.000490660922       0.1801  SS-NNNNNNNNNNNNN
   191      1   -14.7279701853   0.000000401535       0.0001  SS-NNNNNNNSNNNSN
   192      1    -7.5946197976   0.000503151220       0.1847  SS-PPPPPPPPPPPPP
   193      1   -20.9076091445   0.000000000832       0.0000  SS-SSSSPSTSSSSGS
   194      1   -10.5604985090   0.000025919927       0.0095  SS-SSSSSSSSPSSSS
   195      1    -9.3378273851   0.000088030485       0.0323  SS-SSSSSSSSSSSSP
   196      8    -4.1753772020   0.015369393196       5.6406  SS-SSSSSSSSSSSSS
   197      1   -20.0869216503   0.000000001890       0.0000  SSNNNNNNNSNNDSNN
   198      1   -15.9752327404   0.000000115357       0.0000  SSSSSCCCCSSSSTSS
   199      1   -10.7048257853   0.000022436403       0.0082  SSSSSSSGGSSSSSSS
   200      1    -8.4918163127   0.000205140323       0.0753  SSSSSSSSSSSSSNSS
   201      8    -4.2622924686   0.014089964556       5.1710  SSSSSSSSSSSSSSSS
   202      1   -15.2092976316   0.000000248134       0.0001  SSTTTTTTTTTTTATA
   203      1   -18.1189982394   0.000000013521       0.0000  ST-NNNNNNSSNSSSS
   204      1   -18.4039084876   0.000000010169       0.0000  TMMRMMMMMMMMMMMM
   205      1    -8.9561927052   0.000128936219       0.0473  TT-RRRRRRRRRRRRR
   206      1   -13.2639609362   0.000001735941       0.0006  TT-TTTTTTTPSSTTT
   207      1    -9.2143084696   0.000099603976       0.0366  TT-TTTTTTTTNNTTT
   208      1   -13.7558698062   0.000001061455       0.0004  TT-TTTTTTTTTTPAT
   209      5    -4.0515131038   0.017396032713       6.3843  TT-TTTTTTTTTTTTT
   210      1   -22.5708499935   0.000000000158       0.0000  TTIIITIIIIVVVVIV
   211      1    -8.0252680822   0.000327092327       0.1200  TTKKKKKKKKKKKKKK
   212      1   -12.6632812314   0.000003165241       0.0012  TTQQQQQQQKKKKKKK
   213      1   -15.6055136002   0.000000166960       0.0001  TTSSSSSSS-SSSPTS
   214      1   -12.4783390342   0.000003808257       0.0014  TTTSTTTTTTSTTTTT
   215      1   -18.8202871955   0.000000006706       0.0000  TTTTSTTTTTNTTNTT
   216      1    -7.9409810344   0.000355857199       0.1306  TTTTTTTTTTATTTTT
   217      1   -10.3920108827   0.000030676585       0.0113  TTTTTTTTTTTRRTTT
   218      2    -4.1236574992   0.016185208664       5.9400  TTTTTTTTTTTTTTTT
   219      1   -12.3265664664   0.000004432413       0.0016  TTVIIIIIIT-TTTTT
   220      1   -13.8079089114   0.000001007631       0.0004  VI-IIIIIIIVIIVII
   221      1   -17.6615686049   0.000000021364       0.0000  VV-IIVVVVVVLVVVV
   222      1    -6.8461191480   0.001063575272       0.3903  VV-LLLLLLLLLLLLL
   223      1   -23.3596236761   0.000000000072       0.0000  VV-MVVVVVMVVVMMM
   224      1   -22.1149947730   0.000000000249       0.0000  VV-PPPPPPLAAAAAT
   225      1   -14.1027224155   0.000000750353       0.0003  VV-TTTTTTTTRRTTT
   226      1   -21.9521360592   0.000000000293       0.0000  VV-VVVVVVMMVVVMI
   227      1    -3.8184543442   0.021961719934       8.0600  VV-VVVVVVVVVVVVV
   228      1   -17.7757093273   0.000000019059       0.0000  VVIMMMMMMMMMMTMM
   229      1   -20.8548619766   0.000000000877       0.0000  VVLLLLLLLVVAALAV
   230      1   -34.1522341521   0.000000000000       0.0000  VVMMMVVVVMRIIKVM
   231      1   -17.6064132859   0.000000022575       0.0000  VVVAAAAAAAAVAAAA
   232      1   -10.6507018490   0.000023684213       0.0087  VVVVVVVVVIVVVVIV
   233      1   -11.9115786950   0.000006712234       0.0025  VVVVVVVVVVIVIVVV
   234      1    -7.2793496409   0.000689633928       0.2531  VVVVVVVVVVVVVVIV
   235      8    -3.8861384086   0.020524450245       7.5325  VVVVVVVVVVVVVVVV
   236      1   -11.0707291141   0.000015561213       0.0057  WG-WWWWWWWWWWWWW
   237      1   -11.1389124445   0.000014535561       0.0053  WL-LLLLLLLLLLLLL
   238      3    -4.7515347349   0.008638427329       3.1703  WW-WWWWWWWWWWWWW
   239      1    -4.7807320166   0.008389855206       3.0791  WWWWWWWWWWWWWWWW
   240      1   -17.5865713827   0.000000023028       0.0000  YY-RRRRRRHHNNHHH
   241      1    -7.6318421161   0.000484767038       0.1779  YY-YYYYYY-FYYYYY
   242      1    -4.1346009655   0.016009052020       5.8753  YY-YYYYYYYYYYYYY
   243      1   -15.9397825057   0.000000119520       0.0000  YYHYYYYYYYCYYYYY
   244      1   -16.6680347712   0.000000057698       0.0000  YYYYYYYYYHYCCCYY
   245      3    -4.1799798334   0.015298816089       5.6147  YYYYYYYYYYYYYYYY