

TREE # 1

  0  0.0000   3564.708441  x:  0.00000   0.02307   0.06349   0.01513   0.03740   0.03185   0.02400   0.01975   0.03611   0.01125   0.02760   0.02536   0.02769   0.27383   0.08595   0.11990   0.05440   0.05225   0.03679   0.01172   0.04858   0.06183   0.01846   0.02439   0.05748   0.10115   0.01773   0.06895   0.08428  
  1 99.0000   3531.682800  x:  0.02572   0.03347   0.05957   0.01323   0.02777   0.01731   0.01754   0.00718   0.02479   0.00000   0.01722   0.02039   0.02359   0.26780   0.08660   0.12808   0.05043   0.05393   0.03495   0.00113   0.04597   0.06318   0.02057   0.02074   0.06401   0.10199   0.00497   0.07175   0.08226  
  2 1206.1671   3527.722328  x:  0.02836   0.03456   0.05915   0.01303   0.02675   0.01577   0.01687   0.00585   0.02359   0.00024   0.01613   0.01987   0.02316   0.26715   0.08667   0.12894   0.05000   0.05411   0.03475   0.00000   0.04569   0.06332   0.02079   0.02036   0.06470   0.10208   0.00361   0.07205   0.08205  
  3 13726.3597   3521.626804  x:  0.02704   0.03574   0.05776   0.01307   0.02463   0.01178   0.01602   0.00371   0.02094   0.00025   0.01409   0.01923   0.02255   0.26549   0.08662   0.13068   0.04903   0.05447   0.03367   0.00000   0.04516   0.06355   0.02089   0.01993   0.06596   0.10233   0.00000   0.07270   0.08149  
  4 1453.8045   3512.040312  x:  0.02571   0.03874   0.05390   0.01302   0.01992   0.00000   0.01474   0.00787   0.01489   0.00030   0.01093   0.01845   0.02163   0.26064   0.08654   0.13521   0.04666   0.05531   0.03145   0.00000   0.04391   0.06411   0.02108   0.01935   0.06878   0.10295   0.00000   0.07426   0.08015  
  5 1976.9389   3502.297173  x:  0.02604   0.05177   0.02118   0.01355   0.01151   0.00000   0.02055   0.00611   0.00561   0.00049   0.03653   0.02844   0.02810   0.21624   0.08607   0.16390   0.03513   0.05866   0.02430   0.00000   0.03875   0.06644   0.01999   0.02435   0.07819   0.10672   0.00000   0.08110   0.07274  
  6 412.5183   3498.804652  x:  0.02480   0.05853   0.00770   0.01312   0.01080   0.00000   0.01815   0.00665   0.01645   0.00057   0.03821   0.02820   0.02821   0.19115   0.08590   0.17663   0.03230   0.05994   0.02194   0.00000   0.03735   0.06725   0.02047   0.02282   0.08148   0.10828   0.00000   0.08356   0.06998  
  7 627.0928   3489.595468  x:  0.01962   0.07763   0.01664   0.01409   0.03065   0.00000   0.01381   0.00697   0.01636   0.00079   0.04047   0.02526   0.02919   0.09183   0.08566   0.20938   0.03867   0.06082   0.02632   0.00000   0.03976   0.06740   0.02077   0.01761   0.08023   0.11152   0.00000   0.08518   0.06700  
  8 415.1343   3486.997275  x:  0.02071   0.07261   0.01620   0.01169   0.02608   0.00000   0.02030   0.00646   0.01656   0.00083   0.03723   0.02269   0.02588   0.05846   0.08556   0.21182   0.04102   0.05894   0.02888   0.00000   0.04120   0.06635   0.02064   0.02304   0.07598   0.11085   0.00000   0.08252   0.06987  
  9 360.4366   3486.509904  x:  0.02157   0.06867   0.01627   0.01535   0.02322   0.00000   0.01738   0.00644   0.01641   0.00087   0.03750   0.02430   0.02663   0.05055   0.08551   0.21045   0.04073   0.05820   0.02863   0.00000   0.04120   0.06599   0.02042   0.02108   0.07464   0.11028   0.00000   0.08139   0.07088  
 10 149.2726   3486.396045  x:  0.02165   0.06721   0.01672   0.01322   0.02242   0.00000   0.01594   0.00643   0.01634   0.00088   0.03794   0.02502   0.02743   0.04864   0.08548   0.20970   0.04026   0.05813   0.02798   0.00000   0.04100   0.06598   0.02055   0.01990   0.07460   0.11006   0.00000   0.08117   0.07095  
 11 70.8503   3486.326312  x:  0.02200   0.06621   0.01814   0.01346   0.02252   0.00000   0.01697   0.00641   0.01692   0.00091   0.03772   0.02460   0.02839   0.04772   0.08549   0.20847   0.03895   0.05890   0.02594   0.00000   0.04034   0.06643   0.02107   0.01983   0.07626   0.10981   0.00000   0.08167   0.06997  
 12 15.8224   3486.176252  x:  0.02241   0.06460   0.01775   0.01341   0.02437   0.00000   0.01561   0.00632   0.01655   0.00101   0.03727   0.02406   0.02731   0.04696   0.08554   0.20578   0.03833   0.06037   0.02548   0.00000   0.04023   0.06710   0.01907   0.02157   0.07853   0.10945   0.00000   0.08273   0.06842  
 13 16.0055   3485.713557  x:  0.02238   0.06326   0.01523   0.01339   0.02674   0.00000   0.01625   0.00580   0.01508   0.00134   0.03609   0.02429   0.02421   0.04638   0.08571   0.19950   0.03899   0.06242   0.02809   0.00000   0.04079   0.06785   0.02293   0.01930   0.08116   0.10896   0.00000   0.08488   0.06643  
 14 31.8752   3483.429076  x:  0.02123   0.07369   0.01694   0.01319   0.01795   0.00000   0.01894   0.00281   0.01672   0.00295   0.02948   0.02514   0.02864   0.04858   0.08640   0.18239   0.04187   0.06107   0.03494   0.00000   0.04056   0.06713   0.01752   0.01636   0.08009   0.10934   0.00000   0.08912   0.06762  
 15 42.7551   3482.406419  x:  0.02100   0.07648   0.01794   0.01342   0.01631   0.00000   0.01532   0.00155   0.01697   0.00371   0.02673   0.02446   0.03012   0.05069   0.08628   0.17886   0.04182   0.05824   0.03313   0.00000   0.03997   0.06612   0.02231   0.02187   0.07668   0.10975   0.00000   0.08751   0.07022  
 16 115.1581   3481.645131  x:  0.02195   0.07406   0.01715   0.01339   0.01872   0.00000   0.01630   0.00077   0.01601   0.00422   0.02465   0.02223   0.02771   0.05334   0.08578   0.18146   0.04064   0.05529   0.02760   0.00000   0.03982   0.06509   0.02091   0.01962   0.07261   0.10998   0.00000   0.08245   0.07347  
 17 89.4281   3481.513138  x:  0.02189   0.07156   0.01927   0.01343   0.01685   0.00000   0.01604   0.00066   0.01688   0.00431   0.02556   0.02183   0.02595   0.05452   0.08585   0.18534   0.04122   0.05681   0.02851   0.00000   0.04078   0.06541   0.02095   0.01951   0.07391   0.10985   0.00000   0.08094   0.07344  
 18 36.4075   3481.492532  x:  0.02199   0.07033   0.01911   0.01343   0.01708   0.00000   0.01611   0.00062   0.01680   0.00433   0.02492   0.02162   0.02718   0.05480   0.08601   0.18650   0.04154   0.05680   0.02936   0.00000   0.04051   0.06535   0.02099   0.01957   0.07429   0.10962   0.00000   0.08110   0.07349  
 19 15.0986   3481.465237  x:  0.02202   0.06951   0.01957   0.01341   0.01712   0.00000   0.01620   0.00061   0.01699   0.00434   0.02464   0.02238   0.02653   0.05501   0.08656   0.18742   0.04178   0.05552   0.02944   0.00000   0.03939   0.06510   0.02093   0.01964   0.07428   0.10896   0.00000   0.08283   0.07350  
 20  4.8154   3481.381265  x:  0.02184   0.06852   0.01974   0.01349   0.01667   0.00000   0.01585   0.00070   0.01689   0.00437   0.02551   0.01993   0.02649   0.05537   0.08754   0.18814   0.04215   0.05449   0.02913   0.00000   0.03991   0.06502   0.02101   0.01928   0.07349   0.10775   0.00000   0.08517   0.07361  
 21  8.2277   3480.675997  x:  0.02140   0.06471   0.02000   0.01344   0.01654   0.00000   0.01655   0.00085   0.01676   0.00465   0.01995   0.02354   0.02775   0.05785   0.09110   0.19286   0.04211   0.05743   0.02564   0.00000   0.04869   0.06606   0.02088   0.01981   0.06909   0.10250   0.00000   0.08840   0.07488  
 22 16.2219   3478.434409  x:  0.01716   0.05696   0.02180   0.01350   0.01627   0.00000   0.01689   0.00182   0.01642   0.00544   0.01081   0.02340   0.02698   0.06383   0.08933   0.19969   0.03876   0.05813   0.02982   0.00000   0.03916   0.06365   0.02057   0.01972   0.07017   0.10152   0.00000   0.07325   0.07846  
 23 34.6769   3478.265808  x:  0.01720   0.05555   0.02168   0.01351   0.01592   0.00000   0.01696   0.00189   0.01635   0.00551   0.01009   0.02381   0.02733   0.06429   0.08638   0.20005   0.04261   0.05564   0.02811   0.00000   0.04039   0.06429   0.02054   0.01974   0.07270   0.10581   0.00000   0.07314   0.07910  
 24 39.5608   3478.252732  x:  0.01723   0.05514   0.02190   0.01351   0.01599   0.00000   0.01697   0.00189   0.01640   0.00551   0.00995   0.02377   0.02726   0.06435   0.08551   0.20020   0.04162   0.05580   0.02851   0.00000   0.04059   0.06432   0.02053   0.01974   0.07221   0.10736   0.00000   0.07396   0.07940  
 25 10.2644   3478.245345  x:  0.01724   0.05503   0.02185   0.01351   0.01593   0.00000   0.01696   0.00189   0.01637   0.00551   0.00996   0.02372   0.02725   0.06435   0.08574   0.20017   0.04218   0.05672   0.02820   0.00000   0.03999   0.06411   0.02053   0.01972   0.07174   0.10792   0.00000   0.07427   0.07953  
 26  1.8310   3477.938694  x:  0.01499   0.05530   0.02148   0.01352   0.01563   0.00000   0.01677   0.00185   0.01581   0.00548   0.00924   0.02347   0.02684   0.06391   0.09653   0.19814   0.04079   0.05570   0.02848   0.00000   0.04090   0.06369   0.02054   0.01966   0.07361   0.11406   0.00000   0.07403   0.07934  
 27  1.6537   3476.456252  x:  0.00634   0.05885   0.01968   0.01359   0.01306   0.00000   0.01596   0.00163   0.01352   0.00535   0.00659   0.02192   0.02538   0.06271   0.09132   0.19225   0.04026   0.05664   0.02882   0.00000   0.03968   0.06828   0.02052   0.01935   0.07428   0.10858   0.00000   0.07842   0.07592  
 28 11.3365   3476.408644  x:  0.00605   0.05912   0.01961   0.01360   0.01311   0.00000   0.01592   0.00162   0.01345   0.00535   0.00660   0.02189   0.02527   0.06263   0.09065   0.19196   0.03997   0.05707   0.02863   0.00000   0.04038   0.06464   0.02052   0.01934   0.07560   0.10797   0.00000   0.07895   0.07701  
 29 20.7203   3476.360892  x:  0.00610   0.05954   0.01949   0.01359   0.01331   0.00000   0.01582   0.00164   0.01333   0.00534   0.00680   0.02178   0.02504   0.06255   0.09082   0.19166   0.03965   0.05770   0.02849   0.00000   0.04000   0.06630   0.02055   0.01926   0.07706   0.10738   0.00000   0.07953   0.08081  
 30  0.5473   3474.765171  x:  0.01370   0.06407   0.01707   0.01345   0.00956   0.00000   0.01360   0.00162   0.00916   0.00497   0.00524   0.01924   0.02185   0.06304   0.08790   0.18772   0.03632   0.05988   0.02395   0.00000   0.03876   0.06546   0.02092   0.01809   0.08260   0.10578   0.00000   0.08368   0.07527  
 31  2.2151   3474.312391  x:  0.01287   0.06429   0.01664   0.01340   0.00918   0.00000   0.01279   0.00169   0.00764   0.00460   0.00837   0.01845   0.02073   0.06363   0.08627   0.18898   0.03531   0.05990   0.02346   0.00000   0.03788   0.06617   0.02106   0.01763   0.08443   0.10798   0.00000   0.08415   0.07105  
 32  0.0481   3474.114275  x:  0.01292   0.06595   0.01718   0.01328   0.01210   0.00000   0.01298   0.00185   0.00751   0.00430   0.00815   0.01798   0.02022   0.06285   0.08558   0.19486   0.03528   0.06068   0.02365   0.00000   0.03749   0.06698   0.02129   0.01796   0.08659   0.10881   0.00000   0.08480   0.06925  
 33  0.0164   3474.001941  x:  0.01248   0.06652   0.01786   0.01321   0.01097   0.00000   0.01371   0.00209   0.00836   0.00387   0.00825   0.01854   0.02124   0.06164   0.08541   0.20026   0.03544   0.06103   0.02455   0.00000   0.03729   0.06780   0.02133   0.01841   0.08854   0.10972   0.00000   0.08500   0.06952  
 34  0.0085   3473.918756  x:  0.01208   0.06547   0.01756   0.01336   0.01065   0.00000   0.01337   0.00239   0.00736   0.00314   0.00791   0.01872   0.02154   0.06192   0.08615   0.20091   0.03532   0.06085   0.02373   0.00000   0.03765   0.06822   0.02125   0.01814   0.08933   0.10935   0.00000   0.08476   0.07088  
 35  0.0019   3473.871905  x:  0.01225   0.06522   0.01799   0.01340   0.01081   0.00000   0.01319   0.00257   0.00807   0.00263   0.00791   0.01829   0.02077   0.06246   0.08607   0.19877   0.03528   0.06046   0.02342   0.00000   0.03785   0.06766   0.02121   0.01809   0.08856   0.10881   0.00000   0.08465   0.07064  
 36  0.0028   3473.863473  x:  0.01234   0.06593   0.01784   0.01329   0.01089   0.00000   0.01333   0.00258   0.00794   0.00259   0.00791   0.01819   0.02099   0.06251   0.08585   0.19783   0.03556   0.06032   0.02400   0.00000   0.03778   0.06734   0.02126   0.01817   0.08752   0.10892   0.00000   0.08456   0.07044  
 37  0.0020   3473.862832  x:  0.01237   0.06600   0.01791   0.01329   0.01091   0.00000   0.01329   0.00259   0.00796   0.00263   0.00792   0.01826   0.02099   0.06262   0.08585   0.19799   0.03552   0.06033   0.02387   0.00000   0.03777   0.06738   0.02130   0.01815   0.08718   0.10902   0.00000   0.08453   0.07048  
 38  0.0005   3473.862690  x:  0.01237   0.06592   0.01794   0.01330   0.01090   0.00000   0.01333   0.00260   0.00794   0.00262   0.00792   0.01825   0.02096   0.06261   0.08590   0.19811   0.03550   0.06037   0.02387   0.00000   0.03777   0.06744   0.02130   0.01816   0.08709   0.10899   0.00000   0.08459   0.07047  
 39  0.0002   3473.862585  x:  0.01237   0.06589   0.01794   0.01331   0.01090   0.00000   0.01329   0.00263   0.00794   0.00262   0.00793   0.01825   0.02101   0.06261   0.08590   0.19810   0.03551   0.06039   0.02389   0.00000   0.03777   0.06744   0.02129   0.01816   0.08712   0.10896   0.00000   0.08463   0.07046  
 40  0.0001   3473.862519  x:  0.01237   0.06593   0.01792   0.01330   0.01091   0.00000   0.01331   0.00264   0.00794   0.00264   0.00793   0.01824   0.02098   0.06257   0.08588   0.19804   0.03552   0.06037   0.02388   0.00000   0.03777   0.06742   0.02129   0.01816   0.08715   0.10898   0.00000   0.08462   0.07047  
 41  0.0001   3473.862515  x:  0.01237   0.06594   0.01792   0.01330   0.01090   0.00000   0.01331   0.00265   0.00794   0.00264   0.00793   0.01825   0.02098   0.06257   0.08589   0.19802   0.03551   0.06037   0.02388   0.00000   0.03778   0.06742   0.02129   0.01816   0.08715   0.10898   0.00000   0.08461   0.07045  
 42  0.0000   3473.862515  x:  0.01237   0.06594   0.01792   0.01330   0.01090   0.00000   0.01331   0.00265   0.00794   0.00264   0.00793   0.01825   0.02098   0.06257   0.08589   0.19803   0.03551   0.06037   0.02388   0.00000   0.03778   0.06742   0.02129   0.01816   0.08715   0.10898   0.00000   0.08461   0.07046  
 43  0.0000   3473.862515  x:  0.01237   0.06594   0.01792   0.01330   0.01090   0.00000   0.01331   0.00265   0.00794   0.00264   0.00793   0.01825   0.02098   0.06257   0.08589   0.19803   0.03551   0.06037   0.02388   0.00000   0.03778   0.06742   0.02129   0.01816   0.08715   0.10898   0.00000   0.08461   0.07046  
 44  0.0000   3473.862515  x:  0.01237   0.06594   0.01792   0.01330   0.01090   0.00000   0.01331   0.00265   0.00794   0.00264   0.00793   0.01825   0.02098   0.06257   0.08589   0.19803   0.03551   0.06037   0.02388   0.00000   0.03778   0.06742   0.02129   0.01816   0.08715   0.10898   0.00000   0.08461   0.07046  
 45  0.0000   3473.862515  x:  0.01237   0.06594   0.01792   0.01330   0.01090   0.00000   0.01331   0.00265   0.00794   0.00264   0.00793   0.01825   0.02098   0.06257   0.08589   0.19803   0.03551   0.06037   0.02388   0.00000   0.03778   0.06742   0.02129   0.01816   0.08715   0.10898   0.00000   0.08461   0.07046  