

TREE # 1

  0  0.0000  12709.929229  x:  0.00000   0.05741   0.05809   0.02389   0.05947   0.05288   0.02923   0.03127   0.05252   0.02067   0.04143   0.02811   0.02604   0.06716   0.09962   0.20407   0.06973   0.05654   0.05931   0.02699   0.06512   0.07354   0.02427   0.02719   0.06870   0.11456   0.03371   0.07731   0.14657   2.00000   0.90000   0.29673   1.19979   2.14479  
  1 99.0000  12487.671936  x:  0.03088   0.07607   0.04833   0.01120   0.03522   0.02067   0.00540   0.00000   0.02056   0.00538   0.01471   0.01680   0.02186   0.08722   0.12905   0.22864   0.06817   0.06545   0.05197   0.00632   0.05159   0.08512   0.03136   0.02741   0.09861   0.12038   0.01421   0.08646   0.15793   2.00280   0.91200   0.30907   1.19793   2.14314  
  2 3011.2382  12471.667338  x:  0.03574   0.07904   0.04677   0.00920   0.03134   0.01550   0.00168   0.00040   0.01545   0.00303   0.01044   0.01502   0.02120   0.09041   0.13374   0.23257   0.06792   0.06687   0.05079   0.00303   0.04942   0.08696   0.03247   0.02745   0.10337   0.12131   0.01110   0.08792   0.15974   2.00325   0.91392   0.31105   1.19763   2.14287  
  3 28814.7297  12442.285416  x:  0.03924   0.08194   0.04499   0.00808   0.02699   0.00931   0.00483   0.00053   0.00938   0.00546   0.00609   0.01374   0.02075   0.09362   0.13854   0.23693   0.06757   0.06826   0.04928   0.00000   0.04699   0.08880   0.03330   0.02739   0.10811   0.12233   0.00790   0.08945   0.16173   2.00378   0.91629   0.31330   1.19729   2.14256  
  4 9576.7432  12417.113629  x:  0.03837   0.08428   0.04275   0.01104   0.02193   0.00055   0.00341   0.00056   0.00132   0.00893   0.00543   0.01496   0.02115   0.09652   0.14315   0.24228   0.06696   0.06937   0.04691   0.00447   0.04420   0.09044   0.03306   0.02701   0.11223   0.12365   0.00600   0.09111   0.16411   2.00457   0.91991   0.31624   1.19684   2.14214  
  5 4486.5012  12391.528102  x:  0.02987   0.09024   0.03582   0.01783   0.00764   0.00420   0.00707   0.00063   0.00073   0.00469   0.01151   0.01986   0.02265   0.10448   0.15641   0.25967   0.06479   0.07215   0.03869   0.00963   0.03505   0.09479   0.03098   0.02575   0.12340   0.12759   0.00220   0.09608   0.17174   2.00733   0.93258   0.32621   1.19532   2.14073  
  6 2021.4413  12384.398696  x:  0.02513   0.09306   0.03265   0.01988   0.00416   0.00290   0.00661   0.00064   0.00623   0.00611   0.01278   0.02162   0.02312   0.10831   0.16287   0.26848   0.06372   0.07345   0.03471   0.01090   0.03066   0.09686   0.02999   0.02528   0.12875   0.12951   0.00150   0.09853   0.17558   2.00876   0.93902   0.33139   1.19451   2.14003  
  7 5798.9042  12360.121527  x:  0.00770   0.10082   0.02410   0.02355   0.01554   0.00329   0.00634   0.00063   0.00939   0.00690   0.01596   0.02615   0.02405   0.11922   0.18173   0.29584   0.06044   0.07696   0.02299   0.01110   0.01807   0.10269   0.02678   0.02428   0.14387   0.13524   0.00370   0.10582   0.18742   2.01335   0.95914   0.34801   1.19191   2.13786  
  8 4823.5466  12353.127247  x:  0.00000   0.10111   0.02640   0.02110   0.01383   0.00377   0.00521   0.00058   0.00828   0.00763   0.01521   0.02496   0.02363   0.12008   0.18454   0.30384   0.05973   0.07675   0.02421   0.00929   0.02022   0.10319   0.02633   0.02525   0.14487   0.13642   0.00639   0.10680   0.19041   2.01506   0.96412   0.35424   1.19083   2.13732  
  9 1133.9895  12343.887022  x:  0.00327   0.09898   0.03467   0.01881   0.01498   0.00202   0.00786   0.00066   0.00975   0.00561   0.01824   0.02427   0.02313   0.11844   0.18931   0.32891   0.05766   0.07405   0.03392   0.01318   0.02782   0.10218   0.02399   0.02722   0.14164   0.13945   0.01107   0.10761   0.19873   2.02120   0.97811   0.37583   1.18695   2.13572  
 10 977.0824  12340.393131  x:  0.00551   0.09675   0.03646   0.01875   0.01543   0.00585   0.00549   0.00066   0.00892   0.01016   0.01923   0.02420   0.02339   0.11633   0.19023   0.34139   0.05728   0.07259   0.03672   0.01328   0.02914   0.10087   0.02454   0.02726   0.13821   0.14047   0.00815   0.10697   0.20228   2.02471   0.98128   0.38796   1.18461   2.13501  
 11 1242.3926  12333.777829  x:  0.00340   0.09097   0.03648   0.01972   0.01656   0.00427   0.00563   0.00062   0.00935   0.00845   0.01809   0.02418   0.02435   0.11068   0.18881   0.36180   0.05788   0.07011   0.03769   0.01215   0.02872   0.09745   0.02726   0.02632   0.12942   0.14134   0.00000   0.10460   0.20717   2.03138   0.97989   0.41023   1.18010   2.13400  
 12 1295.9233  12328.050970  x:  0.00429   0.08381   0.03302   0.02199   0.01512   0.00343   0.00548   0.00059   0.00885   0.00727   0.01549   0.02449   0.02569   0.10336   0.18630   0.38707   0.05946   0.06773   0.03589   0.00937   0.02474   0.09306   0.03148   0.02421   0.11823   0.14198   0.00380   0.10161   0.21278   2.04033   0.97413   0.43897   1.17413   2.13282  
 13 2297.4583  12326.253909  x:  0.00525   0.08535   0.03152   0.01873   0.01507   0.00383   0.00575   0.00060   0.00881   0.00750   0.01568   0.02414   0.02304   0.10290   0.18206   0.39329   0.06223   0.07029   0.03101   0.01153   0.02741   0.09415   0.02596   0.02698   0.11741   0.14108   0.00383   0.10173   0.21192   2.04637   0.96953   0.44951   1.17170   2.13249  
 14 303.6130  12324.802765  x:  0.00554   0.09202   0.03553   0.02076   0.01562   0.00356   0.00580   0.00061   0.00914   0.00767   0.01735   0.02466   0.02673   0.10540   0.17271   0.39600   0.06513   0.07437   0.02981   0.01068   0.02892   0.09777   0.02796   0.02717   0.12038   0.13883   0.00405   0.10342   0.20697   2.05882   0.96697   0.46163   1.16869   2.13207  
 15 206.5581  12323.860132  x:  0.00477   0.09495   0.03358   0.02014   0.01562   0.00390   0.00594   0.00062   0.00920   0.00761   0.01660   0.02520   0.02311   0.10728   0.16612   0.39473   0.06430   0.07432   0.03409   0.01178   0.02644   0.09942   0.02850   0.02503   0.12280   0.13805   0.00403   0.10483   0.20222   2.07273   0.96761   0.47012   1.16643   2.13174  
 16 208.4032  12322.671749  x:  0.00498   0.09353   0.02963   0.02009   0.01511   0.00362   0.00568   0.00060   0.00886   0.00739   0.01586   0.02439   0.02628   0.10874   0.16188   0.38896   0.06062   0.07109   0.03457   0.01067   0.02536   0.09900   0.02647   0.02886   0.12502   0.13840   0.00405   0.10564   0.19623   2.09877   0.97164   0.48032   1.16347   2.13124  
 17 228.4453  12320.497066  x:  0.00612   0.08875   0.03214   0.01923   0.01458   0.00325   0.00565   0.00059   0.00855   0.00727   0.01610   0.02356   0.02410   0.11020   0.16323   0.37628   0.05770   0.06834   0.02707   0.01031   0.02686   0.09662   0.02752   0.02449   0.12768   0.13996   0.00421   0.10527   0.18907   2.15314   0.97706   0.49627   1.15849   2.13043  
 18 424.4501  12316.408429  x:  0.00509   0.08624   0.03550   0.02126   0.01519   0.00409   0.00591   0.00060   0.00910   0.00721   0.01459   0.02651   0.02172   0.11015   0.18014   0.35250   0.06511   0.07543   0.03143   0.01165   0.02468   0.09373   0.02900   0.03061   0.12879   0.14190   0.00442   0.10233   0.18669   2.27385   0.97429   0.52062   1.14994   2.12911  
 19 580.8619  12314.091489  x:  0.00429   0.08831   0.03276   0.01995   0.01555   0.00353   0.00586   0.00061   0.00912   0.00756   0.01740   0.02456   0.02635   0.10941   0.18805   0.34263   0.06628   0.07709   0.03575   0.01099   0.02692   0.09501   0.02537   0.02470   0.12795   0.14206   0.00434   0.10208   0.19023   2.34303   0.96943   0.52952   1.14623   2.12855  
 20 1012.2305  12310.903412  x:  0.00432   0.09570   0.02987   0.01918   0.01615   0.00365   0.00630   0.00063   0.00948   0.00788   0.01966   0.02256   0.02465   0.10745   0.18983   0.33774   0.05956   0.07208   0.03450   0.01254   0.03123   0.10127   0.03208   0.02747   0.12382   0.14032   0.00428   0.10539   0.20328   2.44786   0.96237   0.53025   1.14376   2.12804  
 21 685.7531  12307.210067  x:  0.00497   0.09998   0.03615   0.02168   0.01532   0.00379   0.00539   0.00059   0.00894   0.00750   0.01525   0.02723   0.02331   0.10574   0.18393   0.33920   0.05546   0.06779   0.03237   0.00942   0.02732   0.10488   0.02568   0.02740   0.11869   0.13828   0.00385   0.10864   0.21765   2.56854   0.95835   0.52288   1.14294   2.12762  
 22 1191.0877  12301.682628  x:  0.00601   0.09373   0.03500   0.01601   0.01435   0.00437   0.00548   0.00057   0.00833   0.00730   0.01291   0.02180   0.02628   0.10624   0.16740   0.35423   0.06534   0.07316   0.02988   0.01230   0.02259   0.10085   0.02784   0.02633   0.11857   0.13780   0.00340   0.10867   0.23056   2.75325   0.96017   0.49989   1.14450   2.12712  
 23 1108.5752  12299.344913  x:  0.00636   0.08987   0.03117   0.02019   0.01425   0.00305   0.00477   0.00055   0.00806   0.00737   0.01513   0.02361   0.02284   0.10725   0.16251   0.36484   0.06777   0.07510   0.03063   0.00724   0.02784   0.09749   0.02789   0.02620   0.12191   0.13817   0.00339   0.10648   0.23013   2.83194   0.95816   0.48798   1.14542   2.12702  
 24 1266.9137  12296.837872  x:  0.00594   0.08811   0.03337   0.01946   0.01508   0.00454   0.00514   0.00056   0.00868   0.00737   0.01191   0.02506   0.02486   0.10941   0.16498   0.38372   0.06207   0.07240   0.03213   0.01042   0.03010   0.09332   0.02839   0.02580   0.12807   0.13958   0.00364   0.10119   0.21639   2.91884   0.94692   0.47217   1.14636   2.12718  
 25 644.0358  12296.144345  x:  0.00580   0.08838   0.03510   0.01817   0.01497   0.00350   0.00508   0.00057   0.00846   0.00769   0.01577   0.02350   0.02410   0.10887   0.16662   0.38959   0.06075   0.07144   0.03242   0.00933   0.02755   0.09308   0.02804   0.02677   0.12744   0.13983   0.00369   0.10058   0.21008   2.94328   0.94421   0.46720   1.14655   2.12718  
 26 588.7140  12295.654060  x:  0.00572   0.09022   0.03432   0.01950   0.01489   0.00376   0.00499   0.00056   0.00844   0.00752   0.01448   0.02190   0.02375   0.10622   0.16931   0.39420   0.06192   0.07158   0.03183   0.00922   0.02785   0.09594   0.02776   0.02640   0.12260   0.13969   0.00368   0.10278   0.20218   2.95998   0.94550   0.46294   1.14647   2.12696  
 27 190.3717  12295.592077  x:  0.00576   0.09051   0.03397   0.01857   0.01479   0.00363   0.00495   0.00056   0.00836   0.00752   0.01455   0.02328   0.02404   0.10582   0.16970   0.39478   0.06217   0.07163   0.03171   0.00904   0.02800   0.09634   0.02808   0.02630   0.12172   0.13950   0.00368   0.10312   0.20105   2.96206   0.94589   0.46233   1.14632   2.12688  
 28 92.9896  12295.523109  x:  0.00573   0.09156   0.03367   0.01853   0.01473   0.00360   0.00492   0.00055   0.00832   0.00748   0.01442   0.02313   0.02395   0.10696   0.17034   0.39523   0.06200   0.07167   0.03152   0.00903   0.02803   0.09490   0.02804   0.02625   0.12089   0.13586   0.00370   0.10208   0.20090   2.96274   0.94666   0.46140   1.14238   2.12563  
 29  7.2173  12294.269361  x:  0.00613   0.08563   0.03450   0.01780   0.01454   0.00350   0.00455   0.00052   0.00809   0.00739   0.01374   0.02266   0.02398   0.10344   0.17431   0.40123   0.06205   0.07223   0.03220   0.00850   0.02742   0.10285   0.02841   0.02639   0.12857   0.12646   0.00357   0.10413   0.20284   2.96874   0.94621   0.44301   1.05600   2.09904  
 30 28.2592  12290.231419  x:  0.00716   0.09465   0.03457   0.01565   0.01375   0.00306   0.00326   0.00042   0.00725   0.00695   0.01126   0.02119   0.02387   0.10868   0.18107   0.41704   0.06328   0.07361   0.03176   0.00556   0.02794   0.10002   0.02985   0.02686   0.13308   0.13854   0.00325   0.10652   0.20874   2.98603   0.94558   0.38680   0.79456   2.01880  
 31 562.9350  12290.178281  x:  0.00721   0.09337   0.03463   0.01568   0.01377   0.00306   0.00325   0.00042   0.00726   0.00696   0.01128   0.02118   0.02386   0.11168   0.18123   0.41728   0.06327   0.07370   0.03193   0.00552   0.02801   0.10149   0.02991   0.02689   0.13178   0.13888   0.00326   0.10648   0.20880   2.98622   0.94516   0.38629   0.79194   2.01819  
 32 29.8067  12289.090192  x:  0.00748   0.09347   0.03475   0.01521   0.01362   0.00285   0.00301   0.00039   0.00706   0.00682   0.01075   0.02083   0.02391   0.11587   0.18629   0.41817   0.06090   0.07748   0.03226   0.00487   0.02836   0.09759   0.03026   0.02696   0.13483   0.13889   0.00304   0.11842   0.20968   2.98346   0.94184   0.41744   0.90176   2.08085  
 33  5.6011  12287.765399  x:  0.00757   0.09869   0.03392   0.01453   0.01320   0.00235   0.00270   0.00036   0.00672   0.00643   0.00984   0.02043   0.02365   0.11769   0.19116   0.41891   0.06407   0.07454   0.03126   0.00375   0.02760   0.10419   0.03022   0.02699   0.13988   0.14205   0.00340   0.10906   0.21109   2.98027   0.94258   0.45457   1.03336   2.15585  
 34 491.1003  12287.756788  x:  0.00758   0.09866   0.03389   0.01451   0.01319   0.00234   0.00270   0.00036   0.00671   0.00642   0.00981   0.02041   0.02364   0.11747   0.19108   0.41891   0.06317   0.07564   0.03124   0.00372   0.02756   0.10437   0.03022   0.02698   0.13969   0.14217   0.00341   0.10861   0.21111   2.98037   0.94275   0.45465   1.03351   2.15644  
 35  3.8901  12285.254296  x:  0.00545   0.10475   0.03314   0.01539   0.01321   0.00000   0.00469   0.00044   0.00616   0.00637   0.00958   0.02089   0.02377   0.12125   0.20219   0.43662   0.06411   0.07992   0.03174   0.00533   0.02826   0.10787   0.03044   0.02758   0.14495   0.14553   0.00367   0.11219   0.22106   3.06278   0.95475   0.46072   0.92965   2.49722  
 36  3.3591  12281.266495  x:  0.00365   0.11112   0.03265   0.01638   0.01340   0.00029   0.00649   0.00052   0.00553   0.00688   0.00837   0.02118   0.02387   0.12526   0.21323   0.45294   0.06501   0.08430   0.03239   0.00795   0.02942   0.11165   0.03072   0.02826   0.15059   0.14925   0.00406   0.11530   0.23060   3.14679   0.96494   0.46980   0.84316   2.80037  
 37  3.8008  12277.758405  x:  0.00494   0.10747   0.03700   0.01422   0.01321   0.00035   0.00611   0.00053   0.00438   0.00799   0.00755   0.01918   0.02315   0.12559   0.20585   0.43482   0.06358   0.07991   0.03417   0.00707   0.03192   0.10802   0.03091   0.02880   0.14935   0.15189   0.00431   0.11119   0.21754   3.18393   0.92727   0.51076   1.18153   1.88225  
 38  5.0541  12275.354752  x:  0.00326   0.11069   0.03805   0.01619   0.01315   0.00034   0.00752   0.00067   0.00180   0.01036   0.00813   0.01998   0.02359   0.12827   0.21319   0.44788   0.06403   0.08177   0.03572   0.00584   0.03311   0.10929   0.03091   0.02937   0.15308   0.15439   0.00466   0.11384   0.22317   3.32472   0.92129   0.53914   1.22969   1.87712  
 39  0.2091  12274.745622  x:  0.00308   0.10823   0.03734   0.01695   0.01387   0.00036   0.00743   0.00070   0.00203   0.01093   0.00899   0.02084   0.02405   0.12605   0.21061   0.44949   0.06401   0.08045   0.03545   0.00368   0.03197   0.10825   0.03073   0.02879   0.15058   0.15124   0.00439   0.11401   0.22317   3.32444   0.92291   0.53566   1.21172   1.98738  
 40  0.1677  12274.152996  x:  0.00265   0.10679   0.03658   0.01599   0.01550   0.00039   0.00832   0.00078   0.00236   0.01187   0.00704   0.02055   0.02410   0.12476   0.20947   0.45193   0.06394   0.07962   0.03508   0.00377   0.03161   0.10795   0.03103   0.02829   0.14926   0.14907   0.00412   0.11396   0.22340   3.33939   0.91396   0.55669   1.28822   1.86399  
 41  0.1235  12273.953840  x:  0.00280   0.10712   0.03618   0.01485   0.01615   0.00041   0.00881   0.00084   0.00232   0.01254   0.00833   0.01982   0.02394   0.12478   0.20931   0.45211   0.06402   0.08003   0.03453   0.00404   0.03137   0.10839   0.03130   0.02830   0.14949   0.14924   0.00412   0.11346   0.22392   3.32563   0.90963   0.57116   1.34403   1.81982  
 42  0.0988  12273.811725  x:  0.00306   0.10819   0.03592   0.01527   0.01627   0.00043   0.00929   0.00090   0.00205   0.01296   0.00792   0.01970   0.02378   0.12538   0.20976   0.45272   0.06425   0.08082   0.03391   0.00407   0.03099   0.10896   0.03119   0.02868   0.15020   0.15023   0.00419   0.11351   0.22455   3.29753   0.90856   0.58281   1.38876   1.86620  
 43  0.0636  12273.711842  x:  0.00349   0.10820   0.03623   0.01591   0.01635   0.00046   0.00949   0.00095   0.00201   0.01314   0.00781   0.01993   0.02379   0.12548   0.20886   0.45024   0.06440   0.08084   0.03383   0.00355   0.03099   0.10868   0.03107   0.02893   0.15014   0.15078   0.00423   0.11346   0.22346   3.26697   0.90302   0.59518   1.45750   1.77819  
 44  0.1625  12273.596938  x:  0.00360   0.10854   0.03662   0.01577   0.01623   0.00051   0.00984   0.00102   0.00246   0.01295   0.00774   0.02032   0.02401   0.12584   0.20915   0.44922   0.06451   0.08087   0.03449   0.00422   0.03158   0.10860   0.03103   0.02885   0.15041   0.15117   0.00432   0.11382   0.22290   3.23827   0.89769   0.60771   1.53360   1.74695  
 45  0.0526  12273.418115  x:  0.00347   0.10730   0.03653   0.01467   0.01516   0.00061   0.01008   0.00112   0.00211   0.01257   0.00774   0.02009   0.02414   0.12484   0.20870   0.44973   0.06434   0.07993   0.03515   0.00381   0.03198   0.10765   0.03098   0.02820   0.14918   0.14946   0.00432   0.11408   0.22230   3.24231   0.88823   0.62459   1.65231   1.68579  
 46  0.0659  12273.274557  x:  0.00326   0.10753   0.03667   0.01610   0.01477   0.00071   0.01025   0.00124   0.00226   0.01228   0.00808   0.01948   0.02371   0.12493   0.20983   0.45202   0.06436   0.08043   0.03469   0.00375   0.03185   0.10837   0.03128   0.02857   0.14969   0.14981   0.00434   0.11313   0.22347   3.28116   0.87829   0.64911   1.77863   1.64590  
 47  0.0678  12273.156717  x:  0.00357   0.10833   0.03617   0.01548   0.01476   0.00081   0.01005   0.00136   0.00224   0.01227   0.00782   0.02076   0.02379   0.12532   0.20997   0.45222   0.06454   0.08113   0.03342   0.00409   0.03099   0.10908   0.03121   0.02897   0.15031   0.15039   0.00427   0.11333   0.22444   3.29681   0.86913   0.68044   1.92072   1.60503  
 48  0.0654  12273.052633  x:  0.00359   0.10874   0.03572   0.01534   0.01506   0.00089   0.00922   0.00143   0.00227   0.01213   0.00783   0.02010   0.02422   0.12542   0.20976   0.45145   0.06464   0.08107   0.03353   0.00399   0.03079   0.10884   0.03098   0.02867   0.15017   0.15020   0.00418   0.11431   0.22453   3.29030   0.86772   0.69825   1.99711   1.63216  
 49  0.0380  12272.988419  x:  0.00354   0.10870   0.03578   0.01538   0.01532   0.00097   0.00880   0.00151   0.00224   0.01211   0.00784   0.01961   0.02421   0.12541   0.20954   0.45057   0.06459   0.08081   0.03387   0.00400   0.03103   0.10852   0.03092   0.02846   0.14998   0.15006   0.00419   0.11435   0.22398   3.28023   0.86262   0.71867   2.09587   1.57450  
 50  0.1473  12272.950247  x:  0.00324   0.10849   0.03634   0.01562   0.01557   0.00100   0.00858   0.00155   0.00214   0.01215   0.00792   0.02014   0.02374   0.12538   0.20989   0.45159   0.06448   0.08076   0.03431   0.00402   0.03159   0.10857   0.03108   0.02864   0.14998   0.15022   0.00433   0.11350   0.22383   3.27751   0.86375   0.72306   2.11753   1.58442  
 51  0.0163  12272.924596  x:  0.00337   0.10773   0.03649   0.01546   0.01576   0.00106   0.00887   0.00167   0.00217   0.01223   0.00774   0.01992   0.02395   0.12505   0.20977   0.45293   0.06447   0.08072   0.03387   0.00409   0.03154   0.10847   0.03129   0.02884   0.14981   0.15017   0.00446   0.11330   0.22374   3.27247   0.86233   0.73240   2.17179   1.57288  
 52  0.0170  12272.904788  x:  0.00354   0.10784   0.03628   0.01545   0.01560   0.00112   0.00883   0.00176   0.00218   0.01206   0.00791   0.01999   0.02386   0.12521   0.20943   0.45183   0.06440   0.08053   0.03395   0.00394   0.03126   0.10830   0.03104   0.02852   0.14989   0.15010   0.00452   0.11377   0.22340   3.27563   0.86316   0.73524   2.19343   1.57804  
 53  0.0086  12272.885253  x:  0.00339   0.10858   0.03612   0.01556   0.01552   0.00114   0.00902   0.00184   0.00214   0.01211   0.00778   0.01996   0.02381   0.12551   0.20972   0.45012   0.06427   0.08058   0.03409   0.00406   0.03131   0.10859   0.03101   0.02861   0.15016   0.15010   0.00442   0.11322   0.22343   3.28508   0.86545   0.73345   2.16687   1.58057  
 54  0.0064  12272.831546  x:  0.00322   0.10830   0.03631   0.01539   0.01556   0.00111   0.00898   0.00191   0.00225   0.01229   0.00781   0.01991   0.02394   0.12523   0.20956   0.44817   0.06435   0.08056   0.03420   0.00386   0.03158   0.10843   0.03121   0.02883   0.14975   0.14987   0.00387   0.11370   0.22339   3.28448   0.87902   0.69528   1.92367   1.65371  
 55  0.0514  12272.791829  x:  0.00337   0.10757   0.03662   0.01541   0.01525   0.00110   0.00884   0.00198   0.00219   0.01220   0.00790   0.01999   0.02382   0.12519   0.20953   0.45111   0.06431   0.08051   0.03427   0.00396   0.03157   0.10823   0.03115   0.02861   0.14997   0.15025   0.00376   0.11415   0.22352   3.28187   0.88876   0.65489   1.71878   1.70389  
 56  0.0961  12272.775568  x:  0.00346   0.10757   0.03656   0.01550   0.01525   0.00115   0.00879   0.00204   0.00217   0.01208   0.00790   0.02003   0.02383   0.12531   0.20956   0.45326   0.06432   0.08057   0.03424   0.00400   0.03144   0.10833   0.03106   0.02853   0.15020   0.15040   0.00404   0.11398   0.22374   3.27907   0.88721   0.65412   1.74059   1.69908  
 57  0.0236  12272.761040  x:  0.00335   0.10817   0.03633   0.01558   0.01539   0.00116   0.00884   0.00211   0.00219   0.01211   0.00786   0.02005   0.02393   0.12553   0.20974   0.45373   0.06435   0.08074   0.03433   0.00396   0.03142   0.10866   0.03105   0.02865   0.15041   0.15038   0.00419   0.11364   0.22408   3.27952   0.89119   0.63205   1.63619   1.71952  
 58  0.0760  12272.756394  x:  0.00325   0.10840   0.03624   0.01551   0.01553   0.00117   0.00883   0.00212   0.00219   0.01211   0.00785   0.02000   0.02392   0.12550   0.20983   0.45211   0.06439   0.08076   0.03432   0.00392   0.03143   0.10868   0.03112   0.02870   0.15020   0.15025   0.00430   0.11369   0.22392   3.28049   0.88928   0.63605   1.66334   1.70975  
 59  0.0205  12272.755560  x:  0.00326   0.10822   0.03633   0.01549   0.01552   0.00117   0.00881   0.00213   0.00218   0.01210   0.00786   0.02000   0.02390   0.12544   0.20985   0.45177   0.06440   0.08072   0.03431   0.00394   0.03144   0.10861   0.03114   0.02867   0.15014   0.15031   0.00431   0.11377   0.22382   3.28116   0.88992   0.63168   1.64404   1.71298  
 60  0.0166  12272.755429  x:  0.00329   0.10815   0.03637   0.01551   0.01553   0.00117   0.00882   0.00213   0.00218   0.01209   0.00786   0.02001   0.02390   0.12543   0.20986   0.45165   0.06439   0.08071   0.03431   0.00395   0.03145   0.10859   0.03113   0.02866   0.15016   0.15035   0.00430   0.11373   0.22381   3.28219   0.88978   0.63220   1.64713   1.71238  
 61  0.0018  12272.755271  x:  0.00331   0.10820   0.03634   0.01550   0.01557   0.00117   0.00882   0.00213   0.00218   0.01209   0.00785   0.02000   0.02391   0.12546   0.20983   0.45169   0.06439   0.08072   0.03433   0.00394   0.03145   0.10862   0.03112   0.02867   0.15020   0.15032   0.00427   0.11372   0.22385   3.28282   0.89001   0.63074   1.64098   1.71402  
 62  0.0014  12272.754879  x:  0.00329   0.10823   0.03635   0.01549   0.01555   0.00116   0.00882   0.00214   0.00217   0.01206   0.00787   0.02001   0.02390   0.12544   0.20981   0.45180   0.06439   0.08072   0.03433   0.00395   0.03147   0.10860   0.03114   0.02867   0.15014   0.15030   0.00422   0.11381   0.22380   3.28148   0.88981   0.63148   1.64615   1.71291  
 63  0.0009  12272.753836  x:  0.00322   0.10823   0.03635   0.01554   0.01556   0.00114   0.00884   0.00217   0.00218   0.01205   0.00785   0.02002   0.02391   0.12543   0.20994   0.45149   0.06440   0.08074   0.03426   0.00397   0.03141   0.10864   0.03114   0.02865   0.15015   0.15038   0.00422   0.11371   0.22380   3.28023   0.88998   0.63014   1.64017   1.71239  
 64  0.0010  12272.752319  x:  0.00328   0.10813   0.03634   0.01549   0.01554   0.00110   0.00880   0.00220   0.00218   0.01208   0.00786   0.02000   0.02391   0.12546   0.20993   0.45177   0.06438   0.08072   0.03428   0.00393   0.03142   0.10860   0.03110   0.02865   0.15026   0.15032   0.00427   0.11375   0.22388   3.28096   0.88886   0.63481   1.66172   1.70655  
 65  0.0065  12272.752152  x:  0.00329   0.10818   0.03635   0.01550   0.01553   0.00110   0.00880   0.00220   0.00218   0.01209   0.00786   0.02000   0.02390   0.12544   0.20986   0.45170   0.06439   0.08071   0.03431   0.00395   0.03145   0.10860   0.03113   0.02867   0.15018   0.15032   0.00428   0.11374   0.22381   3.28183   0.88901   0.63429   1.65839   1.70772  
 66  0.0025  12272.752145  x:  0.00329   0.10819   0.03635   0.01550   0.01553   0.00110   0.00880   0.00220   0.00218   0.01208   0.00786   0.02001   0.02390   0.12544   0.20983   0.45171   0.06439   0.08071   0.03430   0.00394   0.03144   0.10860   0.03113   0.02866   0.15016   0.15032   0.00428   0.11374   0.22381   3.28175   0.88906   0.63425   1.65809   1.70816  
 67  0.0004  12272.752143  x:  0.00329   0.10819   0.03635   0.01550   0.01553   0.00109   0.00880   0.00220   0.00218   0.01208   0.00786   0.02000   0.02390   0.12544   0.20984   0.45171   0.06439   0.08071   0.03430   0.00394   0.03145   0.10860   0.03113   0.02866   0.15016   0.15033   0.00429   0.11374   0.22381   3.28178   0.88911   0.63424   1.65779   1.70850  
 68  0.0002  12272.752143  x:  0.00329   0.10818   0.03635   0.01550   0.01553   0.00109   0.00880   0.00220   0.00218   0.01208   0.00786   0.02001   0.02390   0.12544   0.20984   0.45171   0.06439   0.08071   0.03430   0.00394   0.03144   0.10860   0.03113   0.02866   0.15016   0.15032   0.00429   0.11374   0.22381   3.28177   0.88910   0.63424   1.65785   1.70840  
 69  0.0001  12272.752143  x:  0.00329   0.10818   0.03635   0.01550   0.01553   0.00109   0.00880   0.00220   0.00218   0.01208   0.00786   0.02001   0.02390   0.12544   0.20984   0.45171   0.06439   0.08071   0.03430   0.00394   0.03144   0.10860   0.03113   0.02866   0.15016   0.15032   0.00429   0.11374   0.22381   3.28176   0.88909   0.63427   1.65796   1.70836  