

TREE # 1

  0  0.0000   7646.726730  x:  0.00000   0.07566   0.02962   0.01167   0.03563   0.02873   0.01617   0.02078   0.03455   0.02649   0.05002   0.06572   0.17653   0.24193   0.07831   0.15549   0.04389   0.01406   0.03257   0.09065   0.04677   0.04309   0.11325   0.13283   0.01578   0.14370   0.18108   2.00000   0.90000   0.60884   1.99821   2.09673  
  1 99.0000   7614.491951  x:  0.00955   0.07968   0.02198   0.00274   0.02522   0.01143   0.00123   0.00858   0.02206   0.02310   0.04576   0.06599   0.18230   0.24846   0.08245   0.15714   0.04336   0.00715   0.03119   0.09440   0.03921   0.03979   0.11867   0.13745   0.02010   0.14467   0.18623   2.00219   0.90403   0.61112   1.99766   2.09589  
  2 1151.3627   7606.110358  x:  0.01119   0.08151   0.01832   0.00326   0.02017   0.00232   0.00506   0.00440   0.01571   0.02180   0.04370   0.06609   0.18531   0.25198   0.08453   0.15794   0.04274   0.00425   0.03047   0.09632   0.03526   0.03820   0.12147   0.13990   0.02172   0.14509   0.18893   2.00344   0.90637   0.61238   1.99736   2.09542  
  3 2105.3577   7602.063894  x:  0.00977   0.08310   0.01535   0.00713   0.01587   0.00082   0.00377   0.00787   0.01078   0.02122   0.04183   0.06616   0.18845   0.25582   0.08657   0.15870   0.04178   0.00330   0.02978   0.09824   0.03132   0.03687   0.12435   0.14250   0.02260   0.14541   0.19177   2.00491   0.90916   0.61381   1.99702   2.09488  
  4 1027.0002   7599.875295  x:  0.00901   0.08438   0.01306   0.00877   0.01265   0.00265   0.00376   0.00858   0.00717   0.02071   0.04035   0.06622   0.19093   0.25884   0.08817   0.15930   0.04107   0.00247   0.02925   0.09975   0.02828   0.03584   0.12662   0.14455   0.02336   0.14567   0.19400   2.00607   0.91132   0.61493   1.99675   2.09446  
  5 3653.3304   7593.591387  x:  0.00107   0.08887   0.00926   0.00736   0.00916   0.00278   0.00362   0.00844   0.01274   0.02099   0.03567   0.06637   0.20099   0.27157   0.09412   0.16154   0.03812   0.00667   0.02761   0.10552   0.01848   0.03349   0.13557   0.15288   0.02456   0.14649   0.20306   2.01129   0.92069   0.61995   1.99554   2.09260  
  6 801.4803   7590.883677  x:  0.00000   0.09045   0.01090   0.00713   0.01182   0.00281   0.00363   0.00869   0.01233   0.02145   0.03492   0.06648   0.20470   0.27640   0.09603   0.16230   0.03744   0.00612   0.02702   0.10743   0.01768   0.03358   0.13865   0.15576   0.02457   0.14675   0.20638   2.01342   0.92404   0.62201   1.99503   2.09189  
  7 881.3167   7585.972119  x:  0.00784   0.09588   0.01522   0.00823   0.01022   0.00360   0.00547   0.01240   0.01726   0.02364   0.03656   0.06678   0.22014   0.29735   0.10233   0.16518   0.03698   0.00608   0.02587   0.11421   0.02633   0.03796   0.15028   0.16705   0.02212   0.14767   0.22000   2.02361   0.93667   0.63218   1.99247   2.08872  
  8 908.2153   7583.682596  x:  0.00381   0.09543   0.01000   0.01041   0.01147   0.00351   0.00409   0.00940   0.01640   0.02372   0.04260   0.06704   0.22703   0.30892   0.10285   0.16620   0.03795   0.00729   0.02740   0.11551   0.03395   0.04109   0.15373   0.17110   0.01890   0.14840   0.22634   2.03106   0.93736   0.64039   1.99027   2.08690  
  9 386.6636   7582.226815  x:  0.00000   0.09377   0.01244   0.00760   0.00875   0.00324   0.00433   0.01020   0.01502   0.02318   0.04651   0.06775   0.23120   0.31770   0.10151   0.16676   0.03971   0.00713   0.02887   0.11497   0.03621   0.04145   0.15443   0.17264   0.01793   0.14939   0.23044   2.03821   0.93337   0.64860   1.98800   2.08542  
 10 354.8838   7578.364837  x:  0.00377   0.08706   0.01087   0.00568   0.01212   0.00361   0.00626   0.01461   0.01636   0.02153   0.05471   0.07054   0.24434   0.34892   0.09437   0.16885   0.04751   0.00829   0.03337   0.11085   0.03237   0.03746   0.15383   0.17560   0.01929   0.15406   0.24373   2.06722   0.91220   0.68191   1.97864   2.07972  
 11 552.4757   7576.720102  x:  0.00429   0.08503   0.01457   0.01142   0.01128   0.00397   0.00478   0.01109   0.01873   0.02374   0.05483   0.07198   0.24907   0.36230   0.09140   0.17027   0.04921   0.00749   0.03402   0.10898   0.03072   0.03723   0.15267   0.17593   0.02032   0.15653   0.24877   2.08227   0.90194   0.69853   1.97393   2.07679  
 12 741.3113   7574.433161  x:  0.00310   0.08730   0.01206   0.01018   0.01141   0.00400   0.00516   0.01236   0.01947   0.02985   0.04367   0.07293   0.25065   0.37608   0.09009   0.17421   0.04503   0.00511   0.03081   0.10794   0.03421   0.04452   0.14907   0.17346   0.02105   0.16062   0.25141   2.10867   0.88923   0.72484   1.96634   2.07161  
 13 332.2081   7572.994525  x:  0.00408   0.09247   0.01394   0.01061   0.01203   0.00388   0.00521   0.01170   0.01658   0.02549   0.03896   0.07291   0.24825   0.38180   0.09202   0.17828   0.04124   0.01345   0.03026   0.10966   0.03622   0.04728   0.14673   0.17089   0.02040   0.16352   0.25005   2.13304   0.88418   0.74629   1.96009   2.06662  
 14 333.1820   7569.484636  x:  0.00344   0.10605   0.01373   0.01144   0.01227   0.00424   0.00523   0.01260   0.02056   0.01857   0.04573   0.07184   0.23666   0.38451   0.10072   0.18814   0.03498   0.00738   0.02973   0.11708   0.03631   0.04380   0.14370   0.16443   0.01815   0.16855   0.24138   2.19821   0.88354   0.79775   1.94492   2.05297  
 15 379.8163   7566.679099  x:  0.00378   0.11356   0.01344   0.01026   0.01194   0.00407   0.00551   0.01279   0.01843   0.03037   0.05240   0.07140   0.22567   0.38183   0.10687   0.19470   0.03860   0.01029   0.03178   0.12304   0.03512   0.03930   0.14333   0.16120   0.01913   0.17132   0.23265   2.26182   0.88877   0.84451   1.93106   2.03961  
 16 780.4934   7561.462747  x:  0.00080   0.10067   0.01278   0.01101   0.01193   0.00411   0.00511   0.01237   0.01946   0.02366   0.04423   0.07427   0.21354   0.36119   0.10376   0.19303   0.05979   0.00711   0.03142   0.12282   0.03556   0.04422   0.15133   0.16766   0.02628   0.16732   0.22117   2.38817   0.91080   0.92482   1.90695   2.01374  
 17 442.6022   7557.995179  x:  0.00358   0.08776   0.01327   0.00980   0.01133   0.00379   0.00494   0.01162   0.01771   0.02458   0.04284   0.07188   0.21519   0.34191   0.09569   0.18434   0.04980   0.00709   0.02844   0.11598   0.03166   0.04175   0.15594   0.17358   0.01401   0.15883   0.21925   2.47156   0.92285   0.96949   1.89334   1.99783  
 18 486.0670   7556.512636  x:  0.00389   0.08471   0.01331   0.00951   0.01126   0.00375   0.00500   0.01164   0.01727   0.02495   0.04535   0.06917   0.21985   0.33039   0.09183   0.17716   0.03966   0.00787   0.02906   0.11173   0.03311   0.04049   0.15636   0.17543   0.02275   0.15415   0.22169   2.51461   0.92729   0.98741   1.88782   1.99034  
 19 454.0858   7554.916051  x:  0.00266   0.09741   0.01298   0.00976   0.01129   0.00378   0.00494   0.01163   0.01762   0.02478   0.04407   0.06807   0.23431   0.31392   0.09508   0.16384   0.04442   0.00730   0.03238   0.10843   0.03320   0.04031   0.15015   0.17241   0.02116   0.14663   0.23160   2.57212   0.92355   0.99270   1.88602   1.98304  
 20 155.5149   7553.564972  x:  0.00299   0.09164   0.01304   0.00967   0.01138   0.00380   0.00502   0.01171   0.01743   0.02494   0.04729   0.07406   0.24154   0.30656   0.10449   0.16232   0.04520   0.00872   0.02344   0.11386   0.03267   0.04225   0.14658   0.16868   0.02141   0.15095   0.23813   2.63223   0.91621   0.97905   1.88999   1.97785  
 21 124.1216   7551.609028  x:  0.00363   0.08202   0.01336   0.00986   0.01164   0.00388   0.00507   0.01190   0.01802   0.02525   0.04378   0.07572   0.24647   0.30221   0.11261   0.16565   0.04260   0.00741   0.03551   0.12237   0.03384   0.04197   0.14625   0.16580   0.01972   0.16026   0.24410   2.73299   0.90510   0.94825   1.89906   1.96998  
 22 366.9909   7545.868281  x:  0.00250   0.08932   0.01345   0.01009   0.01160   0.00386   0.00489   0.01153   0.01798   0.02490   0.04388   0.05691   0.24087   0.31494   0.09618   0.18094   0.04607   0.00741   0.02921   0.11493   0.03524   0.04001   0.15521   0.17259   0.01894   0.17644   0.24518   3.02292   0.87977   0.84451   1.92955   1.94840  
 23 434.6692   7543.840600  x:  0.00274   0.09608   0.01277   0.00981   0.01152   0.00382   0.00492   0.01150   0.01770   0.02507   0.04545   0.07392   0.23514   0.32637   0.08749   0.18367   0.04293   0.00728   0.03141   0.10880   0.03355   0.04231   0.15606   0.17508   0.01929   0.17213   0.24115   3.13324   0.87416   0.80334   1.94151   1.93963  
 24 579.8277   7542.915410  x:  0.00292   0.09195   0.01270   0.00966   0.01137   0.00375   0.00480   0.01115   0.01738   0.02476   0.04395   0.07140   0.23068   0.34152   0.09301   0.17845   0.04253   0.00713   0.03087   0.10908   0.03377   0.04066   0.14861   0.17242   0.02072   0.15402   0.23437   3.18102   0.87396   0.78448   1.94668   1.93445  
 25 137.0193   7542.873731  x:  0.00309   0.09185   0.01275   0.00961   0.01130   0.00373   0.00480   0.01112   0.01727   0.02473   0.04450   0.07074   0.23075   0.34298   0.09227   0.17611   0.04244   0.00708   0.03113   0.10999   0.03260   0.04240   0.14818   0.17074   0.02065   0.15476   0.23340   3.18314   0.87488   0.78347   1.94682   1.93333  
 26 21.3460   7542.850870  x:  0.00297   0.09180   0.01268   0.00959   0.01129   0.00372   0.00477   0.01107   0.01725   0.02466   0.04401   0.07096   0.23097   0.34410   0.09174   0.17401   0.04247   0.00708   0.03085   0.11024   0.03314   0.04124   0.14800   0.16931   0.02055   0.15611   0.23262   3.18418   0.87575   0.78283   1.94677   1.93190  
 27 17.5867   7542.830915  x:  0.00300   0.09167   0.01269   0.00957   0.01129   0.00371   0.00477   0.01106   0.01722   0.02465   0.04407   0.07089   0.23104   0.34466   0.09333   0.17333   0.04241   0.00706   0.03110   0.10795   0.03299   0.04145   0.14808   0.16917   0.02051   0.15727   0.23211   3.18453   0.87588   0.78199   1.94615   1.92733  
 28  5.6468   7541.896795  x:  0.00320   0.09366   0.01303   0.00952   0.01166   0.00373   0.00471   0.01085   0.01729   0.02497   0.04421   0.07133   0.23084   0.34918   0.09551   0.16786   0.04113   0.00636   0.03098   0.11213   0.03376   0.04214   0.14910   0.18278   0.02076   0.15953   0.22917   3.19145   0.85135   0.74138   1.91016   1.67667  
 29 17.2385   7541.544419  x:  0.00313   0.09310   0.01305   0.00942   0.01170   0.00369   0.00464   0.01064   0.01711   0.02489   0.04389   0.07127   0.23287   0.35094   0.09358   0.17409   0.04136   0.00636   0.03087   0.11063   0.03370   0.04216   0.15243   0.17425   0.02095   0.15651   0.23307   3.19423   0.84628   0.72559   1.89651   1.57903  
 30 194.6894   7541.529629  x:  0.00312   0.09296   0.01303   0.00938   0.01167   0.00368   0.00462   0.01060   0.01705   0.02484   0.04383   0.07120   0.23282   0.35114   0.09305   0.17494   0.04141   0.00630   0.03096   0.11043   0.03355   0.04209   0.14985   0.17472   0.02085   0.15712   0.23406   3.19463   0.84751   0.72555   1.89666   1.57772  
 31  3.4798   7539.624381  x:  0.00346   0.09620   0.01386   0.00780   0.01233   0.00330   0.00411   0.00892   0.01501   0.02496   0.04325   0.07178   0.21825   0.36242   0.09968   0.16672   0.04047   0.00448   0.03021   0.11396   0.03103   0.04134   0.15796   0.17708   0.02025   0.15928   0.26644   3.26247   0.85355   0.78337   1.96689   1.65180  
 32  1.7763   7536.919669  x:  0.00280   0.10031   0.01497   0.00569   0.01327   0.00279   0.00338   0.00665   0.01235   0.02508   0.04280   0.07315   0.25133   0.37519   0.10372   0.17876   0.04094   0.00162   0.02968   0.12001   0.02740   0.04045   0.16172   0.18300   0.02178   0.16150   0.25795   3.35679   0.86216   0.86374   2.06484   1.75675  
 33 164.2613   7535.748101  x:  0.00064   0.10229   0.01581   0.00580   0.01591   0.00325   0.00429   0.00961   0.01235   0.02457   0.04349   0.07355   0.26162   0.38234   0.10584   0.18116   0.04234   0.00551   0.02945   0.12241   0.02766   0.04039   0.16491   0.18710   0.02220   0.16201   0.25733   3.47381   0.85646   0.94208   2.25583   1.75000  
 34  0.2762   7535.572027  x:  0.00000   0.10233   0.01597   0.00621   0.01635   0.00337   0.00424   0.00963   0.01301   0.02450   0.04327   0.07333   0.26107   0.38269   0.10569   0.18104   0.04237   0.00473   0.02927   0.12233   0.02754   0.04055   0.16528   0.18716   0.02225   0.16186   0.25702   3.50097   0.85517   0.95493   2.29706   1.74261  
 35  0.1536   7535.436860  x:  0.00000   0.10226   0.01653   0.00642   0.01735   0.00350   0.00400   0.00902   0.01329   0.02449   0.04255   0.07263   0.25827   0.38396   0.10504   0.18135   0.04224   0.00352   0.02905   0.12206   0.02701   0.04077   0.16577   0.18581   0.02215   0.16221   0.25764   3.57468   0.85461   0.97266   2.34867   1.74586  
 36  0.0931   7535.431118  x:  0.00000   0.10191   0.01662   0.00641   0.01744   0.00354   0.00401   0.00886   0.01330   0.02459   0.04262   0.07269   0.25779   0.38313   0.10522   0.18103   0.04169   0.00368   0.02914   0.12215   0.02716   0.04072   0.16566   0.18626   0.02210   0.16223   0.25718   3.57657   0.85280   0.98492   2.39495   1.73403  
 37  0.0474   7535.428131  x:  0.00000   0.10162   0.01666   0.00634   0.01752   0.00361   0.00407   0.00889   0.01340   0.02461   0.04271   0.07279   0.25772   0.38304   0.10529   0.18146   0.04176   0.00368   0.02926   0.12227   0.02722   0.04073   0.16547   0.18597   0.02210   0.16262   0.25747   3.57737   0.85245   0.98889   2.40445   1.74021  
 38  0.0098   7535.425585  x:  0.00000   0.10163   0.01665   0.00628   0.01756   0.00368   0.00408   0.00889   0.01337   0.02456   0.04266   0.07280   0.25774   0.38281   0.10524   0.18117   0.04211   0.00365   0.02921   0.12218   0.02713   0.04079   0.16539   0.18607   0.02214   0.16240   0.25722   3.57481   0.85038   1.00779   2.47342   1.72786  
 39  0.0379   7535.424241  x:  0.00000   0.10180   0.01662   0.00634   0.01753   0.00373   0.00404   0.00884   0.01330   0.02455   0.04268   0.07276   0.25798   0.38322   0.10517   0.18132   0.04199   0.00370   0.02920   0.12213   0.02711   0.04073   0.16539   0.18584   0.02212   0.16244   0.25749   3.57244   0.84946   1.01636   2.50595   1.72618  
 40  0.0238   7535.423918  x:  0.00000   0.10185   0.01660   0.00631   0.01750   0.00373   0.00404   0.00888   0.01329   0.02457   0.04267   0.07275   0.25795   0.38330   0.10521   0.18132   0.04187   0.00364   0.02921   0.12216   0.02714   0.04072   0.16543   0.18591   0.02211   0.16249   0.25752   3.57218   0.84889   1.02010   2.52230   1.72320  
 41  0.0170   7535.423724  x:  0.00000   0.10179   0.01660   0.00633   0.01746   0.00372   0.00403   0.00888   0.01330   0.02456   0.04267   0.07276   0.25788   0.38335   0.10525   0.18137   0.04195   0.00364   0.02924   0.12221   0.02716   0.04075   0.16546   0.18599   0.02212   0.16257   0.25752   3.57332   0.84838   1.02366   2.53825   1.72121  
 42  0.0080   7535.423627  x:  0.00000   0.10176   0.01661   0.00632   0.01744   0.00371   0.00404   0.00888   0.01330   0.02456   0.04268   0.07275   0.25789   0.38330   0.10521   0.18133   0.04192   0.00365   0.02921   0.12216   0.02713   0.04074   0.16541   0.18589   0.02210   0.16247   0.25749   3.57406   0.84815   1.02705   2.55019   1.72037  
 43  0.0062   7535.423587  x:  0.00000   0.10180   0.01661   0.00633   0.01745   0.00370   0.00404   0.00888   0.01331   0.02457   0.04268   0.07276   0.25795   0.38331   0.10522   0.18135   0.04194   0.00365   0.02922   0.12218   0.02715   0.04073   0.16541   0.18590   0.02211   0.16253   0.25754   3.57387   0.84791   1.02850   2.55482   1.71953  
 44  0.0027   7535.423579  x:  0.00000   0.10180   0.01661   0.00633   0.01746   0.00369   0.00404   0.00888   0.01331   0.02456   0.04268   0.07276   0.25792   0.38332   0.10522   0.18135   0.04193   0.00365   0.02922   0.12218   0.02714   0.04074   0.16541   0.18591   0.02211   0.16253   0.25753   3.57351   0.84795   1.02872   2.55530   1.71978  
 45  0.0004   7535.423578  x:  0.00000   0.10179   0.01661   0.00633   0.01747   0.00369   0.00404   0.00888   0.01331   0.02456   0.04268   0.07276   0.25792   0.38332   0.10522   0.18135   0.04193   0.00365   0.02922   0.12218   0.02714   0.04074   0.16541   0.18591   0.02211   0.16253   0.25753   3.57345   0.84792   1.02888   2.55613   1.71958  
 46  0.0006   7535.423578  x:  0.00000   0.10179   0.01661   0.00633   0.01747   0.00369   0.00404   0.00888   0.01331   0.02457   0.04268   0.07276   0.25792   0.38332   0.10522   0.18135   0.04193   0.00365   0.02922   0.12218   0.02714   0.04074   0.16541   0.18591   0.02211   0.16253   0.25753   3.57344   0.84791   1.02885   2.55614   1.71957  
 47  0.0000   7535.423578  x:  0.00000   0.10179   0.01661   0.00633   0.01747   0.00369   0.00404   0.00888   0.01331   0.02457   0.04268   0.07276   0.25792   0.38332   0.10522   0.18135   0.04193   0.00365   0.02922   0.12218   0.02714   0.04074   0.16541   0.18591   0.02211   0.16253   0.25753   3.57344   0.84791   1.02883   2.55610   1.71957  
 48  0.0000   7535.423578  x:  0.00000   0.10179   0.01661   0.00633   0.01747   0.00369   0.00404   0.00888   0.01331   0.02457   0.04268   0.07276   0.25792   0.38332   0.10522   0.18135   0.04193   0.00365   0.02922   0.12218   0.02714   0.04074   0.16541   0.18591   0.02211   0.16253   0.25753   3.57344   0.84791   1.02884   2.55610   1.71957  
 49  0.0000   7535.423578  x:  0.00000   0.10179   0.01661   0.00633   0.01747   0.00369   0.00404   0.00888   0.01331   0.02457   0.04268   0.07276   0.25792   0.38332   0.10522   0.18135   0.04193   0.00365   0.02922   0.12218   0.02714   0.04074   0.16541   0.18591   0.02211   0.16253   0.25753   3.57344   0.84791   1.02884   2.55611   1.71957  
 50  0.0000   7535.423578  x:  0.00000   0.10179   0.01661   0.00633   0.01747   0.00369   0.00404   0.00888   0.01331   0.02457   0.04268   0.07276   0.25792   0.38332   0.10522   0.18135   0.04193   0.00365   0.02922   0.12218   0.02714   0.04074   0.16541   0.18591   0.02211   0.16253   0.25753   3.57344   0.84791   1.02884   2.55611   1.71957  
 51  0.0000   7535.423578  x:  0.00000   0.10179   0.01661   0.00633   0.01747   0.00369   0.00404   0.00888   0.01331   0.02457   0.04268   0.07276   0.25792   0.38332   0.10522   0.18135   0.04193   0.00365   0.02922   0.12218   0.02714   0.04074   0.16541   0.18591   0.02211   0.16253   0.25753   3.57344   0.84791   1.02884   2.55611   1.71957  
check convergence!
