     1    327    182


 1

     1      1   -11.5420235261   0.000009713212       0.0032  ---------CHHHHHH
     2      1    -2.8408162173   0.058377997384      19.0896  ---------SSSSSSS
     3      1    -2.4461333444   0.086627900000      28.3273  --A-------------
     4      1    -3.9472461196   0.019307800000       6.3137  --C-------------
     5      3    -2.8639130959   0.057045100000      18.6537  --D-------------
     6      3    -2.4858855287   0.083251800000      27.2233  --G-------------
     7      2    -3.0268927578   0.048466000000      15.8484  --I-------------
     8      1    -3.0842771894   0.045763100000      14.9645  --P-------------
     9      2    -3.3042131493   0.036728100000      12.0101  --Q-------------
    10      1    -2.6661710056   0.069517900000      22.7324  --S-------------
    11      2    -2.7966732398   0.061012700000      19.9512  --T-------------
    12      1    -2.6465469066   0.070895600000      23.1829  --V-------------
    13      6    -3.4900712846   0.030498698006       9.9731  AAAAAAAAAAAAAAAA
    14      1    -8.3554983160   0.000235100302       0.0769  AAAATTAAAAAAAAAA
    15      1    -8.2700842763   0.000256063710       0.0837  AAAAVVAAAAAAAAAA
    16      1   -13.0496922207   0.000002150754       0.0007  AAATAAAVAAAAAAAA
    17      2    -6.4373037526   0.001600716796       0.5234  AGGGGGGGGGGGGGGG
    18      1    -6.9149516704   0.000992829441       0.3247  ASSAAAAAAAAAAAAA
    19      2    -4.4067332759   0.012194950872       3.9877  CCCCCCCCCCCCCCCC
    20      1   -25.1829259668   0.000000000012       0.0000  CCSDCRCCCCCCCCCC
    21      1   -15.6333436046   0.000000162377       0.0001  CCSSSSSSSSSSSSSS
    22      1   -28.0782322298   0.000000000001       0.0000  CCWCCCCFCCCCYCCC
    23      1   -31.3300801692   0.000000000000       0.0000  CLLYSSSSSTTIIIII
    24      1    -2.8639130959   0.057045100000      18.6537  D---------------
    25      6    -3.7856528554   0.022694042012       7.4210  DDDDDDDDDDDDDDDD
    26      1    -7.5274461060   0.000538110781       0.1760  DDDDDDDDDEDDDDDD
    27      1   -14.0259361497   0.000000810239       0.0003  DDDDDDDDDNNNSNNN
    28      1    -9.3219438142   0.000089439887       0.0292  DDDEEEEEEEEEEEEE
    29      1    -7.5464305552   0.000527991404       0.1727  DDDNDDDDDDDDDDDD
    30      1   -13.4944227173   0.000001378627       0.0005  DHHHNNHHHHHHHHHH
    31      1    -7.0564855849   0.000861801506       0.2818  DNNNNNNNNNNNNNNN
    32      1   -11.1662575233   0.000014143470       0.0046  DNNNSSNNNNNNNNNN
    33      1   -30.1793271379   0.000000000000       0.0000  DSSHTPNNNDDDDDDD
    34      1    -6.9557411935   0.000953147213       0.3117  EDDEEEEEEEEEEEEE
    35      1    -9.9539571819   0.000047539140       0.0155  EDDNDDDDDDDDDDDD
    36      1    -9.8886590461   0.000050746950       0.0166  EEEDEEEEEDDDDDDD
    37     15    -3.9990677035   0.018332722456       5.9948  EEEEEEEEEEEEEEEE
    38      1    -9.6149605686   0.000066723018       0.0218  EEEEEEEEEGGGGGGG
    39      1   -14.3352572185   0.000000594671       0.0002  EEEGEQEEEEEEEEEE
    40      1   -11.5387184756   0.000009745368       0.0032  EEEQEEEEEDEEEEEE
    41      1   -19.8662013982   0.000000002356       0.0000  EHREHHHHHHHHHHHH
    42      1   -10.9539731386   0.000017488393       0.0057  EKKDEEEEEEEEEEEE
    43      1    -8.8952640972   0.000137036383       0.0448  ELLLLLLLLLLLLLLL
    44      1   -17.5828973675   0.000000023112       0.0000  ENNNDDEDDNNNNNNN
    45      1   -32.4121745890   0.000000000000       0.0000  EVVEVVMAMVVVVVVV
    46     10    -3.9276789172   0.019689320099       6.4384  FFFFFFFFFFFFFFFF
    47      1    -9.1993940392   0.000101100646       0.0331  FSSFFFFFFFFFFFFF
    48      1   -11.6348137272   0.000008852473       0.0029  GAA-EEEEE-------
    49      1   -21.2619538681   0.000000000584       0.0000  GAGDGGGGGGEGGGGG
    50      1   -12.9098108580   0.000002473662       0.0008  GEKEEEEEEEEEEEEE
    51      1    -8.8995847350   0.000136445576       0.0446  GGDGGGGGGGGGGGGG
    52      1    -9.1606913493   0.000105090219       0.0344  GGGGGGGGGEEEEEEE
    53      6    -2.9532629370   0.052169203107      17.0593  GGGGGGGGGGGGGGGG
    54      1   -13.2259551972   0.000001803186       0.0006  GGGGGGGGGRKKKKKK
    55      1   -21.4299725400   0.000000000493       0.0000  GNKEKKEEEEEEEEEE
    56      1    -8.5941732517   0.000185181663       0.0606  GRRGGGGGGGGGGGGG
    57      1   -21.9549975023   0.000000000292       0.0000  GRRRRRRKKKRRRRRR
    58      1    -8.7602563132   0.000156844402       0.0513  HDDDDDDDDDDDDDDD
    59      1    -9.2722198195   0.000093999620       0.0307  HEEEEEEEEEEEEEEE
    60      2    -4.6450376260   0.009609168098       3.1422  HHHHHHHHHHHHHHHH
    61      1   -16.3172223962   0.000000081945       0.0000  HHHHRHHHHRRRRRRR
    62      1    -9.8340118178   0.000053597302       0.0175  HHHHRRHHHHHHHHHH
    63      1   -14.7923254126   0.000000376508       0.0001  HHHPHHHHHQHHHHHH
    64      1    -8.1820119678   0.000279638750       0.0914  IFFFFFFFFFFFFFFF
    65      1   -13.9418941348   0.000000881277       0.0003  IFFFFFFFFVFFFFFF
    66      1   -13.3976470728   0.000001518713       0.0005  IFFVFFFFFFFFFFFF
    67      6    -4.1736735290   0.015395599933       5.0344  IIIIIIIIIIIIIIII
    68      1    -9.7909652739   0.000055954859       0.0183  IIIIIIIIIILIIIII
    69      1    -9.3778696339   0.000084575187       0.0277  IIIIIIIIIMMMMMMM
    70      1    -8.0859677269   0.000307828507       0.1007  IIIIIIVIIIIIIIII
    71      1    -8.9376923149   0.000131343791       0.0429  IIIVVVVVVVVVVVVV
    72      1    -7.6728175499   0.000465304955       0.1522  IIVIIIIIIIIIIIII
    73      1   -16.1549768391   0.000000096379       0.0000  ISSVVVVIVVVVVVVV
    74      1   -18.5080676769   0.000000009163       0.0000  ITPIIIVIIIIIIIII
    75      1   -12.7360981732   0.000002942950       0.0010  ITTAAAAAAAAAAAAA
    76      1    -8.4841175426   0.000206725746       0.0676  ITTIIIIIIIIIIIII
    77      1   -17.8163567771   0.000000018300       0.0000  ITTNKKKKKKKKKKKK
    78      1   -17.9683573320   0.000000015720       0.0000  ITTTTTTTTIMMMMMM
    79      1    -7.7918871227   0.000413072629       0.1351  ITTTTTTTTTTTTTTT
    80      1    -7.9896692910   0.000338946157       0.1108  IVIIIIIIIIIIIIII
    81      1    -9.9115201791   0.000049599977       0.0162  IVVVVVVVIVVVVVVV
    82      1   -22.0236391665   0.000000000272       0.0000  KDHNNNNNSNNNNNNN
    83      1   -12.8097138695   0.000002734085       0.0009  KEEEEEEEEGEEEEEE
    84     17    -3.8304835589   0.021699120289       7.0956  KKKKKKKKKKKKKKKK
    85      1    -7.9665794863   0.000346863410       0.1134  KKKKKKKKKRRRRRRR
    86      1   -15.0674991125   0.000000285936       0.0001  KKKKKKKKKTMMMMMM
    87      1    -9.1173274627   0.000109747590       0.0359  KKKKTTKKKKKKKKKK
    88      1    -7.7354335267   0.000437062861       0.1429  KQQKKKKKKKKKKKKK
    89      1    -8.5112240043   0.000201197408       0.0658  KRKKKKKKKKKKKKKK
    90      1   -10.1262745600   0.000040014264       0.0131  LGGLLLLLLLLLLLLL
    91      1    -8.9993235560   0.000123493312       0.0404  LHHHHHHHHHHHHHHH
    92      1    -6.7149637091   0.001212630019       0.3965  LIIIIIIIIIIIIIII
    93      1    -7.1978836220   0.000748167539       0.2447  LLLILLLLLLLLLLLL
    94     23    -3.1286885300   0.043775169444      14.3145  LLLLLLLLLLLLLLLL
    95      1    -9.0562033110   0.000116665078       0.0381  LLLLLLLLLLVVVVVV
    96      1   -11.5027000975   0.000010102778       0.0033  LVLVVVVVVVVVVVVV
    97      1    -7.1151673950   0.000812684661       0.2657  LVVLLL-LLLLLLLLL
    98      1   -25.1705459752   0.000000000012       0.0000  MIVVMTIIIIIIIIII
    99      1   -14.7392428269   0.000000397034       0.0001  MMMLMMMMMMMVMMMM
   100      5    -5.1803875818   0.005625825524       1.8396  MMMMMMMMMMMMMMMM
   101      1   -14.6429248135   0.000000437178       0.0001  MVMMMMMMMIMMMMMM
   102      1   -14.1636961928   0.000000705968       0.0002  MVVVVVVVVEVVVVVV
   103      1   -15.9796103242   0.000000114853       0.0000  NDNNSSSNNNNNNNNN
   104      1   -12.8550884101   0.000002612799       0.0009  NKKKKQKKKKKKKKKK
   105      1   -10.2602503931   0.000034996924       0.0114  NNNNNNNNDNNNNNNN
   106      1    -8.4124388369   0.000222087561       0.0726  NNNNNNNNNDDDDDDD
   107      1   -11.4922287582   0.000010209124       0.0033  NNNNNNNNNNNNNDDD
   108      2    -4.6020875464   0.010030873958       3.2801  NNNNNNNNNNNNNNNN
   109      1   -12.5771090775   0.000003450094       0.0011  NNNNSSNNNDNNNNNN
   110      1   -15.2515108175   0.000000237877       0.0001  NSSDSSNNNNNNNNNN
   111      1    -7.8081667547   0.000406402401       0.1329  NSSNNNNNNNNNNNNN
   112      1   -15.8807636260   0.000000126786       0.0000  NSSNNNSSSSSSSSSS
   113      2    -7.1467998156   0.000787379814       0.2575  NSSSSSSSSSSSSSSS
   114      1   -24.7242105241   0.000000000018       0.0000  PNNSSSASSSSCCCCC
   115      1   -10.8716305095   0.000018989383       0.0062  PPPPPPPPPPLLLLLL
   116     10    -3.6542680770   0.025880433038       8.4629  PPPPPPPPPPPPPPPP
   117      1    -9.7562757955   0.000057929964       0.0189  PPPPPPPPPPSSSSSS
   118      1    -8.0494102134   0.000319290180       0.1044  PPPSPPPPPPPPPPPP
   119      1   -17.3225005126   0.000000029987       0.0000  PTTKTTTTTATTTTTT
   120      1    -8.3391284988   0.000238980524       0.0781  PTTTTTTTTTTTTTTT
   121      1    -7.6627552118   0.000470010646       0.1537  QEEQQQQQQQQQQQQQ
   122      1    -7.8641607202   0.000384271694       0.1257  QHHHHHHHHHHHHHHH
   123      1    -9.5296253762   0.000072666842       0.0238  QPPQQQQQQQQQQQQQ
   124      1   -21.9083116241   0.000000000306       0.0000  QQQHEDHHHHHHHHHH
   125      7    -4.5972201174   0.010079817543       3.2961  QQQQQQQQQQQQQQQQ
   126      1   -17.2615170817   0.000000031873       0.0000  QQQQQQQQQQRQRRRR
   127      1    -8.7507505741   0.000158342433       0.0518  QQQRQQQQQQQQQQQQ
   128      1    -9.8728559594   0.000051555278       0.0169  QRQQQQQQQQQQQQQQ
   129      1    -6.6040629488   0.001354852145       0.4430  RKKKKKKKKKKKKKKK
   130      1    -8.3992630757   0.000225033095       0.0736  RKRRRRRRRRRRRRRR
   131      1   -29.4883508188   0.000000000000       0.0000  RLLRRHHHHRHHHHHH
   132      1   -13.5605366122   0.000001290428       0.0004  RMMIMMMMMMMMMMMM
   133      1   -12.8848420516   0.000002536204       0.0008  RRRRKKRRRQRRRRRR
   134      1   -10.6485874291   0.000023734344       0.0078  RRRRRGRRRRRRRRRR
   135      1   -18.1716585158   0.000000012828       0.0000  RRRRRRRKRKTTTTTT
   136      1    -7.8746020531   0.000380280259       0.1244  RRRRRRRRRKKKKKKK
   137      1   -10.8486024213   0.000019431746       0.0064  RRRRRRRRRRRQRRRR
   138      4    -4.0370352187   0.017649722489       5.7715  RRRRRRRRRRRRRRRR
   139      1   -18.2475454846   0.000000011890       0.0000  RRYHHHHHHHHHHHHH
   140      1   -12.6640738025   0.000003162734       0.0010  RSSSSSSSSNNNNNNN
   141      1   -18.2740291589   0.000000011580       0.0000  RVIVVVVAVVVVVVVV
   142      1    -3.1242022113   0.043972000000      14.3788  RXXXXXXXXXXXXXXX
   143      1    -8.1420264453   0.000291046810       0.0952  SCCCCCCCCCCCCCCC
   144      1   -15.8743263325   0.000000127605       0.0000  SCCSSSSSSSGSSSSS
   145      1    -9.6266051031   0.000065950566       0.0216  SFFSSSSSSSSSSSSS
   146      1   -18.9596970287   0.000000005833       0.0000  SGGSGDSSSSSSSSSS
   147      1   -19.7878811361   0.000000002548       0.0000  SGSNNNDNNNNNNNNN
   148      1    -9.8795792409   0.000051209820       0.0167  SIISSSSSSSSSSSSS
   149      1    -7.7002760851   0.000452702181       0.1480  SKKKKKKKKKKKKKKK
   150      1   -24.1262889499   0.000000000033       0.0000  SSSSRRSSSCYCCCCC
   151      1   -11.1308820142   0.000014652758       0.0048  SSSSSSFSSSSSSSSS
   152      1    -9.4592039867   0.000077968630       0.0255  SSSSSSGSSSSSSSSS
   153     13    -3.9653681531   0.018961054755       6.2003  SSSSSSSSSSSSSSSS
   154      3    -6.4202235709   0.001628292155       0.5325  STTTTTTTTTTTTTTT
   155      1    -7.0390115431   0.000876993004       0.2868  TSSTTTTTTTTTTTTT
   156      1   -14.2995514236   0.000000616288       0.0002  TSTTSSSSSSSSSSSS
   157      1   -13.2947086382   0.000001683377       0.0006  TTAITTTTTTTTTTTT
   158      1    -7.9926225497   0.000337946638       0.1105  TTSTTTTTTTTTTTTT
   159      1    -7.7249551867   0.000441666632       0.1444  TTTATTTTTTTTTTTT
   160      1    -9.1629882628   0.000104849113       0.0343  TTTTTATTTTTTTTTT
   161      1    -8.9712265371   0.000127012311       0.0415  TTTTTTTATTTTTTTT
   162      1    -8.2612157243   0.000258344724       0.0845  TTTTTTTTTATTTTTT
   163      1    -9.2186036916   0.000099177073       0.0324  TTTTTTTTTITTTTTT
   164      1   -19.5215020983   0.000000003326       0.0000  TTTTTTTTTMTTTRRT
   165      3    -3.8775941916   0.020700566921       6.7691  TTTTTTTTTTTTTTTT
   166      1   -16.9081547327   0.000000045382       0.0000  TVVIIIIIIKKKKKKK
   167      1   -25.6705999661   0.000000000007       0.0000  VFFFLFVLFFFFFFFF
   168      1    -9.3728218850   0.000085003180       0.0278  VIIIIIIIIVVVVVVV
   169      2    -8.7761464217   0.000154371824       0.0505  VMMVVVVVVVVVVVVV
   170      1   -22.6161588780   0.000000000151       0.0000  VSSLMMLLLFFFFFFF
   171      1   -12.4469342209   0.000003929752       0.0013  VTTTTTATTTTTTTTT
   172      1    -9.5305776772   0.000072597674       0.0237  VVVIVVVVVIIIIIII
   173      1    -6.8227587985   0.001088713235       0.3560  VVVIVVVVVVVVVVVV
   174      1   -11.3720324568   0.000011513015       0.0038  VVVVIIIIIIIIIIII
   175      1    -8.1116759587   0.000300015638       0.0981  VVVVVVVVVAVVVVVV
   176      1    -9.2456216156   0.000096533388       0.0316  VVVVVVVVVVVVIVVV
   177      5    -3.6544746462   0.025875087488       8.4612  VVVVVVVVVVVVVVVV
   178      1    -4.6815286892   0.009264839995       3.0296  WWWWWWWWWWWWWWWW
   179      1    -9.3939157929   0.000083228910       0.0272  YDDDDDDDDDDDDDDD
   180      1   -31.3137135927   0.000000000000       0.0000  YHHCCCYYCCCCCCCC
   181      1   -14.4226321498   0.000000544917       0.0002  YSSYSSSSSSSSSSSS
   182     10    -4.0253519640   0.017857137978       5.8393  YYYYYYYYYYYYYYYY