

TREE # 1

  0  0.0000   2617.666544  x:  0.00717   0.04982   0.02930   0.00758   0.01215   0.01745   0.00871   0.00726   0.01238   0.00370   0.01507   0.01203   0.01597   0.05019   0.07718   0.09470   0.03979   0.08754   0.00716   0.00941   0.01152   0.04334   0.01332   0.02470   0.03587   0.04000   0.00000   0.03266   0.17468  
  1 99.0000   2608.602776  x:  0.00662   0.05056   0.02840   0.00693   0.00846   0.01442   0.00635   0.00356   0.00869   0.00000   0.01368   0.01122   0.01519   0.05095   0.07839   0.09597   0.03935   0.08612   0.00595   0.00634   0.00889   0.04428   0.01317   0.02504   0.03565   0.03905   0.00179   0.03072   0.17594  
  2 902.0074   2602.037453  x:  0.00638   0.05119   0.02763   0.00676   0.00491   0.01172   0.00488   0.00000   0.00513   0.00000   0.01272   0.01077   0.01468   0.05159   0.07944   0.09711   0.03898   0.08480   0.00531   0.00351   0.00679   0.04502   0.01316   0.02523   0.03552   0.03831   0.00032   0.02873   0.17707  
  3 5713.2273   2596.713548  x:  0.00685   0.05175   0.02695   0.00764   0.00000   0.00911   0.00637   0.00000   0.00022   0.00000   0.01280   0.01125   0.01480   0.05215   0.08049   0.09833   0.03864   0.08320   0.00635   0.00020   0.00603   0.04544   0.01369   0.02498   0.03556   0.03794   0.00059   0.02679   0.17842  
  4 1991.3534   2596.598164  x:  0.00684   0.05175   0.02694   0.00760   0.00000   0.00909   0.00637   0.00000   0.00000   0.00000   0.01283   0.01126   0.01482   0.05216   0.08051   0.09836   0.03864   0.08314   0.00635   0.00009   0.00608   0.04544   0.01372   0.02495   0.03557   0.03796   0.00059   0.02674   0.17846  
  5 1303.8138   2596.572157  x:  0.00684   0.05175   0.02694   0.00763   0.00000   0.00912   0.00636   0.00000   0.00000   0.00000   0.01283   0.01125   0.01482   0.05216   0.08052   0.09838   0.03864   0.08310   0.00635   0.00000   0.00609   0.04543   0.01375   0.02492   0.03558   0.03799   0.00059   0.02672   0.17850  
  6 467.0836   2594.346380  x:  0.00749   0.05216   0.02643   0.00431   0.00000   0.00793   0.00785   0.00000   0.00000   0.00000   0.01108   0.01139   0.01389   0.05274   0.08272   0.10241   0.03845   0.07376   0.00721   0.00000   0.00155   0.04391   0.01807   0.02007   0.03678   0.04421   0.00079   0.02164   0.18586  
  7 111.1822   2591.669214  x:  0.00756   0.05337   0.02501   0.00528   0.00000   0.00177   0.00795   0.00000   0.00000   0.00000   0.00757   0.01113   0.01200   0.05391   0.08505   0.10575   0.03790   0.06678   0.00722   0.00000   0.00302   0.04488   0.01755   0.02070   0.03707   0.04591   0.00087   0.01753   0.19155  
  8 388.1500   2588.403515  x:  0.00665   0.05789   0.01967   0.00498   0.00000   0.00410   0.00929   0.00000   0.00000   0.00000   0.00798   0.01237   0.01088   0.05819   0.09189   0.11370   0.03571   0.05412   0.00826   0.00000   0.00266   0.05122   0.01127   0.02902   0.03599   0.04051   0.00104   0.00810   0.20274  
  9 403.7407   2587.482672  x:  0.00594   0.05957   0.01855   0.00543   0.00000   0.00246   0.00821   0.00000   0.00000   0.00000   0.01159   0.01241   0.01329   0.05985   0.09456   0.11663   0.03510   0.05137   0.00884   0.00000   0.00122   0.05379   0.01083   0.03098   0.03504   0.03608   0.00077   0.01048   0.20635  
 10 282.9994   2586.965046  x:  0.00724   0.06134   0.01853   0.00511   0.00000   0.00336   0.00798   0.00000   0.00000   0.00000   0.00942   0.01166   0.01352   0.06158   0.09760   0.11998   0.03480   0.04969   0.01028   0.00000   0.00181   0.05605   0.01269   0.03056   0.03423   0.03140   0.00030   0.01384   0.21049  
 11 191.4426   2586.814614  x:  0.00658   0.06171   0.02031   0.00526   0.00000   0.00333   0.00867   0.00000   0.00000   0.00000   0.00969   0.01233   0.01227   0.06205   0.09904   0.12172   0.03542   0.05240   0.00940   0.00000   0.00174   0.05658   0.01195   0.02876   0.03382   0.02911   0.00022   0.01381   0.21308  
 12 60.9117   2586.759659  x:  0.00714   0.06173   0.02015   0.00518   0.00000   0.00330   0.00863   0.00000   0.00000   0.00000   0.00938   0.01193   0.01353   0.06194   0.09988   0.12282   0.03568   0.05520   0.00932   0.00000   0.00174   0.05672   0.01157   0.02890   0.03381   0.02944   0.00022   0.01346   0.21535  
 13 37.0702   2586.734227  x:  0.00699   0.06162   0.01960   0.00519   0.00000   0.00331   0.00851   0.00000   0.00000   0.00000   0.00965   0.01198   0.01284   0.06173   0.10025   0.12340   0.03552   0.05661   0.00962   0.00000   0.00175   0.05675   0.01202   0.02963   0.03390   0.03013   0.00017   0.01374   0.21709  
 14 33.1499   2586.727834  x:  0.00665   0.06143   0.01970   0.00520   0.00000   0.00336   0.00855   0.00000   0.00000   0.00000   0.00944   0.01224   0.01294   0.06153   0.10008   0.12339   0.03517   0.05650   0.00965   0.00000   0.00174   0.05651   0.01177   0.02974   0.03400   0.03036   0.00013   0.01403   0.21818  
 15 11.3304   2586.721932  x:  0.00702   0.06119   0.01995   0.00513   0.00000   0.00334   0.00858   0.00000   0.00000   0.00000   0.00957   0.01202   0.01282   0.06127   0.09959   0.12303   0.03488   0.05630   0.00952   0.00000   0.00176   0.05621   0.01160   0.02992   0.03407   0.03026   0.00011   0.01411   0.21945  
 16 12.7830   2586.718349  x:  0.00697   0.06107   0.01991   0.00516   0.00000   0.00334   0.00863   0.00000   0.00000   0.00000   0.00950   0.01209   0.01291   0.06114   0.09911   0.12254   0.03503   0.05633   0.00939   0.00000   0.00173   0.05618   0.01188   0.03009   0.03400   0.02995   0.00011   0.01400   0.22016  
 17  9.6800   2586.714449  x:  0.00692   0.06116   0.01962   0.00514   0.00000   0.00333   0.00849   0.00000   0.00000   0.00000   0.00952   0.01208   0.01286   0.06125   0.09870   0.12194   0.03548   0.05629   0.00967   0.00000   0.00175   0.05640   0.01171   0.02980   0.03390   0.02992   0.00011   0.01399   0.22086  
 18  6.5089   2586.706910  x:  0.00692   0.06168   0.02003   0.00518   0.00000   0.00335   0.00860   0.00000   0.00000   0.00000   0.00956   0.01206   0.01290   0.06188   0.09867   0.12115   0.03557   0.05621   0.00946   0.00000   0.00175   0.05713   0.01180   0.02983   0.03387   0.03046   0.00010   0.01406   0.22147  
 19  3.7347   2586.646247  x:  0.00698   0.06255   0.01918   0.00529   0.00000   0.00333   0.00825   0.00000   0.00000   0.00000   0.00963   0.01239   0.01295   0.06285   0.10035   0.11830   0.03340   0.05709   0.00932   0.00000   0.00177   0.05688   0.01196   0.02896   0.03513   0.02987   0.00021   0.01380   0.22211  
 20  3.2814   2586.470727  x:  0.00504   0.06252   0.01951   0.00525   0.00000   0.00333   0.00873   0.00000   0.00000   0.00000   0.00968   0.00990   0.01301   0.06286   0.10419   0.11621   0.03388   0.05663   0.00972   0.00000   0.00188   0.05499   0.01212   0.02916   0.03429   0.02969   0.00035   0.01347   0.22381  
 21 13.3646   2586.044857  x:  0.00620   0.06182   0.02069   0.00538   0.00000   0.00330   0.00659   0.00000   0.00000   0.00000   0.00976   0.01224   0.01299   0.06178   0.11198   0.11428   0.03732   0.05446   0.00899   0.00000   0.00209   0.05144   0.01218   0.03018   0.03146   0.03033   0.00100   0.01338   0.22802  
 22 63.1893   2585.212621  x:  0.00604   0.05938   0.01845   0.00596   0.00000   0.00346   0.00711   0.00000   0.00000   0.00000   0.01009   0.01141   0.01291   0.05862   0.11188   0.12093   0.03918   0.05171   0.00409   0.00000   0.00233   0.05585   0.01210   0.02808   0.03518   0.03098   0.00180   0.01425   0.23372  
 23 33.7511   2584.519063  x:  0.00491   0.05809   0.02174   0.00612   0.00000   0.00329   0.00368   0.00000   0.00000   0.00000   0.01043   0.01104   0.01332   0.05740   0.10788   0.12800   0.03799   0.05141   0.00678   0.00000   0.00250   0.05979   0.01304   0.02747   0.03767   0.03043   0.00288   0.01209   0.23767  
 24 117.0124   2584.158510  x:  0.00464   0.06067   0.02049   0.00631   0.00000   0.00327   0.00320   0.00000   0.00000   0.00000   0.01059   0.01071   0.01336   0.06093   0.10214   0.13353   0.03465   0.05219   0.00600   0.00000   0.00277   0.05785   0.01331   0.02626   0.03215   0.03075   0.00335   0.01156   0.23953  
 25 62.0053   2584.129646  x:  0.00454   0.06182   0.02049   0.00631   0.00000   0.00328   0.00314   0.00000   0.00000   0.00000   0.01058   0.01071   0.01335   0.06242   0.10131   0.13440   0.03548   0.05214   0.00583   0.00000   0.00277   0.05626   0.01329   0.02672   0.03348   0.03063   0.00338   0.01170   0.23981  
 26 19.6467   2584.122732  x:  0.00448   0.06317   0.02051   0.00633   0.00000   0.00327   0.00312   0.00000   0.00000   0.00000   0.01052   0.01064   0.01331   0.06135   0.10142   0.13439   0.03546   0.05203   0.00579   0.00000   0.00275   0.05619   0.01330   0.02665   0.03350   0.03067   0.00338   0.01166   0.23993  
 27  0.0583   2583.998202  x:  0.00477   0.06243   0.01980   0.00651   0.00000   0.00313   0.00267   0.00000   0.00000   0.00000   0.00937   0.00939   0.01251   0.06266   0.10449   0.13421   0.03532   0.05025   0.00512   0.00000   0.00241   0.05593   0.01337   0.02592   0.03389   0.03118   0.00345   0.01113   0.24214  
 28  1.2337   2583.968385  x:  0.00437   0.06253   0.01963   0.00636   0.00000   0.00303   0.00322   0.00000   0.00000   0.00000   0.00937   0.00927   0.01255   0.06292   0.10530   0.13469   0.03511   0.04952   0.00494   0.00000   0.00254   0.05560   0.01360   0.02558   0.03403   0.03134   0.00349   0.01069   0.24340  
 29  0.0080   2583.963650  x:  0.00418   0.06245   0.01951   0.00621   0.00000   0.00304   0.00310   0.00000   0.00000   0.00000   0.00945   0.00940   0.01262   0.06288   0.10573   0.13437   0.03499   0.04959   0.00479   0.00000   0.00265   0.05562   0.01364   0.02579   0.03410   0.03135   0.00356   0.01058   0.24365  
 30  0.0014   2583.961015  x:  0.00424   0.06246   0.01936   0.00617   0.00000   0.00314   0.00315   0.00000   0.00000   0.00000   0.00934   0.00935   0.01252   0.06290   0.10574   0.13421   0.03487   0.04984   0.00483   0.00000   0.00267   0.05579   0.01357   0.02606   0.03414   0.03136   0.00371   0.01059   0.24383  
 31  0.0008   2583.959831  x:  0.00431   0.06241   0.01934   0.00623   0.00000   0.00318   0.00313   0.00000   0.00000   0.00000   0.00941   0.00937   0.01257   0.06287   0.10585   0.13407   0.03490   0.04973   0.00488   0.00000   0.00272   0.05561   0.01360   0.02589   0.03418   0.03143   0.00380   0.01050   0.24404  
 32  0.0005   2583.959087  x:  0.00429   0.06245   0.01946   0.00623   0.00000   0.00313   0.00313   0.00000   0.00000   0.00000   0.00937   0.00939   0.01255   0.06287   0.10580   0.13398   0.03495   0.04968   0.00484   0.00000   0.00272   0.05561   0.01358   0.02586   0.03415   0.03139   0.00394   0.01045   0.24389  
 33  0.0002   2583.959003  x:  0.00427   0.06243   0.01941   0.00624   0.00000   0.00312   0.00314   0.00000   0.00000   0.00000   0.00939   0.00937   0.01256   0.06286   0.10584   0.13398   0.03495   0.04969   0.00485   0.00000   0.00271   0.05558   0.01359   0.02587   0.03414   0.03140   0.00395   0.01047   0.24383  
 34  0.0001   2583.958995  x:  0.00428   0.06243   0.01941   0.00623   0.00000   0.00312   0.00314   0.00000   0.00000   0.00000   0.00940   0.00938   0.01257   0.06286   0.10585   0.13398   0.03494   0.04970   0.00485   0.00000   0.00270   0.05558   0.01359   0.02587   0.03414   0.03140   0.00396   0.01046   0.24383  
 35  0.0000   2583.958995  x:  0.00428   0.06243   0.01941   0.00623   0.00000   0.00312   0.00314   0.00000   0.00000   0.00000   0.00940   0.00938   0.01257   0.06286   0.10585   0.13398   0.03494   0.04970   0.00485   0.00000   0.00270   0.05559   0.01359   0.02587   0.03415   0.03140   0.00396   0.01046   0.24383  
 36  0.0000   2583.958995  x:  0.00428   0.06243   0.01941   0.00623   0.00000   0.00312   0.00314   0.00000   0.00000   0.00000   0.00940   0.00938   0.01257   0.06286   0.10585   0.13398   0.03494   0.04970   0.00485   0.00000   0.00270   0.05559   0.01359   0.02587   0.03414   0.03140   0.00396   0.01046   0.24384  
 37  0.0000   2583.958995  x:  0.00428   0.06243   0.01941   0.00623   0.00000   0.00312   0.00314   0.00000   0.00000   0.00000   0.00940   0.00938   0.01257   0.06286   0.10585   0.13398   0.03494   0.04970   0.00485   0.00000   0.00270   0.05559   0.01359   0.02587   0.03414   0.03140   0.00396   0.01046   0.24384  