

TREE # 1

  0  0.0000   8500.335028  x:  0.00275   0.09030   0.02692   0.01451   0.01120   0.01039   0.00741   0.00780   0.00828   0.00515   0.00976   0.02606   0.03641   0.05868   0.13423   0.47591   0.06728   0.12138   0.03052   0.00000   0.02589   0.12132   0.02015   0.03712   0.16931   0.11557   0.01898   0.12266   0.14087   2.00000   0.90000   0.29673   1.19979   2.14479  
  1 99.0000   8468.316558  x:  0.01077   0.09229   0.02720   0.01298   0.01027   0.00375   0.00441   0.00221   0.00034   0.00183   0.00507   0.02556   0.03899   0.06240   0.13791   0.47699   0.07115   0.12254   0.03502   0.00960   0.03033   0.12415   0.02228   0.03978   0.17241   0.11735   0.02370   0.12521   0.14340   2.00127   0.91641   0.29141   1.20101   2.14410  
  2 1634.8427   8459.443680  x:  0.01424   0.09337   0.02732   0.01218   0.00982   0.00079   0.00341   0.00077   0.00364   0.00188   0.00310   0.02528   0.04038   0.06445   0.13998   0.47761   0.07333   0.12317   0.03719   0.01347   0.03257   0.12573   0.02330   0.04122   0.17418   0.11831   0.02602   0.12663   0.14483   2.00201   0.92592   0.28829   1.20172   2.14372  
  3 4912.3165   8440.541490  x:  0.02151   0.09594   0.02754   0.01037   0.00888   0.00315   0.00246   0.00636   0.00701   0.00361   0.00051   0.02460   0.04363   0.06935   0.14503   0.47913   0.07863   0.12468   0.04200   0.02132   0.03771   0.12958   0.02552   0.04460   0.17853   0.12059   0.03121   0.13009   0.14832   2.00385   0.94951   0.28046   1.20350   2.14280  
  4 7186.1750   8428.167427  x:  0.02886   0.09865   0.02773   0.00855   0.00796   0.00469   0.00228   0.01073   0.01008   0.00512   0.00561   0.02389   0.04702   0.07453   0.15040   0.48074   0.08426   0.12626   0.04691   0.02919   0.04303   0.13367   0.02774   0.04811   0.18317   0.12299   0.03655   0.13376   0.15204   2.00584   0.97471   0.27201   1.20540   2.14183  
  5 22138.5319   8422.243234  x:  0.02724   0.09975   0.02697   0.00954   0.00894   0.00469   0.01280   0.00921   0.00947   0.00419   0.00472   0.02340   0.04780   0.07676   0.15369   0.48173   0.08742   0.12661   0.04666   0.02641   0.04388   0.13593   0.02673   0.04883   0.18625   0.12387   0.03672   0.13573   0.15432   2.00747   0.98950   0.26521   1.20679   2.14141  
  6 1448.9312   8415.480958  x:  0.02212   0.10033   0.02554   0.01006   0.00913   0.00503   0.00909   0.00693   0.00808   0.00404   0.00413   0.02269   0.04749   0.07825   0.15691   0.48264   0.09023   0.12631   0.04449   0.01916   0.04325   0.13792   0.02432   0.04853   0.18937   0.12423   0.03508   0.13739   0.15653   2.00947   0.99999   0.25747   1.20824   2.14108  
  7 955.1291   8406.555189  x:  0.01594   0.10414   0.02241   0.00589   0.00670   0.00133   0.00791   0.00815   0.00583   0.00454   0.00372   0.02035   0.04918   0.08692   0.17192   0.48678   0.10336   0.12541   0.04407   0.00697   0.04671   0.14757   0.02139   0.05092   0.20311   0.12706   0.03644   0.14550   0.16693   2.01819   0.99470   0.22558   1.21392   2.13885  
  8 526.7082   8403.748683  x:  0.01406   0.10591   0.02129   0.00677   0.00717   0.00505   0.00699   0.00436   0.00605   0.00332   0.00349   0.01987   0.04996   0.09078   0.17899   0.48883   0.10939   0.12475   0.04440   0.00280   0.04844   0.15207   0.02057   0.05200   0.20958   0.12839   0.03742   0.14924   0.17183   2.02256   0.99138   0.21060   1.21661   2.13771  
  9 2455.3683   8402.969198  x:  0.01358   0.10620   0.02153   0.01046   0.00942   0.00438   0.00646   0.00475   0.00576   0.00419   0.00350   0.02100   0.04965   0.09112   0.18097   0.48964   0.11069   0.12394   0.04456   0.00256   0.04833   0.15317   0.02083   0.05179   0.21144   0.12864   0.03743   0.15006   0.17320   2.02450   0.99055   0.20638   1.21745   2.13725  
 10 476.8924   8402.525337  x:  0.01300   0.10588   0.02236   0.01074   0.00913   0.00423   0.00634   0.00541   0.00612   0.00252   0.00356   0.02274   0.04806   0.08978   0.18220   0.49071   0.11073   0.12211   0.04460   0.00378   0.04691   0.15353   0.02164   0.05058   0.21276   0.12851   0.03665   0.15008   0.17406   2.02732   0.99052   0.20390   1.21817   2.13664  
 11 178.9904   8401.745678  x:  0.01199   0.10499   0.02411   0.00999   0.00789   0.00451   0.00656   0.00493   0.00607   0.00403   0.00353   0.02585   0.04439   0.08633   0.18485   0.49329   0.11053   0.11764   0.04475   0.00701   0.04341   0.15415   0.02349   0.04766   0.21568   0.12810   0.03477   0.14994   0.17591   2.03419   0.99054   0.19879   1.21982   2.13516  
 12 665.1212   8401.139757  x:  0.01244   0.10374   0.02381   0.00852   0.01063   0.00454   0.00655   0.00517   0.00630   0.00392   0.00358   0.02232   0.04341   0.08271   0.18692   0.49629   0.11006   0.11290   0.04512   0.00931   0.04006   0.15433   0.02418   0.04565   0.21831   0.12732   0.03292   0.14939   0.17731   2.04269   0.99052   0.19601   1.22148   2.13329  
 13 221.1342   8400.716538  x:  0.01325   0.10269   0.02327   0.01017   0.00868   0.00448   0.00664   0.00539   0.00642   0.00383   0.00362   0.01943   0.04412   0.08045   0.18817   0.49884   0.10982   0.10943   0.04533   0.01019   0.03807   0.15430   0.02414   0.04504   0.22018   0.12657   0.03176   0.14883   0.17813   2.05035   0.99049   0.19509   1.22282   2.13156  
 14 292.9891   8399.355854  x:  0.01718   0.09854   0.02088   0.00951   0.00858   0.00452   0.00664   0.00529   0.00636   0.00393   0.00362   0.02365   0.05198   0.07649   0.19083   0.50992   0.11024   0.09835   0.04500   0.00821   0.03529   0.15343   0.02170   0.04818   0.22631   0.12326   0.02947   0.14624   0.17974   2.08656   0.99031   0.19775   1.22855   2.12323  
 15 215.8937   8396.298582  x:  0.01463   0.09245   0.03318   0.00942   0.00934   0.00450   0.00633   0.00463   0.00581   0.00385   0.00348   0.02139   0.04976   0.07986   0.19185   0.53746   0.11585   0.08540   0.03912   0.00459   0.04072   0.15095   0.02443   0.05254   0.23619   0.11880   0.03167   0.14137   0.18030   2.18674   0.98968   0.20999   1.24393   2.10005  
 16 348.8057   8391.654814  x:  0.00898   0.09120   0.02109   0.01076   0.00928   0.00464   0.00625   0.00455   0.00586   0.00379   0.00352   0.02227   0.03863   0.08340   0.18921   0.57320   0.12544   0.08488   0.03636   0.00782   0.04519   0.14725   0.01886   0.04647   0.24208   0.11857   0.03562   0.13785   0.17825   2.33218   0.98806   0.22430   1.26654   2.06642  
 17 763.9094   8386.593902  x:  0.00891   0.10226   0.01975   0.01065   0.00915   0.00450   0.00569   0.00373   0.00509   0.00369   0.00331   0.02287   0.04228   0.08155   0.18060   0.60725   0.12986   0.10157   0.04350   0.00120   0.03591   0.14308   0.03149   0.03874   0.23416   0.12392   0.02882   0.13811   0.17183   2.50974   0.98651   0.22931   1.29537   2.02558  
 18 776.9104   8383.645782  x:  0.00448   0.10804   0.02733   0.01016   0.00933   0.00457   0.00545   0.00364   0.00513   0.00372   0.00329   0.02232   0.04713   0.07846   0.17445   0.61880   0.12285   0.11110   0.04413   0.00586   0.03077   0.14347   0.02043   0.04152   0.22282   0.12839   0.02700   0.14175   0.16801   2.61300   0.98540   0.22541   1.31288   2.00203  
 19 762.2880   8380.598141  x:  0.00732   0.10786   0.02378   0.01018   0.00913   0.00439   0.00551   0.00367   0.00500   0.00364   0.00326   0.02164   0.04078   0.07307   0.16879   0.61759   0.10081   0.11478   0.04057   0.00340   0.03580   0.14838   0.02110   0.05373   0.20419   0.12996   0.02769   0.14771   0.16520   2.72534   0.98523   0.21581   1.33258   1.97658  
 20 551.5247   8378.875041  x:  0.01014   0.10233   0.02421   0.00985   0.00892   0.00432   0.00569   0.00379   0.00502   0.00363   0.00328   0.02178   0.04414   0.07762   0.16935   0.60372   0.08761   0.11510   0.03886   0.00146   0.04112   0.15115   0.02051   0.04266   0.19452   0.12655   0.03001   0.14866   0.16608   2.78939   0.98536   0.21167   1.34403   1.96185  
 21 344.1837   8376.900819  x:  0.00404   0.09370   0.02164   0.00972   0.00886   0.00433   0.00580   0.00375   0.00502   0.00364   0.00328   0.02144   0.04724   0.08232   0.17466   0.56645   0.08637   0.11904   0.03823   0.00613   0.03663   0.15028   0.02479   0.04512   0.19022   0.11976   0.02953   0.14438   0.16941   2.86621   0.98528   0.21240   1.35803   1.94349  
 22 253.9148   8374.912794  x:  0.00990   0.08989   0.02372   0.00979   0.00887   0.00429   0.00603   0.00392   0.00510   0.00360   0.00333   0.02129   0.04150   0.08274   0.17999   0.52192   0.08985   0.12266   0.04148   0.00395   0.03219   0.14815   0.02074   0.04672   0.18954   0.11436   0.02679   0.13937   0.17221   2.94698   0.98529   0.21497   1.37290   1.92388  
 23 740.2462   8373.503054  x:  0.00774   0.09704   0.02414   0.00965   0.00880   0.00427   0.00610   0.00383   0.00499   0.00359   0.00332   0.02134   0.04314   0.07268   0.17905   0.48547   0.09355   0.11896   0.04095   0.00348   0.03857   0.14633   0.02117   0.04467   0.19523   0.11869   0.02757   0.13871   0.17129   3.00390   0.98525   0.21817   1.38388   1.90936  
 24 326.0685   8373.230224  x:  0.00804   0.09963   0.02346   0.00966   0.00880   0.00426   0.00613   0.00383   0.00498   0.00358   0.00332   0.02132   0.04272   0.07641   0.17495   0.47740   0.09347   0.11396   0.04057   0.00332   0.03514   0.14564   0.02157   0.04454   0.19775   0.12223   0.02903   0.14134   0.16884   3.01484   0.98524   0.21859   1.38667   1.90582  
 25 81.8900   8373.196697  x:  0.00799   0.09867   0.02340   0.00965   0.00879   0.00426   0.00614   0.00385   0.00500   0.00358   0.00333   0.02128   0.04271   0.07692   0.17279   0.47639   0.09430   0.11329   0.04121   0.00371   0.03583   0.14606   0.02153   0.04453   0.19826   0.12193   0.02734   0.14207   0.16752   3.01590   0.98523   0.21802   1.38769   1.90469  
 26 20.0832   8373.183309  x:  0.00807   0.09782   0.02348   0.00963   0.00878   0.00425   0.00615   0.00385   0.00500   0.00358   0.00333   0.02128   0.04277   0.07633   0.17151   0.47607   0.09514   0.11323   0.04125   0.00354   0.03556   0.14628   0.02157   0.04440   0.19824   0.12125   0.02828   0.14243   0.16685   3.01598   0.98525   0.21756   1.38886   1.90339  
 27 11.8210   8373.109492  x:  0.00867   0.09977   0.02318   0.00959   0.00875   0.00425   0.00616   0.00388   0.00502   0.00357   0.00333   0.02122   0.04279   0.07658   0.16994   0.47541   0.09614   0.11214   0.03894   0.00397   0.03543   0.14614   0.02155   0.04421   0.19666   0.11904   0.02819   0.13906   0.16527   3.01261   0.98514   0.21709   1.40338   1.88672  
 28  8.2230   8372.794482  x:  0.00570   0.09975   0.02302   0.00961   0.00871   0.00416   0.00605   0.00359   0.00469   0.00350   0.00327   0.02107   0.04156   0.07592   0.16825   0.47304   0.09501   0.10820   0.04387   0.00241   0.03547   0.14383   0.02080   0.04390   0.19230   0.11838   0.02920   0.13336   0.16242   2.99707   0.98464   0.22104   1.46743   1.81251  
 29 98.9475   8372.212357  x:  0.00628   0.09434   0.02317   0.00976   0.00871   0.00412   0.00577   0.00322   0.00437   0.00342   0.00321   0.02108   0.04038   0.07266   0.16717   0.46854   0.09315   0.10813   0.03821   0.00163   0.03351   0.13994   0.02062   0.04200   0.18927   0.12127   0.02595   0.13565   0.16065   2.96840   0.98333   0.23248   1.58504   1.67613  
 30 337.9289   8372.136495  x:  0.00574   0.09593   0.02316   0.00980   0.00873   0.00412   0.00571   0.00315   0.00431   0.00341   0.00319   0.02108   0.04002   0.07237   0.16606   0.46796   0.09071   0.10921   0.03843   0.00160   0.03296   0.14048   0.02054   0.04186   0.19157   0.11767   0.02566   0.13755   0.16154   2.96464   0.98314   0.23492   1.60087   1.65834  
 31 87.0070   8372.130365  x:  0.00582   0.09562   0.02317   0.00980   0.00873   0.00412   0.00571   0.00315   0.00430   0.00341   0.00319   0.02108   0.04003   0.07236   0.16536   0.46794   0.09003   0.10984   0.03837   0.00156   0.03284   0.14091   0.02053   0.04189   0.19257   0.11810   0.02576   0.13662   0.16188   2.96447   0.98311   0.23495   1.60248   1.65765  
 32  6.3918   8371.983249  x:  0.00627   0.09486   0.02309   0.00981   0.00872   0.00412   0.00554   0.00318   0.00432   0.00341   0.00320   0.02104   0.04004   0.07223   0.16658   0.46962   0.08785   0.11122   0.03819   0.00196   0.03338   0.13536   0.02057   0.04194   0.19556   0.11738   0.02629   0.13622   0.15724   2.96915   0.98234   0.23952   1.66086   1.69435  
 33  2.4554   8371.472449  x:  0.00654   0.09525   0.02298   0.01009   0.00881   0.00418   0.00477   0.00308   0.00424   0.00340   0.00319   0.02124   0.03957   0.07081   0.16518   0.47523   0.08936   0.10868   0.03843   0.00300   0.03185   0.14165   0.02100   0.04083   0.19344   0.11791   0.02572   0.13618   0.15847   2.98601   0.97935   0.26528   1.86560   1.82481  
 34 172.6088   8371.453618  x:  0.00662   0.09530   0.02293   0.01009   0.00880   0.00418   0.00475   0.00309   0.00424   0.00340   0.00319   0.02123   0.03958   0.07087   0.16374   0.47547   0.08966   0.10836   0.03844   0.00306   0.03215   0.13981   0.02099   0.04085   0.19295   0.11784   0.02558   0.13631   0.16089   2.98670   0.97927   0.26564   1.87243   1.82938  
 35 24.7696   8370.024543  x:  0.00496   0.09642   0.02189   0.01003   0.00857   0.00345   0.00357   0.00280   0.00301   0.00324   0.00314   0.02122   0.04019   0.07195   0.16696   0.49441   0.09565   0.10439   0.03666   0.00000   0.03239   0.14016   0.01901   0.04155   0.20119   0.11866   0.02480   0.13721   0.16229   3.08036   0.97935   0.24985   1.73811   1.90761  
 36  0.7050   8369.335826  x:  0.00469   0.09624   0.02172   0.00995   0.00843   0.00263   0.00520   0.00289   0.00181   0.00307   0.00326   0.02131   0.04022   0.07105   0.16764   0.50705   0.09693   0.10182   0.03630   0.00007   0.03175   0.14092   0.01919   0.04116   0.20391   0.11872   0.02427   0.13710   0.16346   3.18672   0.97901   0.23548   1.58224   1.94617  
 37  0.2448   8369.089928  x:  0.00513   0.09515   0.02199   0.00963   0.00839   0.00259   0.00456   0.00295   0.00139   0.00298   0.00356   0.02122   0.04021   0.07112   0.16788   0.50447   0.09581   0.10258   0.03608   0.00248   0.03141   0.14110   0.01944   0.04130   0.20240   0.11771   0.02374   0.13668   0.16384   3.23020   0.97906   0.22944   1.50651   1.96154  
 38  0.0962   8369.005878  x:  0.00603   0.09502   0.02230   0.00950   0.00843   0.00296   0.00426   0.00293   0.00156   0.00289   0.00380   0.02127   0.04026   0.07167   0.16739   0.50014   0.09486   0.10393   0.03653   0.00190   0.03200   0.14075   0.01964   0.04165   0.20069   0.11760   0.02442   0.13661   0.16326   3.21291   0.97859   0.23162   1.51727   1.97139  
 39  0.0222   8368.966380  x:  0.00538   0.09547   0.02222   0.00965   0.00845   0.00301   0.00437   0.00298   0.00139   0.00295   0.00406   0.02136   0.04020   0.07146   0.16697   0.49978   0.09492   0.10408   0.03665   0.00165   0.03194   0.14028   0.01955   0.04142   0.20078   0.11828   0.02444   0.13667   0.16288   3.18452   0.97816   0.23048   1.50710   1.96913  
 40  0.0183   8368.960794  x:  0.00550   0.09546   0.02213   0.00967   0.00845   0.00303   0.00443   0.00305   0.00147   0.00293   0.00415   0.02133   0.04019   0.07135   0.16711   0.50031   0.09500   0.10383   0.03650   0.00181   0.03182   0.14050   0.01955   0.04137   0.20112   0.11815   0.02426   0.13673   0.16310   3.17967   0.97825   0.22901   1.49574   1.96961  
 41  0.0147   8368.956293  x:  0.00567   0.09525   0.02215   0.00965   0.00845   0.00301   0.00442   0.00296   0.00143   0.00295   0.00426   0.02127   0.04021   0.07139   0.16734   0.50062   0.09497   0.10365   0.03642   0.00176   0.03181   0.14081   0.01963   0.04144   0.20128   0.11780   0.02421   0.13670   0.16338   3.18052   0.97833   0.22813   1.49199   1.97819  
 42  0.0063   8368.952619  x:  0.00548   0.09531   0.02222   0.00966   0.00846   0.00295   0.00439   0.00296   0.00146   0.00293   0.00438   0.02129   0.04021   0.07141   0.16726   0.50050   0.09498   0.10381   0.03656   0.00179   0.03183   0.14080   0.01955   0.04147   0.20112   0.11796   0.02433   0.13671   0.16328   3.18334   0.97841   0.22922   1.50178   1.98450  
 43  0.0069   8368.951879  x:  0.00552   0.09542   0.02217   0.00965   0.00845   0.00295   0.00442   0.00293   0.00146   0.00294   0.00440   0.02132   0.04022   0.07142   0.16724   0.50056   0.09505   0.10382   0.03652   0.00178   0.03183   0.14068   0.01956   0.04143   0.20114   0.11808   0.02429   0.13676   0.16321   3.18460   0.97853   0.22924   1.49888   1.98276  
 44  0.0034   8368.951819  x:  0.00553   0.09538   0.02217   0.00965   0.00845   0.00294   0.00441   0.00294   0.00146   0.00293   0.00441   0.02131   0.04021   0.07141   0.16723   0.50046   0.09502   0.10380   0.03650   0.00176   0.03183   0.14064   0.01957   0.04142   0.20113   0.11803   0.02428   0.13673   0.16319   3.18454   0.97855   0.22929   1.49890   1.98237  
 45  0.0005   8368.951803  x:  0.00553   0.09536   0.02217   0.00965   0.00845   0.00294   0.00442   0.00294   0.00146   0.00293   0.00440   0.02130   0.04020   0.07140   0.16721   0.50041   0.09500   0.10379   0.03649   0.00177   0.03183   0.14062   0.01956   0.04143   0.20112   0.11800   0.02428   0.13671   0.16319   3.18435   0.97857   0.22930   1.49891   1.98274  
 46  0.0003   8368.951784  x:  0.00552   0.09536   0.02217   0.00965   0.00845   0.00294   0.00441   0.00294   0.00146   0.00293   0.00440   0.02131   0.04020   0.07140   0.16719   0.50042   0.09499   0.10379   0.03651   0.00177   0.03183   0.14063   0.01956   0.04143   0.20111   0.11801   0.02428   0.13670   0.16318   3.18433   0.97863   0.22916   1.49724   1.98503  
 47  0.0009   8368.951780  x:  0.00553   0.09537   0.02217   0.00965   0.00845   0.00294   0.00442   0.00294   0.00146   0.00293   0.00440   0.02131   0.04020   0.07139   0.16720   0.50042   0.09500   0.10379   0.03650   0.00177   0.03183   0.14062   0.01957   0.04142   0.20111   0.11801   0.02428   0.13671   0.16318   3.18436   0.97863   0.22918   1.49736   1.98584  
 48  0.0008   8368.951780  x:  0.00552   0.09537   0.02217   0.00965   0.00845   0.00294   0.00442   0.00294   0.00146   0.00293   0.00440   0.02131   0.04020   0.07139   0.16720   0.50042   0.09500   0.10379   0.03650   0.00177   0.03183   0.14062   0.01957   0.04142   0.20111   0.11801   0.02428   0.13671   0.16318   3.18438   0.97863   0.22918   1.49732   1.98588  
 49  0.0000   8368.951780  x:  0.00552   0.09537   0.02217   0.00965   0.00845   0.00294   0.00442   0.00294   0.00146   0.00293   0.00440   0.02131   0.04020   0.07139   0.16720   0.50042   0.09500   0.10379   0.03650   0.00177   0.03183   0.14062   0.01957   0.04142   0.20111   0.11801   0.02428   0.13671   0.16318   3.18439   0.97863   0.22918   1.49735   1.98587  
 50  0.0000   8368.951780  x:  0.00553   0.09537   0.02217   0.00965   0.00845   0.00294   0.00442   0.00294   0.00146   0.00293   0.00440   0.02131   0.04020   0.07139   0.16720   0.50042   0.09500   0.10379   0.03650   0.00177   0.03183   0.14062   0.01957   0.04142   0.20111   0.11801   0.02428   0.13671   0.16318   3.18439   0.97863   0.22918   1.49737   1.98586  
 51  0.0000   8368.951780  x:  0.00552   0.09537   0.02217   0.00965   0.00845   0.00294   0.00442   0.00294   0.00146   0.00293   0.00440   0.02131   0.04020   0.07139   0.16720   0.50042   0.09500   0.10379   0.03650   0.00177   0.03183   0.14062   0.01957   0.04142   0.20111   0.11801   0.02428   0.13671   0.16318   3.18439   0.97863   0.22918   1.49736   1.98585  
 52  0.0000   8368.951780  x:  0.00552   0.09537   0.02217   0.00965   0.00845   0.00294   0.00442   0.00294   0.00146   0.00293   0.00440   0.02131   0.04020   0.07139   0.16720   0.50042   0.09500   0.10379   0.03650   0.00177   0.03183   0.14062   0.01957   0.04142   0.20111   0.11801   0.02428   0.13671   0.16318   3.18439   0.97863   0.22918   1.49736   1.98585  