     1    684    240


 1

     1      1    -2.8462972665   0.058058900000      39.7123  -E--------------
     2      1    -2.7801597100   0.062028600000      42.4276  -K--------------
     3      1    -3.9372023615   0.019502700000      13.3398  -M--------------
     4     33    -3.0782139585   0.046041415135      31.4923  AAAAAAAAAAAAAAAA
     5      1    -7.6743008088   0.000464615299       0.3178  AAAAAAAAAAAASAAA
     6      1    -9.2925224920   0.000092110419       0.0630  AAAAAGAAAAAAAAAA
     7      1    -7.8448636315   0.000391759028       0.2680  AAAAVAAAAAAAAAAA
     8      1   -12.2049823764   0.000005005454       0.0034  AAATSAAAAAAAAAAA
     9      1   -11.9769607624   0.000006287414       0.0043  AAATTTTTTTTTTTTT
    10      1   -28.8504957528   0.000000000000       0.0000  AALAVMVVVVVVLVVV
    11      1   -14.0481231244   0.000000792461       0.0005  AAPPPSSSSSSSPPPP
    12      1    -7.2791231181   0.000689790163       0.4718  AASAAAAAAAAAAAAA
    13      1   -24.3203323989   0.000000000027       0.0000  AATAVAAAAAAAATAS
    14      1   -14.3651567253   0.000000577154       0.0004  AAVVVVVVVVVVVAAA
    15      1    -8.4525572404   0.000213354119       0.1459  APPPPPPPPPPPPPPP
    16      1   -22.7419004549   0.000000000133       0.0000  ASQPSPPPPPPPPPPP
    17      1    -7.5977127465   0.000501597403       0.3431  ASSSSSSSSSSSSSSS
    18      1   -12.4348662048   0.000003977464       0.0027  AVAVVVVVVVVVVVVV
    19     17    -4.2239613987   0.014640532492      10.0141  CCCCCCCCCCCCCCCC
    20      1   -19.9358549878   0.000000002198       0.0000  CCCFCCCCCCCCCCFC
    21      1   -11.1354813408   0.000014585519       0.0100  CCFCCCCCCCCCCCCC
    22      1   -21.6656726798   0.000000000390       0.0000  CCRHSRRRRRRRRRRR
    23      1   -15.6941461493   0.000000152798       0.0001  CCSCSSSSSSSSSSSS
    24      1    -9.3715058747   0.000085115119       0.0582  CCSSSSSSSSSSSSSS
    25      1   -10.7079405259   0.000022366628       0.0153  CCYYYYYYYYYYYYYY
    26      1    -9.6072023981   0.000067242680       0.0460  DDDDDDDDDDDDDADD
    27     22    -3.4230545811   0.032612664608      22.3071  DDDDDDDDDDDDDDDD
    28      1   -10.9241509716   0.000018017790       0.0123  DDDDDDDGGGGGDDDD
    29      2    -7.8061013802   0.000407242641       0.2786  DDDDNDDDDDDDDDDD
    30      1   -10.6883197872   0.000022809811       0.0156  DDDVDDDDDDDDDDDD
    31      1    -7.7344518365   0.000437492132       0.2992  DDNDDDDDDDDDDDDD
    32      1   -12.5805402559   0.000003438276       0.0024  DDNDDEEEEEEEDDDD
    33      1   -12.1173611195   0.000005463827       0.0037  DDNDNDDDDDDDDDDD
    34      1   -22.1147499272   0.000000000249       0.0000  DDYYHYHYYYYYYYYY
    35      1    -7.5009745067   0.000552545648       0.3779  DEEEEEEEEEEEEEEE
    36      1   -18.3304554772   0.000000010944       0.0000  DNDGDDDDDDDDDDNN
    37      1    -8.1513508764   0.000288345577       0.1972  DNNNNNNNNNNNNNNN
    38      1   -12.7606007958   0.000002871716       0.0020  EDDDDNNNNNNNDDDD
    39      1   -13.2169461946   0.000001819505       0.0012  EDEEEEEEEEEEEEDE
    40      1    -7.4086538069   0.000605985920       0.4145  EEEDEEEEEEEEEEEE
    41     24    -3.5453761604   0.028857765319      19.7387  EEEEEEEEEEEEEEEE
    42      1   -10.0238655309   0.000044329263       0.0303  EEEEEEEEEEEEEGEE
    43      1    -8.8235902356   0.000147218860       0.1007  EEEEEEEEEEEEEKEE
    44      1   -13.1500028207   0.000001945478       0.0013  EEEKEEEEEEEEKEEE
    45      1    -8.1078285065   0.000301172157       0.2060  EEKEEEEEEEEEEEEE
    46      1   -13.5292592089   0.000001331427       0.0009  EGSSSSSSSSSSSSSS
    47      1    -8.4369528158   0.000216709499       0.1482  EKEEEEEEEEEEEEEE
    48     30    -3.6630975165   0.025652929163      17.5466  FFFFFFFFFFFFFFFF
    49      1    -8.4456771128   0.000214827084       0.1469  FFFFFFFFFFFFFFYY
    50      1    -7.9676461601   0.000346493617       0.2370  FFFFYFFFFFFFFFFF
    51      1    -8.1883248631   0.000277878980       0.1901  FFFLFFFFFFFFFFFF
    52      1   -33.6836504831   0.000000000000       0.0000  FFVITITIIIIIIMVV
    53      1    -7.5929473149   0.000503993435       0.3447  FFYYYYYYYYYYYYYY
    54      1    -8.4437475922   0.000215241998       0.1472  FLFFFFFFFFFFFFFF
    55      1    -8.2988317756   0.000248807320       0.1702  FLLLLLLLLLLLLLLL
    56      1    -9.4874758416   0.000075795181       0.0518  GEEEEEEEEEEEEEEE
    57     29    -2.7679907852   0.062788032738      42.9470  GGGGGGGGGGGGGGGG
    58      1    -9.8831030668   0.000051029683       0.0349  GGGGGGGGGGGGGRGG
    59      1   -15.6219981789   0.000000164230       0.0001  GGGGGGGGGGGGVGAA
    60      1   -12.0604586223   0.000005783748       0.0040  GSTTTTTTTTTTTTTT
    61      7    -4.2747423727   0.013915633304       9.5183  HHHHHHHHHHHHHHHH
    62      1   -12.1555129432   0.000005259298       0.0036  HHHHYHHHHHHHYHHH
    63      1    -8.8982778417   0.000136624012       0.0935  HHNHHHHHHHHHHHHH
    64      1   -22.4320345182   0.000000000181       0.0000  HHQNHHHHRRRRHHHH
    65      1   -13.7884960189   0.000001027383       0.0007  HHQQHQQQQQQQQQQQ
    66      1   -25.8928495038   0.000000000006       0.0000  HHSCCCCCCCCCCCCY
    67      1    -9.0059917678   0.000122672572       0.0839  HHYHHHHHHHHHHHHH
    68      1   -15.5802462893   0.000000171232       0.0001  HYCCCCCCCCCCCCCC
    69     23    -3.7232537084   0.024155245720      16.5222  IIIIIIIIIIIIIIII
    70      3    -7.6078769282   0.000496524898       0.3396  IIIIIIIIIIIIIIVV
    71      1    -8.4631239854   0.000211111530       0.1444  IIIIIIIIIIIIILII
    72      1    -9.7070438318   0.000060853341       0.0416  IIIIIIIVIIIIIIII
    73      1   -16.1978295496   0.000000092336       0.0001  IIIIIIIVVVVVKIII
    74      1   -10.2910208817   0.000033936451       0.0232  IIIIIMIIIIIIIIII
    75      1   -14.1127756213   0.000000742847       0.0005  IIIIVITTTTTTIIII
    76      1    -8.5249156690   0.000198461453       0.1357  IITTTTTTTTTTTTTT
    77      1   -10.4831613952   0.000028004051       0.0192  IIVVIVVVVVVVVVVV
    78      1   -13.6940152255   0.000001129184       0.0008  IMIIIIIIIIIILIII
    79      2    -7.3618792550   0.000635004003       0.4343  IVIIIIIIIIIIIIII
    80      1   -20.4849150761   0.000000001269       0.0000  IVIVVVIIIIIIIVVV
    81      1   -23.0091371062   0.000000000102       0.0000  IVVIVVVVVIVVVLVV
    82      1    -9.8526521991   0.000052607482       0.0360  KKKKKKKKKKKKKKEK
    83     26    -3.4162987118   0.032833737438      22.4583  KKKKKKKKKKKKKKKK
    84      1   -10.4390845933   0.000029265986       0.0200  KKKKKKKNNNNNKKKK
    85      1    -8.9427653762   0.000130679163       0.0894  KKKKKRKKKKKKKKKK
    86      1    -8.6567770116   0.000173944024       0.1190  KKKKKRRRRRRRKKKK
    87      1    -8.3777421421   0.000229928506       0.1573  KKKKNKKKKKKKKKKK
    88      1   -16.9062580749   0.000000045468       0.0000  KKNKNNNNNNNNDNNN
    89      1   -12.2255940697   0.000004903339       0.0034  KKNNSNNNNNNNNNNN
    90      2    -7.9152732083   0.000365124120       0.2497  KRKKKKKKKKKKKKKK
    91      1    -8.3007155806   0.000248339057       0.1699  LFFFFFFFFFFFFFFF
    92      1   -13.7709159604   0.000001045604       0.0007  LFLFLLLLLLLLLLLL
    93      1   -19.7017278039   0.000000002777       0.0000  LLILILLLLLLLMIVV
    94      1   -14.5045369350   0.000000502065       0.0003  LLLLFFFFFFFFLLLL
    95      1    -8.1895853600   0.000277528935       0.1898  LLLLFLLLLLLLLLLL
    96      1   -15.9422821023   0.000000119222       0.0001  LLLLFLLMLLLLLLLL
    97      1    -8.8253575486   0.000146958908       0.1005  LLLLLLLLLLLLLFLL
    98     66    -2.8615467037   0.057180250931      39.1113  LLLLLLLLLLLLLLLL
    99      1    -9.6201778946   0.000066375809       0.0454  LLLLLLLLLLLLLLQQ
   100      1    -9.9799034681   0.000046321540       0.0317  LLLLLLLLLLLLLLRR
   101      1    -8.0562968997   0.000317098883       0.2169  LLLLLLLLLLLLVLLL
   102      1   -14.8327331571   0.000000361598       0.0002  LLLLLLVLLLLLLVLL
   103      1   -10.7641660765   0.000021143753       0.0145  LLLLLRLLLLLLLLLL
   104      1   -19.9665263716   0.000000002131       0.0000  LLLLMLLLLLLLVVVV
   105      1    -7.7299547252   0.000439464013       0.3006  LLLLVLLLLLLLLLLL
   106      1    -7.7342757040   0.000437569195       0.2993  LLLVLLLLLLLLLLLL
   107      1   -15.5280835415   0.000000180401       0.0001  LLSLSSSSSSSSSSSS
   108      1   -27.5921470999   0.000000000001       0.0000  LLVVLVAAAAAAIVLL
   109      2    -7.4856543449   0.000561075913       0.3838  LLVVVVVVVVVVVVVV
   110      1   -22.6141924887   0.000000000151       0.0000  LPLFLLLFFFFFLLLL
   111      1   -16.0912503106   0.000000102721       0.0001  LPQLLLLLLLLLLLLL
   112      1    -9.8558019537   0.000052442042       0.0359  LSSSSSSSSSSSSSSS
   113      1    -9.1291998594   0.000108452328       0.0742  MIIIIIIIIIIIIIII
   114      1   -12.3792854113   0.000004204793       0.0029  MMIIIIIIIIIIVIII
   115      1    -9.7125481389   0.000060519306       0.0414  MMMMMMMMMMMMMIMM
   116      7    -4.6871080272   0.009213292256       6.3019  MMMMMMMMMMMMMMMM
   117      1   -10.0460446492   0.000043356902       0.0297  MMMMMMMMMMMMMVMM
   118      1   -18.7683905827   0.000000007063       0.0000  MMMMMMMMMMVMMMTT
   119      1   -12.4091827081   0.000004080942       0.0028  MMMMMMMMMVMMMMMM
   120      1   -24.4073893600   0.000000000025       0.0000  MVAAAAGAAAAAAASS
   121      1    -9.3804530831   0.000084356973       0.0577  MVVVVVVVVVVVVVVV
   122      1   -16.8953761485   0.000000045965       0.0000  NDNDNNNNNNNNNDNN
   123      1    -8.2923736777   0.000250419342       0.1713  NDNNNNNNNNNNNNNN
   124      1    -7.4742325728   0.000567521132       0.3882  NNDDDDDDDDDDDDDD
   125      1    -9.1309343714   0.000108264379       0.0741  NNGNNNNNNNNNNNNN
   126     11    -4.0644172805   0.017172993397      11.7463  NNNNNNNNNNNNNNNN
   127      1    -9.8904580950   0.000050655736       0.0346  NNNNNNNNNNNNNNSN
   128      1    -8.8016862440   0.000150479117       0.1029  NNNNNNNNNNNNNSNN
   129      1    -8.4885959235   0.000205802019       0.1408  NNNNNNNNNNNNSNNN
   130      1    -8.9466772494   0.000130168961       0.0890  NNNTNNNNNNNNNNNN
   131      2    -8.0892864603   0.000306808599       0.2099  NNSNNNNNNNNNNNNN
   132      1    -8.4165636635   0.000221173375       0.1513  NSNNNNNNNNNNNNNN
   133      1    -8.2335966744   0.000265579408       0.1817  NSSSSSSSSSSSSSSS
   134      1   -19.0102684733   0.000000005546       0.0000  PAVVVVAVVVVVVVVV
   135      1    -9.8344544512   0.000053573584       0.0366  PLPPPPPPPPPPPPPP
   136      1   -10.9374808146   0.000017779209       0.0122  PPFFFFFFFFFFFFFF
   137      1   -16.8374296401   0.000000048708       0.0000  PPPPPPLLLLLLPPSS
   138     14    -3.4278903733   0.032455337247      22.1995  PPPPPPPPPPPPPPPP
   139      1   -10.8572842857   0.000019263773       0.0132  PPPPPPPPPPPPPSSS
   140      1   -16.4004258358   0.000000075402       0.0001  PPPPQPPPPPPPPLPP
   141      1    -8.4472163603   0.000214496667       0.1467  PPPPSPPPPPPPPPPP
   142      1    -8.4514496946   0.000213590550       0.1461  PPPSPPPPPPPPPPPP
   143      1    -9.6735836696   0.000062923952       0.0430  PPRPPPPPPPPPPPPP
   144      1   -15.6235741276   0.000000163971       0.0001  PPSPPPPPPPPPPPPS
   145      1   -14.9723859327   0.000000314467       0.0002  PPSPPPSPPPPPPPPP
   146      1   -14.4629371314   0.000000523391       0.0004  QHQQHQQQQQQQQQQQ
   147      1    -9.4016118958   0.000082590830       0.0565  QHQQQQQQQQQQQQQQ
   148      1    -8.5654303135   0.000190581561       0.1304  QKQQQQQQQQQQQQQQ
   149      1   -23.3800841061   0.000000000070       0.0000  QPKQKKKKKKKKQKKK
   150      1    -9.0732497566   0.000114693207       0.0785  QQHQQQQQQQQQQQQQ
   151      1   -13.3739548065   0.000001555125       0.0011  QQKQQQQQQQQQRQQQ
   152      1    -9.6031871280   0.000067513220       0.0462  QQNQQQQQQQQQQQQQ
   153      1    -9.1514444560   0.000106066484       0.0725  QQQHQQQQQQQQQQQQ
   154      1   -14.4065828707   0.000000553733       0.0004  QQQQLEEEEEEEQQQQ
   155      1    -9.4743818662   0.000076794167       0.0525  QQQQQQQQQQQQHQQQ
   156      1    -8.5268008396   0.000198087672       0.1355  QQQQQQQQQQQQQQEE
   157     25    -4.0857824839   0.016809980629      11.4980  QQQQQQQQQQQQQQQQ
   158      1   -19.7736023994   0.000000002585       0.0000  RCDCCCCCCCCCCCCC
   159      1    -7.7781866460   0.000418770866       0.2864  RKKKKKKKKKKKKKKK
   160      1   -21.9810817338   0.000000000284       0.0000  RQQKEEEEEEEEQQQQ
   161      1   -25.8639906544   0.000000000006       0.0000  RRCSRTTTTTTTSSSS
   162      1    -7.2831447557   0.000687021648       0.4699  RRKKKKKKKKKKKKKK
   163      1   -11.4593434837   0.000010550435       0.0072  RRKRKRRRRRRRRRRR
   164      1    -7.5315250117   0.000535920348       0.3666  RRKRRRRRRRRRRRRR
   165      1    -9.1308599319   0.000108272438       0.0741  RRLLLLLLLLLLLLLL
   166      1   -15.5332835968   0.000000179465       0.0001  RRRHRRRRRRRRHRRR
   167      1    -7.6081348305   0.000496396860       0.3395  RRRKRRRRRRRRRRRR
   168     21    -3.6760129075   0.025323741921      17.3214  RRRRRRRRRRRRRRRR
   169      1   -12.2966650313   0.000004566950       0.0031  RSKKKKKKKKKKKKKK
   170      1   -18.1420427851   0.000000013213       0.0000  SKNNNNNNNNNNNNSN
   171      1   -16.9971048185   0.000000041519       0.0000  SNNSNNNNNNNNNDNN
   172      1   -12.2994819184   0.000004554103       0.0031  SNSNNNNNNNNNNNNN
   173      1    -8.3721818641   0.000231210533       0.1581  SNSSSSSSSSSSSSSS
   174      1   -15.9803934910   0.000000114763       0.0001  SPSSSSSSSSSSSSCC
   175      1   -17.9355829152   0.000000016243       0.0000  SRNNNNNNNNNNNDNN
   176      1    -7.4178193632   0.000600457098       0.4107  SSASSSSSSSSSSSSS
   177      1   -17.6530019010   0.000000021548       0.0000  SSNNNKKKKKKKSNNN
   178      1   -12.5076336264   0.000003698314       0.0025  SSNNNNNNNNNNNSNN
   179      1   -14.9657278383   0.000000316568       0.0002  SSNSISSSSSSSSSSS
   180      1    -8.1460625504   0.000289874482       0.1983  SSPPPPPPPPPPPPPP
   181      1    -9.9462760628   0.000047905700       0.0328  SSSASAAAAAAASSSS
   182      1    -9.7291726176   0.000059521521       0.0407  SSSSLSSSSSSSSSSS
   183      1   -11.8594447765   0.000007071452       0.0048  SSSSSSFFFFFFSSSS
   184      1    -9.7203865267   0.000060046786       0.0411  SSSSSSNSSSSSSSSS
   185      1    -9.1794723381   0.000103134939       0.0705  SSSSSSSSSSSSPSSS
   186      1    -9.3269218540   0.000088995758       0.0609  SSSSSSSSSSSSSSPP
   187     36    -3.4534930846   0.031634939633      21.6383  SSSSSSSSSSSSSSSS
   188      1    -7.9095843816   0.000367207167       0.2512  SSSSSSSSSSSSTSSS
   189      1    -9.6460143445   0.000064682858       0.0442  SSSSSSSTTTTTSSSS
   190      1    -7.5878596961   0.000506564096       0.3465  SSSTSSSSSSSSSSSS
   191      1   -14.7315482595   0.000000400101       0.0003  SSTSASSSSSSSAAAA
   192      1   -14.1552062431   0.000000711987       0.0005  SSTSFSSSSSSSSSSS
   193      1   -15.2530499492   0.000000237511       0.0002  SYSYYYYYYYYYYYYY
   194      1   -19.7286588938   0.000000002704       0.0000  TAAAATTTTTTTPAAA
   195      1   -14.6605600020   0.000000429536       0.0003  TATTTIIIIIIITTTT
   196      1   -14.7819491940   0.000000380435       0.0003  TKKKKEKKKKKKKKKK
   197      1   -12.6695689023   0.000003145402       0.0022  TKNNNNNNNNNNNNNN
   198      1    -9.0617316401   0.000116021894       0.0794  TNNNNNNNNNNNNNNN
   199      1   -30.0251158562   0.000000000000       0.0000  TSSGSGGGGGGGSSYC
   200      1   -12.3710656838   0.000004239498       0.0029  TTATAAAAAAAAAAAA
   201      1   -17.3061240960   0.000000030482       0.0000  TTATATTTTTTTTTAA
   202      1   -26.1189449088   0.000000000005       0.0000  TTISTTTTITTTATTT
   203      1   -20.6674078646   0.000000001057       0.0000  TTNNNDNNNNNNNNII
   204      1   -16.5773492808   0.000000063175       0.0000  TTTSTTTTPTTTTTTT
   205      1   -15.7935593864   0.000000138339       0.0001  TTTTPTAAAAAATTTT
   206      1   -19.0078470754   0.000000005559       0.0000  TTTTSTTTTTTTATMM
   207      1   -10.1793439357   0.000037946096       0.0260  TTTTTITTTTTTTTTT
   208      1    -8.7225746634   0.000162867322       0.1114  TTTTTSTTTTTTTTTT
   209      1    -9.5477410877   0.000071362282       0.0488  TTTTTTATTTTTTTTT
   210      1   -10.0348964854   0.000043842956       0.0300  TTTTTTTSTTTTTTTT
   211      1    -8.4331868161   0.000217527166       0.1488  TTTTTTTTTTTTTTAA
   212     27    -3.4505407003   0.031728476142      21.7023  TTTTTTTTTTTTTTTT
   213      1   -11.2686092125   0.000012767480       0.0087  VIIIIIIIIIIIIVII
   214      1    -7.2688842557   0.000696889110       0.4767  VIVVVVVVVVVVVVVV
   215      1    -7.4607392168   0.000575230794       0.3935  VVAAAAAAAAAAAAAA
   216      4    -6.7268640119   0.001198284879       0.8196  VVIIIIIIIIIIIIII
   217      1   -10.6114861967   0.000024631457       0.0168  VVIIIIIIIIIIIIVV
   218      1   -13.6263562267   0.000001208227       0.0008  VVIIIIIIIIIISIII
   219      1   -14.6968232516   0.000000414239       0.0003  VVIIIVVVVVVVVIII
   220      1   -16.4629900434   0.000000070830       0.0000  VVIIVIIIIIIIVVII
   221      1   -10.8250218856   0.000019895402       0.0136  VVILIIIIIIIIIIII
   222      1   -21.2385890450   0.000000000597       0.0000  VVIVVAIIIIIIVIII
   223      1   -13.9767832677   0.000000851060       0.0006  VVLLLLLLLLLLLLVL
   224      1   -32.6425807157   0.000000000000       0.0000  VVMGTAAAAAAAMIII
   225      1   -12.6717308614   0.000003138609       0.0021  VVTATTTTTTTTTTTT
   226      1   -17.9202642584   0.000000016494       0.0000  VVTAVVVVVVVVAVVV
   227      1   -11.8708174854   0.000006991486       0.0048  VVTIIIIIIIIIIIII
   228      1   -13.2195231261   0.000001814822       0.0012  VVVIVTTTTTTTVVVV
   229      2    -7.0595060841   0.000859202363       0.5877  VVVIVVVVVVVVVVVV
   230      1    -7.8273685145   0.000398673204       0.2727  VVVVAVVVVVVVVVVV
   231      1    -7.0552978352   0.000862825719       0.5902  VVVVIVVVVVVVVVVV
   232      1    -8.0397012125   0.000322405266       0.2205  VVVVVIIIIIIIVVVV
   233      1    -9.1966963015   0.000101373758       0.0693  VVVVVLVVVVVVVVVV
   234      1    -7.6852760419   0.000459543918       0.3143  VVVVVVVVVVVVVIVV
   235      1    -8.3976352866   0.000225399700       0.1542  VVVVVVVVVVVVVVLL
   236     15    -3.2591055951   0.038422748149      26.2812  VVVVVVVVVVVVVVVV
   237      2    -4.5064940567   0.011037087827       7.5494  WWWWWWWWWWWWWWWW
   238      1   -15.2525119380   0.000000237639       0.0002  YYYHYYYYYYYYNYYY
   239      1   -10.2005827999   0.000037148662       0.0254  YYYYYYYYYYYYYYYF
   240     18    -3.7560014930   0.023377026953      15.9899  YYYYYYYYYYYYYYYY