

TREE # 1

  0  0.0000   4402.456800  x:  0.00264   0.02070   0.01016   0.00930   0.00513   0.00356   0.00196   0.00378   0.00645   0.00383   0.00308   0.00590   0.01154   0.01728   0.04952   0.06085   0.04522   0.04795   0.00371   0.00313   0.00904   0.03186   0.00970   0.00758   0.03114   0.05687   0.00000   0.04027   0.05449  
  1 99.0000   4396.133587  x:  0.00373   0.02077   0.01010   0.00887   0.00373   0.00160   0.00000   0.00257   0.00537   0.00335   0.00113   0.00537   0.01155   0.01714   0.04978   0.06144   0.04541   0.04781   0.00406   0.00290   0.00831   0.03204   0.00977   0.00722   0.03106   0.05700   0.00828   0.04038   0.05462  
  2 3326.4710   4393.697409  x:  0.00386   0.02079   0.01007   0.00866   0.00304   0.00048   0.00000   0.00206   0.00484   0.00318   0.00000   0.00514   0.01155   0.01707   0.04992   0.06178   0.04551   0.04774   0.00414   0.00278   0.00795   0.03213   0.00980   0.00704   0.03102   0.05706   0.00821   0.04039   0.05465  
  3 1457.5091   4393.278713  x:  0.00386   0.02080   0.01006   0.00861   0.00295   0.00000   0.00000   0.00217   0.00476   0.00322   0.00000   0.00513   0.01155   0.01705   0.04997   0.06191   0.04555   0.04771   0.00414   0.00279   0.00786   0.03216   0.00981   0.00702   0.03101   0.05708   0.00821   0.04039   0.05466  
  4 1872.7863   4392.398513  x:  0.00309   0.02099   0.00996   0.00794   0.00458   0.00000   0.00000   0.00152   0.00469   0.00347   0.00000   0.00602   0.01158   0.01627   0.05245   0.06815   0.04741   0.04616   0.00390   0.00364   0.00556   0.03360   0.00998   0.00687   0.03051   0.05834   0.00826   0.04048   0.05523  
  5 321.1352   4391.976931  x:  0.00415   0.02108   0.01002   0.00824   0.00496   0.00000   0.00000   0.00189   0.00523   0.00256   0.00000   0.00568   0.01158   0.01608   0.05402   0.07229   0.04856   0.04509   0.00435   0.00298   0.00629   0.03436   0.01001   0.00694   0.03026   0.05915   0.00814   0.04051   0.05561  
  6 382.2225   4391.831020  x:  0.00406   0.02105   0.01006   0.00858   0.00471   0.00000   0.00000   0.00170   0.00544   0.00337   0.00000   0.00533   0.01157   0.01621   0.05462   0.07405   0.04898   0.04460   0.00421   0.00258   0.00720   0.03453   0.00994   0.00705   0.03020   0.05949   0.00817   0.04051   0.05577  
  7 295.7460   4391.789388  x:  0.00359   0.02097   0.01007   0.00873   0.00442   0.00000   0.00000   0.00171   0.00546   0.00311   0.00000   0.00532   0.01156   0.01642   0.05473   0.07465   0.04904   0.04442   0.00392   0.00273   0.00762   0.03443   0.00985   0.00714   0.03025   0.05961   0.00822   0.04051   0.05581  
  8 118.9140   4391.779510  x:  0.00368   0.02088   0.01006   0.00874   0.00431   0.00000   0.00000   0.00169   0.00546   0.00315   0.00000   0.00557   0.01155   0.01670   0.05463   0.07494   0.04891   0.04431   0.00401   0.00287   0.00766   0.03411   0.00979   0.00718   0.03038   0.05964   0.00821   0.04051   0.05580  
  9 35.2549   4391.772837  x:  0.00366   0.02080   0.01005   0.00871   0.00436   0.00000   0.00000   0.00171   0.00548   0.00313   0.00000   0.00553   0.01155   0.01689   0.05444   0.07523   0.04871   0.04420   0.00396   0.00270   0.00755   0.03371   0.00980   0.00717   0.03052   0.05965   0.00822   0.04050   0.05579  
 10 33.5290   4391.771068  x:  0.00366   0.02079   0.01005   0.00870   0.00440   0.00000   0.00000   0.00170   0.00547   0.00314   0.00000   0.00541   0.01156   0.01685   0.05435   0.07533   0.04861   0.04417   0.00399   0.00279   0.00755   0.03358   0.00981   0.00717   0.03057   0.05965   0.00822   0.04050   0.05578  
 11 19.1684   4391.769893  x:  0.00366   0.02083   0.01006   0.00872   0.00439   0.00000   0.00000   0.00170   0.00545   0.00314   0.00000   0.00546   0.01156   0.01668   0.05421   0.07544   0.04848   0.04415   0.00397   0.00277   0.00758   0.03352   0.00983   0.00716   0.03058   0.05963   0.00822   0.04050   0.05576  
 12 10.2549   4391.769163  x:  0.00364   0.02087   0.01005   0.00870   0.00436   0.00000   0.00000   0.00170   0.00550   0.00314   0.00000   0.00546   0.01155   0.01669   0.05409   0.07552   0.04837   0.04417   0.00400   0.00276   0.00756   0.03361   0.00978   0.00719   0.03054   0.05960   0.00822   0.04050   0.05573  
 13  3.7875   4391.768479  x:  0.00369   0.02088   0.01005   0.00871   0.00437   0.00000   0.00000   0.00170   0.00549   0.00314   0.00000   0.00545   0.01155   0.01674   0.05400   0.07558   0.04829   0.04420   0.00394   0.00278   0.00756   0.03370   0.00980   0.00718   0.03050   0.05957   0.00822   0.04050   0.05572  
 14  6.7679   4391.767515  x:  0.00365   0.02086   0.01007   0.00873   0.00441   0.00000   0.00000   0.00170   0.00541   0.00313   0.00000   0.00546   0.01156   0.01679   0.05393   0.07562   0.04823   0.04424   0.00400   0.00277   0.00759   0.03378   0.00986   0.00713   0.03048   0.05954   0.00822   0.04051   0.05570  
 15  6.5068   4391.739452  x:  0.00371   0.01983   0.01006   0.00855   0.00436   0.00000   0.00000   0.00168   0.00536   0.00313   0.00000   0.00544   0.01160   0.01657   0.05390   0.07597   0.04829   0.04501   0.00396   0.00275   0.00763   0.03394   0.00972   0.00727   0.03066   0.05908   0.00821   0.04052   0.05555  
 16  2.2984   4391.589008  x:  0.00369   0.02023   0.01012   0.00948   0.00362   0.00000   0.00000   0.00159   0.00586   0.00310   0.00000   0.00538   0.01137   0.01652   0.05434   0.07694   0.04881   0.04724   0.00401   0.00285   0.00713   0.03354   0.01011   0.00652   0.03121   0.05764   0.00820   0.04057   0.05515  
 17 19.0077   4391.248321  x:  0.00369   0.02240   0.00998   0.00843   0.00335   0.00000   0.00000   0.00137   0.00453   0.00297   0.00000   0.00517   0.01156   0.01691   0.05522   0.07830   0.04951   0.04980   0.00401   0.00261   0.00743   0.03273   0.00995   0.00774   0.03155   0.05579   0.00815   0.04060   0.05471  
 18 77.5866   4390.568126  x:  0.00381   0.02239   0.00978   0.00678   0.00221   0.00000   0.00000   0.00098   0.00407   0.00280   0.00000   0.00489   0.01197   0.01687   0.05582   0.07885   0.04928   0.04857   0.00402   0.00255   0.00776   0.03265   0.00876   0.00545   0.03046   0.05629   0.00802   0.04056   0.05499  
 19 45.7092   4390.120026  x:  0.00396   0.02173   0.00975   0.00753   0.00117   0.00000   0.00000   0.00073   0.00349   0.00268   0.00000   0.00467   0.01186   0.01668   0.05598   0.07895   0.04899   0.04704   0.00412   0.00240   0.00707   0.03295   0.00926   0.00616   0.02981   0.05714   0.00793   0.04054   0.05531  
 20 179.8902   4390.098347  x:  0.00398   0.02173   0.00964   0.00780   0.00125   0.00000   0.00000   0.00072   0.00323   0.00267   0.00000   0.00463   0.01156   0.01667   0.05592   0.07895   0.04903   0.04694   0.00414   0.00235   0.00701   0.03306   0.00890   0.00614   0.03002   0.05724   0.00792   0.04054   0.05532  
 21 62.7241   4390.088061  x:  0.00397   0.02179   0.00963   0.00765   0.00122   0.00000   0.00000   0.00071   0.00325   0.00267   0.00000   0.00464   0.01126   0.01667   0.05571   0.07894   0.04917   0.04685   0.00414   0.00234   0.00705   0.03331   0.00899   0.00613   0.03065   0.05744   0.00792   0.04054   0.05532  
 22 28.5030   4390.085550  x:  0.00397   0.02182   0.00965   0.00769   0.00121   0.00000   0.00000   0.00071   0.00325   0.00267   0.00000   0.00463   0.01147   0.01667   0.05559   0.07893   0.04927   0.04683   0.00414   0.00233   0.00703   0.03341   0.00895   0.00612   0.03089   0.05753   0.00792   0.04054   0.05531  
 23 16.9563   4390.084955  x:  0.00398   0.02182   0.00961   0.00768   0.00121   0.00000   0.00000   0.00071   0.00325   0.00267   0.00000   0.00463   0.01147   0.01667   0.05542   0.07895   0.04945   0.04688   0.00414   0.00233   0.00703   0.03337   0.00896   0.00612   0.03083   0.05764   0.00792   0.04054   0.05529  
 24  3.1263   4390.084798  x:  0.00398   0.02182   0.00967   0.00768   0.00121   0.00000   0.00000   0.00071   0.00325   0.00267   0.00000   0.00463   0.01146   0.01667   0.05539   0.07895   0.04948   0.04689   0.00414   0.00233   0.00703   0.03337   0.00894   0.00612   0.03081   0.05766   0.00792   0.04054   0.05528  
 25  2.6094   4389.796437  x:  0.00405   0.02152   0.00966   0.00751   0.00111   0.00000   0.00000   0.00108   0.00285   0.00273   0.00000   0.00448   0.01147   0.01649   0.05524   0.07951   0.05085   0.04371   0.00421   0.00237   0.00646   0.03385   0.00927   0.00606   0.03069   0.05604   0.00774   0.03914   0.05225  
 26  0.0858   4389.425512  x:  0.00415   0.02137   0.00966   0.00726   0.00100   0.00000   0.00000   0.00155   0.00232   0.00280   0.00000   0.00428   0.01149   0.01630   0.05574   0.08037   0.04967   0.04468   0.00429   0.00229   0.00579   0.03419   0.00965   0.00606   0.03057   0.05915   0.00736   0.04182   0.05620  
 27 32.4557   4389.414617  x:  0.00415   0.02138   0.00966   0.00725   0.00100   0.00000   0.00000   0.00156   0.00230   0.00280   0.00000   0.00428   0.01149   0.01630   0.05585   0.08041   0.04946   0.04501   0.00430   0.00228   0.00576   0.03420   0.00966   0.00606   0.03057   0.05962   0.00736   0.04078   0.05643  
 28 17.3788   4389.414261  x:  0.00415   0.02138   0.00966   0.00725   0.00100   0.00000   0.00000   0.00156   0.00230   0.00280   0.00000   0.00428   0.01149   0.01630   0.05592   0.08041   0.04940   0.04506   0.00430   0.00228   0.00576   0.03419   0.00966   0.00607   0.03057   0.05975   0.00736   0.04083   0.05625  
 29  0.9704   4389.102334  x:  0.00435   0.02086   0.00994   0.00698   0.00168   0.00000   0.00000   0.00148   0.00270   0.00281   0.00000   0.00401   0.01172   0.01597   0.05609   0.08144   0.04965   0.04290   0.00447   0.00223   0.00476   0.03494   0.01068   0.00623   0.03034   0.06129   0.00676   0.04077   0.05636  
 30  0.0292   4388.529415  x:  0.00446   0.02090   0.00958   0.00762   0.00143   0.00000   0.00000   0.00181   0.00388   0.00308   0.00000   0.00466   0.01130   0.01558   0.05715   0.08486   0.05046   0.04203   0.00463   0.00269   0.00498   0.03560   0.00974   0.00547   0.02956   0.06209   0.00409   0.04073   0.05707  
 31  0.0030   4388.179965  x:  0.00444   0.02100   0.00977   0.00709   0.00158   0.00000   0.00000   0.00170   0.00327   0.00306   0.00000   0.00468   0.01163   0.01569   0.05707   0.08525   0.05093   0.04193   0.00461   0.00280   0.00546   0.03554   0.01023   0.00573   0.02943   0.06104   0.00217   0.04060   0.05641  
 32  0.0036   4388.053223  x:  0.00431   0.02111   0.00984   0.00718   0.00149   0.00000   0.00000   0.00154   0.00282   0.00288   0.00000   0.00424   0.01164   0.01606   0.05628   0.08271   0.05026   0.04325   0.00447   0.00252   0.00515   0.03496   0.01016   0.00608   0.02994   0.06021   0.00232   0.04077   0.05614  
 33  0.0034   4388.044249  x:  0.00429   0.02105   0.00985   0.00724   0.00145   0.00000   0.00000   0.00149   0.00289   0.00287   0.00000   0.00432   0.01160   0.01601   0.05617   0.08190   0.04993   0.04324   0.00445   0.00249   0.00524   0.03495   0.01012   0.00603   0.03000   0.06065   0.00220   0.04089   0.05640  
 34  0.0010   4388.043488  x:  0.00429   0.02106   0.00985   0.00721   0.00145   0.00000   0.00000   0.00146   0.00288   0.00289   0.00000   0.00433   0.01160   0.01600   0.05619   0.08185   0.04995   0.04323   0.00445   0.00252   0.00525   0.03497   0.01013   0.00601   0.02997   0.06070   0.00226   0.04089   0.05643  
 35  0.0001   4388.043297  x:  0.00430   0.02107   0.00984   0.00721   0.00144   0.00000   0.00000   0.00145   0.00289   0.00289   0.00000   0.00432   0.01160   0.01600   0.05621   0.08192   0.04998   0.04325   0.00445   0.00252   0.00523   0.03498   0.01011   0.00601   0.02996   0.06070   0.00224   0.04090   0.05645  
 36  0.0001   4388.043273  x:  0.00430   0.02107   0.00984   0.00722   0.00145   0.00000   0.00000   0.00144   0.00289   0.00289   0.00000   0.00432   0.01160   0.01600   0.05622   0.08196   0.04998   0.04326   0.00445   0.00252   0.00524   0.03498   0.01011   0.00602   0.02997   0.06071   0.00224   0.04090   0.05645  
 37  0.0000   4388.043272  x:  0.00430   0.02107   0.00984   0.00722   0.00145   0.00000   0.00000   0.00144   0.00289   0.00289   0.00000   0.00432   0.01160   0.01600   0.05621   0.08196   0.04997   0.04326   0.00445   0.00252   0.00523   0.03498   0.01011   0.00602   0.02997   0.06071   0.00224   0.04090   0.05645  
 38  0.0000   4388.043272  x:  0.00430   0.02107   0.00984   0.00722   0.00145   0.00000   0.00000   0.00144   0.00289   0.00289   0.00000   0.00432   0.01160   0.01600   0.05621   0.08196   0.04997   0.04326   0.00445   0.00252   0.00523   0.03498   0.01011   0.00602   0.02997   0.06071   0.00224   0.04090   0.05645  
 39  0.0000   4388.043272  x:  0.00430   0.02107   0.00984   0.00722   0.00145   0.00000   0.00000   0.00144   0.00289   0.00289   0.00000   0.00432   0.01160   0.01600   0.05621   0.08196   0.04997   0.04326   0.00445   0.00252   0.00523   0.03498   0.01011   0.00602   0.02997   0.06071   0.00224   0.04090   0.05645  