

TREE # 1

  0  0.0000  10197.107463  x:  0.00000   0.05302   0.06679   0.02702   0.08355   0.07525   0.04032   0.04482   0.07424   0.02453   0.06282   0.03785   0.04145   0.05414   0.09024   0.16980   0.08857   0.06146   0.07246   0.03738   0.08353   0.09531   0.02696   0.03742   0.07207   0.14818   0.03981   0.09082   0.14665   2.00000   0.90000   0.29673   1.19979   2.14479  
  1 99.0000   9887.465141  x:  0.01677   0.10866   0.05544   0.04964   0.06183   0.04119   0.01689   0.01059   0.03736   0.00000   0.03853   0.04096   0.04522   0.09647   0.14980   0.21513   0.09824   0.09229   0.07480   0.02717   0.08105   0.13202   0.05794   0.05916   0.14667   0.17484   0.01842   0.13091   0.16593   2.00623   0.93856   0.29216   1.20101   2.14174  
  2 2753.4436   9829.694137  x:  0.02175   0.12561   0.05192   0.05650   0.05510   0.03065   0.00993   0.00000   0.02587   0.00419   0.03104   0.04191   0.04637   0.10936   0.16804   0.22912   0.10121   0.10172   0.07549   0.02401   0.08027   0.14328   0.06728   0.06573   0.16947   0.18308   0.01180   0.14323   0.17188   2.00817   0.95046   0.29079   1.20138   2.14080  
  3 58409.5807   9787.947227  x:  0.02769   0.14637   0.04755   0.06485   0.04674   0.01751   0.00173   0.00405   0.01155   0.00919   0.02179   0.04306   0.04777   0.12515   0.19046   0.24644   0.10488   0.11331   0.07633   0.02008   0.07929   0.15715   0.07862   0.07372   0.19746   0.19331   0.00359   0.15841   0.17927   2.01059   0.96516   0.28915   1.20182   2.13963  
  4 39571.9328   9760.770477  x:  0.02921   0.15478   0.04535   0.06787   0.04271   0.01089   0.01341   0.00528   0.00386   0.01082   0.01810   0.04353   0.04827   0.13149   0.20006   0.25461   0.10651   0.11814   0.07656   0.01819   0.07870   0.16320   0.08256   0.07649   0.20927   0.19825   0.00000   0.16515   0.18281   2.01186   0.97152   0.28887   1.20190   2.13911  
  5 8789.8333   9754.548284  x:  0.02732   0.15454   0.04454   0.06699   0.04162   0.00867   0.01340   0.00529   0.00000   0.01082   0.01910   0.04354   0.04814   0.13118   0.20087   0.25679   0.10675   0.11827   0.07632   0.01772   0.07832   0.16393   0.08107   0.07543   0.20990   0.19976   0.00052   0.16618   0.18387   2.01246   0.97166   0.28978   1.20166   2.13904  
  6 1173.7647   9753.777969  x:  0.02675   0.15443   0.04438   0.06673   0.04144   0.00856   0.01337   0.00528   0.00000   0.01081   0.01897   0.04363   0.04815   0.13107   0.20103   0.25733   0.10678   0.11825   0.07624   0.01761   0.07821   0.16408   0.08067   0.07517   0.20999   0.20012   0.00000   0.16637   0.18410   2.01265   0.97168   0.29002   1.20159   2.13902  
  7 1454.0798   9741.388903  x:  0.00497   0.15157   0.04069   0.05868   0.03909   0.02298   0.01320   0.00524   0.00000   0.01056   0.00661   0.04949   0.05058   0.12829   0.20836   0.27774   0.10716   0.11773   0.07443   0.01653   0.07397   0.17031   0.06928   0.06970   0.21405   0.21315   0.00523   0.17297   0.19238   2.02139   0.97471   0.29691   1.19915   2.13825  
  8 1075.3910   9737.581675  x:  0.00000   0.15132   0.04016   0.05732   0.03912   0.02831   0.01327   0.00527   0.00000   0.01055   0.00837   0.05091   0.05142   0.12801   0.21044   0.28263   0.10716   0.11769   0.07413   0.01650   0.07295   0.17191   0.06732   0.06914   0.21532   0.21612   0.00541   0.17440   0.19417   2.02376   0.97552   0.29830   1.19857   2.13804  
  9 1725.1498   9733.573512  x:  0.00000   0.14902   0.04372   0.06237   0.04549   0.03572   0.01375   0.00543   0.00000   0.01075   0.00832   0.04009   0.05329   0.12512   0.21837   0.30553   0.10546   0.11466   0.07897   0.02149   0.06867   0.17642   0.06570   0.07446   0.21320   0.22675   0.00561   0.17393   0.19944   2.04440   0.95395   0.30837   1.19318   2.13757  
 10 231.2385   9727.878121  x:  0.00000   0.13573   0.05669   0.07187   0.05948   0.03083   0.01351   0.00536   0.00000   0.01065   0.00719   0.04449   0.04992   0.11584   0.21986   0.33794   0.10708   0.10819   0.08812   0.02091   0.06832   0.17695   0.06597   0.08090   0.19218   0.23722   0.00514   0.16370   0.20592   2.10538   0.96900   0.32404   1.18095   2.13294  
 11 182.6145   9718.840515  x:  0.00000   0.12723   0.04991   0.05061   0.04035   0.03715   0.01364   0.00543   0.00000   0.01081   0.00534   0.04362   0.04311   0.11759   0.21007   0.35629   0.11397   0.11124   0.08170   0.00614   0.08002   0.17421   0.06278   0.06984   0.17532   0.23413   0.00678   0.15961   0.20694   2.23746   0.96747   0.34037   1.15572   2.12568  
 12 228.2786   9714.916833  x:  0.00000   0.12428   0.04224   0.04677   0.03571   0.03553   0.01369   0.00546   0.00000   0.01091   0.00439   0.04926   0.05308   0.11607   0.20287   0.35742   0.11350   0.10962   0.07607   0.02481   0.08342   0.17275   0.05408   0.05908   0.17418   0.23440   0.00631   0.16371   0.20718   2.31733   0.96756   0.34249   1.14156   2.12172  
 13 502.9441   9710.856985  x:  0.00000   0.12238   0.03389   0.05227   0.04675   0.03293   0.01374   0.00548   0.00000   0.01097   0.00381   0.05366   0.05870   0.10790   0.19632   0.34718   0.10720   0.10265   0.06633   0.01437   0.07171   0.17164   0.04572   0.05888   0.18336   0.23673   0.00675   0.17493   0.20924   2.40980   0.96398   0.33464   1.12625   2.11818  
 14 302.0232   9704.253325  x:  0.00000   0.11981   0.04504   0.04047   0.04132   0.03163   0.01358   0.00545   0.00000   0.01087   0.00403   0.04449   0.05118   0.09785   0.19230   0.32762   0.10084   0.09587   0.07021   0.01949   0.05317   0.17206   0.05491   0.06707   0.19505   0.25000   0.00534   0.18533   0.21410   2.58656   0.96571   0.31093   1.09768   2.11180  
 15 398.5679   9695.478735  x:  0.00000   0.12530   0.05412   0.06426   0.03296   0.03431   0.01355   0.00545   0.00000   0.01073   0.00538   0.04633   0.04354   0.10839   0.19916   0.30693   0.10851   0.10846   0.08521   0.01670   0.06131   0.17524   0.05041   0.05949   0.19912   0.26011   0.00478   0.17758   0.21443   2.85456   0.95621   0.27697   1.05168   2.10273  
 16 668.4929   9690.778634  x:  0.00000   0.13405   0.04330   0.05390   0.04923   0.02898   0.01359   0.00548   0.00000   0.01074   0.00638   0.04623   0.05610   0.11941   0.20906   0.30533   0.11069   0.11386   0.08372   0.01688   0.07514   0.17768   0.06088   0.06632   0.19696   0.25233   0.00486   0.16741   0.20848   3.00132   0.95317   0.26975   1.02231   2.09699  
 17 554.5272   9689.240133  x:  0.00000   0.14072   0.03928   0.06017   0.04437   0.03001   0.01355   0.00547   0.00000   0.01070   0.00671   0.04147   0.05339   0.12119   0.21339   0.31031   0.10507   0.10902   0.07617   0.02087   0.07326   0.17597   0.06139   0.07084   0.19641   0.23451   0.00491   0.16774   0.20113   3.04730   0.95757   0.27841   1.00815   2.09399  
 18 170.7730   9689.028763  x:  0.00000   0.14197   0.04327   0.05933   0.04497   0.02929   0.01359   0.00549   0.00000   0.01073   0.00685   0.04490   0.05287   0.12119   0.21344   0.31221   0.10580   0.11014   0.07635   0.02137   0.07146   0.17533   0.06171   0.07026   0.19811   0.22874   0.00502   0.16964   0.19954   3.05324   0.95589   0.28009   1.00400   2.09346  
 19 58.3068   9688.946229  x:  0.00000   0.14140   0.04367   0.05931   0.04629   0.02962   0.01358   0.00548   0.00000   0.01072   0.00683   0.04264   0.05321   0.12014   0.21232   0.31343   0.10743   0.11171   0.07807   0.02140   0.07146   0.17509   0.06128   0.06916   0.19985   0.22580   0.00492   0.17097   0.19945   3.05461   0.95685   0.27950   0.99971   2.09290  
 20 24.8006   9688.754363  x:  0.00000   0.13898   0.04035   0.06007   0.04563   0.02972   0.01359   0.00547   0.00000   0.01073   0.00691   0.04451   0.05151   0.11862   0.20935   0.31584   0.10762   0.11151   0.08097   0.02200   0.07313   0.17513   0.06317   0.07078   0.20278   0.22358   0.00481   0.17151   0.20089   3.05497   0.95626   0.27565   0.98137   2.09098  
 21 23.2359   9687.590844  x:  0.00000   0.13548   0.04480   0.06121   0.04038   0.02840   0.01350   0.00540   0.00000   0.01072   0.00699   0.04373   0.06013   0.12346   0.20123   0.32318   0.10340   0.10657   0.08135   0.01888   0.07644   0.17432   0.06339   0.07359   0.20905   0.22129   0.00463   0.16909   0.20648   3.05308   0.95807   0.25001   0.85842   2.07824  
 22 104.8595   9684.488360  x:  0.00000   0.14004   0.04450   0.05942   0.04613   0.02634   0.01340   0.00526   0.00000   0.01076   0.00708   0.04166   0.05061   0.12984   0.20061   0.32928   0.10286   0.10727   0.07606   0.02217   0.07297   0.17254   0.06030   0.07198   0.21117   0.22462   0.00436   0.16631   0.20963   3.04673   0.96316   0.19340   0.56760   2.04910  
 23 544.4928   9683.879122  x:  0.00000   0.13985   0.04298   0.06058   0.04249   0.02618   0.01336   0.00521   0.00000   0.01074   0.00714   0.04264   0.05544   0.12351   0.20622   0.32844   0.10521   0.10959   0.07737   0.02093   0.07112   0.17384   0.06262   0.07284   0.20629   0.22531   0.00428   0.16997   0.20626   3.04528   0.96382   0.18167   0.50462   2.04402  
 24 276.2294   9683.780266  x:  0.00000   0.13968   0.04360   0.05976   0.04264   0.02590   0.01334   0.00520   0.00000   0.01074   0.00714   0.04259   0.05476   0.12248   0.20875   0.32927   0.10365   0.10783   0.07818   0.02067   0.07352   0.17591   0.06110   0.07302   0.20507   0.22390   0.00419   0.17210   0.20458   3.04515   0.96387   0.17717   0.49745   2.04493  
 25 31.4061   9682.827622  x:  0.00000   0.12556   0.04375   0.06169   0.04321   0.02450   0.01325   0.00509   0.00000   0.01075   0.00711   0.04162   0.05338   0.12925   0.21025   0.33326   0.10447   0.10865   0.07074   0.02159   0.07006   0.18818   0.06607   0.06892   0.20604   0.22308   0.00433   0.17358   0.19903   3.04894   0.96666   0.17335   0.48170   2.09236  
 26  7.4937   9674.039948  x:  0.00000   0.12632   0.03664   0.05591   0.03935   0.01544   0.01272   0.00434   0.00000   0.01100   0.00756   0.04209   0.05427   0.14286   0.21210   0.35178   0.10177   0.10705   0.08296   0.02009   0.05691   0.20624   0.05219   0.07472   0.21343   0.22357   0.00378   0.16955   0.19570   3.07772   0.99064   0.16902   0.37883   2.45191  
 27 175.1668   9671.065623  x:  0.00000   0.13171   0.03721   0.05723   0.03794   0.01282   0.01253   0.00407   0.00000   0.01108   0.00774   0.04161   0.05330   0.13822   0.21205   0.36606   0.10506   0.10737   0.07193   0.02069   0.05973   0.20162   0.05600   0.07246   0.21297   0.22397   0.00346   0.17228   0.20346   3.08839   0.99721   0.15877   0.34523   2.57954  
 28 711.7833   9670.561814  x:  0.00000   0.13097   0.03424   0.05667   0.03660   0.01196   0.01246   0.00400   0.00000   0.01107   0.00778   0.04206   0.05420   0.14283   0.21355   0.37026   0.10987   0.10613   0.07214   0.02129   0.05374   0.19824   0.05430   0.07487   0.20944   0.22151   0.00329   0.17317   0.20591   3.09032   0.99711   0.15296   0.34685   2.58492  
 29 22.1982   9662.805360  x:  0.00000   0.11921   0.03361   0.05656   0.03861   0.00691   0.01215   0.00317   0.00000   0.01141   0.00886   0.04299   0.05338   0.16164   0.24189   0.36998   0.12724   0.08372   0.07613   0.01875   0.06746   0.17672   0.06026   0.06823   0.21423   0.23275   0.00154   0.20728   0.23017   3.12089   0.99555   0.18353   0.39030   2.55621  
 30 22.5045   9653.216541  x:  0.00000   0.12236   0.03447   0.05458   0.03537   0.00000   0.01178   0.00239   0.00000   0.01167   0.00971   0.04468   0.05353   0.15510   0.24776   0.38297   0.12110   0.09945   0.06795   0.01784   0.07192   0.18209   0.05645   0.07199   0.22057   0.24271   0.00109   0.21177   0.23794   3.14796   0.99379   0.19692   0.43536   2.52119  
 31 193.8361   9653.216541  x:  0.00000   0.12236   0.03447   0.05458   0.03537   0.00000   0.01178   0.00239   0.00000   0.01167   0.00971   0.04468   0.05353   0.15510   0.24776   0.38297   0.12110   0.09945   0.06795   0.01784   0.07192   0.18209   0.05645   0.07199   0.22057   0.24271   0.00109   0.21177   0.23794   3.14796   0.99379   0.19692   0.43536   2.52119  
 32 79.0743   9649.395216  x:  0.00000   0.12277   0.03434   0.05451   0.03519   0.00876   0.01256   0.00336   0.00000   0.01136   0.01294   0.04486   0.05349   0.15495   0.24798   0.38335   0.12116   0.09984   0.06802   0.01763   0.07189   0.18241   0.05637   0.07179   0.22094   0.24312   0.00077   0.21190   0.23805   3.14799   0.99296   0.19673   0.43547   2.52119  
 33 2930.1078   9646.316257  x:  0.00000   0.12384   0.03404   0.05446   0.03461   0.00790   0.01412   0.00395   0.00000   0.01057   0.01690   0.04509   0.05340   0.15456   0.24855   0.38432   0.12133   0.10087   0.06821   0.01711   0.07181   0.18324   0.05617   0.07128   0.22189   0.24420   0.00000   0.21225   0.23836   3.14805   0.99117   0.19629   0.43575   2.52120  
 34 698.0246   9644.739150  x:  0.00000   0.12633   0.03340   0.05423   0.03345   0.00799   0.01439   0.00144   0.00000   0.01013   0.01740   0.04586   0.05325   0.15362   0.24992   0.38672   0.12169   0.10316   0.06865   0.01599   0.07162   0.18525   0.05576   0.07015   0.22418   0.24680   0.00000   0.21312   0.23915   3.14821   0.99086   0.19534   0.43644   2.52121  
 35 458.9333   9632.719632  x:  0.00000   0.15529   0.02621   0.05142   0.02046   0.00846   0.01372   0.00342   0.00000   0.00718   0.01345   0.05479   0.05158   0.14269   0.26603   0.41490   0.12575   0.12961   0.07379   0.00313   0.06928   0.20875   0.05120   0.05730   0.25092   0.27737   0.00000   0.22339   0.24841   3.15012   0.99142   0.18464   0.44447   2.52129  
 36 1940.7016   9629.821692  x:  0.00000   0.16527   0.02636   0.05163   0.02671   0.00812   0.01200   0.00357   0.00000   0.01895   0.01519   0.05582   0.05261   0.13860   0.27271   0.42791   0.12585   0.13699   0.07447   0.00499   0.06829   0.21816   0.05251   0.05636   0.26186   0.29056   0.00000   0.22758   0.25233   3.15116   0.99095   0.18612   0.44644   2.52131  
 37 565.1898   9625.477168  x:  0.00000   0.17682   0.03141   0.05362   0.04021   0.00867   0.01674   0.00383   0.00000   0.01246   0.01160   0.05259   0.05640   0.13403   0.28317   0.45092   0.12350   0.14212   0.07269   0.01242   0.06620   0.23194   0.05899   0.06258   0.27852   0.31151   0.00000   0.23406   0.25870   3.15332   0.98916   0.20061   0.44676   2.52130  
 38 452.0977   9624.189319  x:  0.00000   0.17880   0.03298   0.05443   0.04090   0.00839   0.01167   0.00386   0.00000   0.01000   0.01402   0.05086   0.05733   0.13378   0.28638   0.45892   0.12247   0.14183   0.07152   0.01264   0.06532   0.23564   0.06059   0.06519   0.28333   0.31764   0.00000   0.23610   0.26086   3.15422   0.99131   0.20733   0.44649   2.52127  
 39 440.6736   9622.578759  x:  0.00000   0.17793   0.03450   0.05570   0.03347   0.00843   0.01405   0.00382   0.00000   0.01361   0.01431   0.04774   0.05771   0.13647   0.29147   0.47409   0.12051   0.13702   0.06851   0.00791   0.06361   0.24003   0.06123   0.06972   0.29011   0.32650   0.00000   0.23943   0.26478   3.15628   0.99285   0.22180   0.44569   2.52123  
 40 274.5076   9622.231713  x:  0.00000   0.17597   0.03388   0.05603   0.03253   0.00857   0.01258   0.00382   0.00000   0.01395   0.01336   0.04900   0.05742   0.13862   0.29295   0.47965   0.12062   0.13444   0.06829   0.00760   0.06385   0.24059   0.06027   0.06990   0.29157   0.32860   0.00000   0.24047   0.26618   3.15727   0.98905   0.22442   0.44646   2.52124  
 41 151.7236   9621.366862  x:  0.00000   0.16750   0.03090   0.05702   0.03371   0.00840   0.01343   0.00383   0.00000   0.01336   0.01396   0.05570   0.05641   0.14704   0.29720   0.49774   0.12286   0.12570   0.06928   0.00935   0.06595   0.24087   0.05622   0.06844   0.29463   0.33353   0.00000   0.24359   0.27078   3.16099   0.99060   0.22671   0.45175   2.52121  
 42 172.9625   9620.958293  x:  0.00000   0.16197   0.03261   0.05571   0.03456   0.00845   0.01334   0.00380   0.00000   0.01330   0.01379   0.05129   0.05808   0.15120   0.29924   0.51070   0.12724   0.12368   0.07022   0.00704   0.06647   0.23905   0.05937   0.06863   0.29428   0.33400   0.00000   0.24470   0.27324   3.16486   0.99002   0.22347   0.45851   2.52122  
 43 76.9952   9620.778391  x:  0.00000   0.16087   0.03144   0.05580   0.03305   0.00848   0.01329   0.00381   0.00000   0.01339   0.01376   0.04971   0.05646   0.14861   0.29906   0.51980   0.12955   0.12613   0.06970   0.01028   0.06594   0.23609   0.05956   0.06763   0.29124   0.33126   0.00000   0.24353   0.27323   3.16984   0.98996   0.22593   0.46417   2.52122  
 44 37.8685   9620.615127  x:  0.00000   0.16149   0.03222   0.05648   0.03451   0.00845   0.01333   0.00381   0.00000   0.01332   0.01377   0.05173   0.05653   0.14551   0.29830   0.52835   0.12996   0.12810   0.06862   0.00809   0.06516   0.23314   0.05896   0.06734   0.28768   0.32740   0.00000   0.24186   0.27255   3.17607   0.98992   0.22926   0.47092   2.52122  
 45 70.6312   9620.493661  x:  0.00000   0.16469   0.03354   0.05560   0.03312   0.00843   0.01329   0.00381   0.00000   0.01351   0.01382   0.05272   0.05833   0.14459   0.29711   0.53346   0.12654   0.12711   0.06936   0.00909   0.06729   0.23268   0.05862   0.06860   0.28559   0.32437   0.00000   0.24070   0.27135   3.18373   0.98971   0.23071   0.47953   2.52122  
 46 40.0936   9620.390394  x:  0.00000   0.16710   0.03078   0.05518   0.03421   0.00844   0.01328   0.00381   0.00000   0.01337   0.01375   0.05085   0.05687   0.14499   0.29581   0.53545   0.12366   0.12579   0.06925   0.00811   0.06836   0.23355   0.05842   0.06852   0.28479   0.32255   0.00000   0.24023   0.27011   3.19259   0.98959   0.23308   0.48877   2.52121  
 47 46.5088   9620.094007  x:  0.00000   0.16889   0.03307   0.05860   0.03375   0.00847   0.01320   0.00381   0.00000   0.01345   0.01362   0.05023   0.05515   0.14964   0.29189   0.53307   0.12352   0.12593   0.06620   0.00896   0.06585   0.23784   0.05873   0.06464   0.28540   0.32135   0.00000   0.24077   0.26683   3.22540   0.98894   0.24295   0.52088   2.52112  
 48 52.2916   9619.730993  x:  0.00000   0.16649   0.03039   0.05463   0.03307   0.00838   0.01314   0.00383   0.00000   0.01376   0.01373   0.05318   0.05647   0.15024   0.28920   0.52674   0.12717   0.12766   0.06690   0.00897   0.06332   0.24122   0.06028   0.06802   0.28720   0.32221   0.00000   0.24185   0.26493   3.26824   0.98823   0.25706   0.56078   2.52093  
 49 140.8454   9619.535029  x:  0.00000   0.16395   0.03119   0.05506   0.03342   0.00840   0.01313   0.00383   0.00000   0.01378   0.01366   0.05119   0.05797   0.14646   0.29080   0.52196   0.12829   0.12736   0.07002   0.00824   0.06492   0.24024   0.05605   0.06758   0.28852   0.32430   0.00000   0.24216   0.26662   3.29247   0.98779   0.26465   0.58154   2.52075  
 50 105.9648   9619.440402  x:  0.00000   0.16307   0.03191   0.05641   0.03292   0.00839   0.01311   0.00382   0.00000   0.01386   0.01367   0.05202   0.05572   0.14362   0.29388   0.51905   0.12730   0.12621   0.07015   0.00782   0.06635   0.23749   0.05818   0.06760   0.28896   0.32629   0.00000   0.24184   0.26926   3.30546   0.98755   0.26689   0.59119   2.52055  
 51 59.0974   9619.403693  x:  0.00000   0.16372   0.03169   0.05497   0.03298   0.00837   0.01312   0.00382   0.00000   0.01381   0.01370   0.05195   0.05646   0.14395   0.29623   0.51788   0.12642   0.12606   0.06822   0.00810   0.06575   0.23509   0.05806   0.06664   0.28859   0.32741   0.00000   0.24127   0.27089   3.31161   0.98750   0.26750   0.59354   2.52034  
 52 23.6302   9619.381368  x:  0.00000   0.16474   0.03096   0.05622   0.03292   0.00838   0.01311   0.00382   0.00000   0.01384   0.01367   0.05185   0.05693   0.14549   0.29778   0.51751   0.12648   0.12686   0.06848   0.00820   0.06537   0.23376   0.05772   0.06776   0.28795   0.32786   0.00000   0.24072   0.27148   3.31686   0.98746   0.26729   0.59310   2.52001  
 53 13.1868   9619.338376  x:  0.00000   0.16576   0.03205   0.05507   0.03327   0.00836   0.01314   0.00383   0.00000   0.01383   0.01372   0.05190   0.05533   0.14755   0.29937   0.51758   0.12699   0.12796   0.06996   0.00801   0.06630   0.23337   0.05754   0.06785   0.28698   0.32798   0.00000   0.24018   0.27143   3.32913   0.98750   0.26715   0.58890   2.51908  
 54 17.9268   9619.145825  x:  0.00000   0.16537   0.03061   0.05586   0.03333   0.00830   0.01328   0.00383   0.00000   0.01374   0.01387   0.05220   0.05817   0.14816   0.30177   0.51946   0.12782   0.12858   0.07022   0.00756   0.07005   0.23627   0.06043   0.06487   0.28489   0.32756   0.00000   0.24043   0.26987   3.38748   0.98765   0.26213   0.56639   2.51443  
 55 50.9488   9618.904480  x:  0.00000   0.16430   0.03176   0.05575   0.03339   0.00821   0.01338   0.00382   0.00000   0.01348   0.01401   0.05163   0.05655   0.14570   0.30133   0.52277   0.12742   0.12689   0.06729   0.00808   0.06725   0.23954   0.05783   0.06814   0.28489   0.32753   0.00000   0.24252   0.26907   3.46059   0.98756   0.25008   0.53898   2.50852  
 56 141.3133   9618.864716  x:  0.00000   0.16478   0.03172   0.05565   0.03339   0.00819   0.01341   0.00381   0.00000   0.01344   0.01405   0.05164   0.05675   0.14557   0.29883   0.52354   0.12667   0.12610   0.06942   0.00822   0.06482   0.23794   0.05850   0.06727   0.28682   0.32760   0.00000   0.24245   0.27001   3.47216   0.98758   0.24872   0.53436   2.50751  
 57 32.8656   9618.845867  x:  0.00000   0.16508   0.03170   0.05569   0.03345   0.00819   0.01342   0.00382   0.00000   0.01343   0.01407   0.05161   0.05674   0.14602   0.29615   0.52389   0.12694   0.12670   0.06872   0.00815   0.06613   0.23628   0.05840   0.06752   0.28929   0.32764   0.00000   0.24182   0.27109   3.47685   0.98759   0.24823   0.53245   2.50699  
 58 12.7557   9617.430121  x:  0.00000   0.16348   0.03177   0.05550   0.03270   0.00656   0.01506   0.00380   0.00000   0.01215   0.01681   0.05163   0.05662   0.14410   0.30561   0.53013   0.12609   0.12697   0.06866   0.00759   0.06419   0.23290   0.05807   0.06724   0.30532   0.33672   0.00000   0.22527   0.24759   3.46392   0.98472   0.24954   0.54778   2.45416  
 59  0.3046   9613.360686  x:  0.00000   0.17820   0.03137   0.05596   0.03164   0.00178   0.02019   0.00384   0.00000   0.00873   0.02515   0.05279   0.05731   0.14386   0.30655   0.54061   0.12771   0.13650   0.06858   0.00641   0.06538   0.24398   0.05878   0.06694   0.30269   0.33804   0.00000   0.25473   0.27424   3.42317   0.97556   0.26467   0.59104   2.29973  
 60 70.5643   9613.291054  x:  0.00000   0.17740   0.03139   0.05592   0.03158   0.00170   0.02027   0.00384   0.00000   0.00866   0.02529   0.05279   0.05730   0.14381   0.30461   0.54088   0.12737   0.13665   0.06876   0.00628   0.06478   0.24786   0.05869   0.06692   0.29999   0.34039   0.00000   0.24822   0.27862   3.42248   0.97539   0.26458   0.59185   2.29732  
 61 14.4670   9613.289876  x:  0.00000   0.17764   0.03138   0.05592   0.03158   0.00170   0.02027   0.00384   0.00000   0.00867   0.02529   0.05278   0.05729   0.14374   0.30412   0.54092   0.12760   0.13643   0.06874   0.00622   0.06492   0.24760   0.05869   0.06692   0.29937   0.34132   0.00000   0.24837   0.27830   3.42250   0.97538   0.26456   0.59186   2.29763  
 62  1.1584   9613.285492  x:  0.00000   0.17671   0.03141   0.05591   0.03158   0.00169   0.02026   0.00384   0.00000   0.00869   0.02531   0.05280   0.05728   0.14400   0.30379   0.54109   0.12633   0.13749   0.06884   0.00617   0.06499   0.24743   0.05868   0.06691   0.29903   0.34201   0.00000   0.24877   0.27804   3.42279   0.97536   0.26444   0.59182   2.30098  
 63  0.5104   9613.065780  x:  0.00000   0.17748   0.03117   0.05582   0.03094   0.00156   0.01964   0.00386   0.00000   0.00994   0.02629   0.05370   0.05726   0.14525   0.30558   0.54519   0.12837   0.13627   0.06923   0.00587   0.06521   0.24837   0.05852   0.06651   0.30135   0.34218   0.00000   0.24795   0.27810   3.43831   0.97392   0.26210   0.58821   2.48142  
 64  6.0041   9612.821073  x:  0.00000   0.17719   0.03091   0.05573   0.03019   0.00163   0.01872   0.00389   0.00000   0.01144   0.02760   0.05489   0.05737   0.14664   0.30734   0.54966   0.12905   0.13645   0.06995   0.00533   0.06547   0.24896   0.05834   0.06604   0.30406   0.34527   0.00000   0.24749   0.27757   3.44838   0.97011   0.26292   0.60046   2.23880  
 65  0.5119   9612.612042  x:  0.00000   0.17731   0.03103   0.05594   0.03167   0.00217   0.01754   0.00397   0.00000   0.00992   0.02921   0.05500   0.05760   0.14706   0.30932   0.55364   0.12963   0.13662   0.07023   0.00601   0.06545   0.24956   0.05855   0.06594   0.30684   0.34771   0.00000   0.24739   0.27654   3.45767   0.96405   0.26585   0.62173   2.18048  
 66  0.0392   9612.542417  x:  0.00000   0.17819   0.03134   0.05593   0.03119   0.00157   0.01781   0.00401   0.00000   0.00978   0.02994   0.05455   0.05784   0.14618   0.30889   0.55156   0.12935   0.13702   0.06995   0.00566   0.06531   0.24947   0.05885   0.06639   0.30593   0.34652   0.00000   0.24858   0.27742   3.44763   0.96017   0.27258   0.64749   2.08403  
 67  0.0736   9612.507483  x:  0.00000   0.17815   0.03143   0.05612   0.03097   0.00197   0.01806   0.00402   0.00000   0.01011   0.02956   0.05418   0.05782   0.14605   0.30775   0.54904   0.12913   0.13685   0.06977   0.00559   0.06533   0.24938   0.05894   0.06662   0.30406   0.34523   0.00000   0.24868   0.27865   3.44240   0.95755   0.27628   0.66348   2.06621  
 68  0.0185   9612.475894  x:  0.00000   0.17744   0.03126   0.05599   0.03134   0.00182   0.01825   0.00402   0.00000   0.01013   0.02894   0.05474   0.05779   0.14687   0.30840   0.54992   0.12932   0.13634   0.06993   0.00601   0.06544   0.24882   0.05882   0.06633   0.30524   0.34603   0.00000   0.24810   0.27738   3.45224   0.95311   0.27802   0.68018   1.99314  
 69  0.0324   9612.470137  x:  0.00000   0.17783   0.03138   0.05601   0.03128   0.00184   0.01823   0.00400   0.00000   0.01006   0.02852   0.05460   0.05793   0.14659   0.30869   0.55095   0.12939   0.13666   0.07003   0.00552   0.06544   0.24928   0.05893   0.06640   0.30554   0.34638   0.00000   0.24844   0.27771   3.44925   0.95237   0.27870   0.68434   1.99352  
 70  0.0039   9612.469283  x:  0.00000   0.17802   0.03137   0.05602   0.03120   0.00187   0.01818   0.00400   0.00000   0.01007   0.02841   0.05459   0.05793   0.14652   0.30868   0.55107   0.12941   0.13681   0.07002   0.00560   0.06542   0.24944   0.05893   0.06639   0.30553   0.34647   0.00000   0.24858   0.27797   3.44840   0.95216   0.27914   0.68631   1.98354  
 71  0.0123   9612.469140  x:  0.00000   0.17807   0.03134   0.05601   0.03118   0.00186   0.01815   0.00400   0.00000   0.01007   0.02838   0.05461   0.05791   0.14653   0.30865   0.55103   0.12940   0.13684   0.07000   0.00567   0.06541   0.24946   0.05891   0.06637   0.30552   0.34649   0.00000   0.24861   0.27802   3.44866   0.95224   0.27912   0.68630   1.98712  
 72  0.0042   9612.469118  x:  0.00000   0.17806   0.03133   0.05601   0.03120   0.00185   0.01813   0.00399   0.00000   0.01007   0.02837   0.05462   0.05790   0.14656   0.30864   0.55098   0.12940   0.13683   0.07000   0.00565   0.06541   0.24944   0.05890   0.06636   0.30550   0.34648   0.00000   0.24860   0.27802   3.44896   0.95229   0.27914   0.68639   1.98718  
 73  0.0003   9612.469116  x:  0.00000   0.17804   0.03134   0.05601   0.03119   0.00185   0.01813   0.00399   0.00000   0.01007   0.02837   0.05462   0.05790   0.14655   0.30863   0.55096   0.12939   0.13682   0.07000   0.00566   0.06541   0.24943   0.05891   0.06636   0.30548   0.34645   0.00000   0.24859   0.27800   3.44887   0.95230   0.27916   0.68650   1.98717  
 74  0.0001   9612.469116  x:  0.00000   0.17804   0.03134   0.05601   0.03119   0.00185   0.01813   0.00399   0.00000   0.01007   0.02837   0.05462   0.05790   0.14655   0.30863   0.55097   0.12940   0.13682   0.07000   0.00565   0.06541   0.24943   0.05890   0.06636   0.30548   0.34646   0.00000   0.24859   0.27800   3.44888   0.95229   0.27918   0.68660   1.98703  
 75  0.0001   9612.469116  x:  0.00000   0.17804   0.03134   0.05601   0.03119   0.00185   0.01813   0.00399   0.00000   0.01007   0.02837   0.05462   0.05790   0.14655   0.30863   0.55097   0.12940   0.13682   0.07000   0.00565   0.06541   0.24943   0.05890   0.06636   0.30548   0.34646   0.00000   0.24859   0.27800   3.44888   0.95229   0.27918   0.68660   1.98703  
 76  0.0000   9612.469116  x:  0.00000   0.17805   0.03134   0.05601   0.03119   0.00185   0.01813   0.00399   0.00000   0.01007   0.02837   0.05462   0.05790   0.14655   0.30863   0.55097   0.12939   0.13682   0.07000   0.00565   0.06541   0.24943   0.05890   0.06636   0.30548   0.34646   0.00000   0.24859   0.27800   3.44888   0.95229   0.27918   0.68660   1.98703  