

Model 0: one-ratio

TREE # 1

  0  0.0000  21846.530617  x:  0.00625   0.10409   0.03352   0.01485   0.01190   0.00456   0.00492   0.00281   0.00660   0.00924   0.01316   0.03136   0.04269   0.09990   0.22422   0.38255   0.12641   0.17326   0.03964   0.00342   0.03870   0.13201   0.03930   0.04321   0.15736   0.19121   0.00449   0.14220   0.19679   2.00000   0.40000  
  1 99.0000  21836.459599  x:  0.01277   0.10502   0.03357   0.01468   0.01181   0.00142   0.00342   0.00453   0.00593   0.01007   0.01436   0.03183   0.04351   0.10023   0.22474   0.38305   0.12659   0.17340   0.04163   0.00888   0.04129   0.13257   0.03947   0.04325   0.15731   0.19144   0.00751   0.14257   0.19713   2.00105   0.40125  
  2 1856.4285  21833.622902  x:  0.01662   0.10577   0.03359   0.01459   0.01176   0.00452   0.00373   0.00397   0.00579   0.01044   0.01512   0.03219   0.04419   0.10055   0.22518   0.38351   0.12676   0.17353   0.04293   0.01122   0.04330   0.13305   0.03963   0.04328   0.15724   0.19162   0.00900   0.14284   0.19741   2.00205   0.40241  
  3 2020.6698  21832.377387  x:  0.01799   0.10640   0.03356   0.01454   0.01172   0.00406   0.00478   0.00229   0.00621   0.01025   0.01524   0.03248   0.04478   0.10088   0.22562   0.38402   0.12695   0.17368   0.04357   0.01069   0.04489   0.13353   0.03976   0.04329   0.15713   0.19177   0.00890   0.14303   0.19768   2.00320   0.40370  
  4 786.0458  21829.472822  x:  0.02133   0.10890   0.03340   0.01438   0.01161   0.00379   0.00639   0.00394   0.00729   0.00934   0.01523   0.03355   0.04706   0.10230   0.22744   0.38621   0.12775   0.17428   0.04557   0.00633   0.05096   0.13553   0.04029   0.04333   0.15663   0.19237   0.00736   0.14377   0.19880   2.00828   0.40927  
  5 1170.2044  21827.547644  x:  0.02189   0.11060   0.03322   0.01436   0.01162   0.00387   0.00373   0.00319   0.00619   0.00960   0.01496   0.03400   0.04828   0.10333   0.22883   0.38797   0.12836   0.17475   0.04650   0.00413   0.05465   0.13696   0.04056   0.04334   0.15618   0.19285   0.00655   0.14435   0.19969   2.01256   0.41369  
  6 1224.4935  21823.588004  x:  0.01578   0.11486   0.03249   0.01453   0.01187   0.00374   0.00476   0.00342   0.00406   0.01155   0.01375   0.03376   0.04960   0.10615   0.23302   0.39383   0.13018   0.17614   0.04701   0.00690   0.06171   0.14086   0.04072   0.04324   0.15453   0.19452   0.00668   0.14627   0.20257   2.02777   0.42798  
  7 843.7541  21821.881645  x:  0.01299   0.11679   0.03220   0.01455   0.01190   0.00384   0.00379   0.00334   0.00673   0.01159   0.01383   0.03342   0.04973   0.10737   0.23512   0.39688   0.13103   0.17682   0.04710   0.00840   0.06406   0.14261   0.04067   0.04318   0.15364   0.19534   0.00719   0.14719   0.20400   2.03606   0.43527  
  8 2472.9310  21818.627664  x:  0.01240   0.11880   0.03227   0.01421   0.01148   0.00382   0.00364   0.00325   0.00592   0.00720   0.01694   0.03209   0.04723   0.10819   0.23856   0.40265   0.13205   0.17774   0.04662   0.00848   0.06122   0.14424   0.03994   0.04302   0.15189   0.19647   0.00856   0.14835   0.20618   2.05402   0.44802  
  9 930.8474  21812.855879  x:  0.01539   0.12147   0.03277   0.01405   0.01132   0.00366   0.00444   0.00339   0.00619   0.01157   0.01962   0.03005   0.04152   0.10862   0.24508   0.41453   0.13356   0.17929   0.04540   0.00611   0.05087   0.14620   0.03843   0.04276   0.14844   0.19835   0.00935   0.15001   0.21003   2.09367   0.47331  
 10 2347.4585  21808.828958  x:  0.01841   0.12076   0.03294   0.01521   0.01239   0.00394   0.00422   0.00328   0.00641   0.00980   0.01310   0.03197   0.04181   0.10731   0.24787   0.42158   0.13352   0.17961   0.04448   0.00779   0.04418   0.14578   0.03863   0.04294   0.14722   0.19884   0.00644   0.14989   0.21128   2.12271   0.48711  
 11 1449.8565  21802.020851  x:  0.01843   0.11153   0.03237   0.01284   0.00829   0.00397   0.00414   0.00326   0.00634   0.01055   0.01641   0.03792   0.05201   0.10076   0.24741   0.43165   0.13010   0.17789   0.04106   0.00904   0.04067   0.13998   0.04175   0.04365   0.14907   0.19688   0.00503   0.14654   0.20953   2.18763   0.50255  
 12 969.5891  21796.581829  x:  0.01818   0.10272   0.03262   0.01380   0.01594   0.00385   0.00430   0.00330   0.00627   0.01073   0.01806   0.03890   0.05703   0.09519   0.24536   0.43957   0.12641   0.17586   0.03911   0.00771   0.04151   0.13416   0.04310   0.04374   0.15167   0.19444   0.00883   0.14325   0.20697   2.25041   0.51312  
 13 3118.0857  21783.948973  x:  0.01888   0.08959   0.03489   0.01583   0.01052   0.00387   0.00438   0.00333   0.00634   0.01022   0.01285   0.02832   0.05181   0.08881   0.23806   0.45108   0.11914   0.17146   0.04054   0.00593   0.05067   0.12390   0.04041   0.04240   0.15771   0.18900   0.01266   0.13692   0.19994   2.37951   0.52434  
 14 2683.1016  21774.000617  x:  0.01867   0.08939   0.03547   0.01277   0.01328   0.00394   0.00401   0.00325   0.00640   0.01038   0.01618   0.03005   0.04271   0.09104   0.23105   0.45566   0.11563   0.16892   0.04427   0.00912   0.05546   0.12038   0.03810   0.04224   0.16118   0.18567   0.00347   0.13372   0.19414   2.48130   0.52482  
 15 2710.3853  21756.704621  x:  0.01513   0.10520   0.03289   0.01602   0.01017   0.00382   0.00422   0.00334   0.00621   0.01036   0.01447   0.04597   0.03420   0.10492   0.21638   0.45801   0.11359   0.16621   0.05034   0.00644   0.05471   0.12212   0.03852   0.04410   0.16478   0.18132   0.01140   0.13386   0.18479   2.69732   0.51375  
 16 3644.9926  21737.486579  x:  0.01551   0.12662   0.03171   0.01396   0.01213   0.00380   0.00424   0.00332   0.00623   0.01035   0.01483   0.02976   0.05060   0.11876   0.20647   0.45255   0.11910   0.16783   0.05041   0.00703   0.04659   0.13374   0.03965   0.04364   0.16287   0.18232   0.00935   0.14035   0.18166   2.92733   0.49262  
 17 3568.3950  21727.451935  x:  0.01816   0.12419   0.03294   0.02027   0.01132   0.00384   0.00416   0.00329   0.00630   0.01037   0.01642   0.03158   0.04710   0.10797   0.21855   0.43729   0.13125   0.17533   0.03726   0.00761   0.05156   0.14666   0.04087   0.04127   0.15446   0.19254   0.00637   0.14987   0.19590   3.04990   0.47432  
 18 1185.2687  21724.812162  x:  0.01791   0.12223   0.03303   0.01352   0.01186   0.00389   0.00419   0.00330   0.00629   0.01021   0.01441   0.03246   0.04590   0.10486   0.22360   0.43165   0.13430   0.17745   0.03773   0.00693   0.05227   0.14920   0.04061   0.04191   0.15209   0.19564   0.00797   0.15209   0.20075   3.07969   0.46988  
 19 1458.6873  21723.146850  x:  0.01583   0.11889   0.03307   0.01510   0.01173   0.00380   0.00419   0.00332   0.00622   0.01032   0.01505   0.03263   0.04687   0.10383   0.23112   0.42323   0.13565   0.17897   0.04726   0.00674   0.05088   0.14863   0.03936   0.04447   0.15058   0.19840   0.00767   0.15221   0.20595   3.10114   0.46764  
 20 472.5296  21722.306657  x:  0.01607   0.11821   0.03266   0.01501   0.01175   0.00381   0.00420   0.00332   0.00623   0.01031   0.01500   0.03247   0.04697   0.10914   0.23828   0.41122   0.13342   0.17875   0.04644   0.00678   0.05074   0.14451   0.04097   0.04103   0.15197   0.19859   0.00779   0.14926   0.20854   3.11173   0.46981  
 21 152.0186  21722.060851  x:  0.01639   0.11900   0.03269   0.01503   0.01175   0.00382   0.00419   0.00331   0.00624   0.01030   0.01497   0.03227   0.04704   0.10966   0.23982   0.40548   0.13244   0.17852   0.04483   0.00683   0.05098   0.14357   0.03992   0.04411   0.15264   0.19806   0.00780   0.14847   0.20841   3.11490   0.47172  
 22 129.3119  21721.877679  x:  0.01623   0.12048   0.03274   0.01501   0.01174   0.00381   0.00419   0.00331   0.00623   0.01031   0.01498   0.03244   0.04719   0.10691   0.23883   0.39854   0.13209   0.17839   0.04521   0.00684   0.05079   0.14437   0.03907   0.04298   0.15287   0.19694   0.00785   0.14892   0.20660   3.11722   0.47498  
 23 69.5696  21721.845688  x:  0.01623   0.12031   0.03283   0.01501   0.01175   0.00381   0.00419   0.00331   0.00623   0.01031   0.01498   0.03227   0.04693   0.10670   0.23821   0.39711   0.13230   0.17844   0.04540   0.00685   0.05075   0.14468   0.04021   0.04321   0.15272   0.19681   0.00782   0.14914   0.20619   3.11763   0.47576  
 24 52.7830  21721.826151  x:  0.01633   0.11924   0.03276   0.01502   0.01174   0.00381   0.00419   0.00331   0.00624   0.01031   0.01498   0.03237   0.04697   0.10748   0.23707   0.39599   0.13299   0.17862   0.04539   0.00684   0.05072   0.14500   0.03994   0.04321   0.15227   0.19699   0.00782   0.14945   0.20599   3.11789   0.47649  
 25 22.1905  21721.822557  x:  0.01633   0.11946   0.03276   0.01502   0.01174   0.00381   0.00419   0.00331   0.00624   0.01031   0.01498   0.03236   0.04697   0.10738   0.23650   0.39585   0.13326   0.17860   0.04539   0.00683   0.05075   0.14461   0.03994   0.04321   0.15227   0.19739   0.00782   0.14916   0.20650   3.11799   0.47664  
 26  3.4740  21721.774639  x:  0.01637   0.11912   0.03304   0.01501   0.01174   0.00381   0.00419   0.00331   0.00624   0.01030   0.01498   0.03241   0.04697   0.10750   0.23558   0.39580   0.13178   0.17696   0.04544   0.00683   0.05060   0.14553   0.03993   0.04320   0.15336   0.19740   0.00771   0.15025   0.20866   3.11992   0.47709  
 27  1.0908  21721.675527  x:  0.01653   0.11893   0.03087   0.01505   0.01176   0.00380   0.00420   0.00331   0.00624   0.01029   0.01496   0.03220   0.04680   0.10731   0.23542   0.39607   0.13148   0.17627   0.04544   0.00684   0.05063   0.14571   0.03999   0.04327   0.15327   0.19696   0.00760   0.15039   0.20935   3.12389   0.47769  
 28 17.4387  21717.808116  x:  0.01749   0.11686   0.03318   0.01455   0.01167   0.00343   0.00409   0.00323   0.00618   0.01007   0.01481   0.03282   0.04712   0.10527   0.23804   0.40812   0.13539   0.16595   0.04512   0.00776   0.05250   0.14318   0.04001   0.04309   0.14002   0.18139   0.00710   0.14525   0.21496   3.28089   0.50019  
 29 131.5723  21713.189340  x:  0.01902   0.11236   0.03328   0.01394   0.01158   0.00295   0.00398   0.00313   0.00609   0.00979   0.01458   0.03339   0.04680   0.10311   0.24287   0.42330   0.13677   0.17370   0.04489   0.00830   0.05259   0.14104   0.03994   0.04307   0.15699   0.19484   0.00634   0.14755   0.20639   3.47470   0.52948  
 30 636.9341  21712.912281  x:  0.01910   0.11229   0.03327   0.01392   0.01158   0.00292   0.00397   0.00312   0.00609   0.00977   0.01458   0.03343   0.04688   0.10297   0.24179   0.42406   0.12993   0.17757   0.04480   0.00830   0.05298   0.14098   0.03997   0.04304   0.15273   0.19828   0.00631   0.14732   0.20579   3.48617   0.53109  
 31 87.6386  21712.903080  x:  0.01911   0.11226   0.03327   0.01392   0.01158   0.00292   0.00397   0.00312   0.00609   0.00977   0.01458   0.03343   0.04687   0.10298   0.24151   0.42411   0.12966   0.17899   0.04482   0.00831   0.05295   0.14105   0.03996   0.04304   0.15306   0.19742   0.00630   0.14722   0.20638   3.48655   0.53115  
 32 10.4198  21712.902538  x:  0.01911   0.11229   0.03327   0.01392   0.01158   0.00292   0.00397   0.00312   0.00609   0.00977   0.01458   0.03343   0.04688   0.10298   0.24151   0.42410   0.12966   0.17902   0.04482   0.00831   0.05297   0.14083   0.03997   0.04304   0.15302   0.19738   0.00629   0.14749   0.20639   3.48663   0.53114  
 33  0.4551  21712.115603  x:  0.01960   0.11309   0.03323   0.01454   0.01149   0.00271   0.00405   0.00337   0.00603   0.01009   0.01542   0.03243   0.04638   0.10410   0.23707   0.41761   0.12914   0.17682   0.04450   0.00854   0.05215   0.14002   0.03971   0.04294   0.15355   0.19482   0.00673   0.14633   0.20475   3.60538   0.52603  
 34  0.5792  21712.088319  x:  0.01948   0.11313   0.03315   0.01436   0.01156   0.00275   0.00401   0.00337   0.00603   0.01008   0.01507   0.03306   0.04665   0.10403   0.23739   0.41845   0.12926   0.17699   0.04471   0.00853   0.05228   0.14023   0.03989   0.04306   0.15355   0.19501   0.00689   0.14647   0.20479   3.61581   0.52488  
 35  0.0109  21712.086921  x:  0.01945   0.11312   0.03317   0.01437   0.01157   0.00277   0.00402   0.00336   0.00603   0.01007   0.01504   0.03291   0.04659   0.10402   0.23755   0.41889   0.12931   0.17711   0.04473   0.00851   0.05227   0.14033   0.03985   0.04305   0.15352   0.19515   0.00690   0.14655   0.20486   3.61794   0.52473  
 36  0.0022  21712.086839  x:  0.01942   0.11313   0.03317   0.01439   0.01157   0.00277   0.00403   0.00335   0.00604   0.01007   0.01505   0.03292   0.04659   0.10402   0.23755   0.41891   0.12930   0.17711   0.04472   0.00850   0.05228   0.14031   0.03985   0.04305   0.15353   0.19515   0.00690   0.14653   0.20485   3.61830   0.52476  
 37  0.0003  21712.086828  x:  0.01941   0.11313   0.03317   0.01438   0.01157   0.00277   0.00403   0.00335   0.00604   0.01007   0.01505   0.03292   0.04659   0.10402   0.23754   0.41889   0.12930   0.17710   0.04472   0.00849   0.05228   0.14031   0.03985   0.04305   0.15353   0.19515   0.00690   0.14653   0.20485   3.61835   0.52477  
 38  0.0001  21712.086827  x:  0.01941   0.11313   0.03317   0.01438   0.01157   0.00277   0.00403   0.00335   0.00604   0.01007   0.01505   0.03292   0.04659   0.10402   0.23754   0.41889   0.12930   0.17710   0.04472   0.00849   0.05228   0.14031   0.03985   0.04305   0.15353   0.19514   0.00690   0.14653   0.20485   3.61835   0.52477  
 39  0.0000  21712.086827  x:  0.01941   0.11313   0.03317   0.01438   0.01157   0.00277   0.00403   0.00335   0.00604   0.01007   0.01505   0.03292   0.04659   0.10402   0.23754   0.41889   0.12930   0.17710   0.04472   0.00849   0.05228   0.14031   0.03985   0.04305   0.15353   0.19514   0.00690   0.14653   0.20485   3.61835   0.52477  
 40  0.0000  21712.086827  x:  0.01941   0.11313   0.03317   0.01438   0.01157   0.00277   0.00403   0.00335   0.00604   0.01007   0.01505   0.03292   0.04659   0.10402   0.23754   0.41889   0.12930   0.17710   0.04472   0.00849   0.05228   0.14031   0.03985   0.04305   0.15353   0.19514   0.00690   0.14653   0.20485   3.61835   0.52477  
 41  0.0000  21712.086827  x:  0.01941   0.11313   0.03317   0.01438   0.01157   0.00277   0.00403   0.00335   0.00604   0.01007   0.01505   0.03292   0.04659   0.10402   0.23754   0.41889   0.12930   0.17710   0.04472   0.00849   0.05228   0.14031   0.03985   0.04305   0.15353   0.19514   0.00690   0.14653   0.20485   3.61835   0.52477  
 42  0.0000  21712.086827  x:  0.01941   0.11313   0.03317   0.01438   0.01157   0.00277   0.00403   0.00335   0.00604   0.01007   0.01505   0.03292   0.04659   0.10402   0.23754   0.41889   0.12930   0.17710   0.04472   0.00849   0.05228   0.14031   0.03985   0.04305   0.15353   0.19514   0.00690   0.14653   0.20485   3.61835   0.52477  

Model 1: NearlyNeutral

TREE # 1

  0  0.0000  21636.140627  x:  0.00625   0.10409   0.03352   0.01485   0.01190   0.00456   0.00492   0.00281   0.00660   0.00924   0.01316   0.03136   0.04269   0.09990   0.22422   0.38255   0.12641   0.17326   0.03964   0.00342   0.03870   0.13201   0.03930   0.04321   0.15736   0.19121   0.00449   0.14220   0.19679   3.61835   0.50913   0.13125  
  1 99.0000  21629.269783  x:  0.01075   0.10490   0.03337   0.01446   0.01152   0.00151   0.00332   0.00408   0.00574   0.00973   0.01401   0.03157   0.04318   0.10006   0.22471   0.38319   0.12656   0.17347   0.04108   0.00760   0.04059   0.13252   0.03922   0.04309   0.15726   0.19137   0.00550   0.14244   0.19704   3.61838   0.50879   0.13304  
  2 1555.8322  21625.732850  x:  0.01621   0.10612   0.03313   0.01404   0.01114   0.00477   0.00353   0.00354   0.00530   0.01019   0.01508   0.03187   0.04396   0.10034   0.22550   0.38428   0.12682   0.17383   0.04292   0.01138   0.04332   0.13333   0.03913   0.04290   0.15708   0.19160   0.00650   0.14279   0.19745   3.61844   0.50822   0.13608  
  3 1840.2941  21624.077394  x:  0.01825   0.10705   0.03293   0.01399   0.01120   0.00410   0.00532   0.00209   0.00645   0.00999   0.01516   0.03214   0.04457   0.10068   0.22622   0.38538   0.12711   0.17422   0.04366   0.01096   0.04517   0.13409   0.03912   0.04280   0.15690   0.19181   0.00633   0.14306   0.19784   3.61850   0.50763   0.13911  
  4 894.9691  21621.475511  x:  0.02153   0.10932   0.03247   0.01407   0.01153   0.00398   0.00715   0.00447   0.00807   0.00940   0.01495   0.03276   0.04602   0.10158   0.22811   0.38830   0.12790   0.17527   0.04495   0.00784   0.04937   0.13601   0.03917   0.04262   0.15643   0.19235   0.00543   0.14376   0.19889   3.61866   0.50613   0.14705  
  5 1653.8555  21617.452212  x:  0.02385   0.11244   0.03198   0.01438   0.01189   0.00390   0.00428   0.00334   0.00672   0.00936   0.01448   0.03349   0.04779   0.10300   0.23095   0.39286   0.12914   0.17690   0.04607   0.00302   0.05466   0.13883   0.03936   0.04253   0.15577   0.19325   0.00438   0.14491   0.20059   3.61891   0.50401   0.15896  
  6 1860.1366  21612.627880  x:  0.01678   0.11687   0.03212   0.01509   0.01180   0.00381   0.00542   0.00341   0.00442   0.01089   0.01380   0.03370   0.04886   0.10575   0.23636   0.40228   0.13166   0.18026   0.04486   0.00619   0.06005   0.14363   0.04012   0.04325   0.15479   0.19566   0.00581   0.14758   0.20431   3.61945   0.50102   0.18064  
  7 900.1980  21611.474377  x:  0.01490   0.11796   0.03235   0.01501   0.01169   0.00405   0.00412   0.00328   0.00659   0.01075   0.01429   0.03363   0.04881   0.10646   0.23794   0.40513   0.13238   0.18124   0.04458   0.00736   0.06064   0.14482   0.04033   0.04352   0.15460   0.19642   0.00618   0.14836   0.20542   3.61962   0.50050   0.18643  
  8 1584.9394  21610.483470  x:  0.01495   0.11857   0.03332   0.01391   0.01160   0.00401   0.00425   0.00326   0.00615   0.00860   0.01664   0.03316   0.04740   0.10689   0.24004   0.40933   0.13319   0.18250   0.04495   0.00757   0.05724   0.14546   0.04045   0.04402   0.15480   0.19765   0.00566   0.14929   0.20689   3.61993   0.50145   0.19160  
  9 396.4110  21609.415381  x:  0.01628   0.11898   0.03446   0.01373   0.01177   0.00400   0.00452   0.00336   0.00635   0.01097   0.01704   0.03273   0.04555   0.10717   0.24293   0.41547   0.13419   0.18420   0.04572   0.00731   0.05136   0.14592   0.04050   0.04456   0.15537   0.19941   0.00506   0.15052   0.20894   3.62041   0.50376   0.19751  
 10 658.1986  21608.878282  x:  0.01715   0.11880   0.03443   0.01498   0.01182   0.00410   0.00443   0.00332   0.00642   0.00994   0.01477   0.03299   0.04543   0.10707   0.24458   0.41948   0.13463   0.18513   0.04605   0.00763   0.04857   0.14598   0.04043   0.04458   0.15603   0.20045   0.00548   0.15118   0.21014   3.62077   0.50611   0.20003  
 11 422.9309  21607.882757  x:  0.01713   0.11635   0.03153   0.01400   0.01098   0.00408   0.00449   0.00335   0.00640   0.01015   0.01538   0.03496   0.04917   0.10586   0.24838   0.43197   0.13489   0.18711   0.04511   0.00735   0.04790   0.14548   0.04012   0.04340   0.15923   0.20293   0.00600   0.15223   0.21295   3.62212   0.51721   0.20242  
 12 211.2848  21607.340045  x:  0.01705   0.11517   0.03218   0.01472   0.01331   0.00410   0.00442   0.00331   0.00637   0.01013   0.01574   0.03422   0.04943   0.10543   0.25027   0.43982   0.13472   0.18802   0.04474   0.00768   0.04955   0.14520   0.04029   0.04338   0.16100   0.20409   0.00479   0.15247   0.21425   3.62309   0.52509   0.20335  
 13 418.8419  21606.808906  x:  0.01699   0.11458   0.03411   0.01473   0.01155   0.00408   0.00446   0.00333   0.00638   0.01013   0.01520   0.03254   0.04798   0.10537   0.25165   0.44754   0.13426   0.18860   0.04465   0.00738   0.05206   0.14500   0.04064   0.04393   0.16225   0.20481   0.00439   0.15248   0.21513   3.62417   0.53356   0.20419  
 14 486.0698  21606.650444  x:  0.01687   0.11517   0.03432   0.01432   0.01199   0.00405   0.00449   0.00335   0.00639   0.01013   0.01517   0.03310   0.04677   0.10567   0.25144   0.44993   0.13379   0.18837   0.04491   0.00691   0.05265   0.14499   0.04058   0.04424   0.16182   0.20448   0.00592   0.15229   0.21489   3.62469   0.53705   0.20478  
 15 168.6359  21606.397050  x:  0.01644   0.11721   0.03340   0.01501   0.01161   0.00405   0.00446   0.00333   0.00636   0.01013   0.01542   0.03472   0.04558   0.10652   0.24990   0.45335   0.13259   0.18730   0.04552   0.00718   0.05270   0.14507   0.04018   0.04447   0.15968   0.20302   0.00507   0.15129   0.21336   3.62586   0.54384   0.20666  
 16 162.4094  21606.206613  x:  0.01629   0.11872   0.03300   0.01395   0.01189   0.00407   0.00441   0.00332   0.00635   0.01008   0.01484   0.03350   0.04652   0.10702   0.24807   0.45538   0.13162   0.18618   0.04566   0.00738   0.05208   0.14513   0.04010   0.04418   0.15759   0.20152   0.00487   0.15048   0.21174   3.62698   0.54961   0.20889  
 17 186.8346  21606.132513  x:  0.01637   0.11898   0.03318   0.01466   0.01178   0.00404   0.00444   0.00333   0.00635   0.01011   0.01532   0.03286   0.04720   0.10699   0.24716   0.45584   0.13132   0.18567   0.04547   0.00723   0.05174   0.14512   0.04020   0.04397   0.15682   0.20088   0.00540   0.15024   0.21103   3.62755   0.55216   0.21012  
 18 174.7835  21606.011133  x:  0.01688   0.11740   0.03445   0.01444   0.01175   0.00406   0.00443   0.00332   0.00636   0.01009   0.01520   0.03376   0.04741   0.10574   0.24510   0.45470   0.13145   0.18478   0.04416   0.00733   0.05151   0.14496   0.04071   0.04371   0.15651   0.19997   0.00531   0.15020   0.20977   3.62904   0.55746   0.21381  
 19 73.4710  21605.913537  x:  0.01707   0.11574   0.03324   0.01451   0.01176   0.00406   0.00442   0.00331   0.00636   0.01007   0.01520   0.03308   0.04642   0.10475   0.24367   0.45265   0.13192   0.18423   0.04407   0.00731   0.05160   0.14472   0.04018   0.04388   0.15698   0.19965   0.00532   0.15039   0.20912   3.63061   0.56240   0.21723  
 20 102.3173  21605.827437  x:  0.01650   0.11550   0.03366   0.01447   0.01174   0.00404   0.00441   0.00331   0.00634   0.01008   0.01521   0.03328   0.04696   0.10561   0.24349   0.44904   0.13257   0.18415   0.04598   0.00728   0.05153   0.14432   0.03987   0.04414   0.15807   0.20022   0.00529   0.15054   0.20955   3.63266   0.56808   0.22001  
 21 60.7699  21605.783016  x:  0.01669   0.11645   0.03334   0.01448   0.01174   0.00405   0.00442   0.00331   0.00634   0.01007   0.01520   0.03321   0.04671   0.10622   0.24435   0.44651   0.13273   0.18439   0.04520   0.00728   0.05148   0.14432   0.04070   0.04366   0.15831   0.20081   0.00524   0.15050   0.21032   3.63417   0.57143   0.22119  
 22 51.0040  21605.771039  x:  0.01677   0.11679   0.03347   0.01448   0.01174   0.00405   0.00441   0.00331   0.00634   0.01007   0.01520   0.03322   0.04677   0.10606   0.24491   0.44574   0.13262   0.18455   0.04474   0.00728   0.05148   0.14442   0.04005   0.04382   0.15808   0.20094   0.00524   0.15044   0.21061   3.63483   0.57235   0.22145  
 23 30.4483  21605.765471  x:  0.01671   0.11674   0.03344   0.01447   0.01174   0.00405   0.00441   0.00331   0.00634   0.01007   0.01520   0.03322   0.04683   0.10558   0.24547   0.44538   0.13236   0.18470   0.04490   0.00728   0.05149   0.14457   0.04023   0.04410   0.15764   0.20087   0.00524   0.15038   0.21073   3.63557   0.57270   0.22152  
 24 13.3967  21605.762431  x:  0.01665   0.11659   0.03349   0.01447   0.01174   0.00404   0.00441   0.00331   0.00634   0.01007   0.01520   0.03321   0.04675   0.10545   0.24581   0.44524   0.13217   0.18482   0.04505   0.00728   0.05151   0.14462   0.04019   0.04375   0.15740   0.20076   0.00524   0.15036   0.21072   3.63629   0.57280   0.22156  
 25 13.0901  21605.752386  x:  0.01675   0.11591   0.03344   0.01447   0.01174   0.00405   0.00441   0.00331   0.00634   0.01007   0.01520   0.03321   0.04677   0.10622   0.24649   0.44511   0.13169   0.18517   0.04491   0.00729   0.05150   0.14451   0.04018   0.04391   0.15721   0.20025   0.00525   0.15034   0.21036   3.64028   0.57266   0.22160  
 26 11.2439  21605.669357  x:  0.01662   0.11724   0.03350   0.01447   0.01174   0.00404   0.00440   0.00331   0.00634   0.01007   0.01520   0.03320   0.04677   0.10534   0.24702   0.44543   0.13115   0.18665   0.04492   0.00734   0.05139   0.14361   0.04020   0.04386   0.15921   0.19918   0.00530   0.15038   0.20854   3.67796   0.57036   0.22106  
 27 32.4542  21605.562798  x:  0.01675   0.11656   0.03349   0.01448   0.01174   0.00403   0.00440   0.00331   0.00634   0.01007   0.01520   0.03322   0.04678   0.10576   0.24535   0.44622   0.13217   0.18589   0.04493   0.00730   0.05145   0.14510   0.04019   0.04388   0.15768   0.20122   0.00522   0.15039   0.21020   3.72722   0.56746   0.21952  
 28 138.3208  21605.558105  x:  0.01675   0.11658   0.03349   0.01447   0.01174   0.00403   0.00440   0.00331   0.00634   0.01007   0.01520   0.03321   0.04678   0.10573   0.24554   0.44629   0.13216   0.18503   0.04492   0.00731   0.05149   0.14450   0.04019   0.04388   0.15765   0.20091   0.00519   0.15049   0.21079   3.72937   0.56725   0.21958  
 29 14.0185  21605.557784  x:  0.01674   0.11658   0.03349   0.01447   0.01174   0.00403   0.00440   0.00331   0.00634   0.01007   0.01520   0.03321   0.04678   0.10573   0.24566   0.44629   0.13229   0.18484   0.04492   0.00731   0.05147   0.14466   0.04019   0.04388   0.15772   0.20080   0.00520   0.15045   0.21075   3.72949   0.56725   0.21955  
 30  1.7043  21605.557396  x:  0.01674   0.11658   0.03349   0.01447   0.01174   0.00403   0.00440   0.00331   0.00634   0.01007   0.01520   0.03321   0.04678   0.10573   0.24578   0.44630   0.13247   0.18475   0.04492   0.00731   0.05149   0.14455   0.04019   0.04388   0.15763   0.20092   0.00520   0.15050   0.21055   3.72952   0.56726   0.21954  
 31  0.3687  21605.533178  x:  0.01687   0.11650   0.03348   0.01447   0.01173   0.00396   0.00436   0.00329   0.00632   0.01008   0.01520   0.03322   0.04679   0.10572   0.24613   0.44631   0.13115   0.18372   0.04492   0.00732   0.05149   0.14466   0.04019   0.04387   0.15813   0.20238   0.00530   0.14955   0.20988   3.72955   0.56699   0.22003  
 32  0.2143  21605.176619  x:  0.01862   0.11721   0.03329   0.01451   0.01162   0.00302   0.00387   0.00310   0.00607   0.01015   0.01521   0.03333   0.04721   0.10599   0.24611   0.44661   0.13138   0.18449   0.04505   0.00771   0.05265   0.14566   0.04020   0.04382   0.15779   0.20128   0.00522   0.15240   0.21047   3.72986   0.56603   0.22175  
 33  2.0624  21605.155326  x:  0.01874   0.11708   0.03328   0.01451   0.01161   0.00296   0.00383   0.00309   0.00605   0.01015   0.01521   0.03334   0.04722   0.10597   0.24611   0.44669   0.13226   0.18506   0.04507   0.00775   0.05274   0.14516   0.04020   0.04381   0.15763   0.20095   0.00534   0.15052   0.21086   3.72988   0.56589   0.22201  
 34 16.6999  21605.116421  x:  0.01878   0.11705   0.03331   0.01451   0.01166   0.00275   0.00415   0.00328   0.00612   0.01013   0.01519   0.03333   0.04719   0.10597   0.24610   0.44676   0.13239   0.18509   0.04497   0.00799   0.05266   0.14510   0.04021   0.04382   0.15757   0.20089   0.00529   0.15060   0.21085   3.72962   0.56606   0.22199  
 35  0.0009  21605.107443  x:  0.01865   0.11691   0.03338   0.01449   0.01168   0.00281   0.00407   0.00338   0.00610   0.01015   0.01522   0.03329   0.04706   0.10594   0.24599   0.44682   0.13250   0.18514   0.04485   0.00823   0.05232   0.14499   0.04022   0.04385   0.15758   0.20080   0.00529   0.15060   0.21092   3.72883   0.56640   0.22151  
 36  0.0010  21605.107141  x:  0.01864   0.11692   0.03336   0.01450   0.01166   0.00279   0.00406   0.00338   0.00609   0.01015   0.01521   0.03329   0.04707   0.10594   0.24600   0.44679   0.13244   0.18512   0.04486   0.00827   0.05235   0.14501   0.04021   0.04385   0.15759   0.20083   0.00531   0.15060   0.21090   3.72892   0.56634   0.22150  
 37  0.0001  21605.107123  x:  0.01864   0.11692   0.03336   0.01450   0.01166   0.00280   0.00406   0.00338   0.00609   0.01015   0.01521   0.03330   0.04708   0.10594   0.24600   0.44678   0.13244   0.18512   0.04486   0.00828   0.05236   0.14501   0.04021   0.04385   0.15759   0.20083   0.00531   0.15059   0.21090   3.72895   0.56632   0.22151  
 38  0.0000  21605.107121  x:  0.01865   0.11692   0.03336   0.01450   0.01166   0.00280   0.00406   0.00338   0.00609   0.01015   0.01521   0.03330   0.04708   0.10594   0.24600   0.44679   0.13245   0.18512   0.04486   0.00828   0.05236   0.14501   0.04021   0.04385   0.15759   0.20083   0.00531   0.15059   0.21090   3.72895   0.56633   0.22151  
 39  0.0000  21605.107121  x:  0.01865   0.11692   0.03336   0.01450   0.01166   0.00280   0.00406   0.00338   0.00609   0.01015   0.01521   0.03330   0.04708   0.10594   0.24600   0.44679   0.13245   0.18512   0.04486   0.00828   0.05236   0.14501   0.04021   0.04385   0.15759   0.20083   0.00531   0.15059   0.21090   3.72895   0.56633   0.22151  
 40  0.0000  21605.107121  x:  0.01865   0.11692   0.03336   0.01450   0.01166   0.00280   0.00406   0.00338   0.00609   0.01015   0.01521   0.03330   0.04708   0.10594   0.24600   0.44679   0.13245   0.18512   0.04486   0.00828   0.05236   0.14501   0.04021   0.04385   0.15759   0.20083   0.00531   0.15059   0.21090   3.72895   0.56633   0.22151  

Model 2: PositiveSelection

TREE # 1

  0  0.0000  21694.863419  x:  0.00625   0.10409   0.03352   0.01485   0.01190   0.00456   0.00492   0.00281   0.00660   0.00924   0.01316   0.03136   0.04269   0.09990   0.22422   0.38255   0.12641   0.17326   0.03964   0.00342   0.03870   0.13201   0.03930   0.04321   0.15736   0.19121   0.00449   0.14220   0.19679   3.72895   0.91827   0.57566   0.25513   2.18071  
  1 99.0000  21685.582456  x:  0.01198   0.10542   0.03368   0.01481   0.01183   0.00142   0.00346   0.00469   0.00600   0.01020   0.01454   0.03200   0.04364   0.10047   0.22514   0.38358   0.12693   0.17385   0.04168   0.00938   0.04129   0.13295   0.03957   0.04345   0.15760   0.19176   0.00647   0.14284   0.19743   3.72905   0.91870   0.57570   0.25486   2.18024  
  2 1737.2055  21681.974178  x:  0.01680   0.10687   0.03385   0.01484   0.01182   0.00509   0.00378   0.00417   0.00584   0.01081   0.01571   0.03267   0.04469   0.10117   0.22621   0.38485   0.12757   0.17458   0.04354   0.01299   0.04393   0.13405   0.03990   0.04374   0.15789   0.19241   0.00786   0.14354   0.19819   3.72918   0.91922   0.57574   0.25455   2.17967  
  3 2156.0068  21680.192625  x:  0.01861   0.10806   0.03395   0.01488   0.01184   0.00451   0.00498   0.00217   0.00638   0.01057   0.01585   0.03318   0.04552   0.10188   0.22723   0.38612   0.12822   0.17532   0.04442   0.01253   0.04573   0.13508   0.04021   0.04400   0.15817   0.19302   0.00781   0.14416   0.19892   3.72931   0.91972   0.57578   0.25429   2.17910  
  4 929.4314  21675.734044  x:  0.02371   0.11312   0.03434   0.01509   0.01199   0.00402   0.00737   0.00433   0.00797   0.00922   0.01566   0.03517   0.04890   0.10511   0.23185   0.39199   0.13121   0.17875   0.04737   0.00689   0.05292   0.13968   0.04154   0.04515   0.15946   0.19578   0.00642   0.14688   0.20228   3.72991   0.92206   0.57600   0.25310   2.17646  
  5 1500.6590  21672.687351  x:  0.02487   0.11654   0.03451   0.01515   0.01204   0.00407   0.00394   0.00347   0.00639   0.00989   0.01532   0.03602   0.05066   0.10745   0.23538   0.39668   0.13350   0.18141   0.04863   0.00368   0.05709   0.14301   0.04228   0.04584   0.16045   0.19800   0.00567   0.14900   0.20495   3.73039   0.92394   0.57618   0.25222   2.17434  
  6 1466.3378  21666.551946  x:  0.01551   0.12565   0.03441   0.01490   0.01201   0.00409   0.00534   0.00374   0.00434   0.01252   0.01386   0.03561   0.05231   0.11439   0.24725   0.41365   0.14108   0.19053   0.04819   0.00736   0.06460   0.15310   0.04317   0.04715   0.16377   0.20611   0.00542   0.15627   0.21437   3.73217   0.93083   0.57688   0.24926   2.16654  
  7 881.0667  21664.946856  x:  0.01299   0.12814   0.03439   0.01495   0.01212   0.00427   0.00404   0.00362   0.00717   0.01221   0.01447   0.03531   0.05228   0.11620   0.25094   0.41915   0.14330   0.19331   0.04801   0.00852   0.06576   0.15590   0.04323   0.04736   0.16478   0.20862   0.00563   0.15843   0.21729   3.73277   0.93311   0.57712   0.24835   2.16396  
  8 2080.1579  21663.023894  x:  0.01278   0.13003   0.03447   0.01545   0.01260   0.00425   0.00388   0.00351   0.00622   0.00868   0.01777   0.03454   0.05038   0.11712   0.25572   0.42724   0.14558   0.19666   0.04789   0.00860   0.06271   0.15813   0.04253   0.04694   0.16595   0.21176   0.00628   0.16077   0.22095   3.73372   0.93669   0.57751   0.24719   2.15993  
  9 702.0498  21660.389684  x:  0.01565   0.13169   0.03471   0.01601   0.01266   0.00410   0.00478   0.00372   0.00665   0.01200   0.01943   0.03366   0.04664   0.11714   0.26341   0.44149   0.14852   0.20175   0.04794   0.00719   0.05415   0.16036   0.04121   0.04595   0.16776   0.21660   0.00644   0.16390   0.22663   3.73549   0.94333   0.57824   0.24533   2.15248  
 10 989.3268  21658.971195  x:  0.01763   0.13123   0.03489   0.01556   0.01207   0.00434   0.00442   0.00361   0.00678   0.01046   0.01510   0.03451   0.04645   0.11610   0.26720   0.45013   0.14926   0.20399   0.04788   0.00808   0.04958   0.16051   0.04134   0.04592   0.16877   0.21880   0.00527   0.16481   0.22922   3.73671   0.94782   0.57874   0.24434   2.14747  
 11 662.0962  21657.179844  x:  0.01743   0.12561   0.03514   0.01507   0.01390   0.00435   0.00442   0.00361   0.00671   0.01095   0.01675   0.03789   0.05252   0.11148   0.27077   0.46614   0.14698   0.20513   0.04629   0.00868   0.04786   0.15725   0.04411   0.04749   0.17040   0.21995   0.00408   0.16339   0.23107   3.73960   0.95821   0.57992   0.24299   2.13597  
 12 322.4558  21655.941295  x:  0.01727   0.12149   0.03552   0.01561   0.01063   0.00429   0.00451   0.00364   0.00670   0.01088   0.01670   0.03678   0.05374   0.10870   0.27210   0.47761   0.14440   0.20501   0.04577   0.00786   0.04986   0.15445   0.04439   0.04764   0.17134   0.21977   0.00680   0.16191   0.23144   3.74201   0.96682   0.58091   0.24224   2.12645  
 13 571.0998  21654.421670  x:  0.01753   0.11703   0.03619   0.01590   0.01374   0.00427   0.00450   0.00364   0.00674   0.01074   0.01527   0.03336   0.05137   0.10649   0.27254   0.49260   0.14032   0.20397   0.04612   0.00736   0.05458   0.15078   0.04285   0.04675   0.17208   0.21857   0.00769   0.15939   0.23070   3.74564   0.97971   0.58238   0.24153   2.11218  
 14 769.9334  21653.368128  x:  0.01747   0.11605   0.03614   0.01465   0.01225   0.00430   0.00441   0.00361   0.00670   0.01078   0.01624   0.03358   0.04851   0.10695   0.27146   0.50160   0.13754   0.20262   0.04682   0.00799   0.05701   0.14892   0.04165   0.04612   0.17176   0.21700   0.00402   0.15752   0.22902   3.74844   0.98962   0.58352   0.24139   2.10119  
 15 597.3251  21651.359206  x:  0.01611   0.11976   0.03459   0.01724   0.01250   0.00427   0.00437   0.00360   0.00664   0.01080   0.01582   0.03978   0.04513   0.11242   0.26542   0.51695   0.13238   0.19833   0.04824   0.00797   0.05681   0.14717   0.04135   0.04595   0.16858   0.21189   0.00595   0.15508   0.22322   3.75551   1.01444   0.58633   0.24198   2.07353  
 16 508.4322  21649.113031  x:  0.01603   0.12549   0.03406   0.01273   0.01279   0.00424   0.00444   0.00361   0.00662   0.01071   0.01590   0.03636   0.04800   0.11767   0.25760   0.52916   0.12910   0.19394   0.04863   0.00770   0.05373   0.14743   0.04252   0.04646   0.16458   0.20664   0.00753   0.15394   0.21671   3.76367   1.04307   0.58953   0.24328   2.04153  
 17 819.8167  21647.819818  x:  0.01645   0.12836   0.03430   0.01630   0.01236   0.00425   0.00437   0.00357   0.00662   0.01071   0.01596   0.03268   0.05070   0.11901   0.25278   0.53428   0.12852   0.19174   0.04801   0.00832   0.05212   0.14843   0.04290   0.04653   0.16248   0.20409   0.00564   0.15378   0.21314   3.76899   1.06179   0.59158   0.24434   2.02054  
 18 1146.3286  21640.259584  x:  0.01938   0.12998   0.03582   0.01514   0.01230   0.00427   0.00428   0.00351   0.00657   0.01048   0.01554   0.03537   0.05004   0.10257   0.23002   0.53512   0.14105   0.18647   0.03628   0.00808   0.05404   0.16009   0.03693   0.04208   0.15816   0.19972   0.00557   0.16037   0.20320   3.80193   1.17780   0.60374   0.25274   1.88968  
 19 639.2044  21632.812858  x:  0.01806   0.12311   0.03331   0.01514   0.01217   0.00417   0.00426   0.00349   0.00647   0.01037   0.01549   0.03343   0.04207   0.09534   0.21818   0.52286   0.15034   0.18241   0.04491   0.00775   0.05378   0.16271   0.04855   0.05032   0.15776   0.19982   0.00502   0.16209   0.20086   3.83732   1.30318   0.61629   0.26062   1.74786  
 20 1648.1922  21618.390028  x:  0.01442   0.10676   0.03583   0.01460   0.01174   0.00399   0.00414   0.00344   0.00619   0.01032   0.01530   0.03431   0.04889   0.10611   0.21670   0.48597   0.15554   0.17577   0.06055   0.00734   0.05083   0.15237   0.03760   0.04211   0.16028   0.20308   0.00498   0.15600   0.20590   3.90368   1.53975   0.63924   0.27257   1.47956  
 21 2610.9788  21610.810337  x:  0.01947   0.11125   0.02976   0.01452   0.01166   0.00407   0.00406   0.00336   0.00622   0.00998   0.01487   0.03264   0.04603   0.11047   0.23065   0.46100   0.14444   0.17372   0.04222   0.00735   0.05297   0.14160   0.04052   0.04403   0.15950   0.20201   0.00462   0.14821   0.20993   3.93741   1.66208   0.65098   0.27438   1.34001  
 22 1686.0623  21609.773172  x:  0.01855   0.11497   0.03617   0.01441   0.01159   0.00405   0.00403   0.00335   0.00619   0.01001   0.01492   0.03306   0.04529   0.10706   0.23487   0.45641   0.13875   0.17487   0.04252   0.00745   0.05281   0.14123   0.04109   0.04454   0.15794   0.20037   0.00474   0.14772   0.20934   3.94205   1.68017   0.65295   0.27273   1.31888  
 23 520.4577  21609.150848  x:  0.01729   0.11763   0.03352   0.01437   0.01158   0.00401   0.00400   0.00335   0.00614   0.01002   0.01490   0.03288   0.04595   0.10235   0.23835   0.45337   0.13311   0.17717   0.04549   0.00746   0.05254   0.14264   0.03983   0.04362   0.15618   0.19843   0.00465   0.14845   0.20789   3.94426   1.69031   0.65441   0.27025   1.30640  
 24 302.1763  21609.007386  x:  0.01765   0.11503   0.03360   0.01436   0.01157   0.00402   0.00401   0.00334   0.00615   0.01000   0.01488   0.03288   0.04578   0.10362   0.23862   0.45238   0.13087   0.18050   0.04498   0.00746   0.05238   0.14484   0.04009   0.04358   0.15549   0.19715   0.00462   0.14979   0.20594   3.94370   1.69197   0.65568   0.26753   1.30263  
 25 52.5003  21608.959528  x:  0.01764   0.11551   0.03357   0.01436   0.01157   0.00402   0.00401   0.00334   0.00614   0.01000   0.01488   0.03287   0.04584   0.10359   0.23745   0.45206   0.13111   0.18271   0.04498   0.00745   0.05238   0.14384   0.03943   0.04447   0.15606   0.19733   0.00469   0.14898   0.20546   3.94146   1.69095   0.65805   0.26554   1.29965  
 26 20.3829  21608.913277  x:  0.01761   0.11598   0.03355   0.01436   0.01157   0.00401   0.00400   0.00334   0.00614   0.01000   0.01488   0.03285   0.04580   0.10352   0.23648   0.45180   0.13125   0.18409   0.04502   0.00745   0.05245   0.14304   0.04026   0.04322   0.15645   0.19761   0.00471   0.14839   0.20532   3.93858   1.68936   0.66105   0.26390   1.29616  
 27 63.8433  21607.708943  x:  0.01805   0.11515   0.03349   0.01432   0.01152   0.00399   0.00400   0.00333   0.00612   0.00996   0.01483   0.03280   0.04577   0.10364   0.22922   0.44676   0.12496   0.17981   0.04465   0.00729   0.05279   0.14287   0.03982   0.04366   0.15343   0.20230   0.00430   0.15057   0.21265   3.84436   1.63029   0.75940   0.24212   1.18799  
 28 66.7083  21606.255120  x:  0.01791   0.11398   0.03361   0.01426   0.01150   0.00397   0.00400   0.00332   0.00609   0.00993   0.01481   0.03275   0.04568   0.10340   0.23602   0.44146   0.13039   0.17849   0.04512   0.00742   0.05255   0.14269   0.03978   0.04351   0.15593   0.19394   0.00492   0.14669   0.20504   3.72775   1.55606   0.88193   0.22688   1.05414  
 29 590.7327  21606.219747  x:  0.01791   0.11406   0.03362   0.01426   0.01150   0.00397   0.00400   0.00333   0.00609   0.00994   0.01481   0.03276   0.04571   0.10347   0.23618   0.44137   0.12986   0.17935   0.04511   0.00739   0.05273   0.14160   0.03980   0.04352   0.15547   0.19545   0.00489   0.14789   0.20357   3.72499   1.55410   0.88507   0.22817   1.05083  
 30 38.6750  21606.217342  x:  0.01792   0.11406   0.03362   0.01426   0.01150   0.00397   0.00400   0.00333   0.00609   0.00994   0.01481   0.03277   0.04571   0.10346   0.23604   0.44138   0.12955   0.17967   0.04510   0.00739   0.05270   0.14191   0.03980   0.04352   0.15558   0.19563   0.00492   0.14750   0.20365   3.72489   1.55390   0.88535   0.22869   1.05059  
 31  5.4318  21606.216294  x:  0.01792   0.11408   0.03362   0.01426   0.01150   0.00397   0.00400   0.00333   0.00609   0.00994   0.01481   0.03277   0.04571   0.10348   0.23595   0.44138   0.12947   0.17989   0.04510   0.00739   0.05271   0.14179   0.03981   0.04352   0.15563   0.19531   0.00490   0.14768   0.20394   3.72513   1.55373   0.88561   0.22891   1.05052  
 32  1.3222  21606.116890  x:  0.01793   0.11404   0.03362   0.01428   0.01152   0.00391   0.00402   0.00332   0.00610   0.00995   0.01484   0.03282   0.04585   0.10372   0.23753   0.44124   0.13052   0.18113   0.04515   0.00741   0.05292   0.14182   0.03985   0.04356   0.15301   0.19587   0.00497   0.14702   0.20526   3.75902   1.53574   0.91383   0.22543   1.04579  
 33  2.1257  21606.043346  x:  0.01795   0.11454   0.03362   0.01431   0.01154   0.00387   0.00404   0.00332   0.00610   0.00996   0.01488   0.03287   0.04597   0.10402   0.23833   0.44101   0.12987   0.18079   0.04511   0.00742   0.05272   0.14224   0.03990   0.04361   0.15616   0.19658   0.00497   0.14808   0.20522   3.78401   1.52248   0.93461   0.22249   1.04228  
 34 153.9233  21605.214851  x:  0.01792   0.11739   0.03337   0.01458   0.01178   0.00325   0.00422   0.00327   0.00615   0.01012   0.01524   0.03343   0.04727   0.10609   0.24628   0.44712   0.13329   0.18603   0.04526   0.00755   0.05257   0.14583   0.04043   0.04401   0.15781   0.20164   0.00531   0.15131   0.21157   3.71707   1.49922   0.89892   0.22068   1.00499  
 35  0.6003  21605.204894  x:  0.01793   0.11738   0.03337   0.01458   0.01177   0.00325   0.00422   0.00327   0.00615   0.01012   0.01524   0.03343   0.04727   0.10608   0.24621   0.44730   0.13335   0.18601   0.04527   0.00755   0.05256   0.14586   0.04042   0.04401   0.15781   0.20161   0.00531   0.15132   0.21151   3.71917   1.49399   0.89320   0.22047   1.00000  
 36  0.9664  21605.182854  x:  0.01811   0.11727   0.03335   0.01456   0.01174   0.00311   0.00417   0.00327   0.00613   0.01014   0.01525   0.03340   0.04724   0.10602   0.24582   0.44837   0.13353   0.18575   0.04518   0.00768   0.05248   0.14585   0.04036   0.04395   0.15776   0.20128   0.00533   0.15124   0.21097   3.73423   1.44612   0.84816   0.21793   1.00000  
 37  0.3065  21605.118101  x:  0.01857   0.11696   0.03333   0.01449   0.01164   0.00282   0.00399   0.00329   0.00608   0.01017   0.01523   0.03327   0.04710   0.10604   0.24674   0.44629   0.13219   0.18522   0.04473   0.00805   0.05229   0.14482   0.04012   0.04377   0.15764   0.20097   0.00532   0.15051   0.21124   3.72657   1.47620   0.86672   0.22028   1.00000  
 38  0.1054  21605.110027  x:  0.01861   0.11690   0.03337   0.01450   0.01166   0.00278   0.00411   0.00337   0.00611   0.01013   0.01519   0.03330   0.04709   0.10596   0.24619   0.44631   0.13225   0.18506   0.04485   0.00821   0.05237   0.14487   0.04021   0.04384   0.15757   0.20082   0.00528   0.15050   0.21100   3.72463   1.47382   0.85847   0.22094   1.00000  
 39  0.0090  21605.108133  x:  0.01864   0.11690   0.03337   0.01450   0.01167   0.00281   0.00405   0.00339   0.00609   0.01016   0.01521   0.03329   0.04707   0.10592   0.24596   0.44650   0.13239   0.18509   0.04489   0.00829   0.05237   0.14498   0.04024   0.04386   0.15758   0.20083   0.00531   0.15058   0.21094   3.72457   1.47157   0.85231   0.22125   1.00000  
 40  0.0067  21605.107286  x:  0.01867   0.11694   0.03335   0.01450   0.01166   0.00280   0.00407   0.00338   0.00608   0.01016   0.01523   0.03329   0.04707   0.10595   0.24606   0.44674   0.13243   0.18518   0.04483   0.00831   0.05236   0.14501   0.04020   0.04383   0.15760   0.20086   0.00532   0.15060   0.21093   3.72841   1.46668   0.84271   0.22134   1.00000  
 41  0.0054  21605.107129  x:  0.01865   0.11692   0.03336   0.01450   0.01166   0.00280   0.00406   0.00337   0.00609   0.01015   0.01521   0.03330   0.04708   0.10594   0.24602   0.44679   0.13244   0.18512   0.04487   0.00829   0.05236   0.14501   0.04022   0.04385   0.15759   0.20083   0.00531   0.15059   0.21091   3.72899   1.46645   0.84118   0.22150   1.00000  
 42  0.0012  21605.107122  x:  0.01865   0.11692   0.03336   0.01450   0.01167   0.00280   0.00406   0.00338   0.00609   0.01015   0.01522   0.03329   0.04708   0.10594   0.24600   0.44678   0.13245   0.18512   0.04486   0.00828   0.05236   0.14501   0.04021   0.04385   0.15759   0.20083   0.00531   0.15059   0.21090   3.72894   1.46656   0.84114   0.22151   1.00000  
 43  0.0001  21605.107121  x:  0.01865   0.11692   0.03336   0.01450   0.01166   0.00280   0.00406   0.00338   0.00609   0.01015   0.01521   0.03330   0.04708   0.10594   0.24600   0.44679   0.13245   0.18512   0.04486   0.00828   0.05236   0.14501   0.04021   0.04385   0.15759   0.20083   0.00531   0.15059   0.21090   3.72894   1.46654   0.84111   0.22151   1.00000  
 44  0.0000  21605.107121  x:  0.01865   0.11692   0.03336   0.01450   0.01166   0.00280   0.00406   0.00338   0.00609   0.01015   0.01521   0.03330   0.04708   0.10594   0.24600   0.44679   0.13245   0.18512   0.04486   0.00828   0.05236   0.14501   0.04021   0.04385   0.15759   0.20083   0.00531   0.15059   0.21090   3.72894   1.46654   0.84111   0.22151   1.00000  

Model 7: beta

TREE # 1

  0  0.0000  21755.333374  x:  0.00625   0.10409   0.03352   0.01485   0.01190   0.00456   0.00492   0.00281   0.00660   0.00924   0.01316   0.03136   0.04269   0.09990   0.22422   0.38255   0.12641   0.17326   0.03964   0.00342   0.03870   0.13201   0.03930   0.04321   0.15736   0.19121   0.00449   0.14220   0.19679   3.72894   0.74676   1.92879  
  1 99.0000  21749.365969  x:  0.01020   0.10460   0.03323   0.01422   0.01130   0.00153   0.00321   0.00366   0.00555   0.00940   0.01364   0.03128   0.04289   0.09982   0.22452   0.38305   0.12638   0.17325   0.04073   0.00654   0.04016   0.13230   0.03899   0.04287   0.15711   0.19120   0.00495   0.14223   0.19688   3.72882   0.74854   1.92811  
  2 1498.2751  21745.700888  x:  0.01614   0.10553   0.03268   0.01328   0.01046   0.00451   0.00329   0.00315   0.00480   0.00960   0.01445   0.03112   0.04328   0.09967   0.22510   0.38410   0.12633   0.17325   0.04244   0.01016   0.04279   0.13287   0.03841   0.04220   0.15657   0.19115   0.00545   0.14226   0.19704   3.72855   0.75227   1.92668  
  3 1693.2446  21743.605559  x:  0.01913   0.10634   0.03213   0.01304   0.01056   0.00377   0.00603   0.00227   0.00694   0.00951   0.01453   0.03107   0.04368   0.09956   0.22573   0.38540   0.12630   0.17326   0.04326   0.01002   0.04506   0.13349   0.03792   0.04159   0.15588   0.19104   0.00514   0.14222   0.19722   3.72821   0.75700   1.92487  
  4 1033.5002  21739.872785  x:  0.02306   0.10826   0.03086   0.01335   0.01152   0.00416   0.00679   0.00628   0.00846   0.00920   0.01410   0.03106   0.04466   0.09935   0.22744   0.38915   0.12623   0.17332   0.04419   0.00584   0.05024   0.13514   0.03691   0.04022   0.15393   0.19068   0.00378   0.14207   0.19775   3.72723   0.77082   1.91957  
  5 1493.8770  21733.252005  x:  0.02590   0.11079   0.02944   0.01404   0.01242   0.00385   0.00443   0.00389   0.00745   0.00913   0.01347   0.03115   0.04585   0.09915   0.22990   0.39479   0.12617   0.17344   0.04472   0.00000   0.05680   0.13746   0.03591   0.03875   0.15106   0.19022   0.00263   0.14196   0.19860   3.72573   0.79182   1.91148  
  6 3246.5220  21711.222284  x:  0.01629   0.11958   0.02582   0.01931   0.01728   0.00387   0.00253   0.00162   0.00598   0.00872   0.00952   0.03206   0.04953   0.09897   0.23999   0.41945   0.12608   0.17409   0.04123   0.00456   0.07914   0.14662   0.03413   0.03532   0.13904   0.18885   0.00090   0.14190   0.20254   3.71905   0.88469   1.87552  
  7 3382.8753  21701.658251  x:  0.01250   0.12253   0.02648   0.01848   0.01511   0.00318   0.00511   0.00209   0.00254   0.01009   0.01355   0.03222   0.04996   0.09924   0.24385   0.42936   0.12615   0.17447   0.04023   0.00416   0.08481   0.14965   0.03492   0.03596   0.13492   0.18858   0.00453   0.14231   0.20425   3.71627   0.92282   1.86059  
  8 6276.1172  21691.747089  x:  0.00851   0.12553   0.02884   0.01564   0.01017   0.00346   0.00281   0.00238   0.00644   0.01167   0.01899   0.03227   0.04963   0.09985   0.24831   0.44121   0.12635   0.17502   0.03952   0.00392   0.08878   0.15271   0.03690   0.03821   0.13073   0.18855   0.00954   0.14302   0.20631   3.71286   0.96929   1.84225  
  9 9703.8321  21674.644271  x:  0.01075   0.12647   0.03821   0.00849   0.00841   0.00357   0.00372   0.00264   0.00562   0.00613   0.01325   0.03235   0.04495   0.10216   0.25364   0.45809   0.12731   0.17653   0.04232   0.00405   0.07721   0.15334   0.04320   0.04715   0.13031   0.19037   0.00781   0.14454   0.20883   3.70731   1.04182   1.81266  
 10 2651.6374  21661.606340  x:  0.01589   0.12570   0.04577   0.01246   0.01220   0.00383   0.00426   0.00277   0.00588   0.01446   0.01163   0.03260   0.04085   0.10447   0.25786   0.47340   0.12848   0.17823   0.04611   0.00461   0.06006   0.15225   0.04788   0.05453   0.13287   0.19284   0.00536   0.14634   0.21097   3.70185   1.11171   1.78368  
 11 5841.8242  21653.648568  x:  0.01859   0.12275   0.04365   0.01812   0.01295   0.00390   0.00402   0.00250   0.00622   0.00900   0.01778   0.03297   0.04231   0.10530   0.25857   0.48012   0.12941   0.17948   0.04755   0.00536   0.04658   0.14967   0.04562   0.05311   0.13874   0.19505   0.00332   0.14774   0.21172   3.69866   1.15035   1.76692  
 12 2307.2230  21647.519602  x:  0.01946   0.11765   0.03634   0.01550   0.01001   0.00394   0.00434   0.00278   0.00627   0.01082   0.01453   0.03300   0.04557   0.10556   0.25699   0.48288   0.13037   0.18073   0.04737   0.00537   0.03624   0.14577   0.04014   0.04711   0.14812   0.19757   0.00565   0.14943   0.21186   3.69599   1.18006   1.75306  
 13 1520.5734  21645.820621  x:  0.01943   0.11407   0.03524   0.01232   0.01372   0.00398   0.00401   0.00265   0.00644   0.01115   0.01597   0.03283   0.04500   0.10578   0.25447   0.48126   0.13078   0.18132   0.04694   0.00543   0.03687   0.14320   0.04022   0.04603   0.15460   0.19902   0.00610   0.15013   0.21133   3.69492   1.18929   1.74774  
 14 597.5295  21642.651213  x:  0.01973   0.10560   0.03603   0.01443   0.01118   0.00395   0.00420   0.00271   0.00629   0.01112   0.01559   0.03224   0.04281   0.10634   0.24691   0.47434   0.13166   0.18264   0.04601   0.00522   0.04306   0.13698   0.04298   0.04598   0.17051   0.20249   0.00519   0.15144   0.20950   3.69251   1.20679   1.73601  
 15 779.2322  21641.838685  x:  0.01992   0.10719   0.03806   0.01530   0.01205   0.00400   0.00415   0.00274   0.00644   0.01047   0.01472   0.03397   0.04588   0.10615   0.24223   0.46633   0.13156   0.18282   0.04650   0.00500   0.04357   0.13647   0.04189   0.04749   0.17225   0.20315   0.00775   0.15131   0.20840   3.69118   1.21146   1.73000  
 16 193.5303  21640.622723  x:  0.01929   0.11101   0.03918   0.01395   0.01118   0.00394   0.00419   0.00268   0.00622   0.01152   0.01570   0.03443   0.04824   0.10562   0.23484   0.45164   0.13129   0.18298   0.04690   0.00526   0.04341   0.13671   0.04015   0.04880   0.17266   0.20374   0.00468   0.15036   0.20646   3.68883   1.21816   1.71962  
 17 505.0392  21639.258158  x:  0.01945   0.11496   0.03680   0.01458   0.01148   0.00394   0.00416   0.00270   0.00631   0.01098   0.01538   0.03117   0.04405   0.10496   0.22743   0.43215   0.13100   0.18299   0.04727   0.00519   0.04227   0.13798   0.04110   0.04800   0.17049   0.20377   0.00610   0.14953   0.20473   3.68563   1.22539   1.70570  
 18 496.6714  21638.798191  x:  0.01992   0.11312   0.03602   0.01451   0.01132   0.00396   0.00418   0.00271   0.00633   0.01099   0.01543   0.03468   0.04297   0.10533   0.22771   0.42412   0.13112   0.18280   0.04687   0.00521   0.04188   0.13844   0.04292   0.04651   0.16821   0.20307   0.00603   0.14948   0.20485   3.68393   1.22710   1.69864  
 19 205.6478  21638.165157  x:  0.02046   0.10733   0.03730   0.01443   0.01148   0.00397   0.00419   0.00271   0.00633   0.01104   0.01543   0.03266   0.04516   0.10649   0.23201   0.41295   0.13167   0.18236   0.04637   0.00524   0.04187   0.13852   0.04331   0.04573   0.16453   0.20146   0.00593   0.14981   0.20598   3.68083   1.22791   1.68611  
 20 217.4003  21637.846879  x:  0.02010   0.10634   0.03675   0.01452   0.01144   0.00396   0.00418   0.00271   0.00633   0.01099   0.01544   0.03316   0.04364   0.10621   0.23596   0.40870   0.13218   0.18210   0.04724   0.00521   0.04243   0.13776   0.04025   0.04804   0.16450   0.20082   0.00599   0.15007   0.20686   3.67842   1.22653   1.67665  
 21 134.5345  21636.990908  x:  0.01886   0.11196   0.03522   0.01447   0.01144   0.00393   0.00416   0.00271   0.00629   0.01105   0.01539   0.03294   0.04528   0.10405   0.24654   0.40287   0.13359   0.18152   0.04934   0.00520   0.04279   0.13537   0.04324   0.04830   0.16906   0.20045   0.00582   0.15038   0.20877   3.66952   1.21767   1.64217  
 22 157.1061  21635.938014  x:  0.01892   0.11615   0.04001   0.01451   0.01139   0.00393   0.00415   0.00270   0.00630   0.01101   0.01539   0.03308   0.04333   0.10469   0.25216   0.40109   0.13436   0.18133   0.04689   0.00521   0.04288   0.13606   0.04130   0.04342   0.17212   0.20122   0.00593   0.15033   0.20951   3.65751   1.20421   1.59552  
 23 360.0580  21628.044016  x:  0.02305   0.12063   0.03524   0.01477   0.01167   0.00404   0.00427   0.00275   0.00641   0.01090   0.01521   0.03320   0.04524   0.11271   0.25949   0.40716   0.13542   0.18198   0.03074   0.00503   0.04401   0.15140   0.04149   0.04919   0.17562   0.20829   0.00615   0.14909   0.20844   3.57030   1.10215   1.25517  
 24 862.1998  21619.834442  x:  0.01886   0.11901   0.03454   0.01475   0.01174   0.00391   0.00419   0.00280   0.00631   0.01079   0.01496   0.03349   0.04598   0.11558   0.25943   0.41706   0.13550   0.18316   0.04299   0.00470   0.04686   0.16093   0.04121   0.04641   0.17254   0.21273   0.00608   0.14878   0.20733   3.48052   0.99622   0.90305  
 25 4623.0019  21618.382849  x:  0.02008   0.11929   0.03520   0.01472   0.01184   0.00394   0.00421   0.00279   0.00632   0.01075   0.01491   0.03342   0.04587   0.10768   0.25636   0.42023   0.13522   0.18403   0.03904   0.00473   0.04750   0.15067   0.04104   0.04619   0.16723   0.20813   0.00584   0.15071   0.20958   3.46408   0.97640   0.83635  
 26 620.6325  21618.314227  x:  0.02007   0.11998   0.03487   0.01473   0.01183   0.00394   0.00421   0.00279   0.00632   0.01074   0.01491   0.03342   0.04587   0.11038   0.25589   0.42046   0.13507   0.18405   0.03905   0.00474   0.04767   0.14880   0.04104   0.04619   0.16696   0.20639   0.00582   0.15062   0.21029   3.46359   0.97542   0.83305  
 27 47.7538  21618.308145  x:  0.02008   0.11992   0.03491   0.01473   0.01183   0.00394   0.00421   0.00279   0.00632   0.01074   0.01492   0.03342   0.04587   0.11021   0.25572   0.42050   0.13498   0.18403   0.03906   0.00476   0.04760   0.14929   0.04104   0.04621   0.16737   0.20532   0.00582   0.15038   0.21077   3.46429   0.97534   0.83268  
 28  5.9457  21618.138743  x:  0.01999   0.12044   0.03481   0.01473   0.01183   0.00392   0.00423   0.00282   0.00632   0.01074   0.01492   0.03344   0.04596   0.11059   0.25559   0.42090   0.13566   0.18387   0.03910   0.00476   0.04781   0.15068   0.04101   0.04616   0.16748   0.20531   0.00543   0.15527   0.21203   3.51301   0.97266   0.81938  
 29  4.7927  21617.902944  x:  0.02002   0.12029   0.03469   0.01474   0.01184   0.00391   0.00423   0.00284   0.00633   0.01071   0.01491   0.03343   0.04602   0.11054   0.25644   0.42172   0.13569   0.18400   0.03897   0.00479   0.04801   0.15014   0.04093   0.04603   0.16708   0.20672   0.00573   0.15036   0.21179   3.57993   0.96916   0.80115  
 30 214.9686  21617.891190  x:  0.02002   0.12027   0.03469   0.01473   0.01184   0.00391   0.00423   0.00284   0.00633   0.01071   0.01491   0.03342   0.04601   0.11051   0.25681   0.42180   0.13479   0.18417   0.03895   0.00480   0.04799   0.15009   0.04093   0.04603   0.16715   0.20602   0.00578   0.15050   0.21013   3.58215   0.96907   0.80062  
 31 10.6695  21617.660076  x:  0.01989   0.12034   0.03454   0.01473   0.01185   0.00388   0.00425   0.00289   0.00634   0.01068   0.01492   0.03344   0.04613   0.11032   0.25671   0.42281   0.13754   0.19266   0.03928   0.00486   0.04837   0.15019   0.04086   0.04582   0.16624   0.20468   0.00582   0.15046   0.20905   3.58586   0.96804   0.80475  
 32  1.0609  21615.289983  x:  0.01893   0.11925   0.03304   0.01462   0.01191   0.00359   0.00441   0.00334   0.00643   0.01039   0.01495   0.03339   0.04701   0.10735   0.25210   0.43329   0.11972   0.19815   0.04198   0.00523   0.05143   0.14667   0.04000   0.04368   0.15957   0.20517   0.00535   0.15091   0.21740   3.61572   0.95915   0.84800  
 33 30.4802  21613.548496  x:  0.01839   0.11815   0.03201   0.01454   0.01196   0.00337   0.00452   0.00367   0.00650   0.01015   0.01497   0.03333   0.04758   0.10493   0.24716   0.44270   0.13220   0.18345   0.04377   0.00561   0.05352   0.14375   0.03935   0.04208   0.15421   0.19858   0.00551   0.15006   0.21106   3.63742   0.95285   0.88023  
 34 132.4400  21610.436139  x:  0.01785   0.11695   0.03407   0.01445   0.01135   0.00233   0.00341   0.00295   0.00586   0.01017   0.01558   0.03349   0.04798   0.10676   0.24471   0.46010   0.13092   0.18591   0.04872   0.00656   0.05730   0.14954   0.04082   0.04436   0.15182   0.20130   0.00613   0.15088   0.21116   3.60448   0.75760   0.66676  
 35  0.1728  21608.821138  x:  0.01783   0.11746   0.03383   0.01469   0.01205   0.00243   0.00409   0.00375   0.00599   0.00969   0.01495   0.03341   0.04754   0.10671   0.24597   0.45400   0.13186   0.18544   0.04728   0.00802   0.05625   0.14747   0.04061   0.04462   0.15701   0.20130   0.00496   0.15053   0.21061   3.63075   0.62656   0.53738  
 36  0.1536  21608.371353  x:  0.01906   0.11703   0.03367   0.01449   0.01170   0.00280   0.00400   0.00344   0.00600   0.01010   0.01513   0.03332   0.04700   0.10577   0.24581   0.44409   0.13230   0.18459   0.04505   0.00816   0.05373   0.14369   0.04046   0.04423   0.15830   0.20011   0.00550   0.15032   0.21036   3.67691   0.63607   0.55446  
 37  0.0594  21608.337915  x:  0.01900   0.11677   0.03336   0.01448   0.01168   0.00282   0.00406   0.00340   0.00605   0.01014   0.01519   0.03331   0.04704   0.10587   0.24556   0.44323   0.13221   0.18457   0.04491   0.00820   0.05312   0.14416   0.04031   0.04383   0.15767   0.20018   0.00556   0.15029   0.21024   3.67700   0.63121   0.54173  
 38  0.0212  21608.329441  x:  0.01886   0.11660   0.03333   0.01450   0.01168   0.00280   0.00408   0.00337   0.00607   0.01016   0.01523   0.03331   0.04710   0.10596   0.24538   0.44356   0.13214   0.18452   0.04495   0.00824   0.05267   0.14456   0.04025   0.04372   0.15717   0.20023   0.00558   0.15029   0.21019   3.67489   0.62886   0.54261  
 39  0.0042  21608.328678  x:  0.01876   0.11661   0.03339   0.01452   0.01169   0.00280   0.00407   0.00338   0.00608   0.01016   0.01522   0.03332   0.04712   0.10594   0.24535   0.44381   0.13214   0.18451   0.04499   0.00824   0.05253   0.14452   0.04027   0.04379   0.15723   0.20021   0.00557   0.15029   0.21019   3.67451   0.62994   0.54339  
 40  0.0015  21608.328618  x:  0.01874   0.11664   0.03337   0.01452   0.01168   0.00280   0.00407   0.00338   0.00609   0.01017   0.01522   0.03332   0.04713   0.10593   0.24537   0.44385   0.13214   0.18453   0.04499   0.00824   0.05253   0.14450   0.04026   0.04379   0.15726   0.20021   0.00558   0.15029   0.21020   3.67445   0.62960   0.54303  
 41  0.0005  21608.328611  x:  0.01874   0.11664   0.03337   0.01452   0.01168   0.00280   0.00407   0.00338   0.00609   0.01017   0.01522   0.03331   0.04713   0.10593   0.24537   0.44382   0.13214   0.18453   0.04499   0.00824   0.05253   0.14450   0.04026   0.04379   0.15726   0.20021   0.00558   0.15029   0.21020   3.67447   0.62973   0.54318  
 42  0.0002  21608.328610  x:  0.01874   0.11664   0.03337   0.01452   0.01168   0.00280   0.00406   0.00338   0.00609   0.01016   0.01522   0.03331   0.04712   0.10593   0.24537   0.44382   0.13214   0.18452   0.04499   0.00824   0.05254   0.14450   0.04027   0.04379   0.15725   0.20021   0.00558   0.15029   0.21020   3.67451   0.62967   0.54312  
 43  0.0001  21608.328610  x:  0.01874   0.11664   0.03337   0.01452   0.01168   0.00280   0.00406   0.00338   0.00609   0.01016   0.01522   0.03331   0.04712   0.10593   0.24537   0.44382   0.13214   0.18452   0.04499   0.00824   0.05254   0.14450   0.04027   0.04379   0.15726   0.20021   0.00558   0.15029   0.21020   3.67449   0.62969   0.54313  
 44  0.0000  21608.328610  x:  0.01874   0.11664   0.03337   0.01452   0.01168   0.00280   0.00406   0.00338   0.00609   0.01016   0.01522   0.03331   0.04712   0.10593   0.24537   0.44382   0.13214   0.18452   0.04499   0.00824   0.05254   0.14450   0.04027   0.04379   0.15726   0.20021   0.00558   0.15029   0.21020   3.67449   0.62969   0.54313  
 45  0.0000  21608.328610  x:  0.01874   0.11664   0.03337   0.01452   0.01168   0.00280   0.00406   0.00338   0.00609   0.01016   0.01522   0.03331   0.04712   0.10593   0.24537   0.44382   0.13214   0.18452   0.04499   0.00824   0.05254   0.14450   0.04027   0.04379   0.15726   0.20021   0.00558   0.15029   0.21020   3.67449   0.62969   0.54313  
 46  0.0000  21608.328610  x:  0.01874   0.11664   0.03337   0.01452   0.01168   0.00280   0.00406   0.00338   0.00609   0.01016   0.01522   0.03331   0.04712   0.10593   0.24537   0.44382   0.13214   0.18452   0.04499   0.00824   0.05254   0.14450   0.04027   0.04379   0.15726   0.20021   0.00558   0.15029   0.21020   3.67449   0.62969   0.54313  
 47  0.0000  21608.328610  x:  0.01874   0.11664   0.03337   0.01452   0.01168   0.00280   0.00406   0.00338   0.00609   0.01016   0.01522   0.03331   0.04712   0.10593   0.24537   0.44382   0.13214   0.18452   0.04499   0.00824   0.05254   0.14450   0.04027   0.04379   0.15726   0.20021   0.00558   0.15029   0.21020   3.67449   0.62969   0.54314  

Model 8: beta&w>1

TREE # 1

  0  0.0000  21747.220455  x:  0.00625   0.10409   0.03352   0.01485   0.01190   0.00456   0.00492   0.00281   0.00660   0.00924   0.01316   0.03136   0.04269   0.09990   0.22422   0.38255   0.12641   0.17326   0.03964   0.00342   0.03870   0.13201   0.03930   0.04321   0.15736   0.19121   0.00449   0.14220   0.19679   3.67449   0.90000   0.76687   1.93569   2.47532  
  1 99.0000  21740.594085  x:  0.01025   0.10488   0.03330   0.01432   0.01132   0.00148   0.00321   0.00384   0.00560   0.00952   0.01379   0.03141   0.04300   0.09998   0.22475   0.38334   0.12662   0.17352   0.04088   0.00724   0.04035   0.13252   0.03907   0.04300   0.15729   0.19142   0.00511   0.14241   0.19707   3.67450   0.90156   0.76838   1.93516   2.47489  
  2 1538.4401  21736.017690  x:  0.01696   0.10650   0.03284   0.01349   0.01047   0.00515   0.00328   0.00334   0.00481   0.00991   0.01492   0.03153   0.04367   0.10018   0.22589   0.38512   0.12710   0.17414   0.04306   0.01210   0.04358   0.13362   0.03862   0.04258   0.15713   0.19186   0.00593   0.14284   0.19767   3.67451   0.90505   0.77183   1.93396   2.47391  
  3 1948.7415  21733.035003  x:  0.02039   0.10801   0.03244   0.01339   0.01068   0.00430   0.00634   0.00194   0.00719   0.00978   0.01503   0.03177   0.04434   0.10053   0.22717   0.38724   0.12771   0.17489   0.04420   0.01209   0.04621   0.13484   0.03835   0.04229   0.15695   0.19234   0.00567   0.14327   0.19840   3.67453   0.90913   0.77602   1.93248   2.47278  
  4 1219.2516  21729.063879  x:  0.02474   0.11098   0.03174   0.01371   0.01154   0.00439   0.00852   0.00606   0.00933   0.00938   0.01472   0.03228   0.04565   0.10136   0.22988   0.39187   0.12905   0.17655   0.04565   0.00885   0.05097   0.13737   0.03799   0.04185   0.15656   0.19337   0.00458   0.14420   0.19999   3.67454   0.91793   0.78526   1.92923   2.47034  
  5 2314.9746  21717.749640  x:  0.02948   0.11641   0.03073   0.01459   0.01265   0.00399   0.00544   0.00426   0.00766   0.00923   0.01389   0.03315   0.04784   0.10313   0.23530   0.40138   0.13175   0.17991   0.04721   0.00084   0.05897   0.14230   0.03769   0.04139   0.15582   0.19551   0.00286   0.14613   0.20331   3.67453   0.93572   0.80454   1.92240   2.46541  
  6 3216.0305  21700.382956  x:  0.01869   0.12509   0.03044   0.01679   0.01393   0.00425   0.00465   0.00357   0.00696   0.00915   0.01134   0.03392   0.04990   0.10696   0.24638   0.42267   0.13730   0.18700   0.04399   0.00607   0.06929   0.15163   0.03864   0.04210   0.15424   0.20063   0.00363   0.15062   0.21074   3.67431   0.97384   0.84977   1.90620   2.45463  
  7 2307.5981  21696.074386  x:  0.01665   0.12618   0.03110   0.01343   0.01027   0.00381   0.00589   0.00393   0.00607   0.01042   0.01755   0.03294   0.04868   0.10721   0.24909   0.42916   0.13807   0.18840   0.04358   0.00535   0.06825   0.15289   0.03870   0.04229   0.15356   0.20169   0.00415   0.15145   0.21244   3.67403   0.98055   0.86608   1.90012   2.45146  
  8 1355.5249  21687.747371  x:  0.01827   0.12565   0.03305   0.00992   0.01067   0.00454   0.00240   0.00374   0.01103   0.00791   0.01807   0.03051   0.04439   0.10587   0.25317   0.44207   0.13773   0.18959   0.04497   0.00556   0.05994   0.15247   0.03818   0.04227   0.15190   0.20276   0.00434   0.15189   0.21451   3.67308   0.98237   0.90398   1.88553   2.44521  
  9 1233.1873  21669.764858  x:  0.02426   0.12334   0.03701   0.01107   0.01353   0.00415   0.00632   0.00411   0.00659   0.00837   0.01394   0.02659   0.03585   0.10219   0.26219   0.47275   0.13617   0.19176   0.04864   0.00586   0.03938   0.15050   0.03713   0.04221   0.14819   0.20479   0.00447   0.15248   0.21885   3.67064   0.98185   0.99692   1.84951   2.43019  
 10 6307.4679  21658.967326  x:  0.02528   0.11981   0.03565   0.01969   0.00968   0.00464   0.00440   0.00413   0.01012   0.01436   0.01587   0.03262   0.04173   0.09995   0.26602   0.49184   0.13391   0.19187   0.04867   0.00660   0.03554   0.14839   0.03780   0.04241   0.14763   0.20499   0.00354   0.15196   0.22022   3.66876   0.97355   1.06237   1.82353   2.41995  
 11 2783.4631  21644.492247  x:  0.02309   0.11444   0.03194   0.01705   0.01146   0.00436   0.00592   0.00397   0.00696   0.00665   0.01832   0.03950   0.05210   0.09879   0.26789   0.51168   0.13045   0.19080   0.04640   0.00733   0.04380   0.14566   0.03979   0.04314   0.14960   0.20427   0.00454   0.15096   0.22033   3.66637   0.95775   1.14045   1.79188   2.40798  
 12 3296.6934  21639.691630  x:  0.02159   0.11280   0.03138   0.01167   0.01339   0.00436   0.00603   0.00405   0.00686   0.01160   0.01603   0.03877   0.05400   0.09963   0.26739   0.51774   0.12919   0.19010   0.04523   0.00720   0.05042   0.14481   0.04053   0.04356   0.15154   0.20379   0.00524   0.15062   0.21976   3.66543   0.95072   1.17052   1.77937   2.40332  
 13 2781.5977  21636.144620  x:  0.02041   0.11348   0.03386   0.01407   0.00952   0.00431   0.00600   0.00411   0.00707   0.01113   0.01466   0.03212   0.05062   0.10300   0.26453   0.51847   0.12885   0.18927   0.04468   0.00686   0.05843   0.14482   0.04059   0.04403   0.15506   0.20328   0.00536   0.15070   0.21817   3.66473   0.94526   1.19193   1.76979   2.39975  
 14 969.4128  21635.063739  x:  0.01998   0.11478   0.03480   0.01589   0.01221   0.00434   0.00571   0.00402   0.00724   0.01153   0.01715   0.03110   0.04833   0.10511   0.26226   0.51664   0.12920   0.18892   0.04480   0.00709   0.06059   0.14511   0.04038   0.04418   0.15705   0.20315   0.00505   0.15096   0.21709   3.66450   0.94386   1.19953   1.76599   2.39825  
 15 643.2145  21632.602269  x:  0.01940   0.12158   0.03454   0.01520   0.01111   0.00435   0.00582   0.00404   0.00711   0.01138   0.01648   0.03769   0.04314   0.11210   0.25261   0.50416   0.13208   0.18818   0.04639   0.00718   0.06047   0.14694   0.03963   0.04439   0.16373   0.20334   0.00433   0.15273   0.21307   3.66399   0.94333   1.21800   1.75522   2.39360  
 16 425.9189  21630.216697  x:  0.01974   0.12773   0.03188   0.01496   0.01148   0.00432   0.00588   0.00413   0.00726   0.01130   0.01628   0.03438   0.04902   0.11603   0.24143   0.48505   0.13591   0.18755   0.04753   0.00669   0.05608   0.14896   0.04027   0.04436   0.16932   0.20396   0.00773   0.15493   0.20922   3.66353   0.94569   1.23696   1.74272   2.38782  
 17 508.2543  21629.308353  x:  0.02000   0.12796   0.03193   0.01440   0.01144   0.00434   0.00591   0.00403   0.00697   0.01123   0.01623   0.03312   0.05075   0.11488   0.23821   0.47598   0.13703   0.18727   0.04704   0.00741   0.05532   0.14939   0.04047   0.04416   0.16980   0.20419   0.00354   0.15488   0.20826   3.66337   0.94745   1.24374   1.73756   2.38529  
 18 443.6860  21626.638971  x:  0.02186   0.12146   0.03494   0.01495   0.01143   0.00432   0.00589   0.00406   0.00709   0.01125   0.01582   0.03455   0.04905   0.10333   0.23175   0.44006   0.13875   0.18579   0.04338   0.00671   0.05780   0.14907   0.03997   0.04285   0.16552   0.20423   0.00518   0.15340   0.20792   3.66290   0.95577   1.26523   1.71854   2.37556  
 19 435.0431  21626.002963  x:  0.02128   0.11896   0.03052   0.01531   0.01132   0.00429   0.00580   0.00404   0.00711   0.01127   0.01582   0.03399   0.04755   0.10451   0.23343   0.43009   0.13718   0.18468   0.04555   0.00669   0.05848   0.14735   0.03964   0.04405   0.16238   0.20292   0.00504   0.15182   0.20820   3.66275   0.95807   1.26982   1.71245   2.37227  
 20 213.1380  21625.610829  x:  0.02083   0.11795   0.03265   0.01513   0.01136   0.00427   0.00583   0.00404   0.00704   0.01125   0.01571   0.03432   0.04876   0.10819   0.23644   0.42325   0.13492   0.18352   0.04745   0.00668   0.05854   0.14539   0.03940   0.04362   0.15964   0.20110   0.00515   0.15027   0.20832   3.66261   0.95952   1.27206   1.70719   2.36931  
 21 183.9568  21625.464105  x:  0.02139   0.11975   0.03214   0.01512   0.01135   0.00428   0.00583   0.00403   0.00706   0.01123   0.01573   0.03422   0.04849   0.10869   0.23922   0.42127   0.13358   0.18311   0.04497   0.00675   0.05819   0.14500   0.04031   0.04238   0.15971   0.19969   0.00517   0.15010   0.20787   3.66244   0.95934   1.27126   1.70242   2.36646  
 22 55.5600  21625.273832  x:  0.02126   0.12190   0.03251   0.01503   0.01136   0.00428   0.00583   0.00403   0.00704   0.01123   0.01575   0.03418   0.04873   0.10743   0.24244   0.41987   0.13259   0.18308   0.04437   0.00680   0.05794   0.14523   0.03878   0.04483   0.16093   0.19829   0.00522   0.15046   0.20703   3.66208   0.95869   1.26826   1.69296   2.36072  
 23 81.4375  21624.609784  x:  0.01878   0.12363   0.03288   0.01495   0.01131   0.00423   0.00577   0.00400   0.00694   0.01127   0.01593   0.03400   0.04849   0.10345   0.24880   0.41815   0.13253   0.18431   0.04958   0.00694   0.05778   0.14705   0.04016   0.04252   0.16495   0.19688   0.00524   0.15212   0.20510   3.66065   0.95635   1.25438   1.65453   2.33720  
 24 173.9282  21618.923251  x:  0.02069   0.10800   0.03423   0.01414   0.01117   0.00431   0.00571   0.00398   0.00716   0.01112   0.01692   0.03362   0.04716   0.11110   0.26478   0.41792   0.14326   0.19567   0.04594   0.00724   0.05202   0.15421   0.04272   0.04568   0.17461   0.20494   0.00557   0.15746   0.20385   3.64873   0.94347   1.13017   1.32390   2.13379  
 25 490.1852  21615.250070  x:  0.01825   0.11169   0.03317   0.01360   0.01090   0.00420   0.00548   0.00383   0.00685   0.01105   0.01744   0.03252   0.04668   0.11027   0.26244   0.42179   0.14301   0.19626   0.04538   0.00766   0.05054   0.15108   0.03417   0.04058   0.16984   0.20828   0.00569   0.15535   0.20803   3.64143   0.93667   1.05025   1.11206   2.00316  
 26 2009.1558  21612.584002  x:  0.01720   0.11735   0.03442   0.01327   0.01077   0.00417   0.00538   0.00379   0.00685   0.01101   0.01777   0.03234   0.04555   0.10778   0.25712   0.42583   0.14004   0.19415   0.04663   0.00775   0.04970   0.14697   0.04038   0.04421   0.16403   0.20891   0.00582   0.15266   0.21146   3.63607   0.93302   0.98945   0.95140   1.90377  
 27 3745.1465  21612.085483  x:  0.01775   0.11334   0.03426   0.01326   0.01073   0.00415   0.00535   0.00377   0.00685   0.01094   0.01763   0.03230   0.04544   0.10726   0.25305   0.42860   0.13490   0.18918   0.04631   0.00774   0.04878   0.14726   0.03993   0.04379   0.16653   0.20231   0.00571   0.15417   0.20789   3.63559   0.93659   0.97795   0.92194   1.88388  
 28 207.4985  21612.063854  x:  0.01774   0.11328   0.03424   0.01326   0.01073   0.00415   0.00534   0.00377   0.00684   0.01093   0.01762   0.03229   0.04542   0.10711   0.25306   0.42894   0.13604   0.18888   0.04626   0.00774   0.04878   0.14669   0.03990   0.04376   0.16637   0.20183   0.00585   0.15279   0.20609   3.63600   0.93684   0.97755   0.92138   1.88187  
 29 15.4692  21611.985520  x:  0.01741   0.11346   0.03431   0.01319   0.01069   0.00413   0.00533   0.00375   0.00679   0.01094   0.01771   0.03219   0.04526   0.10714   0.25351   0.42893   0.13714   0.18593   0.04618   0.00779   0.04876   0.14689   0.03991   0.04381   0.16431   0.20305   0.00580   0.15521   0.20409   3.64180   0.93473   0.97723   0.92697   1.86313  
 30  9.1183  21611.169382  x:  0.01522   0.11268   0.03483   0.01246   0.01032   0.00402   0.00517   0.00357   0.00635   0.01092   0.01849   0.03136   0.04407   0.10694   0.25294   0.42732   0.13897   0.17737   0.04580   0.00845   0.04602   0.14684   0.04019   0.04413   0.16767   0.20398   0.00616   0.15124   0.20892   3.70145   0.91597   0.97469   0.98739   1.67116  
 31 119.4847  21610.683290  x:  0.01374   0.11249   0.03512   0.01203   0.01008   0.00394   0.00507   0.00345   0.00605   0.01092   0.01898   0.03082   0.04321   0.10691   0.25008   0.42644   0.13692   0.18468   0.04549   0.00892   0.04491   0.14497   0.04032   0.04431   0.16503   0.20053   0.00626   0.15325   0.20710   3.73788   0.90401   0.97323   1.02507   1.55221  
 32 473.7597  21610.667232  x:  0.01368   0.11247   0.03512   0.01201   0.01007   0.00394   0.00506   0.00345   0.00604   0.01092   0.01899   0.03080   0.04318   0.10690   0.24996   0.42640   0.13558   0.18504   0.04548   0.00892   0.04481   0.14578   0.04031   0.04431   0.16491   0.20165   0.00634   0.15255   0.20623   3.73861   0.90368   0.97319   1.02640   1.54823  
 33 27.1171  21610.656133  x:  0.01372   0.11241   0.03511   0.01202   0.01007   0.00394   0.00506   0.00345   0.00604   0.01092   0.01898   0.03080   0.04319   0.10681   0.24999   0.42641   0.13516   0.18506   0.04547   0.00889   0.04485   0.14451   0.04032   0.04430   0.16551   0.20246   0.00633   0.15279   0.20597   3.73610   0.90385   0.97319   1.02757   1.54591  
 34  3.8008  21610.226786  x:  0.01323   0.11263   0.03516   0.01196   0.01004   0.00386   0.00495   0.00335   0.00584   0.01090   0.01904   0.03068   0.04294   0.10655   0.24801   0.42666   0.13510   0.18289   0.04536   0.00906   0.04445   0.14477   0.04048   0.04442   0.16388   0.20099   0.00646   0.15195   0.20646   3.62386   0.89915   0.97391   1.07199   1.46202  
 35 23.5428  21606.478962  x:  0.01638   0.11639   0.03454   0.01433   0.01127   0.00312   0.00386   0.00261   0.00478   0.01078   0.01663   0.03265   0.04510   0.10488   0.24438   0.45410   0.13033   0.18200   0.04458   0.00879   0.04854   0.14305   0.04096   0.04461   0.15591   0.19965   0.00604   0.14984   0.21145   3.72846   0.89552   0.97734   1.15168   1.40393  
 36  0.3819  21605.635676  x:  0.01683   0.11717   0.03413   0.01422   0.01150   0.00284   0.00400   0.00332   0.00667   0.01039   0.01569   0.03297   0.04605   0.10536   0.24517   0.45531   0.13138   0.18335   0.04464   0.00894   0.05017   0.14398   0.04065   0.04432   0.15584   0.20060   0.00568   0.14999   0.21230   3.73224   0.89087   0.96406   1.16601   1.34285  
 37  0.0938  21605.342396  x:  0.01825   0.11716   0.03351   0.01433   0.01164   0.00271   0.00407   0.00342   0.00626   0.01013   0.01496   0.03318   0.04690   0.10620   0.24674   0.44924   0.13288   0.18620   0.04493   0.00858   0.05182   0.14536   0.04025   0.04390   0.15768   0.20145   0.00544   0.15090   0.21150   3.70794   0.89445   0.95566   1.14594   1.37927  
 38  0.0606  21605.281548  x:  0.01845   0.11706   0.03346   0.01433   0.01162   0.00270   0.00404   0.00340   0.00604   0.01011   0.01512   0.03315   0.04690   0.10642   0.24729   0.44704   0.13360   0.18600   0.04491   0.00860   0.05200   0.14571   0.04014   0.04384   0.15819   0.20177   0.00542   0.15105   0.21147   3.71384   0.88917   0.94791   1.14282   1.33101  
 39  0.1158  21605.210279  x:  0.01889   0.11736   0.03334   0.01448   0.01162   0.00286   0.00403   0.00342   0.00601   0.01013   0.01557   0.03329   0.04701   0.10603   0.24577   0.44535   0.13213   0.18546   0.04502   0.00843   0.05284   0.14500   0.04015   0.04383   0.15715   0.20054   0.00543   0.15063   0.21084   3.71463   0.88622   0.93233   1.12200   1.32897  
 40  0.0154  21605.146839  x:  0.01874   0.11734   0.03336   0.01453   0.01171   0.00285   0.00405   0.00335   0.00609   0.01021   0.01523   0.03350   0.04731   0.10621   0.24669   0.44884   0.13247   0.18532   0.04497   0.00828   0.05273   0.14508   0.04035   0.04395   0.15784   0.20101   0.00547   0.15073   0.21119   3.71813   0.87776   0.90509   1.10094   1.30564  
 41  0.0179  21605.109703  x:  0.01840   0.11693   0.03342   0.01445   0.01163   0.00274   0.00414   0.00337   0.00611   0.01016   0.01515   0.03309   0.04695   0.10593   0.24523   0.44541   0.13260   0.18561   0.04483   0.00829   0.05237   0.14503   0.04029   0.04385   0.15745   0.20076   0.00537   0.15064   0.21084   3.71773   0.86907   0.91117   1.13403   1.28440  
 42  0.0146  21604.996510  x:  0.01751   0.11732   0.03338   0.01452   0.01153   0.00289   0.00390   0.00346   0.00600   0.01017   0.01569   0.03345   0.04668   0.10694   0.24768   0.44492   0.13270   0.18461   0.04546   0.00843   0.05162   0.14545   0.04016   0.04400   0.15869   0.20108   0.00548   0.15092   0.21073   3.71946   0.82978   0.99061   1.35976   1.23825  
 43  0.0309  21604.894241  x:  0.01815   0.11725   0.03340   0.01441   0.01158   0.00281   0.00394   0.00346   0.00599   0.01011   0.01539   0.03341   0.04693   0.10637   0.24683   0.44651   0.13236   0.18479   0.04510   0.00845   0.05208   0.14506   0.04022   0.04397   0.15791   0.20086   0.00544   0.15070   0.21089   3.71974   0.80562   1.04244   1.51403   1.18244  
 44  0.1306  21604.839117  x:  0.01896   0.11708   0.03341   0.01442   0.01167   0.00274   0.00403   0.00342   0.00608   0.01010   0.01511   0.03333   0.04723   0.10579   0.24598   0.44810   0.13229   0.18544   0.04477   0.00838   0.05261   0.14484   0.04029   0.04389   0.15736   0.20082   0.00538   0.15060   0.21110   3.71844   0.80320   1.07022   1.57582   1.19963  
 45  0.0985  21604.795508  x:  0.01907   0.11692   0.03339   0.01467   0.01173   0.00279   0.00408   0.00336   0.00620   0.01020   0.01523   0.03333   0.04721   0.10609   0.24625   0.44777   0.13265   0.18607   0.04497   0.00840   0.05248   0.14523   0.04031   0.04386   0.15811   0.20103   0.00535   0.15089   0.21102   3.71708   0.78419   1.14546   1.77324   1.17654  
 46  0.0901  21604.761412  x:  0.01886   0.11700   0.03335   0.01472   0.01173   0.00284   0.00413   0.00334   0.00619   0.01024   0.01525   0.03340   0.04715   0.10625   0.24653   0.44729   0.13266   0.18588   0.04512   0.00834   0.05243   0.14528   0.04027   0.04386   0.15818   0.20109   0.00536   0.15090   0.21099   3.71768   0.78870   1.16966   1.83205   1.18607  
 47  0.0470  21604.723509  x:  0.01844   0.11722   0.03333   0.01453   0.01167   0.00284   0.00413   0.00337   0.00606   0.01017   0.01517   0.03343   0.04708   0.10612   0.24657   0.44702   0.13242   0.18500   0.04505   0.00822   0.05247   0.14499   0.04016   0.04387   0.15753   0.20102   0.00535   0.15061   0.21109   3.72144   0.76787   1.25558   2.07354   1.16720  
 48  0.1705  21604.692558  x:  0.01871   0.11712   0.03342   0.01444   0.01165   0.00278   0.00400   0.00336   0.00608   0.01012   0.01524   0.03322   0.04716   0.10588   0.24602   0.44761   0.13243   0.18556   0.04479   0.00801   0.05245   0.14502   0.04026   0.04389   0.15750   0.20086   0.00535   0.15070   0.21105   3.72016   0.75072   1.32600   2.31167   1.14159  
 49  0.1020  21604.669801  x:  0.01874   0.11701   0.03342   0.01446   0.01166   0.00277   0.00399   0.00339   0.00610   0.01012   0.01529   0.03323   0.04714   0.10598   0.24608   0.44761   0.13261   0.18567   0.04488   0.00799   0.05243   0.14514   0.04030   0.04388   0.15784   0.20097   0.00533   0.15079   0.21106   3.72097   0.74581   1.36116   2.44150   1.14758  
 50  0.0877  21604.649445  x:  0.01863   0.11699   0.03338   0.01451   0.01169   0.00279   0.00405   0.00342   0.00611   0.01014   0.01526   0.03335   0.04710   0.10611   0.24635   0.44734   0.13264   0.18544   0.04505   0.00801   0.05244   0.14515   0.04026   0.04387   0.15793   0.20107   0.00531   0.15077   0.21107   3.72145   0.72660   1.43778   2.70109   1.12693  
 51  0.2624  21604.635335  x:  0.01856   0.11704   0.03334   0.01455   0.01170   0.00281   0.00411   0.00342   0.00611   0.01017   0.01519   0.03343   0.04708   0.10615   0.24649   0.44704   0.13256   0.18519   0.04511   0.00815   0.05247   0.14507   0.04022   0.04386   0.15777   0.20107   0.00532   0.15069   0.21105   3.72034   0.71917   1.46184   2.82150   1.11094  
 52  0.1304  21604.621402  x:  0.01865   0.11715   0.03337   0.01453   0.01166   0.00281   0.00406   0.00335   0.00610   0.01018   0.01520   0.03328   0.04712   0.10600   0.24616   0.44704   0.13244   0.18530   0.04484   0.00832   0.05243   0.14501   0.04020   0.04387   0.15752   0.20088   0.00535   0.15065   0.21099   3.71967   0.70568   1.52728   3.07418   1.10275  
 53  0.1294  21604.618709  x:  0.01866   0.11707   0.03338   0.01451   0.01166   0.00280   0.00406   0.00336   0.00609   0.01017   0.01522   0.03330   0.04712   0.10601   0.24616   0.44712   0.13249   0.18532   0.04487   0.00835   0.05244   0.14504   0.04023   0.04387   0.15765   0.20090   0.00535   0.15067   0.21100   3.72002   0.70580   1.53028   3.09821   1.10280  
 54  0.0253  21604.615795  x:  0.01865   0.11698   0.03338   0.01450   0.01166   0.00279   0.00407   0.00338   0.00607   0.01015   0.01524   0.03334   0.04711   0.10604   0.24620   0.44716   0.13255   0.18530   0.04495   0.00837   0.05245   0.14507   0.04026   0.04387   0.15782   0.20096   0.00535   0.15070   0.21101   3.72047   0.69725   1.57360   3.26317   1.09331  
 55  0.1878  21604.612516  x:  0.01863   0.11704   0.03335   0.01452   0.01168   0.00280   0.00404   0.00340   0.00611   0.01016   0.01520   0.03334   0.04709   0.10605   0.24625   0.44698   0.13253   0.18523   0.04493   0.00830   0.05242   0.14503   0.04022   0.04386   0.15762   0.20099   0.00533   0.15067   0.21100   3.71989   0.68783   1.64499   3.51872   1.08551  
 56  0.0892  21604.610684  x:  0.01863   0.11708   0.03337   0.01452   0.01168   0.00280   0.00406   0.00339   0.00611   0.01017   0.01521   0.03332   0.04710   0.10604   0.24622   0.44704   0.13249   0.18527   0.04492   0.00823   0.05243   0.14503   0.04022   0.04387   0.15762   0.20094   0.00534   0.15067   0.21100   3.71982   0.68853   1.66326   3.57180   1.08697  
 57  0.0424  21604.609653  x:  0.01864   0.11705   0.03338   0.01451   0.01167   0.00280   0.00407   0.00338   0.00609   0.01016   0.01523   0.03331   0.04711   0.10602   0.24619   0.44713   0.13249   0.18531   0.04492   0.00821   0.05244   0.14505   0.04023   0.04387   0.15770   0.20091   0.00534   0.15068   0.21100   3.72011   0.68363   1.70752   3.72156   1.08266  
 58  0.1357  21604.609142  x:  0.01863   0.11700   0.03336   0.01451   0.01167   0.00280   0.00406   0.00337   0.00609   0.01016   0.01522   0.03333   0.04711   0.10602   0.24621   0.44708   0.13254   0.18529   0.04495   0.00825   0.05245   0.14506   0.04023   0.04386   0.15770   0.20096   0.00533   0.15068   0.21101   3.72046   0.68142   1.74377   3.83467   1.08096  
 59  0.0523  21604.609049  x:  0.01864   0.11703   0.03337   0.01451   0.01167   0.00280   0.00406   0.00338   0.00609   0.01016   0.01522   0.03332   0.04711   0.10603   0.24620   0.44710   0.13251   0.18528   0.04493   0.00827   0.05243   0.14505   0.04023   0.04387   0.15769   0.20094   0.00534   0.15068   0.21100   3.72039   0.68202   1.74164   3.82470   1.08180  
 60  0.0084  21604.609043  x:  0.01864   0.11703   0.03337   0.01451   0.01167   0.00280   0.00406   0.00338   0.00609   0.01016   0.01522   0.03332   0.04711   0.10603   0.24620   0.44710   0.13251   0.18529   0.04492   0.00827   0.05243   0.14505   0.04023   0.04387   0.15768   0.20093   0.00534   0.15068   0.21100   3.72036   0.68183   1.74305   3.82934   1.08160  
 61  0.0049  21604.609041  x:  0.01864   0.11703   0.03337   0.01451   0.01167   0.00280   0.00406   0.00338   0.00609   0.01016   0.01522   0.03332   0.04711   0.10603   0.24620   0.44709   0.13251   0.18529   0.04492   0.00827   0.05243   0.14505   0.04023   0.04387   0.15769   0.20094   0.00534   0.15068   0.21100   3.72037   0.68204   1.74143   3.82318   1.08176  
 62  0.0034  21604.609041  x:  0.01864   0.11703   0.03337   0.01451   0.01167   0.00280   0.00406   0.00338   0.00609   0.01016   0.01522   0.03332   0.04711   0.10603   0.24620   0.44710   0.13251   0.18529   0.04492   0.00827   0.05243   0.14505   0.04023   0.04387   0.15769   0.20094   0.00534   0.15068   0.21100   3.72038   0.68211   1.74094   3.82102   1.08186  
 63  0.0013  21604.609041  x:  0.01864   0.11703   0.03337   0.01451   0.01167   0.00280   0.00406   0.00338   0.00609   0.01016   0.01522   0.03332   0.04711   0.10603   0.24620   0.44710   0.13251   0.18529   0.04492   0.00827   0.05243   0.14505   0.04023   0.04387   0.15769   0.20094   0.00534   0.15068   0.21100   3.72038   0.68213   1.74080   3.82043   1.08187  
 64  0.0007  21604.609041  x:  0.01864   0.11703   0.03337   0.01451   0.01167   0.00280   0.00406   0.00338   0.00609   0.01016   0.01522   0.03332   0.04711   0.10603   0.24620   0.44710   0.13251   0.18529   0.04492   0.00827   0.05243   0.14505   0.04023   0.04387   0.15769   0.20094   0.00534   0.15068   0.21100   3.72038   0.68214   1.74079   3.82037   1.08188  
 65  0.0000  21604.609041  x:  0.01864   0.11703   0.03337   0.01451   0.01167   0.00280   0.00406   0.00338   0.00609   0.01016   0.01522   0.03332   0.04711   0.10603   0.24620   0.44710   0.13251   0.18529   0.04492   0.00827   0.05243   0.14505   0.04023   0.04387   0.15769   0.20094   0.00534   0.15068   0.21100   3.72038   0.68214   1.74079   3.82039   1.08188  
 66  0.0000  21604.609041  x:  0.01864   0.11703   0.03337   0.01451   0.01167   0.00280   0.00406   0.00338   0.00609   0.01016   0.01522   0.03332   0.04711   0.10603   0.24620   0.44710   0.13251   0.18529   0.04492   0.00827   0.05243   0.14505   0.04023   0.04387   0.15769   0.20094   0.00534   0.15068   0.21100   3.72038   0.68214   1.74080   3.82040   1.08188  
 67  0.0000  21604.609041  x:  0.01864   0.11703   0.03337   0.01451   0.01167   0.00280   0.00406   0.00338   0.00609   0.01016   0.01522   0.03332   0.04711   0.10603   0.24620   0.44710   0.13251   0.18529   0.04492   0.00827   0.05243   0.14505   0.04023   0.04387   0.15769   0.20094   0.00534   0.15068   0.21100   3.72038   0.68214   1.74080   3.82040   1.08188  
 68  0.0000  21604.609041  x:  0.01864   0.11703   0.03337   0.01451   0.01167   0.00280   0.00406   0.00338   0.00609   0.01016   0.01522   0.03332   0.04711   0.10603   0.24620   0.44710   0.13251   0.18529   0.04492   0.00827   0.05243   0.14505   0.04023   0.04387   0.15769   0.20094   0.00534   0.15068   0.21100   3.72038   0.68214   1.74080   3.82040   1.08188  