

Model 0: one-ratio

TREE # 1

  0  0.0000  19905.247411  x:  0.02261   0.08748   0.04211   0.01976   0.02238   0.00945   0.00922   0.00857   0.01155   0.01397   0.01947   0.02071   0.03654   0.08792   0.23552   0.28401   0.09401   0.09228   0.04898   0.00741   0.03067   0.12151   0.03624   0.03401   0.11796   0.17679   0.00000   0.11385   0.17992   2.00000   0.40000  
  1 99.0000  19876.059527  x:  0.02162   0.09019   0.04121   0.01951   0.01870   0.00080   0.00960   0.00143   0.00362   0.00958   0.01501   0.01974   0.03705   0.08887   0.23531   0.28558   0.09461   0.09279   0.04950   0.00540   0.03073   0.12267   0.03709   0.03397   0.11857   0.17757   0.00483   0.11433   0.18098   2.00079   0.40002  
  2 2481.9769  19874.633526  x:  0.02144   0.09068   0.04105   0.01947   0.01818   0.00018   0.00967   0.00224   0.00277   0.00908   0.01439   0.01965   0.03713   0.08905   0.23527   0.28589   0.09472   0.09288   0.04959   0.00511   0.03075   0.12288   0.03723   0.03396   0.11868   0.17771   0.00479   0.11438   0.18117   2.00094   0.40003  
  3 1940.0997  19873.219720  x:  0.02111   0.09154   0.04077   0.01939   0.01728   0.00073   0.00978   0.00276   0.00154   0.00826   0.01336   0.01949   0.03725   0.08936   0.23520   0.28642   0.09491   0.09304   0.04974   0.00463   0.03077   0.12326   0.03747   0.03395   0.11888   0.17797   0.00474   0.11448   0.18150   2.00122   0.40004  
  4 3218.3695  19869.505069  x:  0.01971   0.09529   0.03961   0.01909   0.01386   0.00104   0.01022   0.00311   0.00293   0.00564   0.00947   0.01897   0.03777   0.09069   0.23489   0.28878   0.09574   0.09374   0.05041   0.00287   0.03091   0.12491   0.03847   0.03386   0.11973   0.17912   0.00357   0.11489   0.18291   2.00243   0.40008  
  5 1910.8209  19866.180533  x:  0.01752   0.10111   0.03795   0.01884   0.01174   0.00078   0.01057   0.00224   0.00233   0.00814   0.00806   0.01876   0.03842   0.09274   0.23438   0.29272   0.09704   0.09481   0.05146   0.00274   0.03125   0.12754   0.03977   0.03369   0.12110   0.18102   0.00046   0.11552   0.18521   2.00453   0.40013  
  6 1170.1770  19859.081544  x:  0.01072   0.11937   0.03322   0.01848   0.01104   0.00105   0.01037   0.00315   0.00308   0.00946   0.01170   0.01865   0.04013   0.09908   0.23267   0.30581   0.10111   0.09814   0.05465   0.00478   0.03230   0.13588   0.04327   0.03311   0.12544   0.18727   0.00315   0.11802   0.19297   2.01169   0.40028  
  7 1709.9035  19856.812414  x:  0.00946   0.12512   0.03291   0.01884   0.01518   0.00085   0.00948   0.00261   0.00271   0.00739   0.01235   0.01927   0.04004   0.10088   0.23201   0.31116   0.10230   0.09905   0.05526   0.00379   0.03214   0.13859   0.04335   0.03297   0.12680   0.18954   0.00119   0.11871   0.19580   2.01498   0.40020  
  8 1167.3785  19855.480860  x:  0.01131   0.12787   0.03538   0.01950   0.01696   0.00096   0.01068   0.00296   0.00294   0.00871   0.01049   0.01986   0.03862   0.10118   0.23141   0.31704   0.10260   0.09909   0.05465   0.00289   0.03120   0.14007   0.04114   0.03305   0.12743   0.19145   0.00243   0.11915   0.19836   2.01949   0.39979  
  9 462.2449  19853.763866  x:  0.01427   0.12962   0.03927   0.01970   0.01503   0.00088   0.01032   0.00270   0.00277   0.00756   0.01168   0.01974   0.03647   0.10042   0.23041   0.32681   0.10239   0.09851   0.05276   0.00489   0.02990   0.14142   0.03730   0.03337   0.12787   0.19418   0.00142   0.11945   0.20202   2.02793   0.39883  
 10 672.5125  19852.285921  x:  0.01371   0.12763   0.03950   0.01865   0.01423   0.00090   0.00834   0.00277   0.00282   0.00823   0.01267   0.01897   0.03692   0.09834   0.22935   0.33642   0.10145   0.09736   0.05007   0.00244   0.02948   0.14136   0.03674   0.03401   0.12759   0.19603   0.00166   0.11934   0.20479   2.03812   0.39756  
 11 483.2114  19849.704365  x:  0.01136   0.12167   0.03768   0.01761   0.01515   0.00088   0.01122   0.00271   0.00278   0.00778   0.01197   0.01855   0.03910   0.09380   0.22721   0.35593   0.09929   0.09491   0.04557   0.00377   0.03010   0.14042   0.03820   0.03493   0.12667   0.19922   0.00134   0.11889   0.20967   2.06079   0.39480  
 12 1279.5892  19848.654830  x:  0.01213   0.11910   0.03638   0.01962   0.01527   0.00092   0.00915   0.00280   0.00282   0.00796   0.01058   0.01978   0.03945   0.09301   0.22654   0.36310   0.09872   0.09438   0.04679   0.00512   0.03091   0.13953   0.03979   0.03429   0.12616   0.19970   0.00161   0.11865   0.21063   2.07190   0.39379  
 13 691.9677  19847.263568  x:  0.01447   0.11590   0.03497   0.02142   0.01448   0.00087   0.01066   0.00269   0.00275   0.00770   0.01221   0.02065   0.03881   0.09372   0.22592   0.37151   0.09853   0.09442   0.05152   0.00326   0.03178   0.13779   0.04195   0.03259   0.12537   0.19913   0.00129   0.11824   0.21044   2.08986   0.39268  
 14 761.7327  19845.492906  x:  0.01466   0.11302   0.03546   0.01722   0.01541   0.00090   0.01014   0.00275   0.00280   0.00784   0.01142   0.01799   0.03737   0.09689   0.22560   0.37879   0.09923   0.09553   0.05734   0.00396   0.03207   0.13544   0.04242   0.03157   0.12458   0.19683   0.00142   0.11790   0.20798   2.11591   0.39195  
 15 699.4037  19841.913953  x:  0.00730   0.11071   0.03926   0.01908   0.01469   0.00088   0.01034   0.00272   0.00276   0.00785   0.01136   0.02040   0.03834   0.10378   0.22584   0.38619   0.10164   0.09852   0.06075   0.00399   0.03035   0.13182   0.03846   0.03484   0.12392   0.19015   0.00161   0.11770   0.19983   2.17546   0.39228  
 16 824.7649  19834.239675  x:  0.01455   0.11843   0.03424   0.02194   0.01554   0.00092   0.01033   0.00280   0.00284   0.00791   0.01162   0.01540   0.04329   0.10713   0.22872   0.38773   0.10492   0.10139   0.05078   0.00440   0.03097   0.13075   0.03717   0.03775   0.12570   0.17756   0.00175   0.11841   0.18260   2.31757   0.39782  
 17 1110.2492  19829.879215  x:  0.01662   0.12297   0.03281   0.01688   0.01490   0.00086   0.01014   0.00269   0.00276   0.00774   0.01174   0.02281   0.04105   0.10559   0.23056   0.38470   0.10516   0.10127   0.04532   0.00433   0.03163   0.13191   0.03904   0.03520   0.12684   0.17314   0.00200   0.11882   0.17579   2.40375   0.40245  
 18 2868.0674  19822.271910  x:  0.01025   0.12736   0.03747   0.02020   0.01495   0.00088   0.01013   0.00273   0.00279   0.00789   0.01170   0.01928   0.03190   0.09656   0.23336   0.37091   0.10153   0.09717   0.04404   0.00402   0.03184   0.13703   0.04411   0.02719   0.12802   0.17511   0.00197   0.11916   0.17568   2.54637   0.41299  
 19 2090.0684  19813.337068  x:  0.01052   0.12936   0.04129   0.01828   0.01501   0.00089   0.01012   0.00273   0.00279   0.00779   0.01177   0.01984   0.03902   0.08527   0.23648   0.34649   0.09553   0.09099   0.05550   0.00380   0.03055   0.14429   0.04347   0.03490   0.12811   0.18712   0.00161   0.11910   0.18815   2.72762   0.42913  
 20 2535.9393  19810.155946  x:  0.01082   0.12439   0.03468   0.01848   0.01503   0.00088   0.01024   0.00272   0.00276   0.00781   0.01141   0.02005   0.03856   0.09122   0.23609   0.33542   0.09692   0.09290   0.05414   0.00369   0.03057   0.14380   0.03649   0.03165   0.12697   0.19536   0.00148   0.11873   0.19952   2.78930   0.43564  
 21 963.0627  19809.244294  x:  0.01220   0.12199   0.03623   0.01864   0.01495   0.00087   0.01017   0.00270   0.00276   0.00777   0.01158   0.02004   0.03752   0.09594   0.23508   0.33156   0.09887   0.09519   0.05136   0.00368   0.03089   0.14219   0.04029   0.03367   0.12647   0.19845   0.00134   0.11866   0.20479   2.80781   0.43795  
 22 465.6793  19809.198032  x:  0.01227   0.12215   0.03688   0.01858   0.01493   0.00087   0.01015   0.00270   0.00276   0.00777   0.01160   0.02005   0.03844   0.09574   0.23430   0.33130   0.09932   0.09568   0.05123   0.00368   0.03086   0.14134   0.04046   0.03278   0.12654   0.19829   0.00132   0.11877   0.20540   2.80875   0.43817  
 23 51.3398  19809.162582  x:  0.01221   0.12269   0.03667   0.01858   0.01494   0.00087   0.01016   0.00270   0.00276   0.00777   0.01158   0.02006   0.03807   0.09485   0.23254   0.33102   0.09985   0.09625   0.05137   0.00369   0.03089   0.13984   0.04035   0.03309   0.12672   0.19764   0.00130   0.11899   0.20621   2.80948   0.43849  
 24 34.8538  19809.152944  x:  0.01224   0.12281   0.03668   0.01859   0.01494   0.00087   0.01015   0.00270   0.00276   0.00777   0.01159   0.02006   0.03809   0.09522   0.23106   0.33090   0.09935   0.09568   0.05134   0.00369   0.03096   0.13985   0.04034   0.03308   0.12675   0.19717   0.00130   0.11895   0.20639   2.80968   0.43877  
 25 12.7839  19809.151207  x:  0.01227   0.12268   0.03665   0.01859   0.01494   0.00087   0.01015   0.00270   0.00276   0.00777   0.01158   0.02006   0.03809   0.09517   0.23061   0.33090   0.09946   0.09580   0.05135   0.00370   0.03076   0.14015   0.04037   0.03307   0.12669   0.19717   0.00130   0.11891   0.20628   2.80973   0.43892  
 26  5.8449  19809.150512  x:  0.01227   0.12261   0.03668   0.01858   0.01494   0.00087   0.01015   0.00270   0.00276   0.00777   0.01159   0.02005   0.03810   0.09513   0.23043   0.33091   0.09952   0.09588   0.05136   0.00369   0.03092   0.14029   0.04034   0.03308   0.12668   0.19721   0.00130   0.11890   0.20620   2.80975   0.43900  
 27  6.1936  19809.147638  x:  0.01227   0.12264   0.03667   0.01859   0.01494   0.00087   0.01015   0.00270   0.00276   0.00777   0.01158   0.02005   0.03810   0.09516   0.23021   0.33103   0.09948   0.09581   0.05136   0.00368   0.03090   0.14000   0.04034   0.03307   0.12671   0.19782   0.00131   0.11903   0.20570   2.80990   0.43953  
 28  1.2453  19809.106981  x:  0.01218   0.12275   0.03664   0.01860   0.01492   0.00086   0.01015   0.00269   0.00275   0.00776   0.01156   0.02003   0.03809   0.09516   0.23094   0.33221   0.09942   0.09589   0.05138   0.00371   0.03090   0.13971   0.04033   0.03307   0.12645   0.19712   0.00137   0.11717   0.20592   2.81254   0.44294  
 29  1.7302  19808.979375  x:  0.01212   0.12180   0.03660   0.01863   0.01487   0.00086   0.01014   0.00267   0.00273   0.00773   0.01150   0.01997   0.03810   0.09538   0.23223   0.33454   0.09942   0.09583   0.05156   0.00368   0.03087   0.14017   0.04030   0.03307   0.12646   0.19494   0.00124   0.12062   0.20684   2.82127   0.44750  
 30 21.2038  19806.760528  x:  0.01114   0.12151   0.03654   0.01929   0.01436   0.00074   0.00997   0.00236   0.00242   0.00746   0.01069   0.01912   0.03838   0.09866   0.22892   0.35615   0.10174   0.09636   0.05370   0.00312   0.03071   0.13847   0.03977   0.03334   0.12879   0.19576   0.00163   0.11858   0.20514   2.97976   0.43851  
 31 47.6680  19806.728043  x:  0.01109   0.12208   0.03653   0.01931   0.01436   0.00074   0.00997   0.00236   0.00242   0.00745   0.01068   0.01911   0.03838   0.09869   0.22883   0.35646   0.10088   0.09711   0.05365   0.00312   0.03083   0.13838   0.03976   0.03334   0.12654   0.19583   0.00163   0.11882   0.20510   2.98203   0.43829  
 32 31.9645  19806.727896  x:  0.01109   0.12207   0.03653   0.01931   0.01436   0.00074   0.00997   0.00236   0.00242   0.00745   0.01068   0.01911   0.03838   0.09870   0.22883   0.35646   0.10075   0.09722   0.05364   0.00312   0.03083   0.13838   0.03976   0.03334   0.12661   0.19583   0.00163   0.11881   0.20510   2.98205   0.43829  
 33  0.9202  19806.536264  x:  0.01120   0.12177   0.03657   0.01923   0.01453   0.00088   0.00993   0.00276   0.00273   0.00786   0.01100   0.01917   0.03834   0.09833   0.22932   0.35585   0.10033   0.09729   0.05312   0.00332   0.03081   0.13836   0.03966   0.03335   0.12670   0.19518   0.00109   0.11889   0.20413   3.01764   0.44043  
 34  0.1015  19806.477584  x:  0.01127   0.12241   0.03651   0.01903   0.01447   0.00084   0.00999   0.00264   0.00264   0.00779   0.01098   0.01919   0.03832   0.09775   0.23000   0.35315   0.10053   0.09675   0.05246   0.00334   0.03084   0.13876   0.03983   0.03327   0.12663   0.19470   0.00129   0.11898   0.20328   3.04295   0.44263  
 35  0.0277  19806.476819  x:  0.01133   0.12236   0.03654   0.01904   0.01449   0.00084   0.00999   0.00263   0.00264   0.00777   0.01099   0.01924   0.03829   0.09778   0.22988   0.35315   0.10050   0.09683   0.05253   0.00334   0.03085   0.13868   0.03985   0.03325   0.12667   0.19468   0.00128   0.11896   0.20327   3.04427   0.44232  
 36  0.0013  19806.476812  x:  0.01132   0.12235   0.03653   0.01904   0.01449   0.00084   0.00999   0.00263   0.00264   0.00776   0.01099   0.01924   0.03829   0.09778   0.22988   0.35315   0.10050   0.09683   0.05253   0.00334   0.03085   0.13867   0.03985   0.03325   0.12667   0.19468   0.00128   0.11896   0.20327   3.04436   0.44234  
 37  0.0001  19806.476812  x:  0.01132   0.12235   0.03653   0.01904   0.01449   0.00084   0.00999   0.00263   0.00264   0.00776   0.01099   0.01924   0.03829   0.09778   0.22988   0.35316   0.10050   0.09683   0.05253   0.00334   0.03085   0.13867   0.03985   0.03325   0.12667   0.19468   0.00128   0.11896   0.20327   3.04436   0.44234  

Model 1: NearlyNeutral

TREE # 1

  0  0.0000  19779.038183  x:  0.02343   0.08643   0.03564   0.02787   0.01432   0.00799   0.00980   0.00899   0.01331   0.02239   0.02565   0.01781   0.03433   0.08825   0.22911   0.27404   0.08864   0.09744   0.04778   0.01078   0.03133   0.11756   0.04686   0.04294   0.12509   0.17480   0.00000   0.10912   0.16999   3.04436   0.50913   0.13125  
  1 99.0000  19744.261283  x:  0.02240   0.08921   0.03615   0.02529   0.01381   0.00000   0.00892   0.00216   0.00560   0.01654   0.02046   0.01843   0.03535   0.08937   0.22896   0.27624   0.08976   0.09785   0.04859   0.00789   0.03124   0.11915   0.04571   0.04124   0.12539   0.17585   0.00144   0.11007   0.17171   3.04445   0.50965   0.13174  
  2 2599.0080  19740.332181  x:  0.02210   0.09002   0.03628   0.02455   0.01372   0.00064   0.00877   0.00084   0.00351   0.01490   0.01903   0.01861   0.03562   0.08969   0.22892   0.27689   0.09009   0.09797   0.04881   0.00708   0.03121   0.11961   0.04538   0.04075   0.12548   0.17616   0.00171   0.11034   0.17221   3.04447   0.50981   0.13188  
  3 5172.1969  19735.607708  x:  0.02168   0.09107   0.03645   0.02362   0.01363   0.00085   0.00866   0.00162   0.00116   0.01282   0.01720   0.01883   0.03596   0.09011   0.22886   0.27776   0.09051   0.09812   0.04911   0.00607   0.03118   0.12022   0.04495   0.04011   0.12559   0.17657   0.00193   0.11068   0.17287   3.04451   0.51003   0.13205  
  4 6588.5500  19725.590736  x:  0.02006   0.09508   0.03703   0.02030   0.01349   0.00128   0.00874   0.00243   0.00286   0.00553   0.01070   0.01956   0.03716   0.09167   0.22860   0.28112   0.09213   0.09868   0.05022   0.00253   0.03112   0.12256   0.04336   0.03772   0.12600   0.17816   0.00215   0.11197   0.17540   3.04466   0.51092   0.13271  
  5 3289.1616  19719.222310  x:  0.01714   0.10173   0.03758   0.01730   0.01495   0.00128   0.01197   0.00246   0.00298   0.00882   0.00701   0.01977   0.03847   0.09406   0.22809   0.28735   0.09480   0.09952   0.05204   0.00223   0.03147   0.12659   0.04121   0.03433   0.12669   0.18111   0.00000   0.11404   0.17982   3.04496   0.51281   0.13379  
  6 1119.4355  19719.222310  x:  0.01714   0.10173   0.03758   0.01730   0.01495   0.00128   0.01197   0.00246   0.00298   0.00882   0.00701   0.01977   0.03847   0.09406   0.22809   0.28735   0.09480   0.09952   0.05204   0.00223   0.03147   0.12659   0.04121   0.03433   0.12669   0.18111   0.00000   0.11404   0.17982   3.04496   0.51281   0.13379  
  7 2049.5583  19717.010294  x:  0.01680   0.10245   0.03756   0.01779   0.01487   0.00029   0.01128   0.00280   0.00246   0.00815   0.00952   0.01966   0.03849   0.09429   0.22803   0.28823   0.09509   0.09961   0.05221   0.00285   0.03154   0.12706   0.04118   0.03425   0.12678   0.18151   0.00051   0.11434   0.18042   3.04500   0.51310   0.13396  
  8 1095.4612  19715.685000  x:  0.01636   0.10339   0.03754   0.01839   0.01478   0.00130   0.01045   0.00302   0.00212   0.00743   0.01220   0.01953   0.03851   0.09458   0.22794   0.28940   0.09548   0.09971   0.05244   0.00353   0.03162   0.12769   0.04113   0.03416   0.12691   0.18203   0.00102   0.11471   0.18121   3.04507   0.51349   0.13419  
  9 3226.3447  19714.348946  x:  0.01545   0.10534   0.03750   0.01923   0.01458   0.00130   0.00950   0.00201   0.00417   0.00732   0.01322   0.01939   0.03854   0.09519   0.22777   0.29188   0.09628   0.09994   0.05286   0.00386   0.03171   0.12898   0.04105   0.03400   0.12716   0.18313   0.00102   0.11542   0.18283   3.04520   0.51429   0.13470  
 10 940.2884  19708.792619  x:  0.01219   0.11241   0.03736   0.02144   0.01398   0.00130   0.00788   0.00375   0.00465   0.00840   0.01252   0.01909   0.03862   0.09742   0.22717   0.30110   0.09920   0.10075   0.05435   0.00381   0.03191   0.13369   0.04080   0.03355   0.12812   0.18716   0.00000   0.11797   0.18878   3.04571   0.51728   0.13666  
 11 1628.9670  19708.792619  x:  0.01219   0.11241   0.03736   0.02144   0.01398   0.00130   0.00788   0.00375   0.00465   0.00840   0.01252   0.01909   0.03862   0.09742   0.22717   0.30110   0.09920   0.10075   0.05435   0.00381   0.03191   0.13369   0.04080   0.03355   0.12812   0.18716   0.00000   0.11797   0.18878   3.04571   0.51728   0.13666  
 12 5282.1205  19707.327311  x:  0.01214   0.11269   0.03735   0.02117   0.01408   0.00037   0.00871   0.00280   0.00327   0.00827   0.01220   0.01916   0.03862   0.09750   0.22716   0.30161   0.09932   0.10078   0.05439   0.00366   0.03190   0.13388   0.04083   0.03359   0.12817   0.18736   0.00011   0.11809   0.18907   3.04574   0.51745   0.13680  
 13 1044.8410  19706.742567  x:  0.01209   0.11294   0.03735   0.02094   0.01417   0.00082   0.00931   0.00225   0.00233   0.00817   0.01196   0.01922   0.03862   0.09757   0.22715   0.30207   0.09942   0.10081   0.05443   0.00353   0.03189   0.13406   0.04085   0.03362   0.12821   0.18754   0.00019   0.11819   0.18933   3.04577   0.51760   0.13692  
 14 1766.9591  19705.279506  x:  0.01165   0.11504   0.03730   0.01915   0.01486   0.00091   0.01236   0.00382   0.00225   0.00745   0.01026   0.01971   0.03862   0.09819   0.22703   0.30600   0.10027   0.10102   0.05475   0.00271   0.03182   0.13554   0.04103   0.03386   0.12861   0.18907   0.00055   0.11904   0.19157   3.04602   0.51894   0.13799  
 15 620.8953  19703.821607  x:  0.01113   0.11771   0.03725   0.01761   0.01548   0.00104   0.01361   0.00238   0.00398   0.00713   0.00936   0.02011   0.03868   0.09895   0.22690   0.31113   0.10135   0.10129   0.05516   0.00236   0.03181   0.13742   0.04125   0.03412   0.12913   0.19105   0.00051   0.12011   0.19444   3.04635   0.52069   0.13940  
 16 1279.5468  19700.669492  x:  0.01044   0.12136   0.03721   0.01670   0.01588   0.00100   0.01267   0.00251   0.00368   0.00745   0.00988   0.02034   0.03883   0.09998   0.22673   0.31842   0.10283   0.10166   0.05572   0.00269   0.03185   0.14002   0.04154   0.03441   0.12987   0.19385   0.00000   0.12156   0.19845   3.04684   0.52321   0.14145  
 17 1721.1510  19698.077377  x:  0.00964   0.12610   0.03730   0.02210   0.01378   0.00105   0.01210   0.00250   0.00361   0.00588   0.00878   0.01957   0.03929   0.10125   0.22669   0.33058   0.10476   0.10210   0.05614   0.00081   0.03180   0.14356   0.04167   0.03441   0.13104   0.19809   0.00000   0.12367   0.20461   3.04775   0.52771   0.14519  
 18 1300.4865  19697.473793  x:  0.00964   0.12666   0.03734   0.02418   0.01343   0.00108   0.01329   0.00252   0.00383   0.00727   0.00875   0.01926   0.03936   0.10136   0.22683   0.33408   0.10498   0.10213   0.05606   0.00199   0.03189   0.14411   0.04159   0.03419   0.13134   0.19909   0.00000   0.12409   0.20604   3.04808   0.52921   0.14643  
 19 728.0453  19697.117233  x:  0.01000   0.12553   0.03739   0.02502   0.01449   0.00108   0.01411   0.00251   0.00400   0.00678   0.01026   0.01929   0.03923   0.10099   0.22726   0.33706   0.10452   0.10198   0.05551   0.00199   0.03195   0.14362   0.04135   0.03378   0.13152   0.19943   0.00000   0.12399   0.20653   3.04851   0.53092   0.14787  
 20 273.9835  19695.992140  x:  0.01164   0.11920   0.03762   0.02513   0.01643   0.00105   0.01314   0.00250   0.00383   0.00748   0.00889   0.01973   0.03856   0.09912   0.22933   0.34797   0.10201   0.10126   0.05306   0.00138   0.03219   0.14052   0.04052   0.03250   0.13205   0.19989   0.00000   0.12296   0.20720   3.05032   0.53794   0.15370  
 21 442.8029  19695.437393  x:  0.01236   0.11581   0.03775   0.02418   0.01474   0.00107   0.01308   0.00250   0.00382   0.00644   0.00883   0.01959   0.03841   0.09824   0.23048   0.35353   0.10069   0.10093   0.05214   0.00254   0.03232   0.13876   0.04046   0.03247   0.13223   0.19990   0.00000   0.12235   0.20719   3.05139   0.54205   0.15677  
 22 718.9177  19695.230855  x:  0.01248   0.11462   0.03779   0.02364   0.01363   0.00107   0.01330   0.00250   0.00388   0.00698   0.00939   0.01939   0.03853   0.09802   0.23095   0.35554   0.10023   0.10085   0.05206   0.00184   0.03223   0.13806   0.04065   0.03288   0.13221   0.19971   0.00000   0.12207   0.20694   3.05189   0.54399   0.15794  
 23 450.8443  19694.909309  x:  0.01184   0.11373   0.03786   0.02389   0.01425   0.00107   0.01320   0.00249   0.00387   0.00692   0.00924   0.01883   0.03981   0.09850   0.23192   0.35809   0.09995   0.10112   0.05415   0.00197   0.03183   0.13683   0.04206   0.03541   0.13157   0.19815   0.00000   0.12143   0.20473   3.05350   0.55017   0.15987  
 24 143.4629  19694.532715  x:  0.01075   0.11444   0.03772   0.02413   0.01388   0.00106   0.01309   0.00247   0.00388   0.00694   0.00933   0.02078   0.03933   0.09950   0.23306   0.35977   0.10027   0.10165   0.05661   0.00195   0.03189   0.13598   0.04146   0.03404   0.13056   0.19549   0.00000   0.12088   0.20095   3.05624   0.56026   0.16238  
 25 180.4980  19694.290810  x:  0.01030   0.11539   0.03753   0.02381   0.01398   0.00107   0.01301   0.00246   0.00388   0.00692   0.00927   0.01886   0.03858   0.09987   0.23365   0.36007   0.10057   0.10182   0.05696   0.00189   0.03211   0.13587   0.04072   0.03273   0.13003   0.19389   0.00000   0.12074   0.19866   3.05831   0.56741   0.16424  
 26 285.4313  19693.903629  x:  0.01103   0.11759   0.03706   0.02391   0.01392   0.00106   0.01284   0.00243   0.00388   0.00692   0.00930   0.01924   0.03842   0.09877   0.23375   0.35749   0.10081   0.10100   0.05233   0.00198   0.03229   0.13710   0.04069   0.03399   0.12985   0.19242   0.00000   0.12119   0.19654   3.06290   0.58135   0.16862  
 27 147.7075  19693.690454  x:  0.01189   0.11712   0.03786   0.02373   0.01388   0.00106   0.01273   0.00242   0.00389   0.00692   0.00931   0.01918   0.03991   0.09795   0.23267   0.35357   0.10022   0.10004   0.05303   0.00197   0.03100   0.13771   0.04129   0.03277   0.13020   0.19364   0.00000   0.12128   0.19835   3.06671   0.58990   0.17303  
 28 97.6251  19693.544804  x:  0.01104   0.11597   0.03750   0.02385   0.01391   0.00106   0.01267   0.00242   0.00389   0.00693   0.00933   0.01918   0.03850   0.09777   0.23151   0.35031   0.09990   0.09973   0.05416   0.00189   0.03178   0.13783   0.04104   0.03339   0.13054   0.19504   0.00000   0.12115   0.20046   3.06988   0.59571   0.17662  
 29 146.5043  19693.525218  x:  0.01115   0.11584   0.03720   0.02382   0.01391   0.00106   0.01268   0.00242   0.00389   0.00693   0.00932   0.01918   0.03897   0.09846   0.23119   0.34990   0.10025   0.10035   0.05397   0.00189   0.03199   0.13728   0.04051   0.03349   0.13035   0.19528   0.00000   0.12095   0.20087   3.07103   0.59625   0.17721  
 30 26.5356  19693.512331  x:  0.01137   0.11592   0.03738   0.02384   0.01391   0.00106   0.01269   0.00242   0.00389   0.00693   0.00932   0.01919   0.03862   0.09895   0.23092   0.34974   0.10051   0.10090   0.05374   0.00190   0.03177   0.13675   0.04092   0.03343   0.13011   0.19536   0.00000   0.12081   0.20108   3.07249   0.59638   0.17753  
 31 24.4241  19693.448015  x:  0.01032   0.11675   0.03744   0.02376   0.01393   0.00106   0.01281   0.00243   0.00387   0.00691   0.00929   0.01920   0.03907   0.09802   0.22966   0.35006   0.10005   0.10145   0.05347   0.00186   0.03244   0.13572   0.04163   0.03297   0.12960   0.19514   0.00000   0.12094   0.20122   3.08454   0.59549   0.17791  
 32 22.6220  19693.288913  x:  0.01151   0.11847   0.03731   0.02360   0.01392   0.00106   0.01308   0.00246   0.00383   0.00688   0.00921   0.01921   0.03868   0.09647   0.22725   0.35103   0.09898   0.10172   0.05432   0.00182   0.03221   0.13465   0.04062   0.03364   0.12896   0.19461   0.00000   0.12128   0.20122   3.11571   0.59322   0.17797  
 33 246.8306  19692.984592  x:  0.01016   0.11709   0.03773   0.02342   0.01399   0.00105   0.01348   0.00250   0.00375   0.00682   0.00910   0.01923   0.03857   0.09856   0.22515   0.35260   0.09900   0.10050   0.05371   0.00192   0.03036   0.13672   0.03985   0.03384   0.12991   0.19430   0.00000   0.12144   0.20085   3.17603   0.58931   0.17578  
 34 324.6319  19692.824554  x:  0.01145   0.11611   0.03729   0.02335   0.01399   0.00105   0.01365   0.00252   0.00373   0.00681   0.00907   0.01927   0.03876   0.09961   0.22538   0.35320   0.09981   0.09997   0.05398   0.00173   0.03212   0.13820   0.04106   0.03338   0.13071   0.19447   0.00000   0.12128   0.20072   3.20864   0.58732   0.17406  
 35 554.8006  19692.703492  x:  0.01113   0.11581   0.03712   0.02343   0.01398   0.00105   0.01346   0.00250   0.00375   0.00683   0.00912   0.01926   0.03874   0.09786   0.22986   0.35267   0.10195   0.10091   0.05418   0.00177   0.03167   0.13792   0.04097   0.03340   0.13065   0.19591   0.00000   0.12100   0.20127   3.23311   0.58548   0.17245  
 36 126.3018  19692.663280  x:  0.01102   0.11635   0.03811   0.02350   0.01397   0.00105   0.01327   0.00249   0.00378   0.00686   0.00918   0.01925   0.03878   0.09843   0.23195   0.35222   0.10117   0.10061   0.05412   0.00178   0.03213   0.13749   0.04072   0.03357   0.13049   0.19622   0.00000   0.12114   0.20149   3.24120   0.58446   0.17242  
 37 83.4683  19692.641793  x:  0.01097   0.11669   0.03731   0.02359   0.01396   0.00105   0.01310   0.00247   0.00380   0.00689   0.00923   0.01924   0.03876   0.09891   0.23298   0.35193   0.10037   0.10039   0.05408   0.00181   0.03191   0.13730   0.04093   0.03345   0.13041   0.19619   0.00000   0.12129   0.20157   3.24544   0.58372   0.17268  
 38 70.9176  19692.625322  x:  0.01104   0.11641   0.03744   0.02372   0.01394   0.00105   0.01278   0.00244   0.00384   0.00693   0.00932   0.01922   0.03878   0.09872   0.23244   0.35172   0.10041   0.10100   0.05411   0.00187   0.03190   0.13786   0.04091   0.03346   0.13069   0.19535   0.00000   0.12124   0.20130   3.24844   0.58278   0.17319  
 39 12.2336  19692.617467  x:  0.01107   0.11630   0.03742   0.02379   0.01391   0.00105   0.01258   0.00242   0.00386   0.00695   0.00936   0.01920   0.03876   0.09868   0.23156   0.35174   0.10063   0.10046   0.05407   0.00189   0.03192   0.13738   0.04089   0.03344   0.13048   0.19557   0.00000   0.12113   0.20120   3.24960   0.58271   0.17244  
 40  6.9034  19692.609639  x:  0.01109   0.11626   0.03742   0.02379   0.01391   0.00105   0.01254   0.00242   0.00387   0.00695   0.00937   0.01919   0.03875   0.09865   0.23133   0.35180   0.09987   0.10121   0.05402   0.00189   0.03191   0.13760   0.04089   0.03343   0.13051   0.19618   0.00000   0.12095   0.20103   3.24975   0.58294   0.17181  
 41  1.4932  19691.594266  x:  0.01087   0.11767   0.03759   0.02289   0.01410   0.00100   0.01185   0.00248   0.00351   0.00714   0.00972   0.01937   0.03901   0.09994   0.23025   0.35826   0.10254   0.10212   0.05491   0.00181   0.03216   0.13879   0.04125   0.03371   0.13163   0.20580   0.00000   0.13067   0.19566   3.24804   0.58285   0.17664  
 42  0.8401  19688.676793  x:  0.00876   0.12860   0.03732   0.02033   0.01447   0.00083   0.01018   0.00265   0.00248   0.00753   0.01050   0.01968   0.03933   0.10141   0.23013   0.37754   0.10606   0.09995   0.05569   0.00224   0.03207   0.14570   0.04169   0.03430   0.13330   0.21100   0.00000   0.11925   0.20455   3.24290   0.58585   0.18186  
 43 62.3166  19688.044230  x:  0.00866   0.12849   0.03727   0.01969   0.01457   0.00078   0.00964   0.00267   0.00224   0.00764   0.01072   0.01973   0.03933   0.10190   0.23072   0.38165   0.10545   0.10194   0.05590   0.00231   0.03209   0.14598   0.04175   0.03436   0.13264   0.20556   0.00000   0.12512   0.21307   3.24177   0.58880   0.17784  
 44 84.2509  19688.043999  x:  0.00865   0.12853   0.03727   0.01969   0.01457   0.00078   0.00964   0.00267   0.00224   0.00764   0.01072   0.01973   0.03933   0.10191   0.23072   0.38165   0.10545   0.10195   0.05591   0.00231   0.03208   0.14589   0.04175   0.03437   0.13285   0.20555   0.00000   0.12512   0.21307   3.24177   0.58881   0.17781  
 45  1.7112  19687.874380  x:  0.00869   0.12926   0.03729   0.01982   0.01480   0.00085   0.01034   0.00267   0.00277   0.00781   0.01113   0.01980   0.03935   0.10213   0.23084   0.38499   0.10563   0.10193   0.05585   0.00249   0.03207   0.14657   0.04179   0.03436   0.13299   0.20544   0.00000   0.12503   0.21522   3.24245   0.58834   0.17711  
 46  0.0064  19687.863705  x:  0.00875   0.12940   0.03731   0.01967   0.01491   0.00083   0.01028   0.00271   0.00272   0.00795   0.01130   0.01985   0.03935   0.10213   0.23095   0.38616   0.10567   0.10177   0.05577   0.00264   0.03204   0.14669   0.04180   0.03435   0.13311   0.20601   0.00000   0.12480   0.21516   3.24400   0.58783   0.17717  
 47  0.0018  19687.863165  x:  0.00872   0.12932   0.03731   0.01971   0.01488   0.00082   0.01026   0.00269   0.00271   0.00797   0.01132   0.01984   0.03935   0.10212   0.23096   0.38597   0.10565   0.10181   0.05579   0.00268   0.03204   0.14663   0.04180   0.03436   0.13308   0.20590   0.00000   0.12485   0.21508   3.24377   0.58790   0.17714  
 48  0.0003  19687.863153  x:  0.00873   0.12931   0.03731   0.01970   0.01488   0.00082   0.01027   0.00270   0.00271   0.00798   0.01132   0.01984   0.03935   0.10212   0.23095   0.38593   0.10564   0.10181   0.05578   0.00268   0.03204   0.14663   0.04180   0.03436   0.13308   0.20589   0.00000   0.12485   0.21508   3.24371   0.58791   0.17715  
 49  0.0001  19687.863153  x:  0.00873   0.12931   0.03731   0.01970   0.01488   0.00082   0.01027   0.00270   0.00271   0.00798   0.01132   0.01984   0.03935   0.10212   0.23095   0.38592   0.10564   0.10181   0.05578   0.00268   0.03204   0.14663   0.04180   0.03436   0.13308   0.20589   0.00000   0.12484   0.21508   3.24371   0.58791   0.17715  

Model 2: PositiveSelection

TREE # 1

  0  0.0000  19822.538129  x:  0.02323   0.09319   0.03866   0.02324   0.01844   0.00292   0.00586   0.00540   0.00451   0.01748   0.01898   0.02395   0.03895   0.09258   0.24814   0.28965   0.09323   0.09738   0.04471   0.00865   0.02203   0.12193   0.03872   0.03514   0.12728   0.18004   0.00000   0.11675   0.17731   3.24371   0.91827   0.57566   0.25513   2.18071  
  1 99.0000  19813.547787  x:  0.02286   0.09434   0.03874   0.02271   0.01745   0.00000   0.00864   0.00320   0.00278   0.01532   0.01742   0.02324   0.03906   0.09307   0.24798   0.29062   0.09373   0.09772   0.04548   0.00786   0.02342   0.12275   0.03908   0.03521   0.12757   0.18060   0.00082   0.11710   0.17812   3.24377   0.91854   0.57564   0.25459   2.18049  
  2 2085.7246  19809.634446  x:  0.02253   0.09534   0.03880   0.02226   0.01662   0.00053   0.01079   0.00147   0.00150   0.01346   0.01611   0.02263   0.03915   0.09349   0.24784   0.29147   0.09416   0.09802   0.04616   0.00717   0.02461   0.12347   0.03940   0.03528   0.12781   0.18110   0.00145   0.11739   0.17883   3.24383   0.91878   0.57561   0.25411   2.18030  
  3 5829.4282  19800.377555  x:  0.02118   0.09927   0.03902   0.02062   0.01396   0.00100   0.01557   0.00326   0.00413   0.00666   0.01132   0.02053   0.03948   0.09513   0.24726   0.29488   0.09587   0.09918   0.04874   0.00461   0.02888   0.12628   0.04058   0.03551   0.12878   0.18307   0.00272   0.11851   0.18162   3.24405   0.91975   0.57551   0.25220   2.17953  
  4 3115.2178  19790.942510  x:  0.01824   0.10703   0.03932   0.01900   0.01425   0.00084   0.01086   0.00419   0.00161   0.00575   0.00770   0.01880   0.04012   0.09832   0.24604   0.30225   0.09928   0.10150   0.05334   0.00183   0.03454   0.13188   0.04252   0.03577   0.13067   0.18729   0.00000   0.12059   0.18735   3.24454   0.92190   0.57530   0.24797   2.17782  
  5 1246.3529  19790.942510  x:  0.01824   0.10703   0.03932   0.01900   0.01425   0.00084   0.01086   0.00419   0.00161   0.00575   0.00770   0.01880   0.04012   0.09832   0.24604   0.30225   0.09928   0.10150   0.05334   0.00183   0.03454   0.13188   0.04252   0.03577   0.13067   0.18729   0.00000   0.12059   0.18735   3.24454   0.92190   0.57530   0.24797   2.17782  
  6 3871.5358  19788.138378  x:  0.01797   0.10762   0.03931   0.01925   0.01460   0.00141   0.01085   0.00283   0.00456   0.00726   0.00958   0.01913   0.04015   0.09854   0.24593   0.30300   0.09955   0.10167   0.05358   0.00278   0.03452   0.13232   0.04257   0.03574   0.13082   0.18771   0.00054   0.12083   0.18791   3.24460   0.92214   0.57527   0.24750   2.17763  
  7 1610.7226  19786.257797  x:  0.01752   0.10860   0.03930   0.01963   0.01502   0.00035   0.01077   0.00215   0.00384   0.00844   0.01134   0.01960   0.04023   0.09892   0.24576   0.30426   0.10000   0.10197   0.05397   0.00366   0.03447   0.13306   0.04266   0.03572   0.13109   0.18841   0.00097   0.12120   0.18883   3.24469   0.92255   0.57523   0.24671   2.17731  
  8 1066.0081  19784.402028  x:  0.01676   0.11026   0.03929   0.02022   0.01565   0.00123   0.01064   0.00195   0.00223   0.00999   0.01381   0.02035   0.04034   0.09957   0.24546   0.30641   0.10077   0.10247   0.05462   0.00485   0.03437   0.13432   0.04281   0.03569   0.13153   0.18959   0.00150   0.12183   0.19039   3.24485   0.92324   0.57517   0.24537   2.17676  
  9 3343.7503  19781.954066  x:  0.01497   0.11426   0.03928   0.02129   0.01641   0.00086   0.01026   0.00590   0.00232   0.01101   0.01652   0.02168   0.04061   0.10115   0.24475   0.31174   0.10263   0.10370   0.05610   0.00593   0.03406   0.13736   0.04317   0.03569   0.13264   0.19247   0.00157   0.12329   0.19419   3.24526   0.92495   0.57500   0.24204   2.17539  
 10 1736.3490  19772.706258  x:  0.01156   0.12227   0.03933   0.02254   0.01652   0.00092   0.00981   0.00514   0.00264   0.00902   0.01656   0.02317   0.04112   0.10434   0.24339   0.32282   0.10636   0.10619   0.05889   0.00522   0.03341   0.14350   0.04388   0.03584   0.13495   0.19836   0.00000   0.12618   0.20192   3.24610   0.92856   0.57466   0.23508   2.17252  
 11 2066.0618  19766.172059  x:  0.00940   0.13190   0.03938   0.02060   0.01534   0.00097   0.01382   0.00505   0.00268   0.01350   0.01072   0.02058   0.04146   0.10795   0.24195   0.33917   0.11076   0.10906   0.06161   0.00353   0.03356   0.15110   0.04455   0.03632   0.13819   0.20644   0.00528   0.13030   0.21260   3.24745   0.93429   0.57414   0.22430   2.16795  
 12 2013.0089  19763.810294  x:  0.01369   0.13237   0.03949   0.01689   0.01577   0.00098   0.01161   0.00515   0.00260   0.01302   0.01190   0.01603   0.04130   0.10759   0.24244   0.34783   0.11073   0.10893   0.06013   0.00382   0.03557   0.15205   0.04425   0.03693   0.13947   0.20938   0.00505   0.13103   0.21610   3.24843   0.93827   0.57388   0.21762   2.16471  
 13 519.9340  19759.346032  x:  0.02586   0.12666   0.03995   0.01863   0.01625   0.00096   0.01301   0.00511   0.00266   0.01380   0.01121   0.02110   0.04131   0.10383   0.24519   0.37067   0.10758   0.10652   0.05217   0.00329   0.04054   0.15026   0.04301   0.03820   0.14187   0.21504   0.00338   0.13110   0.22224   3.25151   0.95058   0.57325   0.19853   2.15456  
 14 668.9004  19757.744180  x:  0.02383   0.12122   0.04013   0.02224   0.01426   0.00098   0.01341   0.00514   0.00264   0.01272   0.01216   0.01836   0.04181   0.10272   0.24676   0.37981   0.10588   0.10563   0.04995   0.00357   0.03782   0.14778   0.04383   0.03726   0.14176   0.21577   0.00452   0.13061   0.22269   3.25332   0.95750   0.57320   0.19058   2.14848  
 15 405.5295  19756.297743  x:  0.01926   0.11544   0.04016   0.02024   0.01682   0.00097   0.01183   0.00509   0.00266   0.01321   0.01107   0.01896   0.04172   0.10215   0.24844   0.38830   0.10430   0.10499   0.04978   0.00413   0.03410   0.14478   0.04471   0.03618   0.14103   0.21538   0.00465   0.12967   0.22173   3.25549   0.96558   0.57334   0.18321   2.14111  
 16 584.8605  19755.688966  x:  0.01759   0.11383   0.04011   0.01801   0.01538   0.00094   0.01341   0.00516   0.00259   0.01318   0.01214   0.01960   0.04125   0.10222   0.24924   0.39165   0.10383   0.10489   0.05166   0.00375   0.03379   0.14340   0.04452   0.03623   0.14035   0.21432   0.00377   0.12891   0.22024   3.25685   0.97044   0.57361   0.18052   2.13639  
 17 372.9147  19754.349284  x:  0.01616   0.11339   0.03998   0.01921   0.01420   0.00096   0.01202   0.00515   0.00256   0.01420   0.01095   0.01921   0.04015   0.10290   0.25105   0.39800   0.10345   0.10501   0.05904   0.00499   0.03694   0.14058   0.04291   0.03732   0.13810   0.20993   0.00300   0.12688   0.21458   3.26101   0.98496   0.57482   0.17616   2.12174  
 18 388.5644  19753.473305  x:  0.01596   0.11431   0.03986   0.02008   0.01645   0.00095   0.01265   0.00510   0.00263   0.01343   0.01183   0.01870   0.04024   0.10325   0.25199   0.40109   0.10353   0.10511   0.06161   0.00259   0.03822   0.13941   0.04234   0.03762   0.13678   0.20693   0.00436   0.12598   0.21092   3.26400   0.99526   0.57583   0.17462   2.11109  
 19 659.5545  19751.243520  x:  0.01645   0.11968   0.03946   0.01892   0.01683   0.00099   0.01365   0.00502   0.00277   0.00963   0.01172   0.01989   0.04250   0.10367   0.25356   0.40642   0.10472   0.10532   0.05952   0.00591   0.03819   0.13897   0.04358   0.03629   0.13434   0.19965   0.00817   0.12508   0.20206   3.27331   1.02689   0.57940   0.17469   2.07756  
 20 628.2688  19746.834728  x:  0.01641   0.12936   0.03878   0.01824   0.01380   0.00096   0.01061   0.00504   0.00258   0.01311   0.01171   0.02023   0.04472   0.10395   0.25567   0.41433   0.10700   0.10546   0.05119   0.00329   0.03530   0.13977   0.04580   0.03425   0.13096   0.18769   0.00651   0.12367   0.18746   3.29178   1.08942   0.58671   0.17768   2.01078  
 21 2125.1986  19743.938562  x:  0.01523   0.13198   0.03832   0.01915   0.01649   0.00094   0.01435   0.00510   0.00253   0.01440   0.01089   0.01744   0.04150   0.10324   0.25589   0.41669   0.10726   0.10477   0.04713   0.00554   0.03415   0.14096   0.04485   0.03500   0.13049   0.18377   0.00185   0.12333   0.18258   3.30446   1.13234   0.59188   0.18201   1.96442  
 22 1745.3323  19733.809177  x:  0.01117   0.12936   0.03730   0.01888   0.01500   0.00092   0.01187   0.00495   0.00256   0.01218   0.01157   0.01864   0.02735   0.09875   0.25386   0.41679   0.10422   0.10035   0.04259   0.00508   0.03291   0.14439   0.03723   0.03993   0.13267   0.18111   0.00577   0.12473   0.18018   3.34736   1.27777   0.60961   0.20097   1.80626  
 23 2530.4004  19714.105473  x:  0.00969   0.11483   0.03725   0.01766   0.01470   0.00093   0.01145   0.00483   0.00253   0.01252   0.01138   0.01800   0.04274   0.09046   0.24706   0.40849   0.09539   0.09100   0.04897   0.00446   0.03228   0.14752   0.03135   0.04171   0.13750   0.18422   0.00439   0.12567   0.18569   3.43939   1.59075   0.64752   0.24167   1.46508  
 24 6096.0171  19708.065095  x:  0.01514   0.11041   0.03856   0.01832   0.01479   0.00091   0.01178   0.00478   0.00253   0.01270   0.01128   0.01810   0.03763   0.09275   0.24400   0.40003   0.09534   0.09233   0.05375   0.00376   0.03189   0.14341   0.04535   0.03448   0.13569   0.18748   0.00369   0.12349   0.19018   3.46836   1.69076   0.65937   0.24933   1.35593  
 25 3109.8835  19704.247001  x:  0.01500   0.11078   0.03726   0.01809   0.01462   0.00089   0.01168   0.00474   0.00251   0.01273   0.01125   0.01789   0.03718   0.09986   0.24042   0.38397   0.10040   0.09984   0.04957   0.00372   0.03379   0.13356   0.03954   0.02933   0.12896   0.19191   0.00339   0.11895   0.19569   3.48463   1.75036   0.66624   0.24119   1.29057  
 26 898.8174  19702.930729  x:  0.01467   0.11237   0.03677   0.01795   0.01452   0.00089   0.01150   0.00474   0.00250   0.01268   0.01128   0.01790   0.03783   0.10057   0.23864   0.37506   0.10124   0.10135   0.04820   0.00389   0.03279   0.13047   0.04106   0.03598   0.12633   0.19323   0.00348   0.11767   0.19738   3.49013   1.77212   0.66888   0.23427   1.26636  
 27 798.3093  19701.738893  x:  0.01413   0.11634   0.03718   0.01778   0.01445   0.00089   0.01144   0.00471   0.00249   0.01274   0.01123   0.01770   0.03720   0.09501   0.23634   0.36269   0.09808   0.09752   0.04948   0.00384   0.03125   0.13300   0.04041   0.03400   0.12683   0.19289   0.00313   0.11911   0.19727   3.49363   1.79040   0.67180   0.22155   1.24459  
 28 300.5333  19701.643652  x:  0.01328   0.11552   0.03697   0.01771   0.01447   0.00089   0.01139   0.00471   0.00249   0.01274   0.01126   0.01767   0.03731   0.09568   0.23585   0.36150   0.09819   0.09720   0.04891   0.00374   0.03285   0.13430   0.04103   0.03391   0.12778   0.19241   0.00314   0.11944   0.19682   3.49325   1.79140   0.67257   0.22008   1.24224  
 29 73.9724  19701.568530  x:  0.01423   0.11421   0.03691   0.01779   0.01446   0.00089   0.01142   0.00471   0.00249   0.01272   0.01126   0.01773   0.03731   0.09726   0.23514   0.36073   0.09891   0.09727   0.04918   0.00379   0.03197   0.13587   0.04063   0.03409   0.12895   0.19168   0.00316   0.11973   0.19610   3.49175   1.79127   0.67414   0.21875   1.23936  
 30 49.4549  19700.901616  x:  0.01459   0.11166   0.03725   0.01775   0.01444   0.00089   0.01137   0.00469   0.00249   0.01265   0.01126   0.01771   0.03733   0.09177   0.22605   0.36175   0.10363   0.10065   0.04953   0.00381   0.03197   0.13623   0.04076   0.03403   0.12948   0.19004   0.00328   0.11829   0.19494   3.45894   1.77405   0.70463   0.21265   1.19683  
 31 37.5000  19698.725391  x:  0.01450   0.11232   0.03932   0.01760   0.01435   0.00088   0.01123   0.00464   0.00247   0.01258   0.01127   0.01761   0.03714   0.09654   0.20786   0.36504   0.09765   0.09494   0.04858   0.00390   0.03190   0.13171   0.04062   0.03384   0.12657   0.18891   0.00324   0.11740   0.19380   3.34887   1.71518   0.80669   0.19435   1.05565  
 32 582.1536  19697.718655  x:  0.01475   0.11223   0.03347   0.01770   0.01430   0.00088   0.01120   0.00462   0.00247   0.01258   0.01126   0.01760   0.03712   0.09674   0.21065   0.36502   0.09657   0.09519   0.04889   0.00388   0.03154   0.13127   0.04100   0.03357   0.12628   0.18950   0.00314   0.11811   0.19380   3.30542   1.69182   0.84700   0.18704   1.00000  
 33 883.5230  19696.410056  x:  0.01425   0.11158   0.03656   0.01772   0.01433   0.00089   0.01119   0.00462   0.00247   0.01258   0.01132   0.01763   0.03726   0.09647   0.22473   0.36363   0.09669   0.09806   0.04894   0.00391   0.03166   0.13179   0.04108   0.03377   0.12667   0.19105   0.00307   0.11951   0.19405   3.21827   1.64511   0.92802   0.17214   1.00000  
 34 1094.7075  19696.386623  x:  0.01416   0.11172   0.03651   0.01772   0.01433   0.00089   0.01118   0.00461   0.00247   0.01257   0.01131   0.01762   0.03725   0.09648   0.22524   0.36359   0.09764   0.09679   0.04894   0.00393   0.03160   0.13179   0.04109   0.03375   0.12699   0.19085   0.00314   0.11810   0.19455   3.21671   1.64444   0.92945   0.17191   1.00000  
 35 27.0022  19696.378390  x:  0.01418   0.11162   0.03651   0.01772   0.01433   0.00089   0.01119   0.00461   0.00247   0.01258   0.01131   0.01763   0.03725   0.09647   0.22532   0.36359   0.09822   0.09631   0.04897   0.00393   0.03165   0.13153   0.04109   0.03375   0.12670   0.19024   0.00306   0.11888   0.19507   3.21606   1.64504   0.92991   0.17195   1.00000  
 36  2.9062  19696.122681  x:  0.01412   0.11222   0.03658   0.01776   0.01435   0.00089   0.01117   0.00455   0.00247   0.01248   0.01132   0.01766   0.03732   0.09668   0.22545   0.36381   0.09583   0.09882   0.04900   0.00398   0.03157   0.13272   0.04112   0.03378   0.12712   0.18525   0.00287   0.11755   0.20039   3.19528   1.66987   0.94380   0.17397   1.00000  
 37  8.0995  19693.851185  x:  0.01335   0.11637   0.03766   0.01815   0.01451   0.00089   0.01094   0.00398   0.00246   0.01168   0.01145   0.01807   0.03801   0.09802   0.22483   0.36511   0.10032   0.09895   0.05080   0.00340   0.03208   0.13507   0.04166   0.03391   0.12971   0.19589   0.00158   0.12024   0.20317   3.01502   1.88791   1.06578   0.19201   1.00000  
 38 219.5460  19693.814294  x:  0.01344   0.11589   0.03767   0.01816   0.01451   0.00089   0.01093   0.00397   0.00246   0.01166   0.01145   0.01808   0.03801   0.09801   0.22484   0.36520   0.10037   0.09875   0.05078   0.00339   0.03214   0.13666   0.04164   0.03390   0.12748   0.19628   0.00159   0.11989   0.20334   3.01434   1.89030   1.06896   0.19211   1.00000  
 39 21.5532  19690.302451  x:  0.01282   0.11894   0.03815   0.01871   0.01469   0.00089   0.01064   0.00325   0.00246   0.01065   0.01161   0.01861   0.03936   0.10024   0.22183   0.37076   0.10289   0.10132   0.05380   0.00278   0.03269   0.13902   0.04306   0.03379   0.13000   0.20402   0.00000   0.12187   0.21391   3.11719   1.97942   1.36791   0.18532   1.00000  
 40 21.9549  19688.247946  x:  0.00831   0.12724   0.03750   0.01917   0.01477   0.00089   0.01008   0.00233   0.00250   0.00869   0.01173   0.01900   0.03853   0.10096   0.23128   0.38377   0.10478   0.10119   0.05431   0.00275   0.03163   0.14540   0.04142   0.03451   0.13200   0.20263   0.00000   0.12472   0.21192   3.20689   1.72262   0.98035   0.18161   1.00000  
 41  1.6895  19687.891789  x:  0.00910   0.12909   0.03727   0.01955   0.01489   0.00083   0.01038   0.00276   0.00276   0.00774   0.01154   0.01966   0.03917   0.10183   0.23117   0.38598   0.10550   0.10163   0.05528   0.00289   0.03213   0.14656   0.04161   0.03446   0.13296   0.20519   0.00000   0.12519   0.21465   3.23764   1.72733   1.06414   0.17743   1.00000  
 42  0.1058  19687.864044  x:  0.00867   0.12934   0.03729   0.01966   0.01490   0.00082   0.01026   0.00272   0.00274   0.00801   0.01134   0.01981   0.03932   0.10211   0.23102   0.38597   0.10565   0.10179   0.05576   0.00269   0.03204   0.14665   0.04179   0.03437   0.13308   0.20579   0.00000   0.12500   0.21511   3.24389   1.73438   1.09047   0.17699   1.00000  
 43  0.0368  19687.863202  x:  0.00874   0.12931   0.03731   0.01969   0.01488   0.00082   0.01027   0.00269   0.00272   0.00797   0.01132   0.01983   0.03935   0.10212   0.23096   0.38591   0.10565   0.10181   0.05578   0.00268   0.03204   0.14663   0.04180   0.03436   0.13308   0.20588   0.00000   0.12488   0.21512   3.24371   1.73746   1.09369   0.17713   1.00000  
 44  0.0060  19687.863153  x:  0.00873   0.12931   0.03731   0.01970   0.01488   0.00082   0.01027   0.00270   0.00271   0.00798   0.01132   0.01984   0.03935   0.10212   0.23096   0.38592   0.10565   0.10181   0.05578   0.00268   0.03204   0.14663   0.04180   0.03436   0.13308   0.20589   0.00000   0.12484   0.21509   3.24377   1.73733   1.09290   0.17716   1.00000  
 45  0.0010  19687.863153  x:  0.00873   0.12931   0.03731   0.01970   0.01488   0.00082   0.01027   0.00270   0.00271   0.00798   0.01132   0.01984   0.03935   0.10212   0.23096   0.38592   0.10565   0.10181   0.05578   0.00268   0.03204   0.14663   0.04180   0.03436   0.13308   0.20589   0.00000   0.12484   0.21508   3.24372   1.73728   1.09282   0.17715   1.00000  

Model 7: beta

TREE # 1

  0  0.0000  19797.668506  x:  0.02546   0.09539   0.03903   0.01898   0.01567   0.00602   0.00624   0.00536   0.00513   0.01615   0.01462   0.01845   0.03730   0.09256   0.24525   0.28993   0.09112   0.09754   0.04929   0.00466   0.02669   0.12247   0.04095   0.03362   0.12330   0.17703   0.00000   0.11961   0.17952   3.24372   0.74676   1.92879  
  1 99.0000  19784.653015  x:  0.02425   0.09653   0.03863   0.01885   0.01469   0.00075   0.00911   0.00177   0.00171   0.01279   0.01294   0.01837   0.03732   0.09279   0.24489   0.29104   0.09156   0.09759   0.04943   0.00375   0.02726   0.12318   0.04068   0.03343   0.12344   0.17754   0.00007   0.11956   0.18021   3.24360   0.74786   1.92835  
  2 2107.8090  19783.516133  x:  0.02388   0.09688   0.03852   0.01881   0.01450   0.00014   0.00941   0.00209   0.00213   0.01190   0.01256   0.01838   0.03731   0.09286   0.24478   0.29138   0.09169   0.09760   0.04947   0.00353   0.02741   0.12340   0.04060   0.03337   0.12348   0.17770   0.00008   0.11954   0.18042   3.24356   0.74820   1.92821  
  3 1635.2692  19778.761338  x:  0.02143   0.09917   0.03774   0.01853   0.01330   0.00079   0.01164   0.00273   0.00313   0.00609   0.01014   0.01847   0.03727   0.09333   0.24404   0.29366   0.09256   0.09767   0.04974   0.00211   0.02845   0.12482   0.04007   0.03301   0.12376   0.17877   0.00015   0.11943   0.18184   3.24331   0.75049   1.92729  
  4 3890.4496  19771.467076  x:  0.01286   0.10755   0.03530   0.01802   0.01400   0.00065   0.00813   0.00407   0.00107   0.00562   0.00818   0.01907   0.03712   0.09499   0.24121   0.30232   0.09565   0.09786   0.05096   0.00153   0.03169   0.12992   0.03858   0.03194   0.12473   0.18277   0.00018   0.11908   0.18706   3.24233   0.75932   1.92370  
  5 918.5973  19765.726277  x:  0.00482   0.11567   0.03309   0.01766   0.01460   0.00068   0.00634   0.00199   0.00262   0.00640   0.00738   0.01951   0.03702   0.09659   0.23845   0.31081   0.09862   0.09804   0.05218   0.00125   0.03461   0.13482   0.03727   0.03100   0.12566   0.18667   0.00016   0.11874   0.19214   3.24136   0.76804   1.92015  
  6 8085.2397  19761.713327  x:  0.00133   0.12072   0.03216   0.01775   0.01470   0.00074   0.00858   0.00274   0.00258   0.00756   0.00934   0.01953   0.03701   0.09756   0.23672   0.31634   0.10040   0.09810   0.05308   0.00155   0.03588   0.13777   0.03680   0.03071   0.12622   0.18913   0.00000   0.11857   0.19532   3.24071   0.77385   1.91778  
  7 3190.9197  19751.158836  x:  0.01108   0.14307   0.03233   0.02014   0.01392   0.00068   0.00787   0.00229   0.00286   0.00659   0.01447   0.01845   0.03743   0.10164   0.22920   0.34327   0.10754   0.09808   0.05876   0.00339   0.03666   0.14978   0.03781   0.03209   0.12841   0.20025   0.00000   0.11822   0.20966   3.23738   0.80352   1.90551  
  8 1600.5058  19747.830935  x:  0.01360   0.14729   0.03390   0.01978   0.01413   0.00090   0.00993   0.00302   0.00306   0.00984   0.01041   0.01881   0.03782   0.10242   0.22713   0.35175   0.10880   0.09794   0.05884   0.00101   0.03432   0.15209   0.03917   0.03319   0.12890   0.20314   0.00000   0.11847   0.21343   3.23616   0.81429   1.90098  
  9 1400.8739  19741.031317  x:  0.01140   0.14505   0.04063   0.01638   0.01713   0.00077   0.00945   0.00271   0.00296   0.00794   0.01115   0.02078   0.03936   0.10185   0.22355   0.37109   0.10761   0.09718   0.05235   0.00301   0.02276   0.15143   0.04442   0.03608   0.12955   0.20737   0.00000   0.12081   0.21883   3.23259   0.84517   1.88760  
 10 839.1367  19734.151688  x:  0.01056   0.13480   0.04282   0.02274   0.01077   0.00086   0.00837   0.00288   0.00286   0.00873   0.01104   0.01741   0.03970   0.09923   0.22133   0.39111   0.10386   0.09657   0.04552   0.00389   0.02351   0.14705   0.04510   0.03522   0.13064   0.20940   0.00000   0.12373   0.22156   3.22799   0.88401   1.87031  
 11 1093.6634  19726.804995  x:  0.01375   0.11984   0.04070   0.02403   0.01813   0.00081   0.00953   0.00287   0.00302   0.00812   0.01161   0.01833   0.03846   0.09574   0.22007   0.41368   0.09880   0.09641   0.04205   0.00203   0.03219   0.14042   0.04222   0.03244   0.13192   0.20994   0.00000   0.12668   0.22253   3.22193   0.93411   1.84759  
 12 2061.8536  19723.279335  x:  0.01493   0.11377   0.03747   0.01726   0.01465   0.00085   0.00959   0.00295   0.00303   0.00888   0.01160   0.02066   0.03776   0.09536   0.22091   0.42080   0.09735   0.09723   0.04645   0.00360   0.03435   0.13738   0.04027   0.03248   0.13191   0.20850   0.00000   0.12697   0.22071   3.21887   0.95801   1.83624  
 13 1122.6535  19720.889189  x:  0.01367   0.11166   0.03533   0.01790   0.01451   0.00080   0.00876   0.00281   0.00294   0.00863   0.01316   0.01954   0.03847   0.09682   0.22320   0.42154   0.09773   0.09877   0.05348   0.00000   0.03196   0.13572   0.03963   0.03423   0.13106   0.20530   0.00000   0.12566   0.21663   3.21619   0.97703   1.82650  
 14 683.6254  19718.470128  x:  0.01207   0.11058   0.03392   0.02094   0.01627   0.00084   0.00928   0.00295   0.00298   0.00835   0.01127   0.01811   0.03939   0.09904   0.22652   0.42036   0.09873   0.10074   0.06167   0.00300   0.02973   0.13435   0.03943   0.03584   0.12998   0.20100   0.00000   0.12379   0.21096   3.21288   0.99975   1.81455  
 15 1750.0577  19714.861311  x:  0.01115   0.11624   0.04164   0.02229   0.01535   0.00081   0.00901   0.00286   0.00296   0.00829   0.01173   0.02291   0.03823   0.10268   0.23374   0.40879   0.10180   0.10268   0.06269   0.00266   0.03270   0.13602   0.04180   0.03233   0.12886   0.19316   0.00000   0.12044   0.20045   3.20697   1.03624   1.79368  
 16 591.7083  19712.326116  x:  0.01160   0.12153   0.04193   0.01881   0.01601   0.00085   0.00899   0.00294   0.00299   0.00841   0.01174   0.01712   0.03787   0.10331   0.23865   0.39733   0.10362   0.10278   0.05836   0.00273   0.03398   0.13849   0.04252   0.03198   0.12866   0.18930   0.00000   0.11937   0.19489   3.20264   1.06088   1.77872  
 17 878.3684  19709.886652  x:  0.01295   0.12701   0.03485   0.01975   0.01566   0.00085   0.00915   0.00295   0.00300   0.00860   0.01190   0.01999   0.03920   0.10147   0.24308   0.38147   0.10456   0.10134   0.05141   0.00304   0.03229   0.14181   0.04100   0.03503   0.12903   0.18812   0.00000   0.12013   0.19251   3.19769   1.08633   1.76204  
 18 747.3905  19708.143239  x:  0.01283   0.12707   0.03668   0.02012   0.01581   0.00085   0.00916   0.00297   0.00299   0.00861   0.01177   0.01967   0.03762   0.09880   0.24326   0.36230   0.10244   0.09830   0.05465   0.00293   0.03018   0.14342   0.03789   0.03201   0.13035   0.19510   0.00000   0.12405   0.20099   3.19264   1.10472   1.74639  
 19 260.9458  19707.596065  x:  0.01245   0.12605   0.03738   0.02000   0.01581   0.00085   0.00907   0.00296   0.00299   0.00853   0.01179   0.01968   0.03881   0.09887   0.24227   0.35539   0.10215   0.09819   0.05600   0.00277   0.03242   0.14346   0.04100   0.03445   0.13077   0.19806   0.00000   0.12459   0.20490   3.19056   1.11020   1.74033  
 20 296.1894  19707.362613  x:  0.01287   0.12473   0.03641   0.01996   0.01580   0.00085   0.00910   0.00296   0.00299   0.00856   0.01181   0.01970   0.03908   0.10144   0.23960   0.35258   0.10389   0.10085   0.05508   0.00279   0.03213   0.14238   0.04155   0.03311   0.13029   0.19931   0.00000   0.12236   0.20715   3.18850   1.11106   1.73519  
 21 77.6958  19707.244385  x:  0.01287   0.12459   0.03712   0.01999   0.01579   0.00084   0.00909   0.00295   0.00298   0.00854   0.01180   0.01969   0.03806   0.10191   0.23730   0.35178   0.10432   0.10167   0.05465   0.00285   0.03231   0.14191   0.04007   0.03463   0.12997   0.19923   0.00000   0.12130   0.20759   3.18653   1.11026   1.73057  
 22 69.3337  19706.612963  x:  0.01275   0.12648   0.03766   0.01967   0.01577   0.00084   0.00905   0.00291   0.00294   0.00845   0.01162   0.01966   0.04100   0.09884   0.22420   0.35068   0.10303   0.10098   0.05521   0.00287   0.03259   0.14106   0.03920   0.03402   0.12887   0.19616   0.00000   0.11963   0.20630   3.17262   1.10120   1.69845  
 23 110.3753  19706.130333  x:  0.01252   0.12730   0.03628   0.01999   0.01577   0.00082   0.00902   0.00286   0.00291   0.00835   0.01146   0.01970   0.03746   0.09805   0.21728   0.35073   0.10240   0.10007   0.05573   0.00282   0.03229   0.14125   0.04163   0.03345   0.12877   0.19462   0.00000   0.12023   0.20516   3.16139   1.09321   1.67253  
 24 421.3628  19703.147780  x:  0.01186   0.12531   0.03595   0.01987   0.01579   0.00077   0.00888   0.00267   0.00275   0.00809   0.01086   0.01985   0.03929   0.11122   0.20837   0.35817   0.10511   0.09649   0.05559   0.00252   0.03296   0.14792   0.03990   0.03392   0.13375   0.19593   0.00000   0.13343   0.20107   3.08530   1.03382   1.49666  
 25 379.7024  19695.767550  x:  0.00860   0.12754   0.03644   0.01987   0.01579   0.00066   0.00843   0.00218   0.00238   0.00729   0.00925   0.02005   0.03929   0.10170   0.21899   0.38020   0.11158   0.10223   0.05651   0.00227   0.03367   0.15203   0.04041   0.03374   0.13510   0.20614   0.00000   0.12759   0.20625   2.91374   0.89670   1.09677  
 26 1366.6743  19695.289161  x:  0.00824   0.13045   0.03579   0.01983   0.01577   0.00065   0.00840   0.00213   0.00236   0.00723   0.00913   0.02007   0.03924   0.10542   0.22118   0.38191   0.10636   0.09955   0.05605   0.00231   0.03395   0.14854   0.04036   0.03374   0.13288   0.20417   0.00000   0.12560   0.21000   2.90268   0.88678   1.06779  
 27 280.8794  19695.223311  x:  0.00822   0.13106   0.03583   0.01982   0.01578   0.00065   0.00840   0.00214   0.00236   0.00724   0.00915   0.02007   0.03927   0.10509   0.22157   0.38202   0.10665   0.10112   0.05602   0.00232   0.03398   0.14761   0.04036   0.03378   0.13293   0.20158   0.00000   0.12749   0.21200   2.90301   0.88489   1.06233  
 28 32.0450  19694.942612  x:  0.00867   0.12798   0.03609   0.01989   0.01576   0.00066   0.00848   0.00219   0.00240   0.00733   0.00935   0.02005   0.03927   0.10505   0.22152   0.38205   0.10738   0.09909   0.05602   0.00245   0.03344   0.15108   0.04046   0.03380   0.13556   0.19697   0.00000   0.12528   0.21466   2.91556   0.87414   1.03058  
 29 27.1090  19693.760963  x:  0.00996   0.12580   0.03686   0.02002   0.01567   0.00072   0.00878   0.00243   0.00260   0.00771   0.01014   0.01996   0.03935   0.10475   0.21952   0.38179   0.10706   0.09975   0.05542   0.00252   0.03301   0.14834   0.04087   0.03400   0.13146   0.20039   0.00000   0.12812   0.20971   2.97149   0.82937   0.89810  
 30 205.6556  19693.720166  x:  0.00997   0.12633   0.03687   0.02002   0.01568   0.00073   0.00879   0.00244   0.00261   0.00772   0.01016   0.01997   0.03936   0.10483   0.21939   0.38173   0.10623   0.10045   0.05542   0.00251   0.03288   0.14733   0.04088   0.03403   0.13404   0.20084   0.00000   0.12787   0.20913   2.97352   0.82774   0.89334  
 31 49.7453  19693.703288  x:  0.01000   0.12619   0.03688   0.02003   0.01567   0.00073   0.00880   0.00244   0.00261   0.00772   0.01017   0.01997   0.03936   0.10490   0.21941   0.38177   0.10488   0.10161   0.05540   0.00251   0.03284   0.14843   0.04089   0.03403   0.13378   0.20089   0.00000   0.12786   0.20906   2.97367   0.82718   0.89290  
 32  0.6481  19687.790711  x:  0.01296   0.12189   0.03918   0.01999   0.01449   0.00088   0.01118   0.00280   0.00316   0.00839   0.01273   0.01958   0.03944   0.10033   0.23327   0.39393   0.10168   0.10190   0.05323   0.00299   0.03014   0.14073   0.04267   0.03480   0.13185   0.20334   0.00000   0.12473   0.21230   3.01451   0.64974   0.77090  
 33  4.9173  19686.670003  x:  0.01107   0.12561   0.03863   0.01978   0.01435   0.00080   0.01117   0.00244   0.00293   0.00784   0.01182   0.01967   0.03951   0.10031   0.23506   0.40311   0.10288   0.10226   0.05380   0.00277   0.03083   0.14284   0.04247   0.03469   0.13215   0.20608   0.00000   0.12404   0.21654   3.18307   0.62147   0.72094  
 34  8.5352  19685.549257  x:  0.01000   0.12758   0.03811   0.01979   0.01461   0.00082   0.01071   0.00278   0.00285   0.00790   0.01162   0.01971   0.03946   0.10074   0.23447   0.39944   0.10465   0.10204   0.05456   0.00278   0.03120   0.14551   0.04219   0.03461   0.13256   0.20631   0.00000   0.12426   0.21691   3.16635   0.52138   0.57400  
 35  0.2704  19685.165645  x:  0.00916   0.12921   0.03730   0.01972   0.01489   0.00082   0.01023   0.00280   0.00273   0.00797   0.01132   0.01976   0.03934   0.10201   0.23171   0.38591   0.10559   0.10135   0.05545   0.00276   0.03180   0.14649   0.04164   0.03439   0.13273   0.20521   0.00000   0.12489   0.21450   3.17278   0.53899   0.58841  
 36  0.0331  19685.139982  x:  0.00908   0.12911   0.03725   0.01969   0.01487   0.00081   0.01027   0.00272   0.00272   0.00797   0.01133   0.01978   0.03932   0.10202   0.23120   0.38405   0.10550   0.10135   0.05549   0.00275   0.03188   0.14623   0.04159   0.03434   0.13267   0.20494   0.00000   0.12477   0.21412   3.17170   0.53611   0.59326  
 37  0.0103  19685.137691  x:  0.00905   0.12894   0.03725   0.01966   0.01485   0.00081   0.01028   0.00268   0.00271   0.00797   0.01131   0.01979   0.03931   0.10186   0.23118   0.38376   0.10538   0.10140   0.05546   0.00274   0.03191   0.14599   0.04158   0.03432   0.13257   0.20483   0.00000   0.12455   0.21414   3.17275   0.53385   0.58921  
 38  0.0062  19685.137420  x:  0.00904   0.12889   0.03724   0.01965   0.01486   0.00082   0.01025   0.00270   0.00271   0.00797   0.01130   0.01980   0.03930   0.10181   0.23120   0.38380   0.10533   0.10142   0.05545   0.00273   0.03192   0.14593   0.04157   0.03432   0.13253   0.20482   0.00000   0.12449   0.21418   3.17330   0.53394   0.58950  
 39  0.0009  19685.137387  x:  0.00905   0.12885   0.03724   0.01965   0.01486   0.00082   0.01025   0.00269   0.00271   0.00796   0.01130   0.01980   0.03930   0.10181   0.23123   0.38382   0.10532   0.10142   0.05544   0.00273   0.03192   0.14592   0.04157   0.03431   0.13253   0.20481   0.00000   0.12450   0.21416   3.17322   0.53414   0.58980  
 40  0.0003  19685.137381  x:  0.00905   0.12886   0.03724   0.01965   0.01486   0.00082   0.01025   0.00269   0.00271   0.00796   0.01130   0.01980   0.03930   0.10181   0.23122   0.38381   0.10533   0.10142   0.05544   0.00273   0.03192   0.14593   0.04157   0.03432   0.13253   0.20482   0.00000   0.12451   0.21416   3.17318   0.53406   0.58969  
 41  0.0001  19685.137381  x:  0.00905   0.12886   0.03724   0.01966   0.01486   0.00082   0.01025   0.00269   0.00271   0.00796   0.01130   0.01980   0.03930   0.10181   0.23122   0.38381   0.10533   0.10142   0.05544   0.00273   0.03192   0.14593   0.04157   0.03432   0.13253   0.20482   0.00000   0.12451   0.21416   3.17319   0.53406   0.58968  
 42  0.0000  19685.137381  x:  0.00905   0.12886   0.03724   0.01966   0.01486   0.00082   0.01025   0.00269   0.00271   0.00796   0.01130   0.01980   0.03930   0.10181   0.23122   0.38381   0.10533   0.10142   0.05544   0.00273   0.03192   0.14593   0.04157   0.03432   0.13253   0.20482   0.00000   0.12451   0.21416   3.17319   0.53406   0.58968  
 43  0.0000  19685.137381  x:  0.00905   0.12886   0.03724   0.01966   0.01486   0.00082   0.01025   0.00269   0.00271   0.00796   0.01130   0.01980   0.03930   0.10181   0.23122   0.38381   0.10533   0.10142   0.05544   0.00273   0.03192   0.14593   0.04157   0.03432   0.13253   0.20482   0.00000   0.12451   0.21416   3.17319   0.53406   0.58968  
 44  0.0000  19685.137381  x:  0.00905   0.12886   0.03724   0.01966   0.01486   0.00082   0.01025   0.00269   0.00271   0.00796   0.01130   0.01980   0.03930   0.10181   0.23122   0.38381   0.10533   0.10142   0.05544   0.00273   0.03192   0.14593   0.04157   0.03432   0.13253   0.20482   0.00000   0.12451   0.21416   3.17319   0.53406   0.58968  
 45  0.0000  19685.137381  x:  0.00905   0.12886   0.03724   0.01966   0.01486   0.00082   0.01025   0.00269   0.00271   0.00796   0.01130   0.01980   0.03930   0.10181   0.23122   0.38381   0.10533   0.10142   0.05544   0.00273   0.03192   0.14593   0.04157   0.03432   0.13253   0.20482   0.00000   0.12451   0.21416   3.17319   0.53406   0.58968  
 46  0.0000  19685.137381  x:  0.00905   0.12886   0.03724   0.01966   0.01486   0.00082   0.01025   0.00269   0.00271   0.00796   0.01130   0.01980   0.03930   0.10181   0.23122   0.38381   0.10533   0.10142   0.05544   0.00273   0.03192   0.14593   0.04157   0.03432   0.13253   0.20482   0.00000   0.12451   0.21416   3.17319   0.53406   0.58968  
check convergence!


Model 8: beta&w>1

TREE # 1

  0  0.0000  19846.942238  x:  0.03163   0.08847   0.03986   0.02328   0.01743   0.01034   0.00655   0.01471   0.00728   0.01670   0.01433   0.02371   0.03668   0.08980   0.23625   0.28129   0.09071   0.08935   0.05067   0.00959   0.02337   0.11927   0.03959   0.03388   0.12663   0.16677   0.00000   0.11456   0.17335   3.17319   0.90000   0.76687   1.93569   2.47532  
  1 99.0000  19846.838484  x:  0.03162   0.08847   0.03986   0.02328   0.01742   0.01032   0.00656   0.01469   0.00727   0.01669   0.01432   0.02371   0.03668   0.08980   0.23625   0.28130   0.09071   0.08935   0.05067   0.00958   0.02337   0.11928   0.03959   0.03388   0.12663   0.16677   0.00000   0.11456   0.17335   3.17319   0.90001   0.76687   1.93569   2.47532  
  2 2572.8970  19824.666224  x:  0.02960   0.09076   0.03929   0.02210   0.01652   0.00210   0.00188   0.00684   0.00406   0.01249   0.01299   0.02235   0.03687   0.09065   0.23591   0.28358   0.09166   0.09029   0.05090   0.00721   0.02469   0.12082   0.03966   0.03382   0.12691   0.16837   0.00000   0.11508   0.17501   3.17322   0.90349   0.76830   1.93517   2.47475  
  3 7020.5574  19820.687403  x:  0.02889   0.09136   0.03908   0.02197   0.01697   0.00025   0.00206   0.00496   0.00554   0.01212   0.01345   0.02243   0.03680   0.09081   0.23575   0.28431   0.09187   0.09048   0.05093   0.00677   0.02467   0.12122   0.03961   0.03371   0.12692   0.16883   0.00000   0.11519   0.17550   3.17323   0.90481   0.76880   1.93499   2.47455  
  4 2650.7563  19816.882666  x:  0.02761   0.09251   0.03870   0.02165   0.01753   0.00081   0.00216   0.00174   0.00701   0.01123   0.01400   0.02242   0.03671   0.09114   0.23547   0.28566   0.09228   0.09087   0.05100   0.00590   0.02478   0.12197   0.03954   0.03354   0.12696   0.16969   0.00000   0.11542   0.17641   3.17325   0.90718   0.76971   1.93466   2.47419  
  5 3149.6117  19800.551780  x:  0.01815   0.10110   0.03607   0.01931   0.02011   0.00136   0.00226   0.00385   0.01089   0.00552   0.01624   0.02190   0.03619   0.09366   0.23340   0.29578   0.09533   0.09374   0.05161   0.00000   0.02602   0.12758   0.03913   0.03246   0.12733   0.17615   0.00000   0.11712   0.18321   3.17338   0.92507   0.77662   1.93211   2.47148  
  6 1838.9997  19800.551780  x:  0.01815   0.10110   0.03607   0.01931   0.02011   0.00136   0.00226   0.00385   0.01089   0.00552   0.01624   0.02190   0.03619   0.09366   0.23340   0.29578   0.09533   0.09374   0.05161   0.00000   0.02602   0.12758   0.03913   0.03246   0.12733   0.17615   0.00000   0.11712   0.18321   3.17338   0.92507   0.77662   1.93211   2.47148  
  7 4332.6634  19785.014506  x:  0.01787   0.10165   0.03609   0.01926   0.01903   0.00000   0.01305   0.00273   0.00822   0.00726   0.01522   0.02144   0.03634   0.09387   0.23333   0.29640   0.09554   0.09394   0.05179   0.00084   0.02656   0.12794   0.03924   0.03253   0.12743   0.17656   0.00000   0.11727   0.18361   3.17338   0.92612   0.77708   1.93194   2.47134  
  8 5057.8759  19782.290306  x:  0.01759   0.10221   0.03611   0.01921   0.01821   0.00335   0.01449   0.00234   0.00571   0.00778   0.01429   0.02104   0.03649   0.09408   0.23327   0.29705   0.09575   0.09413   0.05195   0.00168   0.02705   0.12830   0.03934   0.03262   0.12753   0.17698   0.00000   0.11741   0.18403   3.17337   0.92720   0.77756   1.93177   2.47119  
  9 2603.7338  19777.093370  x:  0.01707   0.10324   0.03615   0.01916   0.01678   0.00298   0.01412   0.00249   0.00166   0.00793   0.01254   0.02035   0.03676   0.09447   0.23314   0.29825   0.09614   0.09450   0.05223   0.00265   0.02785   0.12897   0.03952   0.03279   0.12771   0.17775   0.00000   0.11767   0.18480   3.17337   0.92919   0.77845   1.93143   2.47093  
 10 2110.2567  19769.349488  x:  0.01479   0.10764   0.03626   0.01898   0.01159   0.00276   0.01363   0.00198   0.00306   0.00846   0.00659   0.01783   0.03784   0.09610   0.23261   0.30345   0.09779   0.09603   0.05334   0.00507   0.03091   0.13180   0.04020   0.03344   0.12844   0.18102   0.00000   0.11872   0.18811   3.17334   0.93789   0.78237   1.92997   2.46979  
 11 1462.1499  19757.125576  x:  0.00894   0.11907   0.03634   0.01888   0.00823   0.00298   0.01404   0.00710   0.00382   0.00799   0.01121   0.01469   0.04008   0.10016   0.23120   0.31764   0.10200   0.09986   0.05586   0.00539   0.03678   0.13907   0.04155   0.03482   0.13020   0.18961   0.00000   0.12134   0.19692   3.17320   0.96166   0.79335   1.92584   2.46676  
 12 2127.5019  19745.086413  x:  0.00452   0.12896   0.03627   0.01892   0.01261   0.00253   0.01352   0.00239   0.00350   0.00806   0.01278   0.01526   0.04149   0.10353   0.23001   0.33057   0.10553   0.10302   0.05788   0.00375   0.04052   0.14528   0.04240   0.03566   0.13163   0.19716   0.00000   0.12355   0.20470   3.17302   0.98257   0.80372   1.92191   2.46411  
 13 4528.4461  19742.893346  x:  0.00593   0.13139   0.03593   0.01891   0.01318   0.00287   0.01386   0.00431   0.00343   0.00818   0.01066   0.01854   0.04065   0.10387   0.22972   0.33524   0.10606   0.10333   0.05800   0.00119   0.03897   0.14655   0.04187   0.03499   0.13168   0.19925   0.00000   0.12386   0.20693   3.17281   0.98584   0.80838   1.92007   2.46336  
 14 839.9565  19739.905933  x:  0.00946   0.13486   0.03510   0.01888   0.00969   0.00285   0.01380   0.00227   0.00316   0.00694   0.01201   0.02056   0.03840   0.10375   0.22923   0.34441   0.10639   0.10314   0.05757   0.00000   0.03439   0.14817   0.04045   0.03316   0.13141   0.20280   0.00000   0.12409   0.21071   3.17224   0.98657   0.81857   1.91598   2.46206  
 15 887.1292  19734.245739  x:  0.01393   0.14078   0.03368   0.01902   0.01204   0.00251   0.01345   0.00302   0.00357   0.00960   0.01235   0.01838   0.03475   0.10298   0.22813   0.36433   0.10652   0.10219   0.05590   0.00505   0.02594   0.15098   0.03822   0.03019   0.13081   0.20999   0.00000   0.12442   0.21832   3.17087   0.98326   0.84201   1.90648   2.45929  
 16 1535.8033  19728.742022  x:  0.01173   0.14316   0.03421   0.01967   0.01394   0.00298   0.01436   0.00341   0.00343   0.00500   0.01091   0.01594   0.03684   0.10202   0.22721   0.38377   0.10592   0.10074   0.05259   0.00256   0.02474   0.15256   0.03912   0.03261   0.13064   0.21544   0.00000   0.12419   0.22446   3.16925   0.97518   0.86788   1.89580   2.45648  
 17 1169.3062  19724.526809  x:  0.00941   0.14388   0.03506   0.02002   0.01341   0.00295   0.01391   0.00301   0.00331   0.00805   0.01133   0.01685   0.03912   0.10134   0.22671   0.39794   0.10535   0.09965   0.05033   0.00000   0.02620   0.15333   0.04033   0.03496   0.13075   0.21885   0.00000   0.12397   0.22844   3.16798   0.96873   0.88792   1.88746   2.45435  
 18 3039.6857  19721.304095  x:  0.00886   0.14271   0.03629   0.01969   0.01343   0.00272   0.01394   0.00301   0.00364   0.00717   0.01225   0.02297   0.04054   0.10116   0.22692   0.41010   0.10488   0.09901   0.05055   0.00370   0.03143   0.15321   0.04169   0.03594   0.13155   0.22069   0.00000   0.12412   0.23075   3.16668   0.96360   0.90800   1.87894   2.45223  
 19 1522.2033  19717.131085  x:  0.01442   0.13430   0.03843   0.01865   0.01451   0.00281   0.01390   0.00289   0.00359   0.00740   0.01232   0.01994   0.03779   0.10383   0.23059   0.42178   0.10576   0.10108   0.05978   0.00077   0.04029   0.14991   0.04245   0.03188   0.13510   0.21716   0.00000   0.12590   0.22798   3.16447   0.96209   0.94194   1.86376   2.44846  
 20 576.7893  19712.755983  x:  0.01093   0.12072   0.03653   0.02472   0.01345   0.00282   0.01393   0.00310   0.00363   0.00747   0.01212   0.02029   0.03937   0.10749   0.23694   0.42666   0.10806   0.10525   0.06559   0.00235   0.03402   0.14472   0.04264   0.03416   0.13895   0.20865   0.00000   0.12901   0.21965   3.16170   0.96798   0.98418   1.84391   2.44344  
 21 608.2736  19710.889357  x:  0.00851   0.11741   0.03611   0.01820   0.01308   0.00279   0.01394   0.00319   0.00360   0.00741   0.01201   0.02031   0.03942   0.10791   0.23963   0.42532   0.10850   0.10615   0.06476   0.00292   0.03128   0.14337   0.04203   0.03490   0.13960   0.20471   0.00000   0.12958   0.21547   3.16043   0.97118   1.00266   1.83479   2.44114  
 22 702.5857  19706.419171  x:  0.01028   0.12411   0.03873   0.01963   0.01287   0.00278   0.01396   0.00334   0.00361   0.00731   0.01187   0.01846   0.03881   0.10244   0.24554   0.40642   0.10600   0.10296   0.05143   0.00392   0.03402   0.14431   0.03877   0.03275   0.13594   0.19434   0.00000   0.12637   0.20312   3.15654   0.98086   1.05592   1.80642   2.43397  
 23 445.4277  19704.621797  x:  0.01146   0.13045   0.03436   0.01928   0.01297   0.00277   0.01394   0.00331   0.00362   0.00741   0.01196   0.01829   0.03854   0.10119   0.24517   0.39151   0.10483   0.10139   0.05544   0.00398   0.03359   0.14591   0.04441   0.03565   0.13266   0.19413   0.00000   0.12442   0.20176   3.15456   0.98171   1.08002   1.79210   2.43018  
 24 393.6682  19703.167518  x:  0.00698   0.13419   0.03577   0.01968   0.01274   0.00281   0.01397   0.00334   0.00359   0.00730   0.01184   0.01917   0.03910   0.10303   0.24238   0.37583   0.10498   0.10142   0.06078   0.00355   0.03259   0.14737   0.04211   0.03218   0.13068   0.19765   0.00000   0.12387   0.20462   3.15277   0.98010   1.09933   1.77928   2.42655  
 25 409.3241  19702.598642  x:  0.00920   0.13272   0.03728   0.01951   0.01291   0.00280   0.01396   0.00332   0.00362   0.00738   0.01194   0.01902   0.03905   0.10462   0.23961   0.36771   0.10610   0.10269   0.06016   0.00369   0.03278   0.14739   0.03978   0.03546   0.13186   0.20131   0.00000   0.12506   0.20862   3.15187   0.98002   1.10693   1.77267   2.42437  
 26 201.5186  19702.312329  x:  0.00967   0.13019   0.03582   0.01959   0.01289   0.00280   0.01396   0.00333   0.00362   0.00735   0.01192   0.01894   0.03869   0.10469   0.23737   0.36345   0.10680   0.10356   0.05767   0.00359   0.03323   0.14710   0.04138   0.03391   0.13346   0.20374   0.00000   0.12608   0.21167   3.15129   0.98038   1.11017   1.76838   2.42273  
 27 149.2197  19702.253942  x:  0.01005   0.12946   0.03687   0.01946   0.01287   0.00280   0.01396   0.00333   0.00362   0.00737   0.01192   0.01883   0.03948   0.10345   0.23614   0.36313   0.10616   0.10307   0.05796   0.00368   0.03274   0.14682   0.04201   0.03360   0.13376   0.20373   0.00000   0.12575   0.21228   3.15092   0.98102   1.10964   1.76547   2.42123  
 28 33.5121  19702.131208  x:  0.00939   0.12826   0.03655   0.01957   0.01278   0.00280   0.01396   0.00334   0.00360   0.00734   0.01185   0.01871   0.03827   0.10115   0.23324   0.36311   0.10491   0.10207   0.05858   0.00367   0.03291   0.14635   0.04121   0.03406   0.13402   0.20311   0.00000   0.12488   0.21302   3.14989   0.98193   1.10728   1.75734   2.41694  
 29 79.1464  19701.729826  x:  0.01049   0.12779   0.03418   0.01926   0.01290   0.00279   0.01394   0.00330   0.00358   0.00734   0.01184   0.01857   0.04063   0.10212   0.22577   0.36402   0.10449   0.10181   0.05849   0.00373   0.03325   0.14545   0.03941   0.03354   0.13290   0.20011   0.00000   0.12361   0.21248   3.14592   0.98222   1.09668   1.72608   2.40021  
 30 130.2728  19700.874470  x:  0.01064   0.12791   0.03630   0.01943   0.01296   0.00277   0.01393   0.00326   0.00356   0.00730   0.01179   0.01886   0.03816   0.10613   0.21347   0.36583   0.10519   0.10249   0.05705   0.00388   0.03256   0.14420   0.04157   0.03362   0.13063   0.19500   0.00000   0.12265   0.21031   3.13732   0.98167   1.07312   1.65822   2.36385  
 31 747.2018  19695.577531  x:  0.01231   0.12825   0.03711   0.01941   0.01379   0.00275   0.01388   0.00291   0.00346   0.00727   0.01169   0.02063   0.03862   0.09419   0.20887   0.37116   0.11041   0.10478   0.05737   0.00296   0.03136   0.14591   0.04101   0.03347   0.13450   0.19789   0.00000   0.13582   0.19780   3.08544   0.97305   0.92482   1.24487   2.14241  
 32 567.7430  19692.363868  x:  0.01335   0.12330   0.03676   0.01951   0.01410   0.00271   0.01385   0.00277   0.00339   0.00723   0.01158   0.02108   0.03805   0.09962   0.21797   0.37371   0.10373   0.09870   0.05579   0.00303   0.03069   0.14409   0.04113   0.03329   0.13438   0.20036   0.00000   0.12746   0.20031   3.05481   0.97141   0.83543   0.99689   2.00981  
 33 2027.9718  19692.177887  x:  0.01338   0.12337   0.03691   0.01949   0.01415   0.00271   0.01385   0.00276   0.00339   0.00722   0.01158   0.02117   0.03805   0.09800   0.21979   0.37378   0.10535   0.10166   0.05573   0.00310   0.03080   0.14287   0.04114   0.03328   0.13239   0.19783   0.00000   0.12578   0.20376   3.05327   0.97100   0.82981   0.98139   2.00140  
 34 160.5595  19692.163089  x:  0.01335   0.12364   0.03689   0.01950   0.01415   0.00271   0.01385   0.00276   0.00339   0.00722   0.01158   0.02118   0.03806   0.09815   0.22009   0.37371   0.10498   0.10127   0.05574   0.00309   0.03079   0.14290   0.04114   0.03329   0.13251   0.19668   0.00000   0.12684   0.20480   3.05358   0.97088   0.82939   0.98024   2.00057  
 35 17.6989  19692.151832  x:  0.01337   0.12371   0.03690   0.01951   0.01417   0.00270   0.01385   0.00275   0.00339   0.00723   0.01159   0.02124   0.03806   0.09814   0.22011   0.37363   0.10543   0.10113   0.05578   0.00309   0.03068   0.14374   0.04115   0.03330   0.13356   0.19610   0.00000   0.12630   0.20497   3.05665   0.97056   0.82927   0.97989   1.99887  
 36  4.1785  19691.841774  x:  0.01391   0.12188   0.03695   0.01951   0.01445   0.00265   0.01378   0.00262   0.00332   0.00724   0.01150   0.02170   0.03791   0.09749   0.22050   0.37286   0.10527   0.10005   0.05552   0.00284   0.03055   0.14374   0.04111   0.03320   0.13159   0.19609   0.00000   0.12640   0.20454   3.15405   0.96720   0.82674   0.97258   1.94670  
 37 27.3224  19691.818873  x:  0.01385   0.12273   0.03692   0.01951   0.01447   0.00265   0.01378   0.00261   0.00332   0.00724   0.01150   0.02176   0.03791   0.09752   0.22048   0.37279   0.10444   0.10080   0.05545   0.00282   0.03049   0.14235   0.04110   0.03321   0.13273   0.19615   0.00000   0.12620   0.20441   3.16075   0.96685   0.82656   0.97217   1.94286  
 38 58.6301  19691.765098  x:  0.01400   0.12217   0.03693   0.01952   0.01452   0.00263   0.01376   0.00259   0.00330   0.00725   0.01149   0.02184   0.03790   0.09755   0.22072   0.37266   0.10202   0.10281   0.05534   0.00279   0.03042   0.14415   0.04111   0.03320   0.13247   0.19601   0.00000   0.12617   0.20435   3.16025   0.96623   0.82651   0.97618   1.93200  
 39  2.2947  19690.115809  x:  0.01525   0.11914   0.03689   0.01957   0.01578   0.00214   0.01318   0.00203   0.00283   0.00749   0.01100   0.02353   0.03754   0.09694   0.22972   0.36864   0.10087   0.09840   0.05368   0.00204   0.02966   0.14023   0.04107   0.03319   0.13195   0.19490   0.00000   0.12121   0.20790   3.13329   0.95242   0.82501   1.09961   1.60609  
 40 85.2809  19686.317077  x:  0.01111   0.12680   0.03729   0.01986   0.01573   0.00086   0.01171   0.00214   0.00205   0.00832   0.01045   0.02098   0.03934   0.10233   0.23693   0.39765   0.10352   0.10023   0.05440   0.00248   0.03143   0.14576   0.04183   0.03472   0.13339   0.20730   0.00000   0.12296   0.21876   3.18320   0.95711   0.71412   0.93677   1.75591  
 41  1.4709  19684.996665  x:  0.00999   0.12767   0.03736   0.01977   0.01595   0.00039   0.01087   0.00269   0.00268   0.00846   0.01102   0.02078   0.03938   0.10191   0.23545   0.39032   0.10434   0.10111   0.05472   0.00202   0.03121   0.14632   0.04162   0.03466   0.13338   0.20648   0.00000   0.12454   0.21554   3.19259   0.95281   0.61722   0.78772   1.55480  
 42  0.2716  19684.616128  x:  0.00935   0.12840   0.03729   0.01974   0.01575   0.00096   0.01086   0.00287   0.00290   0.00823   0.01128   0.02041   0.03933   0.10181   0.23306   0.38440   0.10508   0.10160   0.05531   0.00200   0.03147   0.14630   0.04155   0.03446   0.13308   0.20544   0.00000   0.12505   0.21404   3.19787   0.95182   0.60711   0.76339   1.48358  
 43  0.1260  19684.394711  x:  0.00916   0.12870   0.03717   0.01962   0.01544   0.00087   0.01046   0.00269   0.00273   0.00809   0.01138   0.02023   0.03916   0.10174   0.23123   0.37987   0.10526   0.10160   0.05569   0.00263   0.03185   0.14589   0.04156   0.03420   0.13264   0.20433   0.00000   0.12448   0.21395   3.20430   0.94831   0.62326   0.80365   1.36359  
 44  0.1385  19684.331398  x:  0.00877   0.12923   0.03716   0.01970   0.01499   0.00082   0.01028   0.00262   0.00269   0.00798   0.01138   0.01972   0.03933   0.10219   0.23118   0.38403   0.10555   0.10168   0.05582   0.00275   0.03211   0.14631   0.04170   0.03434   0.13284   0.20532   0.00000   0.12468   0.21489   3.19417   0.94975   0.61966   0.79157   1.37766  
 45  0.0223  19684.318553  x:  0.00897   0.12908   0.03719   0.01971   0.01491   0.00082   0.01024   0.00268   0.00268   0.00795   0.01133   0.01983   0.03935   0.10213   0.23168   0.38518   0.10543   0.10163   0.05568   0.00262   0.03206   0.14634   0.04171   0.03439   0.13297   0.20549   0.00000   0.12467   0.21502   3.19174   0.94847   0.61992   0.79770   1.34736  
 46  0.0428  19684.316858  x:  0.00900   0.12917   0.03720   0.01969   0.01488   0.00082   0.01025   0.00269   0.00271   0.00796   0.01132   0.01986   0.03935   0.10214   0.23181   0.38525   0.10546   0.10167   0.05564   0.00261   0.03200   0.14640   0.04167   0.03439   0.13296   0.20552   0.00000   0.12476   0.21489   3.19094   0.94836   0.62174   0.79839   1.34634  
 47  0.0024  19684.316171  x:  0.00899   0.12925   0.03721   0.01969   0.01489   0.00082   0.01027   0.00270   0.00273   0.00799   0.01133   0.01985   0.03934   0.10213   0.23169   0.38534   0.10553   0.10171   0.05567   0.00261   0.03199   0.14640   0.04165   0.03437   0.13294   0.20548   0.00000   0.12483   0.21478   3.18878   0.94786   0.62120   0.79925   1.34256  
 48  0.0016  19684.312573  x:  0.00891   0.12924   0.03719   0.01971   0.01489   0.00080   0.01037   0.00271   0.00270   0.00806   0.01130   0.01981   0.03936   0.10215   0.23131   0.38519   0.10547   0.10167   0.05573   0.00259   0.03212   0.14636   0.04168   0.03436   0.13296   0.20548   0.00000   0.12471   0.21486   3.18959   0.94331   0.62453   0.81135   1.30987  
 49  0.0044  19684.305988  x:  0.00895   0.12925   0.03721   0.01968   0.01487   0.00081   0.01049   0.00270   0.00272   0.00799   0.01135   0.01983   0.03940   0.10226   0.23201   0.38567   0.10555   0.10171   0.05561   0.00267   0.03202   0.14648   0.04172   0.03444   0.13295   0.20568   0.00000   0.12481   0.21509   3.19149   0.93801   0.63265   0.83459   1.30249  
 50  0.0081  19684.298696  x:  0.00896   0.12928   0.03722   0.01968   0.01486   0.00081   0.01051   0.00267   0.00271   0.00795   0.01133   0.01983   0.03937   0.10218   0.23200   0.38547   0.10558   0.10176   0.05564   0.00263   0.03197   0.14651   0.04168   0.03441   0.13296   0.20564   0.00000   0.12492   0.21488   3.19141   0.92936   0.63949   0.86159   1.25429  
 51  0.0310  19684.285046  x:  0.00895   0.12928   0.03723   0.01971   0.01483   0.00083   0.01031   0.00270   0.00268   0.00787   0.01125   0.01975   0.03928   0.10198   0.23146   0.38473   0.10548   0.10171   0.05581   0.00254   0.03202   0.14635   0.04157   0.03428   0.13293   0.20535   0.00000   0.12482   0.21447   3.18947   0.91302   0.65235   0.91405   1.20545  
 52  0.0326  19684.277346  x:  0.00897   0.12921   0.03721   0.01970   0.01487   0.00083   0.01022   0.00270   0.00272   0.00793   0.01130   0.01981   0.03933   0.10209   0.23146   0.38511   0.10546   0.10167   0.05568   0.00261   0.03201   0.14634   0.04165   0.03435   0.13294   0.20545   0.00000   0.12473   0.21477   3.19069   0.90762   0.65739   0.93441   1.20703  
 53  0.0159  19684.273207  x:  0.00897   0.12918   0.03721   0.01969   0.01489   0.00083   0.01021   0.00270   0.00274   0.00798   0.01133   0.01984   0.03936   0.10216   0.23154   0.38537   0.10546   0.10165   0.05560   0.00265   0.03201   0.14635   0.04170   0.03439   0.13294   0.20552   0.00000   0.12469   0.21495   3.19144   0.89886   0.66560   0.96557   1.17959  
 54  0.0989  19684.269433  x:  0.00894   0.12919   0.03723   0.01968   0.01491   0.00082   0.01022   0.00270   0.00271   0.00801   0.01133   0.01985   0.03937   0.10217   0.23173   0.38548   0.10556   0.10171   0.05561   0.00264   0.03199   0.14641   0.04170   0.03441   0.13292   0.20554   0.00000   0.12484   0.21489   3.19105   0.88844   0.67466   1.00481   1.15661  
 55  0.0329  19684.264973  x:  0.00890   0.12925   0.03725   0.01968   0.01491   0.00082   0.01028   0.00270   0.00268   0.00802   0.01133   0.01983   0.03937   0.10214   0.23187   0.38544   0.10560   0.10174   0.05568   0.00261   0.03201   0.14645   0.04168   0.03439   0.13291   0.20554   0.00000   0.12492   0.21477   3.19021   0.87824   0.68371   1.04895   1.14546  
 56  0.0298  19684.262591  x:  0.00891   0.12926   0.03725   0.01969   0.01490   0.00082   0.01028   0.00270   0.00269   0.00800   0.01133   0.01983   0.03936   0.10211   0.23177   0.38538   0.10556   0.10171   0.05569   0.00261   0.03202   0.14643   0.04167   0.03438   0.13291   0.20553   0.00000   0.12485   0.21477   3.19015   0.86787   0.69287   1.08994   1.12576  
 57  0.0847  19684.260707  x:  0.00894   0.12921   0.03723   0.01969   0.01488   0.00082   0.01027   0.00269   0.00272   0.00796   0.01133   0.01983   0.03935   0.10210   0.23153   0.38525   0.10548   0.10166   0.05564   0.00263   0.03200   0.14636   0.04167   0.03436   0.13292   0.20549   0.00000   0.12473   0.21482   3.19077   0.85765   0.70132   1.13284   1.11018  
 58  0.0431  19684.259975  x:  0.00896   0.12919   0.03722   0.01969   0.01487   0.00082   0.01026   0.00269   0.00273   0.00795   0.01132   0.01983   0.03935   0.10210   0.23149   0.38521   0.10547   0.10166   0.05562   0.00264   0.03200   0.14634   0.04168   0.03437   0.13292   0.20548   0.00000   0.12471   0.21484   3.19105   0.85627   0.70269   1.14145   1.11151  
 59  0.0088  19684.259144  x:  0.00895   0.12918   0.03723   0.01969   0.01486   0.00082   0.01027   0.00270   0.00272   0.00796   0.01131   0.01983   0.03935   0.10211   0.23154   0.38521   0.10550   0.10167   0.05562   0.00264   0.03200   0.14635   0.04168   0.03437   0.13291   0.20547   0.00000   0.12475   0.21482   3.19100   0.84764   0.71057   1.17965   1.10017  
 60  0.0388  19684.258694  x:  0.00894   0.12920   0.03724   0.01968   0.01487   0.00082   0.01027   0.00269   0.00271   0.00798   0.01131   0.01983   0.03935   0.10210   0.23161   0.38523   0.10552   0.10168   0.05564   0.00263   0.03200   0.14637   0.04168   0.03438   0.13290   0.20548   0.00000   0.12479   0.21479   3.19074   0.83934   0.71747   1.21796   1.08833  
 61  0.0349  19684.258429  x:  0.00893   0.12921   0.03724   0.01969   0.01488   0.00082   0.01027   0.00269   0.00271   0.00798   0.01132   0.01983   0.03935   0.10210   0.23162   0.38525   0.10552   0.10168   0.05565   0.00263   0.03201   0.14638   0.04167   0.03437   0.13290   0.20549   0.00000   0.12478   0.21479   3.19060   0.83876   0.71907   1.22429   1.08988  
 62  0.0056  19684.258317  x:  0.00893   0.12921   0.03724   0.01969   0.01488   0.00082   0.01027   0.00270   0.00271   0.00798   0.01132   0.01983   0.03935   0.10210   0.23158   0.38524   0.10551   0.10167   0.05564   0.00263   0.03201   0.14637   0.04167   0.03437   0.13291   0.20549   0.00000   0.12476   0.21480   3.19058   0.83498   0.72331   1.24380   1.08582  
 63  0.0203  19684.258242  x:  0.00894   0.12920   0.03723   0.01969   0.01488   0.00082   0.01026   0.00270   0.00271   0.00797   0.01132   0.01983   0.03935   0.10209   0.23154   0.38524   0.10550   0.10167   0.05563   0.00264   0.03200   0.14636   0.04168   0.03437   0.13291   0.20548   0.00000   0.12475   0.21480   3.19059   0.83251   0.72622   1.25818   1.08263  
 64  0.0130  19684.258223  x:  0.00894   0.12920   0.03724   0.01969   0.01488   0.00082   0.01027   0.00269   0.00271   0.00797   0.01132   0.01983   0.03935   0.10210   0.23157   0.38525   0.10551   0.10167   0.05564   0.00264   0.03200   0.14637   0.04168   0.03437   0.13291   0.20548   0.00000   0.12477   0.21479   3.19062   0.83155   0.72768   1.26427   1.08198  
 65  0.0043  19684.258222  x:  0.00894   0.12920   0.03724   0.01969   0.01488   0.00082   0.01027   0.00270   0.00271   0.00797   0.01132   0.01983   0.03935   0.10210   0.23156   0.38524   0.10551   0.10167   0.05564   0.00264   0.03200   0.14637   0.04168   0.03437   0.13291   0.20548   0.00000   0.12476   0.21479   3.19061   0.83167   0.72760   1.26380   1.08209  
 66  0.0005  19684.258222  x:  0.00894   0.12920   0.03724   0.01969   0.01488   0.00082   0.01027   0.00270   0.00271   0.00797   0.01132   0.01983   0.03935   0.10210   0.23156   0.38524   0.10551   0.10167   0.05563   0.00264   0.03200   0.14637   0.04168   0.03437   0.13291   0.20548   0.00000   0.12476   0.21479   3.19061   0.83163   0.72767   1.26407   1.08203  
 67  0.0002  19684.258222  x:  0.00894   0.12920   0.03724   0.01969   0.01488   0.00082   0.01027   0.00270   0.00271   0.00797   0.01132   0.01983   0.03935   0.10210   0.23156   0.38524   0.10551   0.10167   0.05564   0.00264   0.03200   0.14637   0.04168   0.03437   0.13291   0.20548   0.00000   0.12476   0.21479   3.19062   0.83174   0.72758   1.26353   1.08217  