     1    608    482


 1

     1      1    -2.9520333595   0.052233388635      31.7579  -------DDDDDD---
     2      1    -2.6390882298   0.071426364303      43.4272  ------AAAAAAA---
     3      1    -3.8837363246   0.020573810960      12.5089  ------HHHHHHH---
     4      1    -2.9743518031   0.051080533518      31.0570  ------KKKKKKK---
     5      1    -3.3042131493   0.036728100000      22.3307  -----Q----------
     6      1    -2.9273759438   0.053537338972      32.5507  ----DD----------
     7      1    -2.5179478809   0.080624888974      49.0199  ----GG----------
     8      1    -2.4975972479   0.082282465666      50.0277  ----LL----------
     9      1    -3.1868930148   0.041299990263      25.1104  ----RR----------
    10      1    -3.3913452361   0.033663361256      20.4673  ----YY----------
    11      1    -9.6639508022   0.000063533019       0.0386  --AAAAAAAAAAAADA
    12      2    -4.6813522730   0.009266474607       5.6340  --EEEEEEEEEEEEEE
    13      1   -22.3552248760   0.000000000196       0.0000  --EGGGRGGGGGGEEG
    14      1    -8.1335899682   0.000293512606       0.1785  --G---C---------
    15      1    -7.3613829120   0.000635319261       0.3863  --G---P---------
    16      1   -13.0666335155   0.000002114624       0.0013  --MIIITTTTTTTIII
    17      1   -14.1515112791   0.000000714623       0.0004  --PLKKLLLLLLLLLL
    18      1   -13.1572402196   0.000001931449       0.0012  --PLPPPPPPPPPPPS
    19      1   -30.1359186172   0.000000000000       0.0000  --PLWWFLLLLLLLVQ
    20      1   -12.5175923219   0.000003661666       0.0022  --PPTTPPPPPPPPPA
    21      1   -19.2960474661   0.000000004167       0.0000  --QQLLRLLLLLLLLL
    22      3    -5.3701186954   0.004653578919       2.8294  --QQQQQQQQQQQQQQ
    23      1   -23.1156396792   0.000000000091       0.0000  --RLLLLHHHRHHLLL
    24      1    -8.1345948443   0.000293217811       0.1783  --RLLLLLLLLLLLLL
    25      1   -23.0515673036   0.000000000097       0.0000  --RWCCWWWWWWWWRR
    26      1    -7.5151546657   0.000544765754       0.3312  --SNNNNNNNNNNNNN
    27      1   -14.8533054085   0.000000354235       0.0002  --SSFLSSSSSSSSSS
    28      1   -19.3461739102   0.000000003963       0.0000  --SSSSRRRWWWWSSS
    29      1    -9.1273967992   0.000108648050       0.0661  --SSSSSSSSSSSPSS
    30      1   -14.1068343817   0.000000747274       0.0005  -S--RR-------KQR
    31      1    -5.3346674410   0.004821513283       2.9315  -SSSSSSSSSSSSSSS
    32      1   -18.6386942531   0.000000008041       0.0000  AA-VVLVVVVVVVRVV
    33      1    -8.5475689646   0.000194016187       0.1180  AAAAAAAAAAAAAAAS
    34      1   -13.0650150162   0.000002118049       0.0013  AAAAAAAAAAAAAGAT
    35      1    -8.5936455808   0.000185279404       0.1126  AAAAAAAAAAAAATAA
    36      1    -8.5287670646   0.000197698569       0.1202  AAAAAAAAAAAAAVAA
    37      1   -11.6167378702   0.000009013944       0.0055  AAAAAAAAAAGAAAAA
    38      1    -9.5290114635   0.000072711466       0.0442  AAAAAAVAAAA-AAAA
    39      1    -9.5290176694   0.000072711015       0.0442  AAAAAAVAAAAAAAAA
    40      1    -8.0431427897   0.000321297591       0.1953  AAAASSAAAAAAAAAA
    41      1   -19.5363181426   0.000000003277       0.0000  AAAAVVTKKKKKKAAV
    42      1   -33.8183711840   0.000000000000       0.0000  AAAGTTIAVVVVVMVV
    43      1   -22.4539950355   0.000000000177       0.0000  AAASFSSSSSSSSSSF
    44      1   -11.8572003736   0.000007087341       0.0043  AAATAAAAAAAAATAA
    45      1   -12.8798226112   0.000002548966       0.0015  AAATDDAAAAAAAAAA
    46      1   -14.6018153793   0.000000455525       0.0003  AAATTTTTTTTTTNTT
    47      1   -21.1337660960   0.000000000663       0.0000  AAAVAAVVVIIIIVAA
    48      1   -14.5888338106   0.000000461477       0.0003  AAAVVVVIIIIIIVVV
    49      1   -13.6499204777   0.000001180089       0.0007  AAAVVVVVVVVVVVIV
    50      1    -8.2526034036   0.000260579280       0.1584  AAEEEEEEEEEEEEEE
    51      1   -10.8913546873   0.000018618503       0.0113  AAPSSSSSSSSSSSSS
    52      1   -14.1770141132   0.000000696628       0.0004  AATATTTTTTTTTATT
    53      1   -14.7090454256   0.000000409207       0.0002  AATATTTTTTTTTTTA
    54      1   -18.5701217281   0.000000008612       0.0000  AAVFSSFFFFFFFFFF
    55      1   -19.3368441396   0.000000004001       0.0000  AEKKKKQQQQQQQRKK
    56      1   -16.3630608676   0.000000078273       0.0000  AGAVAAAAAAAAAAAT
    57      1   -28.1388939004   0.000000000001       0.0000  AIPSTIAAAAAAATTT
    58      1   -17.3815618837   0.000000028267       0.0000  APLPLLLLLLLLLLLL
    59      1   -19.7493875963   0.000000002648       0.0000  ATATVVAAAAAAAAAT
    60      1   -17.0035603997   0.000000041252       0.0000  ATVAVVAAAAAAAVAV
    61      1   -33.5297908221   0.000000000000       0.0000  AVASEEVVEVVVVAAM
    62      1   -11.2417879807   0.000013114554       0.0080  AVPPPPPP-----PPP
    63      1   -10.1690003014   0.000038340633       0.0233  CC-FFFFFFFFFFFFF
    64      1    -8.3552862191   0.000235150172       0.1430  CC-S--SSSSSSS---
    65      1   -16.7883770157   0.000000051156       0.0000  CCACSSCCCCCCCSCC
    66      1    -4.9551960776   0.007046698444       4.2844  CCCCCCCCCCCCCCCC
    67      1    -9.6963525383   0.000061507432       0.0374  CCCCCCCCCCCCCCCS
    68      1   -10.8742336388   0.000018940016       0.0115  CCCCCCCSCCCCCCCC
    69      1   -26.4107760281   0.000000000003       0.0000  CCCFLLFSFFFFFFFF
    70      1   -21.1181344835   0.000000000674       0.0000  CCGVVVVEVVVVVVVV
    71      1   -22.7829913055   0.000000000127       0.0000  CCHCCCCFCCCCCSCC
    72      1   -17.2821095278   0.000000031223       0.0000  CCLCCCCCFCCCCCCC
    73      1   -13.0193483009   0.000002217016       0.0013  CCPSSSSSSSSSSSSS
    74      1   -18.6537985344   0.000000007921       0.0000  CCRHQQHHHHHHHHHH
    75      1   -13.4491896605   0.000001442418       0.0009  CCTCSSCCCCCCCCCC
    76      1   -19.3394146648   0.000000003990       0.0000  CCYYYYYYYYYYYHHY
    77      1   -17.2741196097   0.000000031474       0.0000  CFLLFFFFFFFFFFFF
    78      1   -13.8580390747   0.000000958363       0.0006  CSYYYYYYYYYYYYYY
    79      1   -23.8214989550   0.000000000045       0.0000  CYLHHHYHHHHHHHHH
    80      1   -18.2403628419   0.000000011976       0.0000  DAGARRAAAAAAAAAA
    81      1   -19.4652766692   0.000000003518       0.0000  DD-VVVFFFFFFFAVV
    82      2    -4.8664598564   0.007700578243       4.6820  DDDDDDDDDDD-DDDD
    83     10    -4.8664659426   0.007700531376       4.6819  DDDDDDDDDDDDDDDD
    84      1    -8.2773094652   0.000254220269       0.1546  DDDDDDDDDDDDDDDE
    85      1    -8.4874499354   0.000206038001       0.1253  DDDDDDEEEEEEEDDD
    86      1   -11.9607040610   0.000006390462       0.0039  DDDDDDEEEEEEEDED
    87      1   -18.6452896392   0.000000007988       0.0000  DDDDGGEDDEDDDDDD
    88      1    -9.2717270300   0.000094045953       0.0572  DDDKDDDDDDDDDDDD
    89      1    -7.7634666610   0.000424980760       0.2584  DDDNDDDDDDDDDDDD
    90      1    -6.8343639458   0.001076151588       0.6543  DDEDDDDDDDDDDDDD
    91      1   -13.6696478317   0.000001157037       0.0007  DDEEEEEEEKEEEEEE
    92      1    -7.6568895849   0.000472775655       0.2874  DDGGGGGGGGGGGGGG
    93      1   -11.9292744196   0.000006594501       0.0040  DDGGGGGGGGGGGSGG
    94      1   -15.3174678045   0.000000222694       0.0001  DDSDHDDDDDDDDDDD
    95      1   -12.8415447907   0.000002648427       0.0016  DGDDDDDDDDDDDNDD
    96      1   -28.0927378911   0.000000000001       0.0000  DSGGSSDVVVVVVGGG
    97      1   -17.4909907874   0.000000025337       0.0000  DSSHNNNNNNNNNNNN
    98      1   -13.7241819382   0.000001095629       0.0007  EE-EDDEEEEEEEDDG
    99      1   -25.4716751704   0.000000000009       0.0000  EEAVAATAAAAADAAA
   100      1   -12.4217018425   0.000004030171       0.0025  EEDDDDEEEEEEEEEE
   101      2    -7.6643138573   0.000469278637       0.2853  EEEDEEEEEEEEEEEE
   102      1   -16.5315232024   0.000000066138       0.0000  EEEDKKEKKKKKKEEE
   103      1   -19.4873276135   0.000000003442       0.0000  EEEEDEEEQEEEEEEK
   104      1    -9.7027204855   0.000061117001       0.0372  EEEEEDEEEEEEEEEE
   105      1   -11.2805067560   0.000012616479       0.0077  EEEEEEEEEEDDDEEE
   106      2    -5.3511330562   0.004742774124       2.8836  EEEEEEEEEEE-EEEE
   107     11    -5.3511404603   0.004742739008       2.8836  EEEEEEEEEEEEEEEE
   108      1   -12.5763818484   0.000003452604       0.0021  EEEEEEEEEEEKKEEE
   109      1    -8.8213775611   0.000147544968       0.0897  EEEEQQEEEEEEEEEE
   110      1   -18.5107170422   0.000000009139       0.0000  EEEGPPGGGGGGGGGG
   111      1   -13.9229090807   0.000000898168       0.0005  EEEKEEEEEEEEEEEV
   112      1   -10.1224673360   0.000040166898       0.0244  EEEREEEEEEEEEEEE
   113      1   -17.2114768943   0.000000033508       0.0000  EEGGEEEEEEEEEEEK
   114      1   -13.5837340284   0.000001260838       0.0008  EEGGGGGGGGG-GRGG
   115      1    -7.9854331494   0.000340385027       0.2070  EEKKKKKKKKKKKKKK
   116      1    -7.8519066998   0.000389009536       0.2365  EEQEEEEEEEEEEEEE
   117      1   -18.8736608212   0.000000006357       0.0000  EERTMMMMMMMMMMMM
   118      1   -21.8599588760   0.000000000321       0.0000  EEVEAASSSSSSSEAA
   119      1   -17.7823282365   0.000000018934       0.0000  EGAAAEAAAAAAAAAA
   120      1   -21.9116430280   0.000000000305       0.0000  EQ-EEEKKKKKKKAEG
   121      1    -9.3720951329   0.000085064979       0.0517  EQQQQQQQQQQQQQQQ
   122      1   -19.8555713858   0.000000002381       0.0000  ETDKKKKKKKKKKKEK
   123      1   -18.5997963127   0.000000008360       0.0000  F-FLSSIFFFFFFFFF
   124      1   -20.1970044713   0.000000001693       0.0000  F-GVGGGGGGGGGGS-
   125      1   -10.2831100706   0.000034205980       0.0208  FFCFFFFFFFFFFFFF
   126      2    -4.7189777437   0.008924296806       5.4260  FFFFFFFFFFF-FFFF
   127      7    -4.7189814053   0.008924264129       5.4260  FFFFFFFFFFFFFFFF
   128      1   -13.7022011910   0.000001119978       0.0007  FFFFFLFFFFFFFFFL
   129      1   -15.7575335454   0.000000143414       0.0001  FFFSLLLLLLLLLLLL
   130      1    -8.4785202342   0.000207886098       0.1264  FFIFFFFFFFFFFFFF
   131      2    -7.4736352026   0.000567860253       0.3453  FFLLLLLLLLLLLLLL
   132      1   -20.7057963727   0.000000001018       0.0000  FFLLWGLLLLLLLLLL
   133      1   -18.5855392513   0.000000008480       0.0000  FFVVIIVVVVVVVITI
   134      1   -21.0815934942   0.000000000699       0.0000  FIFFSSFFFFFFFVFS
   135      1   -21.6685165765   0.000000000389       0.0000  FLCCCHCCCCCCCCCC
   136      1   -12.1189066738   0.000005455389       0.0033  FY-FFFLLLLLLLFFF
   137      1   -15.8872197890   0.000000125970       0.0001  GDANDDDDDDDDDDDD
   138      1   -16.1141622601   0.000000100394       0.0001  GDTEDDDDDDDDDDDD
   139      1   -12.5528856317   0.000003534688       0.0021  GE-QQQQQQQQQQQQQ
   140      1    -8.8581724937   0.000142214725       0.0865  GEGGGGGGGGGGGGGG
   141      1   -21.1274677284   0.000000000668       0.0000  GERGRRRRRRRRRRRK
   142      1   -19.8634862740   0.000000002363       0.0000  GEVDDDDDDDDDDDDE
   143      1    -6.5521204628   0.001427086304       0.8677  GGAGGGGGGGGGGGGG
   144      1   -21.3932948743   0.000000000512       0.0000  GGAGKKGG-----GRR
   145      1   -41.2286826021   0.000000000000       0.0000  GGDCAVGGGGDDDRGD
   146      2    -7.7074209777   0.000449479200       0.2733  GGEGGGGGGGGGGGGG
   147      1   -14.2575826394   0.000000642703       0.0004  GGGEGGGGGGGGGGRG
   148      1   -16.3787137363   0.000000077058       0.0000  GGGGDGGDDDDDDGGG
   149      1    -8.7879260064   0.000152564057       0.0928  GGGGEEGGGGGGGGGG
   150      1    -9.5741234590   0.000069504194       0.0423  GGGGGGGGAGGGGGGG
   151      1    -3.5080974802   0.029953848049      18.2119  GGGGGGGGGGG-GGGG
   152      4    -3.5080998567   0.029953776866      18.2119  GGGGGGGGGGGGGGGG
   153      1    -9.0298660862   0.000119778532       0.0728  GGGGGGGGGGGGGRGG
   154      1    -8.7578343212   0.000157224738       0.0956  GGGGGGSGGGG-GGGG
   155      1    -9.0462776271   0.000117828824       0.0716  GGGGRRGGGGGGGGGG
   156      1   -19.1972378399   0.000000004600       0.0000  GGGRGEGGGGGGGAGG
   157      1   -13.9618009334   0.000000863907       0.0005  GGGRGGGGGGGGGRGG
   158      1   -15.9133173230   0.000000122725       0.0001  GGLVVVIVVVVVVVVV
   159      1   -27.7627115545   0.000000000001       0.0000  GGPPSSTAAAAAAPPL
   160      1   -25.1444727158   0.000000000012       0.0000  GGQVGGDDDDDDDRGG
   161      1   -13.0599894267   0.000002128721       0.0013  GGRGRRRRRRRRRRRR
   162      1   -32.9336079840   0.000000000000       0.0000  GGRRSRSRSRSSSRRR
   163      1   -17.4555512084   0.000000026251       0.0000  GGSHPPPPPPPPPPPP
   164      1   -16.5050704958   0.000000067911       0.0000  GGTAAAAAAAAAAIAA
   165      1   -17.0889204986   0.000000037877       0.0000  GKEEEEKKKKKKKEEE
   166      1    -9.1316687342   0.000108184903       0.0658  GRGGGGGGGGGGGGGG
   167      1   -17.9362285204   0.000000016233       0.0000  GRRSRRKRRRRRRRRR
   168      1   -18.3928969706   0.000000010282       0.0000  GSGSSSSSNSSSSSSS
   169      1   -25.1622803591   0.000000000012       0.0000  GTGGRKGGGGGGGVGG
   170      1   -16.3327723033   0.000000080680       0.0000  HH-YSSNNNNNNNNNN
   171      1   -22.7595272557   0.000000000131       0.0000  HHGCGGHHHHHHHSGG
   172      1   -32.3825523029   0.000000000000       0.0000  HHGCQQHHQHHHHQPQ
   173      1   -18.8815721736   0.000000006307       0.0000  HHHHYYHYYYYYYYYY
   174      1   -14.1045805105   0.000000748960       0.0005  HHHNHHRH-----HHH
   175      1   -14.3416896110   0.000000590858       0.0004  HHHYHHHNNNNNNHHH
   176      1   -18.7088938861   0.000000007496       0.0000  HHPSSSPPPPPPPPPS
   177      1   -17.1361966955   0.000000036128       0.0000  HHRNSSNNNNNNNSSS
   178      1   -24.1757867408   0.000000000032       0.0000  HHYHCCHCHHHHHHH-
   179      1   -12.7545196694   0.000002889232       0.0018  HP-Q--QQQQQQQ---
   180      1   -17.3108853887   0.000000030337       0.0000  HRRYYYYYYYYYYYYY
   181      1   -37.5811151788   0.000000000000       0.0000  HSLLCRLFLLLLLLFL
   182      1   -18.0370384963   0.000000014676       0.0000  HYDHHHHHHHHHHHRH
   183      1   -32.2282935125   0.000000000000       0.0000  HYRYYDHYYYYYYYYN
   184      1   -19.7099119927   0.000000002755       0.0000  IIAAAAIIIIIIIVAA
   185      3    -5.5142496209   0.004028949444       2.4496  IIIIIIIIIIIIIIII
   186      1    -8.5419654987   0.000195106402       0.1186  IIIIIIIIIIIIIIVI
   187      1    -6.9884017867   0.000922519737       0.5609  IILLLLLLLLLLLLLL
   188      1   -18.8751447507   0.000000006348       0.0000  IIMILLMMMMMMMIML
   189      1    -9.1570436241   0.000105474259       0.0641  IIMMMMMMMMMMMMMM
   190      1   -10.6273332915   0.000024244196       0.0147  IINNNNNNNNNNNNNN
   191      1    -6.9129989642   0.000994770039       0.6048  IIVVVVVVVVVVVVVV
   192      1   -25.2562824470   0.000000000011       0.0000  ILTTAANNNNNNNTNT
   193      1   -29.5288250998   0.000000000000       0.0000  ITRNNNNNNNNNNTSH
   194      1   -14.4652354782   0.000000522189       0.0003  ITTTTTATTTTTTTTT
   195      1   -13.8322629379   0.000000983387       0.0006  IVAVVVVVVVVVVVIV
   196      1    -9.4441178313   0.000079153795       0.0481  IVVIIIIIIIIIIIII
   197      1    -8.8806124208   0.000139058977       0.0845  KEKKKKKKKKKKKKKK
   198      1   -25.8683156423   0.000000000006       0.0000  KGSNSSNNIIIIISSS
   199      1    -8.1962759098   0.000275678312       0.1676  KK-K-QKKKKKKKKKK
   200      1    -8.1211247345   0.000297194208       0.1807  KKEEEEEEEEE-EEEE
   201      1   -12.3795575069   0.000004203649       0.0026  KKEEEEEEEEEEEEKE
   202      1   -22.4752238191   0.000000000173       0.0000  KKHRRRVMMMMMMRRR
   203      1   -13.1032241994   0.000002038647       0.0012  KKKKEEKKKKKKKKKN
   204      4    -5.0664224965   0.006304935772       3.8334  KKKKKKKKKKK-KKKK
   205      8    -5.0664288487   0.006304895722       3.8334  KKKKKKKKKKKKKKKK
   206      1    -8.8785324637   0.000139348515       0.0847  KKKKKKKKKKKKKKKR
   207      1    -8.8696824772   0.000140587220       0.0855  KKKKQQKKKKKKKKKK
   208      1    -8.3434688539   0.000237945511       0.1447  KKKKRRKKKKKKKKKK
   209      1   -18.8293516293   0.000000006645       0.0000  KKKQKKKQKQQQQKKK
   210      1   -16.6899711166   0.000000056447       0.0000  KKKQQQKKKKKKKEKQ
   211      1   -12.3051125845   0.000004528533       0.0028  KKKRKKRRRRRRRRRR
   212      1   -11.8942860892   0.000006829316       0.0042  KKNKKKKKKKKKKQKK
   213      1   -14.8270473072   0.000000363660       0.0002  KKNRNNKKKKKKKKKK
   214      1   -10.6218933216   0.000024376444       0.0148  KKQEEEEEEEEEEEEE
   215      1   -10.5864124861   0.000025256867       0.0154  KKQRKKKKKKKKKKKK
   216      1    -7.3701231439   0.000629790619       0.3829  KKRKKKKKKKKKKKKK
   217      1   -26.9386270146   0.000000000002       0.0000  KKRKPPHHHHHHHHQP
   218      1   -16.7177347164   0.000000054901       0.0000  KKRRKKKKKNKKKKKK
   219      1   -23.7341952934   0.000000000049       0.0000  KKSQRRRRRRRRRTRQ
   220      1    -8.2805885302   0.000253388030       0.1541  KKTKKKKKKKKKKKKK
   221      1   -20.1289315604   0.000000001812       0.0000  KPQNKKKKKKKKKRKK
   222      1   -12.3414105673   0.000004367104       0.0027  KRGKKKKKKKKKKKKK
   223      1   -16.3690502984   0.000000077806       0.0000  KSNNNNSNNNNNNNNN
   224      1   -13.0249061518   0.000002204729       0.0013  KVRKKKKKKKKKKKKK
   225      1   -12.1342983322   0.000005372064       0.0033  LFFFLLFFFFFFFFFF
   226      1   -24.8509604172   0.000000000016       0.0000  LFGCCCCRRRRRRCCC
   227      1   -19.8031500175   0.000000002510       0.0000  LFLFFFLFFFFFFFFL
   228      1   -14.2556196632   0.000000643966       0.0004  LH-LLLLLLLLLLLLI
   229      1   -12.8987264555   0.000002501234       0.0015  LILPLLLLLLLLLLLL
   230      1    -3.6579365013   0.025785666556      15.6777  LL-LLLLLLLLLLLLL
   231      1   -13.9108712240   0.000000909045       0.0006  LL-LQQLLLLLLLLLR
   232      1    -7.9762934557   0.000343510302       0.2089  LLALLLLLLLLLLLLL
   233      1    -8.2828385680   0.000252818538       0.1537  LLLLFFLLLLLLLLLL
   234      1   -19.8258036471   0.000000002453       0.0000  LLLLLLHLLLLLLILF
   235      2    -3.9258901713   0.019724570807      11.9925  LLLLLLLLLLL-LLLL
   236      1   -10.9740862113   0.000017140162       0.0104  LLLLLLLLLLL-VLLL
   237     14    -3.9258943611   0.019724488166      11.9925  LLLLLLLLLLLLLLLL
   238      1    -9.4670362335   0.000077360346       0.0470  LLLLLLLLLLLLLSLL
   239      1   -10.4044546003   0.000030297220       0.0184  LLLLLLPPPPP-PLLL
   240      1   -16.1665447045   0.000000095271       0.0001  LLLLPPLLLLLLLWLL
   241      1    -9.3497910183   0.000086983595       0.0529  LLLLVLLLLLLLLLLL
   242      1    -8.8386676982   0.000145015823       0.0882  LLLSLLLLLLLLLLLL
   243      1   -25.4707707705   0.000000000009       0.0000  LLLSPPLFFFFFFPPP
   244      1    -7.2297288251   0.000724717362       0.4406  LLLVLLLLLLLLLLLL
   245      1   -15.6119243234   0.000000165893       0.0001  LLPLNNLLLLLLLLLL
   246      1   -14.0027165168   0.000000829273       0.0005  LLPLQQLLLLLLLLLL
   247      1   -14.2178601409   0.000000668747       0.0004  LLPLSSLLLLLLLLLL
   248      1   -20.4687491288   0.000000001290       0.0000  LLPRLLLLLLIIILLL
   249      1    -8.5292284058   0.000197607384       0.1201  LLRLLLLLLLLLLLLL
   250      1   -16.7028422111   0.000000055725       0.0000  LLSSATSSSSSSSSS-
   251      1    -9.5615764075   0.000070381761       0.0428  LLSSSSSSSSSSSSSS
   252      1   -26.0751854245   0.000000000005       0.0000  LLVMIILLLLLLLMTT
   253      1   -11.6947800742   0.000008337225       0.0051  LLVVVVVVVVVVVVVL
   254      1   -23.8873739615   0.000000000042       0.0000  LPALTTSSSSSSSTTT
   255      1   -37.4406908934   0.000000000000       0.0000  LPGRWWQQQQQQQWRQ
   256      1   -26.2586614150   0.000000000004       0.0000  LVTLIIIIIIVIIFII
   257      1   -22.1178822589   0.000000000248       0.0000  MK-MAAMMMMMMMVLM
   258      1   -22.0937356221   0.000000000254       0.0000  MMITVVIVVVVVVLII
   259      2    -6.6580455806   0.001283652716       0.7805  MMMMMMMMMMMMMMMM
   260      1   -25.7125981641   0.000000000007       0.0000  MMRITIIIIIIIIISI
   261      1   -17.0600668251   0.000000038986       0.0000  MMVAMMVVVVVVVVVV
   262      1    -9.1909779037   0.000101955114       0.0620  MMVMMMMMMMMMMMMM
   263      1   -12.6865872426   0.000003092325       0.0019  MTVVVVVVVVVVVVVV
   264      1   -15.7332710620   0.000000146936       0.0001  MVLMVVMMMMMMMMMM
   265      1   -12.1461198106   0.000005308932       0.0032  NDDDDDEEEEEEEDDD
   266      1   -17.5133961679   0.000000024776       0.0000  NGDDGDDDDDDDDDDD
   267      1   -14.3181061485   0.000000604958       0.0004  NGRNNNNNNNNNNNNN
   268      1    -9.7974006831   0.000055595923       0.0338  NHHHHHHHHHHHHHHH
   269      1   -22.5582835606   0.000000000160       0.0000  NHHHHHHHHLLLLHYH
   270      1   -12.0896091764   0.000005617582       0.0034  NNASNNNNNNNNNNNN
   271      1   -17.2996331944   0.000000030681       0.0000  NNDNSSNNNNNNNNIN
   272      1    -9.1488061025   0.000106346694       0.0647  NNGNNNNNNNNNNNNN
   273      1   -21.8686332563   0.000000000318       0.0000  NNLHHQHHHHHHHHHQ
   274      4    -6.2086956475   0.002011859928       1.2232  NNNNNNNNNNNNNNNN
   275      1   -11.1157078905   0.000014876796       0.0090  NNNNNNNNNNNNNYN-
   276      1   -13.8441978810   0.000000971720       0.0006  NNQQHHQQQQQQQQQQ
   277      1   -11.9633893153   0.000006373325       0.0039  NNRSSSSSSSSSSSSS
   278      1   -10.7095027730   0.000022331713       0.0136  NNSDNNNNNNNNNNNN
   279      1   -16.6287552220   0.000000060010       0.0000  NNSGGGGGGGGGGGDG
   280      1   -15.9647343145   0.000000116575       0.0001  NNSNGSNNNNNNNSSS
   281      1   -11.4439876740   0.000010713696       0.0065  NNSNNNNNNNNNNSNN
   282      1   -20.4066758643   0.000000001372       0.0000  NNSSRRCCCCCCCSSR
   283      1   -12.2034573555   0.000005013094       0.0030  NNTTNNNNNNNNNNNN
   284      1   -24.0399611071   0.000000000036       0.0000  NSASNNRRRRRRRSNN
   285      1   -25.8006167208   0.000000000006       0.0000  NSGNKKSSSSSSSGGS
   286      1   -13.1380398434   0.000001968892       0.0012  NSNNNNNNNNNNNNSN
   287      1   -24.2558664612   0.000000000029       0.0000  NSSSAASSSSSSSGDG
   288      1    -8.9520901741   0.000129466270       0.0787  PA-AAAAAAAAAA-AA
   289      1   -13.7444990381   0.000001073594       0.0007  PLLPPPPPPPPPPPPP
   290      1   -26.4974503671   0.000000000003       0.0000  PP-SPPPPPPPPPMLV
   291      1   -13.5288412167   0.000001331984       0.0008  PPAATTAAAAAAAAAT
   292      1   -24.4563800439   0.000000000024       0.0000  PPASSSPPPPPPPSLP
   293      1   -23.5177531296   0.000000000061       0.0000  PPATTTTNTTTTTAAA
   294      1   -16.2870112624   0.000000084458       0.0001  PPKPQQQQQQQQQQQQ
   295      1    -8.8169577220   0.000148198536       0.0901  PPLLLLLLLLLLLLLL
   296      1    -7.7224723574   0.000442764577       0.2692  PPPAPPPPPPPPPPPP
   297      1   -11.3921114184   0.000011284151       0.0069  PPPCPPPPPPPPPPPP
   298      1   -12.8820066683   0.000002543405       0.0015  PPPLAAPPPPPPPPPP
   299      1   -11.0500073839   0.000015887032       0.0097  PPPPLPPPPPPPPPPP
   300      1    -4.3329388747   0.013128906526       7.9824  PPPPPPPPPPP-PPPP
   301      1    -8.2965566870   0.000249374023       0.1516  PPPPPPPPPPPPPAPP
   302      1    -4.2805688683   0.013834789675       8.4116  PPPPPPPPPPPPPPP-
   303      7    -4.3329415559   0.013128871324       7.9824  PPPPPPPPPPPPPPPP
   304      1    -9.2270345644   0.000098344438       0.0598  PPPPPPSSSSSSSPPP
   305      1   -27.2879966601   0.000000000001       0.0000  PPPSLLPQPPPPPPQL
   306      1   -12.0467676144   0.000005863478       0.0036  PPPSSSSSSSS-SSSS
   307      1   -12.3493013268   0.000004332779       0.0026  PPRRKKRRRRRRRRRR
   308      1   -22.5907396636   0.000000000155       0.0000  PPSPSSTTTTTTTRPP
   309      1   -21.2878198316   0.000000000569       0.0000  PPSSSSPLSSSSSSSS
   310      1   -16.1535935979   0.000000096512       0.0001  PQQQKQQQQQQQQQQQ
   311      1   -14.9380525347   0.000000325451       0.0002  PSLPLLPPPPPPPLLL
   312      1   -13.2445091925   0.000001770039       0.0011  PSPPPPAAAAAAAPPP
   313      1   -11.6405784819   0.000008801587       0.0054  PSSPPPPPPPPPPPPP
   314      1   -14.6594884726   0.000000429997       0.0003  PTTTTTTTTTTTTTAT
   315      1    -8.9284047854   0.000132569332       0.0806  QK-QQQQQQQQQQQQQ
   316      1    -9.4438732489   0.000079173157       0.0481  QKQQQQQQQQQQQQQQ
   317      1   -19.2435687779   0.000000004392       0.0000  QLQLQQLLLLLLLLLL
   318      1   -15.4919631996   0.000000187036       0.0001  QMRKKKKKKKKKKKKK
   319      1   -19.6958203769   0.000000002794       0.0000  QPHQQQQQQQQQQQPQ
   320      1   -17.2891914216   0.000000031003       0.0000  QPPEQQQQQQQQQQQQ
   321      1    -9.7001278688   0.000061275659       0.0373  QQ-QQQQQQQQQQHQQ
   322      1   -13.5631499389   0.000001287060       0.0008  QQ-TKKQQQQQQQ-KK
   323      1   -18.8762044408   0.000000006341       0.0000  QQGRGGRRRRRRRGRG
   324      1   -15.8554431659   0.000000130037       0.0001  QQHHHHHHHHHHHCHH
   325      1   -11.9827689830   0.000006251001       0.0038  QQKKKKKKKKK-KKRK
   326      1   -13.2124943678   0.000001827623       0.0011  QQKQQQQQQQQQQPQQ
   327      1   -12.9067701992   0.000002481195       0.0015  QQPHHHHHHHHHHHHH
   328      2    -9.8599014624   0.000052227496       0.0318  QQPQQQQQQQQQQQQQ
   329      1   -13.0484106906   0.000002153512       0.0013  QQPRQQQQQQQQQQQQ
   330      1   -15.1637188799   0.000000259705       0.0002  QQQHQQQHHHHHHQQQ
   331      1    -9.6071427600   0.000067246690       0.0409  QQQHQQQQQQQQQQQQ
   332      1   -10.3696922520   0.000031368942       0.0191  QQQPQQQQQQQQQQQQ
   333      1    -6.1261339587   0.002185011999       1.3285  QQQQQQQQQQQ-QQQQ
   334      1   -10.2156239154   0.000036594086       0.0222  QQQQQQQQQQQQQHQQ
   335     19    -6.1261409917   0.002184996632       1.3285  QQQQQQQQQQQQQQQQ
   336      1   -11.4716166749   0.000010421739       0.0063  QQQQQRQQQQQQQQQQ
   337      1    -9.9020648492   0.000050071186       0.0304  QQQQRRQQQQQQQQQQ
   338      1   -13.0487058432   0.000002152876       0.0013  QQQRQQKKKKKKKQQQ
   339      1   -13.4041329546   0.000001508895       0.0009  QQQRQQQQQQQQQHQQ
   340      1   -34.6272536241   0.000000000000       0.0000  QQRLLLLPPPPPPWQQ
   341      1   -29.4238604399   0.000000000000       0.0000  QQRPPPLLLLLLLPLL
   342      1   -21.1689813218   0.000000000640       0.0000  QQRQKQQQQQQQQHRQ
   343      1   -20.3142352482   0.000000001505       0.0000  QQRQQQQQQQQHHRQQ
   344      1    -8.8466199640   0.000143867192       0.0875  QQRQQQQQQQQQQQQQ
   345      1    -8.4366579743   0.000216773403       0.1318  QQRRRRRRRRRRRRRR
   346      1   -11.8574549098   0.000007085537       0.0043  QRRKRRRRRRRRRRRR
   347      1   -14.6688521311   0.000000425989       0.0003  REQKKKKKKKKKKKKK
   348      1   -20.2891434573   0.000000001544       0.0000  RGQSRRRRRRRRRRRK
   349      1   -33.1105071860   0.000000000000       0.0000  RHPSHHCCCCCCCCHH
   350      1   -15.3626168659   0.000000212863       0.0001  RKQQQQQQQQQQQHQQ
   351      1   -18.6008068156   0.000000008352       0.0000  RKQRKKKKKKKKKKKN
   352      1   -14.6475988591   0.000000435140       0.0003  RLLQLLLLLLLLLLLL
   353      1   -11.3475407930   0.000011798469       0.0072  RR-RRRRGRRRRRRRR
   354      1   -33.6496041138   0.000000000000       0.0000  RRARVIGRGGGGGKRR
   355      1   -13.8211423476   0.000000994384       0.0006  RREGEEEEEEEEEEEE
   356      1   -22.4851584089   0.000000000172       0.0000  RRGGKKGGGGGGGGAR
   357      1   -19.1437379486   0.000000004853       0.0000  RRGRRGKRRRRRRRRR
   358      1   -19.5615324575   0.000000003195       0.0000  RRIKSSRRRRR-RSRS
   359      1   -13.6632197518   0.000001164499       0.0007  RRKEKKEEEEEEEKKK
   360      1    -7.5059418280   0.000549807782       0.3343  RRKKKKKKKKK-KKKK
   361      1    -7.5059481802   0.000549804290       0.3343  RRKKKKKKKKKKKKKK
   362      1   -10.3050627275   0.000033463250       0.0203  RRQKKKKKKKKKKKKK
   363      1   -27.4577010752   0.000000000001       0.0000  RRRGRGQQQQQQQQQR
   364      1    -7.5296541525   0.000536923918       0.3264  RRRKRRRRRRRRRRRR
   365      1   -24.3603288110   0.000000000026       0.0000  RRRRGGRQRRRRRGVG
   366      1   -18.0324848580   0.000000014743       0.0000  RRRRKKQQQQQQQQQQ
   367      3    -5.1165424028   0.005996721338       3.6460  RRRRRRRRRRRRRRRR
   368      1   -12.4825811661   0.000003792136       0.0023  RRRRRRRRSSSSSRRR
   369      1   -14.2341074649   0.000000657969       0.0004  RRSKKKRRRRRRRKKK
   370      1   -17.6975018423   0.000000020610       0.0000  RRSNSSSSSSSSSCSS
   371      1   -18.6132750533   0.000000008248       0.0000  RRTATTTTTATTTTTT
   372      1   -29.6481904190   0.000000000000       0.0000  SA-LSSSLLLLLLPSL
   373      1   -15.6633449020   0.000000157578       0.0001  SA-QLLLLLLLLLLLL
   374      1   -20.1642456944   0.000000001749       0.0000  SAAAIIAAAAAAATTT
   375      1   -11.1692931646   0.000014100601       0.0086  SASTSSSSSSSSSSSS
   376      1   -21.9414571776   0.000000000296       0.0000  SATVAAAAAAAAASVA
   377      1   -11.1789911662   0.000013964514       0.0085  SDGGGGGGGGGGGGGG
   378      1   -15.2573146123   0.000000236501       0.0001  SENDNNNNNN-NNNNN
   379      1   -25.7922847040   0.000000000006       0.0000  SFASSSFSSSSSSSLS
   380      1   -11.1020474383   0.000015081414       0.0092  SGAGGGGGGGGGGGGG
   381      1    -8.0580244995   0.000316551536       0.1925  SGGGGGGGGGG-GGGG
   382      1    -8.0580268759   0.000316550783       0.1925  SGGGGGGGGGGGGGGG
   383      1   -16.4972393530   0.000000068445       0.0000  SNNSSSGGGGGGGSSS
   384      1   -11.7077505477   0.000008229786       0.0050  SNSNNNNNNNNNNNNN
   385      1   -14.1507304269   0.000000715181       0.0004  SPPPPAPPPPPPPPPP
   386      1   -14.2869544307   0.000000624100       0.0004  SPSSPPSSSSS-SSSS
   387      1    -7.5728477454   0.000514225977       0.3126  SS-PPPPPPPPPPPPP
   388      1   -17.0324872227   0.000000040076       0.0000  SS-SSSNNNNNNNGST
   389      1    -4.9791977400   0.006879579556       4.1828  SS-SSSSSSSSSSSSS
   390      1   -12.1766742680   0.000005149174       0.0031  SS-TGGSSSSSSSGGG
   391      2    -7.5125858498   0.000546166955       0.3321  SSASSSSSSSSSSSSS
   392      1   -23.9117489827   0.000000000041       0.0000  SSCCCCCYYCC-CCCC
   393      1   -29.2073399068   0.000000000000       0.0000  SSDRPPSSSSSSSNNC
   394      1   -13.4137208896   0.000001494497       0.0009  SSEKEEKKKKKKKEE-
   395      1   -12.5113722111   0.000003684513       0.0022  SSLFLLLLLLL-LLLL
   396      1    -9.4789039062   0.000076447685       0.0465  SSLSSSSSSSSSSSSS
   397      1   -10.9837550103   0.000016975236       0.0103  SSNSNNNNNNNNNNNN
   398      1   -13.1344416787   0.000001975989       0.0012  SSPHPPPPPPPPPPPP
   399      1   -24.2715995168   0.000000000029       0.0000  SSPPLLPPSPPPPLPP
   400      1    -7.8027276701   0.000408618880       0.2484  SSPPPPPPPPP-PPPP
   401      1    -7.8027303514   0.000408617784       0.2484  SSPPPPPPPPPPPPPP
   402      1   -12.3947744970   0.000004140167       0.0025  SSPPPPPPPPPPPPPS
   403      1   -17.4339278284   0.000000026825       0.0000  SSQPPPPPPPPPPPPT
   404      1   -22.3054401685   0.000000000206       0.0000  SSRSRRNNNNNNNSNS
   405      1   -22.3752142269   0.000000000192       0.0000  SSRSSSSGGGGGGNNS
   406      1    -9.0673965301   0.000115366501       0.0701  SSRSSSSSSSS-SSSS
   407      1   -25.8601305861   0.000000000006       0.0000  SSSGGGGDGGGGGSGA
   408      1   -10.5709616482   0.000025650137       0.0156  SSSNNNNNNNNNNNNN
   409      1    -8.6199886210   0.000180462308       0.1097  SSSNSSSSSSSSSSSS
   410      1   -17.7019854249   0.000000020518       0.0000  SSSPSSSSSSYYYSSS
   411      1   -22.0436667726   0.000000000267       0.0000  SSSSFFPSSSSSSFSS
   412      1   -11.8187530236   0.000007365136       0.0045  SSSSSSLSSSSSSSSS
   413      1   -19.1157370879   0.000000004990       0.0000  SSSSSSSFSSSSSSSF
   414      1   -14.2697057741   0.000000634959       0.0004  SSSSSSSSASSSSSSA
   415      1   -10.8821853661   0.000018790007       0.0114  SSSSSSSSSSSSSCSS
   416     23    -5.4915155936   0.004121592778       2.5059  SSSSSSSSSSSSSSSS
   417      1   -12.1721546307   0.000005172499       0.0031  SSSSSSSSSSSSSTST
   418      1   -15.5554455902   0.000000175532       0.0001  TAAAAAAAAAVAAAAA
   419      1   -19.7585244674   0.000000002624       0.0000  TAKMRRRRRRRRRRRR
   420      1   -17.2905523282   0.000000030961       0.0000  TATAVVVVVVVVVVVV
   421      1   -16.4487735249   0.000000071844       0.0000  TATTAAAAAAAAATTT
   422      1   -25.5816860739   0.000000000008       0.0000  TE-TTTTTIIIIIATN
   423      1   -14.6548754486   0.000000431985       0.0003  TKKKKKNKKKKKKKKK
   424      1   -16.5673863888   0.000000063808       0.0000  TP-TPTTTTTTTTTTT
   425      1   -47.8393686562   0.000000000000       0.0000  TPFNGGYYCCCCCDRG
   426      1   -24.8957147305   0.000000000015       0.0000  TRARTRTTTTTTTTTT
   427      1   -28.8229887784   0.000000000000       0.0000  TRMVVVMMMMMMMMRV
   428      1   -14.5545889303   0.000000477554       0.0003  TSKNKKKKKKKKKKKK
   429      1   -13.1550788275   0.000001935628       0.0012  TSSSSSSSSSSSSSNS
   430      1    -8.8554980610   0.000142595578       0.0867  TSSSSSSSSSSSSSSS
   431      1    -7.3196064287   0.000662422871       0.4028  TT-AAAAAAAAAAAAA
   432      1    -7.7329566533   0.000438146752       0.2664  TTAAAAAAAAAAAAAA
   433      1   -14.7553134080   0.000000390705       0.0002  TTANTTTTTTTTTTAT
   434      1   -28.4322392924   0.000000000000       0.0000  TTATTMLLLLLLLMLM
   435      1   -19.5722096277   0.000000003162       0.0000  TTGNDNNNNNNNNDNN
   436      1   -16.7902169692   0.000000051062       0.0000  TTIMTTIIIIIIIIII
   437      1   -26.1538800816   0.000000000004       0.0000  TTITPTTIIIIIITKT
   438      1    -8.4810184659   0.000207367399       0.1261  TTKKKKKKKKK-KKKK
   439      1   -11.7331524546   0.000008023367       0.0049  TTLSSSSSSSSSSSSS
   440      1   -23.3288339139   0.000000000074       0.0000  TTPNMMIIIIIIITTT
   441      1   -12.9300856119   0.000002424014       0.0015  TTPPPPPPPPPPPPPA
   442      1    -9.0489487658   0.000117514507       0.0714  TTPTTTTTTTTTTTTT
   443      1   -18.6826049601   0.000000007696       0.0000  TTQGQQQQQQQQQLQQ
   444      1   -22.9814399446   0.000000000105       0.0000  TTRSTTRRKRRRRTTT
   445      1   -20.8450627576   0.000000000885       0.0000  TTSATTVNNNNNNTTT
   446      1   -14.6894579905   0.000000417301       0.0003  TTTITTTTTSTTTTTT
   447      1   -16.1657711042   0.000000095344       0.0001  TTTTTTMKKKKKKTTT
   448      7    -5.1534760050   0.005779280963       3.5138  TTTTTTTTTTTTTTTT
   449      1   -19.8928711265   0.000000002294       0.0000  VCVLLLIIIIIIILLL
   450      1   -16.7191948605   0.000000054821       0.0000  VLPLVVLLLLLLLLLL
   451      1   -19.5709782435   0.000000003165       0.0000  VLSLSSAAAAAAASS-
   452      1    -7.6812520614   0.000461396840       0.2805  VVAAAAAAAAAAAAAA
   453      1   -23.9289272367   0.000000000041       0.0000  VVAAAAAAAADAATTA
   454      1   -12.5938895959   0.000003392683       0.0021  VVAGVVVVVVVVVVVV
   455      1   -20.6549061788   0.000000001071       0.0000  VVATITAAAAAAAAAA
   456      1   -17.4100042137   0.000000027475       0.0000  VVAVIIVVVVVVVGVI
   457      1    -7.4447682766   0.000584491525       0.3554  VVAVVVVVVVVVVVVV
   458      1   -19.6653683192   0.000000002880       0.0000  VVGATTVV-----VVI
   459      1   -16.8132835509   0.000000049898       0.0000  VVGAVVVIIIIIIVVV
   460      1   -12.2741457401   0.000004670961       0.0028  VVGVIIVVVVVVVVVV
   461      1   -11.8783212366   0.000006939220       0.0042  VVISIIIIIIIIIIII
   462      1    -8.8885207173   0.000137963594       0.0839  VVIVIIVVVVVVVIII
   463      1   -13.2112185190   0.000001829956       0.0011  VVLFLLFFFFFFFLLL
   464      1   -23.9525096897   0.000000000040       0.0000  VVLISSAAAAAAATAA
   465      2    -7.0558678386   0.000862334045       0.5243  VVLLLLLLLLLLLLLL
   466      1   -17.8076791844   0.000000018460       0.0000  VVPIIITIIIIIIIII
   467      1    -9.8204819440   0.000054327395       0.0330  VVSSSSSSSSSSSSSS
   468      1    -7.8606092550   0.000385638847       0.2345  VVVAVVVVVVVVVVVV
   469      1   -10.7350969581   0.000021767404       0.0132  VVVILLVVVVV-VVVV
   470      1    -7.1199817120   0.000808781542       0.4917  VVVIVVVVVVVVVVVV
   471      1   -11.3815310905   0.000011404174       0.0069  VVVVMMVVVVVVVVVM
   472      1   -20.0386246395   0.000000001983       0.0000  VVVVVVVVVIVVVVAM
   473      2    -4.8304078765   0.007983264416       4.8538  VVVVVVVVVVVVVVVV
   474      1   -15.6100117631   0.000000166210       0.0001  WWGQWWWWWWWWWWWW
   475      1   -26.1011799348   0.000000000005       0.0000  WWQP--WWWWWWWRLR
   476      1   -14.0750947162   0.000000771372       0.0005  WWRLLLLLLLLLLLLL
   477      1   -17.8432145727   0.000000017815       0.0000  WWWQWWWWWWWWWQWW
   478      1   -11.4268608001   0.000010898768       0.0066  WWWWWLWWWWWWWWWW
   479      2    -5.2067803858   0.005479286508       3.3314  WWWWWWWWWWWWWWWW
   480      1   -12.5340700729   0.000003601824       0.0022  YYNDNNNNNNNNNNNN
   481      1   -27.4398439409   0.000000000001       0.0000  YYVYWWYYYYYYYCLC
   482      1    -4.8310246775   0.007978341848       4.8508  YYYYYYYYYYYYYYYY