

TREE # 1

  0  0.0000   7911.165044  x:  0.00686   0.06275   0.03533   0.01485   0.02211   0.02218   0.01163   0.05198   0.02119   0.01328   0.02270   0.02051   0.02840   0.05030   0.15762   0.18065   0.09895   0.09043   0.02283   0.01667   0.03207   0.10337   0.02965   0.03430   0.08160   0.11870   0.00000   0.08979   0.25091  
  1 99.0000   7867.200271  x:  0.01152   0.06550   0.03368   0.00696   0.01032   0.01126   0.00060   0.03654   0.00696   0.00695   0.01398   0.01802   0.02683   0.05133   0.16580   0.18993   0.10098   0.09592   0.03529   0.01638   0.03386   0.10905   0.03066   0.03390   0.08273   0.12166   0.01582   0.08979   0.25720  
  2 1567.0167   7855.847442  x:  0.01303   0.06670   0.03295   0.00415   0.00518   0.00662   0.00461   0.02913   0.00079   0.00499   0.01036   0.01710   0.02621   0.05178   0.16958   0.19423   0.10190   0.09843   0.04019   0.01609   0.03459   0.11166   0.03109   0.03372   0.08325   0.12304   0.02124   0.08961   0.26013  
  3 5584.2484   7846.064147  x:  0.01319   0.06832   0.03196   0.00646   0.00117   0.00340   0.00594   0.01650   0.00532   0.00768   0.00760   0.01671   0.02577   0.05232   0.17543   0.20097   0.10326   0.10218   0.04487   0.01509   0.03535   0.11558   0.03158   0.03346   0.08400   0.12517   0.02408   0.08871   0.26479  
  4 1738.0761   7831.976296  x:  0.01310   0.07032   0.03073   0.00862   0.00462   0.00213   0.00712   0.00000   0.00736   0.01020   0.00533   0.01642   0.02529   0.05299   0.18290   0.20960   0.10498   0.10692   0.05044   0.01376   0.03624   0.12057   0.03217   0.03313   0.08496   0.12788   0.02707   0.08748   0.27078  
  5 5646.3713   7822.979254  x:  0.01165   0.07567   0.02756   0.01302   0.00592   0.01260   0.00935   0.00000   0.00921   0.01531   0.00609   0.01606   0.02424   0.05478   0.20398   0.23401   0.10968   0.12011   0.06443   0.00988   0.03844   0.13444   0.03364   0.03226   0.08756   0.13551   0.03298   0.08368   0.28790  
  6 4048.2402   7811.394780  x:  0.00147   0.07987   0.02666   0.01334   0.00524   0.00550   0.00800   0.00000   0.00627   0.01490   0.02369   0.02024   0.02504   0.05638   0.23058   0.26565   0.11438   0.13504   0.07060   0.00592   0.03879   0.15047   0.03386   0.03163   0.08999   0.14480   0.02319   0.07677   0.31132  
  7 1337.7373   7808.092189  x:  0.00000   0.08006   0.02720   0.01263   0.00490   0.00553   0.00744   0.00000   0.00577   0.01385   0.02176   0.02003   0.02546   0.05636   0.23471   0.27078   0.11470   0.13685   0.06973   0.00718   0.03842   0.15250   0.03359   0.03169   0.09011   0.14607   0.01915   0.07575   0.31542  
  8 925.4385   7805.236964  x:  0.00633   0.07972   0.02757   0.01078   0.00444   0.00546   0.00661   0.00000   0.00530   0.01230   0.01915   0.02012   0.02534   0.05592   0.24143   0.27967   0.11410   0.13841   0.06558   0.00225   0.03700   0.15448   0.03306   0.03201   0.08964   0.14740   0.01191   0.07578   0.32326  
  9 672.1669   7803.314197  x:  0.01724   0.07846   0.02688   0.00967   0.00439   0.00500   0.00638   0.00000   0.00532   0.01226   0.02020   0.02096   0.02429   0.05516   0.24831   0.28955   0.11233   0.13866   0.05968   0.00740   0.03587   0.15527   0.03273   0.03239   0.08862   0.14818   0.00787   0.07868   0.33275  
 10 583.9596   7801.343369  x:  0.01726   0.07289   0.02668   0.01317   0.00408   0.00481   0.00629   0.00000   0.00380   0.01236   0.01982   0.01968   0.02553   0.05417   0.25439   0.30163   0.10752   0.13512   0.04588   0.00717   0.03537   0.15244   0.03275   0.03253   0.08637   0.14699   0.01361   0.08703   0.34677  
 11 246.0027   7801.028649  x:  0.01649   0.07195   0.02679   0.01021   0.00443   0.00508   0.00664   0.00000   0.00548   0.01195   0.01992   0.02010   0.02479   0.05441   0.25489   0.30405   0.10629   0.13365   0.04455   0.00700   0.03576   0.15103   0.03290   0.03240   0.08610   0.14628   0.01498   0.08821   0.35010  
 12 171.8332   7800.733337  x:  0.01570   0.07190   0.02699   0.00991   0.00425   0.00508   0.00641   0.00000   0.00458   0.01430   0.01959   0.02123   0.02359   0.05537   0.25333   0.30733   0.10402   0.12949   0.04668   0.00681   0.03707   0.14660   0.03330   0.03205   0.08629   0.14394   0.01406   0.08790   0.35626  
 13 82.6881   7800.555455  x:  0.01573   0.07229   0.02681   0.01093   0.00437   0.00510   0.00659   0.00000   0.00508   0.01241   0.01992   0.02068   0.02435   0.05575   0.25169   0.30946   0.10286   0.12667   0.04892   0.00683   0.03765   0.14349   0.03339   0.03203   0.08652   0.14227   0.01364   0.08734   0.36079  
 14 131.6187   7800.523621  x:  0.01573   0.07269   0.02653   0.01056   0.00439   0.00506   0.00659   0.00000   0.00509   0.01289   0.02010   0.01978   0.02490   0.05517   0.25039   0.30973   0.10356   0.12653   0.04901   0.00686   0.03699   0.14314   0.03306   0.03236   0.08661   0.14203   0.01372   0.08700   0.36242  
 15 28.6839   7800.488071  x:  0.01573   0.07333   0.02666   0.01075   0.00439   0.00510   0.00662   0.00000   0.00510   0.01270   0.01996   0.02051   0.02446   0.05437   0.24801   0.30984   0.10507   0.12679   0.04870   0.00688   0.03617   0.14315   0.03280   0.03257   0.08678   0.14195   0.01409   0.08654   0.36496  
 16 36.2343   7800.471310  x:  0.01592   0.07340   0.02693   0.01073   0.00438   0.00509   0.00661   0.00000   0.00509   0.01270   0.01998   0.02029   0.02453   0.05495   0.24642   0.30958   0.10582   0.12717   0.04829   0.00689   0.03689   0.14368   0.03331   0.03207   0.08694   0.14220   0.01408   0.08644   0.36654  
 17 19.7606   7800.466559  x:  0.01590   0.07319   0.02642   0.01072   0.00438   0.00509   0.00659   0.00000   0.00508   0.01268   0.01992   0.02041   0.02457   0.05521   0.24597   0.30930   0.10570   0.12731   0.04832   0.00688   0.03708   0.14403   0.03318   0.03226   0.08687   0.14239   0.01397   0.08655   0.36709  
 18  9.6197   7800.460349  x:  0.01590   0.07284   0.02678   0.01076   0.00438   0.00509   0.00660   0.00000   0.00509   0.01268   0.01996   0.02031   0.02446   0.05536   0.24559   0.30874   0.10511   0.12750   0.04866   0.00686   0.03693   0.14460   0.03286   0.03250   0.08663   0.14271   0.01387   0.08683   0.36785  
 19  8.6298   7800.453186  x:  0.01586   0.07276   0.02674   0.01071   0.00438   0.00510   0.00660   0.00000   0.00509   0.01271   0.01993   0.02045   0.02470   0.05491   0.24557   0.30800   0.10443   0.12768   0.04892   0.00685   0.03663   0.14496   0.03326   0.03207   0.08650   0.14291   0.01377   0.08700   0.36858  
 20  7.5360   7800.441611  x:  0.01575   0.07311   0.02652   0.01078   0.00438   0.00508   0.00659   0.00000   0.00508   0.01261   0.01996   0.02006   0.02409   0.05451   0.24602   0.30697   0.10399   0.12794   0.04881   0.00684   0.03676   0.14495   0.03350   0.03207   0.08666   0.14292   0.01369   0.08692   0.36937  
 21  7.4156   7800.397156  x:  0.01574   0.07447   0.02686   0.01065   0.00438   0.00512   0.00658   0.00000   0.00507   0.01268   0.01982   0.02041   0.02472   0.05438   0.24812   0.30359   0.10339   0.12876   0.04827   0.00685   0.03756   0.14429   0.03305   0.03269   0.08740   0.14259   0.01393   0.08641   0.37182  
 22 20.9839   7800.321553  x:  0.01559   0.07383   0.02651   0.01071   0.00437   0.00516   0.00656   0.00000   0.00504   0.01259   0.01965   0.02027   0.02448   0.05620   0.25061   0.30051   0.10469   0.12923   0.04828   0.00693   0.03608   0.14310   0.03234   0.03139   0.08715   0.14196   0.01392   0.08597   0.37409  
 23 16.5429   7800.186898  x:  0.01537   0.07134   0.02683   0.01069   0.00435   0.00522   0.00650   0.00000   0.00497   0.01249   0.01938   0.02029   0.02456   0.05665   0.25314   0.29803   0.10743   0.12884   0.04898   0.00695   0.03542   0.14220   0.03464   0.03329   0.08626   0.14149   0.01342   0.08593   0.37614  
 24 25.7439   7799.721690  x:  0.01467   0.06648   0.02757   0.01044   0.00430   0.00539   0.00628   0.00000   0.00479   0.01211   0.01852   0.02009   0.02469   0.05199   0.25691   0.29576   0.11317   0.12546   0.05065   0.00677   0.03931   0.14250   0.03226   0.03198   0.08469   0.14183   0.01158   0.08703   0.37903  
 25 31.0920   7797.042230  x:  0.00900   0.07688   0.02821   0.00873   0.00388   0.00627   0.00498   0.00000   0.00360   0.00978   0.01311   0.01920   0.02540   0.05419   0.26078   0.30132   0.11648   0.10903   0.04798   0.00677   0.03627   0.15125   0.03244   0.03250   0.08356   0.14714   0.00579   0.09234   0.38319  
 26 28.0856   7795.141164  x:  0.00723   0.07008   0.02935   0.00803   0.00364   0.00704   0.00422   0.00000   0.00278   0.00832   0.00929   0.01853   0.02587   0.05334   0.25666   0.31183   0.10694   0.12034   0.04410   0.00738   0.03509   0.14724   0.03192   0.03274   0.08768   0.14521   0.00472   0.08160   0.38321  
 27 63.2468   7795.081203  x:  0.00688   0.07131   0.02935   0.00794   0.00363   0.00704   0.00416   0.00000   0.00275   0.00823   0.00917   0.01851   0.02590   0.05326   0.25623   0.31243   0.10689   0.12277   0.04444   0.00732   0.03573   0.14570   0.03192   0.03274   0.08473   0.14467   0.00410   0.08314   0.38309  
 28 24.6891   7795.080594  x:  0.00685   0.07129   0.02935   0.00793   0.00363   0.00704   0.00416   0.00000   0.00275   0.00822   0.00916   0.01850   0.02590   0.05326   0.25621   0.31244   0.10694   0.12288   0.04451   0.00731   0.03570   0.14556   0.03192   0.03274   0.08501   0.14477   0.00403   0.08343   0.38308  
 29  1.3810   7795.067845  x:  0.00684   0.07133   0.02936   0.00792   0.00364   0.00705   0.00417   0.00000   0.00275   0.00824   0.00919   0.01849   0.02590   0.05327   0.25616   0.31254   0.10687   0.12284   0.04446   0.00732   0.03569   0.14443   0.03192   0.03275   0.08474   0.14706   0.00425   0.08297   0.38306  
 30  0.3365   7794.298868  x:  0.00352   0.07324   0.03055   0.00666   0.00405   0.00703   0.00434   0.00000   0.00255   0.00819   0.01085   0.01773   0.02630   0.05341   0.25410   0.32016   0.10414   0.12995   0.04741   0.00869   0.03483   0.14502   0.03162   0.03293   0.08674   0.14355   0.00873   0.08189   0.38108  
 31  0.8100   7794.104420  x:  0.00446   0.07335   0.03076   0.00760   0.00436   0.00719   0.00412   0.00000   0.00181   0.00829   0.01122   0.01788   0.02642   0.05382   0.25474   0.32231   0.10405   0.13028   0.04775   0.01001   0.03484   0.14624   0.03169   0.03288   0.08668   0.14452   0.00826   0.08069   0.38124  
 32  0.0047   7793.988074  x:  0.00479   0.07326   0.03078   0.00729   0.00486   0.00743   0.00416   0.00000   0.00236   0.00768   0.01118   0.01814   0.02649   0.05398   0.25600   0.32332   0.10448   0.12953   0.04773   0.01129   0.03490   0.14728   0.03180   0.03282   0.08644   0.14547   0.00759   0.08006   0.38228  
 33  0.0046   7793.941356  x:  0.00402   0.07323   0.03065   0.00700   0.00507   0.00753   0.00413   0.00000   0.00224   0.00829   0.01074   0.01824   0.02639   0.05383   0.25692   0.32316   0.10495   0.12885   0.04737   0.01196   0.03486   0.14738   0.03182   0.03280   0.08635   0.14546   0.00743   0.08069   0.38334  
 34  0.0033   7793.926854  x:  0.00391   0.07309   0.03048   0.00729   0.00518   0.00737   0.00422   0.00000   0.00218   0.00806   0.01071   0.01808   0.02629   0.05369   0.25689   0.32289   0.10487   0.12914   0.04699   0.01232   0.03477   0.14672   0.03177   0.03282   0.08641   0.14477   0.00754   0.08139   0.38372  
 35  0.0015   7793.922160  x:  0.00425   0.07302   0.03043   0.00717   0.00523   0.00721   0.00427   0.00000   0.00215   0.00814   0.01078   0.01801   0.02628   0.05367   0.25654   0.32263   0.10468   0.12933   0.04699   0.01250   0.03475   0.14649   0.03176   0.03283   0.08643   0.14460   0.00746   0.08128   0.38342  
 36  0.0009   7793.921050  x:  0.00412   0.07309   0.03047   0.00717   0.00524   0.00714   0.00431   0.00000   0.00215   0.00811   0.01071   0.01806   0.02630   0.05369   0.25635   0.32237   0.10470   0.12917   0.04713   0.01250   0.03475   0.14662   0.03177   0.03283   0.08642   0.14477   0.00749   0.08108   0.38306  
 37  0.0006   7793.920920  x:  0.00413   0.07309   0.03050   0.00719   0.00525   0.00713   0.00431   0.00000   0.00216   0.00813   0.01071   0.01804   0.02632   0.05370   0.25631   0.32238   0.10471   0.12915   0.04706   0.01247   0.03475   0.14663   0.03178   0.03283   0.08641   0.14479   0.00749   0.08112   0.38298  
 38  0.0001   7793.920842  x:  0.00414   0.07309   0.03051   0.00717   0.00527   0.00712   0.00431   0.00000   0.00216   0.00812   0.01070   0.01804   0.02632   0.05370   0.25637   0.32243   0.10473   0.12915   0.04705   0.01243   0.03476   0.14664   0.03177   0.03283   0.08641   0.14478   0.00749   0.08115   0.38304  
 39  0.0001   7793.920816  x:  0.00414   0.07309   0.03050   0.00718   0.00528   0.00712   0.00431   0.00000   0.00216   0.00813   0.01070   0.01804   0.02631   0.05370   0.25637   0.32244   0.10471   0.12917   0.04709   0.01242   0.03476   0.14663   0.03178   0.03283   0.08642   0.14478   0.00748   0.08112   0.38305  
 40  0.0001   7793.920815  x:  0.00414   0.07309   0.03049   0.00718   0.00528   0.00713   0.00431   0.00000   0.00216   0.00813   0.01070   0.01804   0.02631   0.05370   0.25636   0.32243   0.10471   0.12917   0.04708   0.01242   0.03476   0.14664   0.03178   0.03283   0.08642   0.14478   0.00749   0.08113   0.38305  
 41  0.0000   7793.920814  x:  0.00414   0.07309   0.03049   0.00718   0.00528   0.00713   0.00431   0.00000   0.00216   0.00812   0.01070   0.01804   0.02631   0.05370   0.25636   0.32243   0.10471   0.12917   0.04708   0.01242   0.03476   0.14664   0.03178   0.03283   0.08642   0.14478   0.00749   0.08113   0.38304  
 42  0.0000   7793.920814  x:  0.00414   0.07309   0.03049   0.00718   0.00528   0.00713   0.00431   0.00000   0.00216   0.00812   0.01070   0.01804   0.02631   0.05370   0.25636   0.32243   0.10471   0.12917   0.04708   0.01242   0.03476   0.14664   0.03178   0.03283   0.08642   0.14478   0.00749   0.08113   0.38304  
 43  0.0000   7793.920814  x:  0.00414   0.07309   0.03049   0.00718   0.00528   0.00713   0.00431   0.00000   0.00216   0.00812   0.01070   0.01804   0.02631   0.05370   0.25636   0.32243   0.10471   0.12917   0.04708   0.01242   0.03476   0.14664   0.03178   0.03283   0.08642   0.14478   0.00749   0.08113   0.38304  