

TREE # 1

  0  0.0000  12076.883922  x:  0.01342   0.12022   0.02526   0.01350   0.01317   0.00000   0.01342   0.01262   0.01579   0.02452   0.04629   0.10335   0.25990   0.44705   0.17889   0.15878   0.01118   0.02112   0.03881   0.14785   0.03214   0.05088   0.18496   0.23345   0.01233   0.11204   0.56178   2.00000   0.90000   0.60884   1.99821   2.09673  
  1 99.0000  12076.881839  x:  0.01342   0.12022   0.02526   0.01350   0.01317   0.00000   0.01342   0.01262   0.01579   0.02452   0.04629   0.10335   0.25990   0.44705   0.17889   0.15878   0.01118   0.02112   0.03881   0.14785   0.03214   0.05088   0.18496   0.23345   0.01233   0.11204   0.56178   2.00000   0.90000   0.60884   1.99821   2.09673  
  2 1351.2686  12059.971282  x:  0.00757   0.12352   0.02547   0.02024   0.01140   0.00000   0.01475   0.00609   0.01469   0.02069   0.04323   0.10415   0.26280   0.45452   0.17953   0.16409   0.01128   0.00000   0.04837   0.15035   0.03305   0.04817   0.18924   0.23794   0.01082   0.11173   0.56581   2.00875   0.92725   0.61368   1.99632   2.09298  
  3 784.6794  12059.971282  x:  0.00757   0.12352   0.02547   0.02024   0.01140   0.00000   0.01475   0.00609   0.01469   0.02069   0.04323   0.10415   0.26280   0.45452   0.17953   0.16409   0.01128   0.00000   0.04837   0.15035   0.03305   0.04817   0.18924   0.23794   0.01082   0.11173   0.56581   2.00875   0.92725   0.61368   1.99632   2.09298  
  4 1286.5920  12043.740812  x:  0.01687   0.12551   0.02554   0.01606   0.01201   0.00000   0.01417   0.01543   0.01326   0.02237   0.04260   0.10401   0.26394   0.45719   0.17928   0.16558   0.04300   0.00235   0.05055   0.15088   0.03234   0.04785   0.19028   0.23954   0.01228   0.11186   0.56712   2.01192   0.93584   0.61559   1.99568   2.09187  
  5 1301.7134  12039.474817  x:  0.01448   0.12595   0.02553   0.01600   0.01237   0.00000   0.01339   0.00977   0.01335   0.02285   0.04244   0.10404   0.26467   0.45951   0.17923   0.16688   0.04717   0.00000   0.05168   0.15139   0.03237   0.04776   0.19127   0.24091   0.01254   0.11172   0.56842   2.01484   0.94282   0.61760   1.99501   2.09097  
  6 502.0527  12032.858476  x:  0.00000   0.12675   0.02551   0.01738   0.00946   0.00000   0.01845   0.01349   0.01415   0.02191   0.04183   0.10371   0.26727   0.46920   0.17865   0.17174   0.05119   0.00000   0.05554   0.15308   0.03168   0.04768   0.19506   0.24657   0.01327   0.11062   0.57390   2.02784   0.96937   0.62686   1.99181   2.08752  
  7 697.7373  12032.858476  x:  0.00000   0.12675   0.02551   0.01738   0.00946   0.00000   0.01845   0.01349   0.01415   0.02191   0.04183   0.10371   0.26727   0.46920   0.17865   0.17174   0.05119   0.00000   0.05554   0.15308   0.03168   0.04768   0.19506   0.24657   0.01327   0.11062   0.57390   2.02784   0.96937   0.62686   1.99181   2.08752  
  8 340.4351  12030.957653  x:  0.00191   0.12699   0.02576   0.01653   0.01313   0.00000   0.01441   0.00817   0.01350   0.02234   0.04174   0.10343   0.26759   0.47054   0.17838   0.17203   0.05160   0.00000   0.05522   0.15301   0.03179   0.04751   0.19527   0.24706   0.01277   0.11026   0.57460   2.02995   0.96968   0.62853   1.99118   2.08723  
  9 411.3742  12029.560818  x:  0.00530   0.12756   0.02635   0.01509   0.01076   0.00000   0.00983   0.00985   0.01282   0.02264   0.04147   0.10242   0.26870   0.47594   0.17721   0.17324   0.05203   0.00000   0.05407   0.15275   0.03211   0.04694   0.19609   0.24899   0.01138   0.10901   0.57742   2.03869   0.97075   0.63532   1.98856   2.08606  
 10 210.9728  12022.099999  x:  0.01997   0.13064   0.02884   0.01317   0.01152   0.00000   0.01843   0.01048   0.01244   0.02414   0.04062   0.09559   0.27655   0.51637   0.16834   0.18221   0.05208   0.00000   0.04681   0.15099   0.03390   0.04364   0.20210   0.26314   0.00505   0.10110   0.59875   2.10547   0.97720   0.68665   1.96864   2.07719  
 11 767.9635  12012.555424  x:  0.01891   0.13217   0.02788   0.02669   0.01020   0.00000   0.01640   0.00880   0.01938   0.02176   0.04265   0.09077   0.28651   0.57379   0.15643   0.19475   0.04502   0.00000   0.04526   0.15027   0.03460   0.04444   0.21032   0.28175   0.02056   0.09821   0.62992   2.20597   0.97559   0.76123   1.93898   2.06427  
 12 1594.4061  12005.024289  x:  0.00597   0.13214   0.02702   0.01858   0.01586   0.00000   0.01507   0.01294   0.01086   0.02341   0.04358   0.09456   0.29202   0.61042   0.15102   0.20264   0.04033   0.00000   0.05186   0.15220   0.03409   0.04893   0.21504   0.29146   0.02434   0.10015   0.65033   2.27754   0.96512   0.81055   1.91849   2.05540  
 13 1476.7943  12001.875339  x:  0.00000   0.13275   0.02747   0.01284   0.01158   0.00000   0.01564   0.00887   0.01625   0.02429   0.04433   0.10035   0.29395   0.62507   0.15124   0.20567   0.04359   0.00000   0.05709   0.15465   0.03369   0.05140   0.21641   0.29360   0.02064   0.10342   0.65896   2.31273   0.95761   0.83143   1.90913   2.05116  
 14 1056.2108  12001.875339  x:  0.00000   0.13275   0.02747   0.01284   0.01158   0.00000   0.01564   0.00887   0.01625   0.02429   0.04433   0.10035   0.29395   0.62507   0.15124   0.20567   0.04359   0.00000   0.05709   0.15465   0.03369   0.05140   0.21641   0.29360   0.02064   0.10342   0.65896   2.31273   0.95761   0.83143   1.90913   2.05116  
 15 848.9051  11999.980019  x:  0.00516   0.13372   0.02803   0.02008   0.01346   0.00000   0.01462   0.01063   0.01358   0.02388   0.04468   0.10211   0.29382   0.62385   0.15332   0.20525   0.04785   0.00000   0.05716   0.15557   0.03389   0.05087   0.21591   0.29214   0.01770   0.10495   0.65864   2.31526   0.95719   0.83047   1.90905   2.05086  
 16 349.8235  11998.449678  x:  0.00803   0.13539   0.02824   0.01766   0.01160   0.00000   0.01428   0.00739   0.01471   0.02366   0.04449   0.10669   0.29314   0.62007   0.15936   0.20409   0.05435   0.00000   0.05745   0.15831   0.03448   0.04988   0.21460   0.28790   0.01121   0.10975   0.65781   2.32315   0.95543   0.82761   1.90872   2.04994  
 17 212.4026  11997.461351  x:  0.00728   0.13650   0.02800   0.01526   0.01183   0.00000   0.01539   0.01129   0.01540   0.02380   0.04437   0.11038   0.29242   0.61634   0.16494   0.20289   0.05798   0.00000   0.05772   0.16078   0.03482   0.04932   0.21344   0.28395   0.00769   0.11436   0.65709   2.33106   0.95389   0.82477   1.90838   2.04900  
 18 493.4651  11995.289928  x:  0.00000   0.13798   0.02697   0.01665   0.01506   0.00000   0.01530   0.01011   0.01389   0.02442   0.04466   0.11629   0.29086   0.60795   0.17633   0.19997   0.06067   0.00000   0.05823   0.16555   0.03498   0.04917   0.21123   0.27584   0.00839   0.12398   0.65576   2.34935   0.95098   0.81836   1.90756   2.04678  
 19 440.6925  11995.289928  x:  0.00000   0.13798   0.02697   0.01665   0.01506   0.00000   0.01530   0.01011   0.01389   0.02442   0.04466   0.11629   0.29086   0.60795   0.17633   0.19997   0.06067   0.00000   0.05823   0.16555   0.03498   0.04917   0.21123   0.27584   0.00839   0.12398   0.65576   2.34935   0.95098   0.81836   1.90756   2.04678  
 20 353.4653  11994.755567  x:  0.00093   0.13790   0.02728   0.01769   0.01117   0.00000   0.01446   0.00933   0.01470   0.02393   0.04476   0.11489   0.29096   0.60705   0.17657   0.19936   0.05914   0.00000   0.05806   0.16527   0.03467   0.04976   0.21137   0.27572   0.01040   0.12310   0.65579   2.35204   0.95121   0.81755   1.90738   2.04639  
 21 161.2812  11993.432676  x:  0.00467   0.13722   0.02831   0.01912   0.01336   0.00000   0.01589   0.01126   0.01558   0.02327   0.04491   0.10664   0.29145   0.60120   0.17795   0.19553   0.04999   0.00000   0.05695   0.16356   0.03317   0.05249   0.21216   0.27487   0.01750   0.11692   0.65585   2.36955   0.95269   0.81234   1.90624   2.04383  
 22 177.3871  11992.572162  x:  0.00575   0.13670   0.02836   0.01689   0.01403   0.00000   0.01463   0.00811   0.01335   0.02382   0.04459   0.10237   0.29166   0.59671   0.17884   0.19289   0.04572   0.00000   0.05636   0.16245   0.03302   0.05291   0.21260   0.27417   0.01765   0.11239   0.65572   2.38320   0.95338   0.80838   1.90530   2.04185  
 23 374.0495  11991.307318  x:  0.00609   0.13578   0.02773   0.01390   0.01189   0.00000   0.01365   0.01134   0.01271   0.02468   0.04392   0.09789   0.29173   0.58850   0.18011   0.18849   0.04263   0.00000   0.05570   0.16069   0.03361   0.05164   0.21305   0.27277   0.01331   0.10544   0.65521   2.40854   0.95443   0.80111   1.90348   2.03813  
 24 512.1310  11989.306096  x:  0.00584   0.13438   0.02681   0.01839   0.01210   0.00000   0.01484   0.00944   0.01629   0.02442   0.04352   0.09463   0.29141   0.57454   0.18178   0.18163   0.04328   0.00000   0.05518   0.15806   0.03449   0.04837   0.21324   0.27028   0.00732   0.09768   0.65398   2.45244   0.95629   0.78864   1.90026   2.03163  
 25 786.4149  11982.853238  x:  0.00184   0.13030   0.02651   0.01926   0.01184   0.00000   0.01588   0.00997   0.01017   0.02004   0.04196   0.09701   0.28875   0.52850   0.18596   0.16163   0.05872   0.00000   0.05566   0.15098   0.03543   0.03959   0.21191   0.26195   0.01475   0.09193   0.64899   2.60207   0.96152   0.74692   1.88875   2.00921  
 26 1003.8888  11980.713144  x:  0.00000   0.12930   0.02672   0.01655   0.01258   0.00000   0.01410   0.00949   0.01395   0.02168   0.04174   0.09858   0.28774   0.51711   0.18686   0.15766   0.06132   0.00000   0.05572   0.14970   0.03521   0.04050   0.21114   0.25992   0.01657   0.09297   0.64744   2.64163   0.96178   0.73631   1.88549   2.00322  
 27 1899.5551  11977.217668  x:  0.00000   0.12796   0.02782   0.01885   0.01092   0.00000   0.01676   0.00968   0.01107   0.02679   0.04327   0.10406   0.28416   0.49495   0.18814   0.15573   0.05871   0.00000   0.05496   0.14982   0.03241   0.05439   0.20744   0.25620   0.01199   0.10348   0.64264   2.73628   0.95616   0.71354   1.87633   1.98851  
 28 969.4152  11975.119011  x:  0.00000   0.12856   0.02629   0.01896   0.01184   0.00000   0.01376   0.01015   0.01149   0.01859   0.04350   0.10563   0.28193   0.48747   0.18820   0.16026   0.05323   0.00000   0.05453   0.15205   0.03062   0.05551   0.20493   0.25558   0.00872   0.11130   0.63963   2.78957   0.95039   0.70321   1.87004   1.97972  
 29 766.0085  11972.431262  x:  0.00000   0.13190   0.02450   0.01813   0.01050   0.00000   0.01833   0.00920   0.01238   0.02131   0.04185   0.10439   0.27902   0.48558   0.18677   0.17404   0.04487   0.00000   0.05434   0.15759   0.03142   0.04471   0.20148   0.25718   0.00883   0.12140   0.63522   2.86622   0.94191   0.69251   1.85918   1.96589  
 30 675.5408  11970.719067  x:  0.00000   0.13539   0.02727   0.02162   0.01187   0.00000   0.01269   0.01076   0.01108   0.02473   0.04249   0.10159   0.27821   0.49090   0.18441   0.18511   0.04539   0.00000   0.05453   0.16116   0.03462   0.04254   0.20030   0.25978   0.00932   0.12276   0.63278   2.91587   0.93866   0.68868   1.85085   1.95581  
 31 625.3162  11966.522896  x:  0.00000   0.14484   0.03243   0.01776   0.01145   0.00000   0.01701   0.00956   0.01253   0.02132   0.04504   0.09373   0.27849   0.51557   0.17578   0.21474   0.05606   0.00000   0.05566   0.16914   0.04008   0.04933   0.19982   0.26882   0.00997   0.11713   0.62751   3.04856   0.93367   0.68388   1.82634   1.92681  
 32 979.2675  11963.490670  x:  0.00000   0.14575   0.02363   0.01838   0.01174   0.00000   0.01562   0.00990   0.01207   0.02346   0.04326   0.09843   0.28148   0.53947   0.16858   0.22744   0.05958   0.00000   0.05629   0.17015   0.02831   0.05187   0.20305   0.27487   0.01163   0.11005   0.62643   3.13763   0.93104   0.68607   1.80750   1.90533  
 33 712.5244  11959.610981  x:  0.00000   0.13654   0.02882   0.01831   0.01193   0.00000   0.01631   0.00984   0.01237   0.02249   0.04201   0.12034   0.28939   0.58283   0.15786   0.22795   0.05096   0.00000   0.05527   0.16328   0.03377   0.05170   0.21242   0.28062   0.01314   0.10393   0.62978   3.26558   0.92596   0.69799   1.77624   1.87076  
 34 579.0649  11957.358553  x:  0.00000   0.13253   0.02347   0.01814   0.01191   0.00000   0.01625   0.00997   0.01226   0.02331   0.05160   0.11389   0.29561   0.61219   0.15840   0.21370   0.05249   0.00000   0.05667   0.15833   0.03755   0.05070   0.21721   0.27964   0.01142   0.11530   0.63717   3.33964   0.91944   0.71193   1.75399   1.84670  
 35 335.4883  11956.040419  x:  0.00000   0.13314   0.02974   0.01816   0.01188   0.00000   0.01640   0.01001   0.01248   0.02320   0.04652   0.10799   0.29894   0.62955   0.16280   0.20272   0.05481   0.00000   0.05771   0.15756   0.03295   0.04948   0.21859   0.27796   0.00864   0.12318   0.64364   3.38292   0.91495   0.72196   1.73951   1.83084  
 36 473.0804  11955.585747  x:  0.00000   0.13585   0.02726   0.01885   0.01195   0.00000   0.01630   0.01007   0.01250   0.02312   0.04150   0.10784   0.29910   0.63452   0.16852   0.19874   0.05494   0.00000   0.05752   0.16044   0.03578   0.05100   0.21721   0.27689   0.00906   0.12416   0.64798   3.39773   0.91401   0.72643   1.73324   1.82341  
 37 168.6954  11954.943239  x:  0.00000   0.14243   0.02806   0.01881   0.01191   0.00000   0.01646   0.01008   0.01266   0.02318   0.04547   0.11163   0.29762   0.63958   0.18211   0.19371   0.05378   0.00000   0.05673   0.16825   0.03490   0.05068   0.21284   0.27514   0.00991   0.12177   0.65764   3.41947   0.91344   0.73425   1.72185   1.80898  
 38 156.5202  11954.536513  x:  0.00000   0.13621   0.02866   0.01958   0.01181   0.00000   0.01661   0.01014   0.01292   0.02312   0.04559   0.11011   0.29429   0.63286   0.18655   0.19808   0.05459   0.00000   0.06057   0.16628   0.03488   0.05136   0.21349   0.27906   0.01173   0.11938   0.67201   3.43211   0.90797   0.74052   1.70700   1.78737  
 39 38.6644  11954.434883  x:  0.00287   0.13616   0.02871   0.01968   0.01178   0.00000   0.01662   0.01014   0.01296   0.02310   0.04559   0.10988   0.29418   0.63153   0.18633   0.19867   0.05465   0.00000   0.05966   0.16585   0.03484   0.05141   0.21385   0.27973   0.01190   0.11938   0.67438   3.43388   0.90771   0.74128   1.70428   1.78307  
 40 107.0675  11954.158041  x:  0.00172   0.13803   0.02880   0.02007   0.01161   0.00000   0.01666   0.01014   0.01308   0.02296   0.04556   0.10888   0.29454   0.62518   0.18277   0.20080   0.05436   0.00000   0.05404   0.16448   0.03460   0.05157   0.21605   0.28247   0.01229   0.12035   0.68481   3.44111   0.90882   0.74389   1.69125   1.76159  
 41 97.9102  11953.922044  x:  0.00198   0.14220   0.02880   0.02032   0.01148   0.00000   0.01667   0.01015   0.01311   0.02282   0.04564   0.10881   0.29679   0.62036   0.17679   0.20111   0.05257   0.00000   0.05826   0.16582   0.03459   0.05176   0.21801   0.28281   0.01207   0.12140   0.69115   3.44506   0.91148   0.74367   1.67933   1.74030  
 42 88.4130  11953.176459  x:  0.00164   0.13924   0.02888   0.02010   0.01170   0.00000   0.01669   0.01015   0.01316   0.02301   0.04572   0.10870   0.30676   0.61493   0.16700   0.20234   0.05415   0.00000   0.05691   0.17211   0.03470   0.05148   0.21077   0.27066   0.01321   0.11775   0.69022   3.44467   0.89959   0.72780   1.63370   1.65399  
 43 50.9747  11951.134414  x:  0.00105   0.13674   0.02837   0.01883   0.01198   0.00000   0.01651   0.01009   0.01281   0.02329   0.04523   0.11024   0.31161   0.61406   0.17737   0.21106   0.05455   0.00000   0.05806   0.16169   0.03494   0.05026   0.21079   0.26478   0.01028   0.12130   0.67299   3.43626   0.89350   0.66672   1.51321   1.41291  
 44 195.6209  11950.251948  x:  0.00082   0.13885   0.02821   0.01869   0.01218   0.00000   0.01654   0.01013   0.01284   0.02346   0.04543   0.11055   0.29780   0.61727   0.17341   0.20152   0.05553   0.00000   0.05752   0.16642   0.03515   0.04982   0.21379   0.27767   0.01079   0.11922   0.66478   3.43292   0.87922   0.63186   1.45881   1.30486  
 45 207.1937  11950.057066  x:  0.00092   0.13869   0.02839   0.01937   0.01192   0.00000   0.01659   0.01012   0.01306   0.02315   0.04541   0.10923   0.29651   0.62624   0.17238   0.20047   0.05453   0.00000   0.05754   0.16479   0.03482   0.05005   0.21169   0.27454   0.01205   0.11851   0.67285   3.43589   0.87753   0.60813   1.44676   1.28354  
 46 23.0591  11950.033515  x:  0.00079   0.13934   0.02844   0.01943   0.01196   0.00000   0.01663   0.01014   0.01311   0.02321   0.04554   0.10953   0.29943   0.62677   0.17369   0.20064   0.05480   0.00000   0.05748   0.16560   0.03491   0.05010   0.21469   0.27526   0.01222   0.11843   0.67454   3.43587   0.87542   0.60420   1.44343   1.28245  
 47  8.9723  11950.013542  x:  0.00066   0.14007   0.02838   0.01927   0.01204   0.00000   0.01663   0.01015   0.01308   0.02328   0.04557   0.11004   0.30122   0.62698   0.17386   0.20053   0.05499   0.00000   0.05782   0.16463   0.03504   0.05002   0.21277   0.27760   0.01191   0.11861   0.67683   3.43484   0.87477   0.60101   1.43655   1.28444  
 48  5.0843  11949.942757  x:  0.00077   0.13770   0.02826   0.01871   0.01220   0.00000   0.01654   0.01013   0.01289   0.02345   0.04544   0.11068   0.29927   0.62786   0.17347   0.20125   0.05559   0.00000   0.05756   0.16732   0.03515   0.04976   0.21320   0.27771   0.01044   0.12000   0.68284   3.43111   0.87794   0.59059   1.40676   1.29516  
 49 13.7659  11949.850740  x:  0.00064   0.14060   0.02803   0.01838   0.01233   0.00000   0.01650   0.01012   0.01284   0.02357   0.04545   0.11158   0.29510   0.62765   0.17299   0.20182   0.05591   0.00000   0.05788   0.16449   0.03529   0.04966   0.21486   0.27430   0.01004   0.11964   0.68505   3.42865   0.87810   0.57880   1.36470   1.31012  
 50 42.7425  11949.256315  x:  0.00126   0.13733   0.02813   0.01897   0.01185   0.00000   0.01624   0.00999   0.01303   0.02300   0.04520   0.10897   0.29358   0.62152   0.17547   0.19657   0.05349   0.00000   0.05728   0.16467   0.03459   0.04999   0.21303   0.27690   0.01092   0.11950   0.66546   3.42864   0.90032   0.50517   1.09161   1.40552  
 51 62.2053  11947.583742  x:  0.00095   0.13656   0.02735   0.01655   0.01246   0.00000   0.01425   0.00928   0.01430   0.02348   0.04415   0.10804   0.29096   0.58038   0.17889   0.19145   0.05428   0.00000   0.05644   0.16230   0.03378   0.04948   0.21122   0.27400   0.01115   0.11702   0.65480   3.60235   0.90238   0.52689   1.22364   1.43402  
 52  0.2158  11947.438471  x:  0.00101   0.13639   0.02734   0.01676   0.01244   0.00000   0.01453   0.00956   0.01431   0.02368   0.04421   0.10816   0.29115   0.58028   0.17976   0.19027   0.05421   0.00000   0.05659   0.16255   0.03398   0.04964   0.21120   0.27256   0.01013   0.11695   0.66316   3.66370   0.90151   0.51707   1.16089   1.44413  
 53  0.0875  11947.425884  x:  0.00112   0.13630   0.02744   0.01697   0.01239   0.00000   0.01471   0.00961   0.01424   0.02365   0.04427   0.10801   0.29136   0.58292   0.17928   0.19077   0.05400   0.00000   0.05660   0.16258   0.03406   0.04958   0.21124   0.27279   0.01009   0.11692   0.66193   3.67814   0.90354   0.51009   1.14100   1.45276  
 54  0.0256  11947.423016  x:  0.00112   0.13628   0.02747   0.01693   0.01238   0.00000   0.01470   0.00957   0.01418   0.02361   0.04427   0.10796   0.29136   0.58278   0.17914   0.19092   0.05400   0.00000   0.05657   0.16264   0.03408   0.04954   0.21131   0.27311   0.01016   0.11690   0.66101   3.68281   0.90674   0.50907   1.12450   1.46778  
 55  0.0144  11947.420994  x:  0.00107   0.13648   0.02745   0.01687   0.01241   0.00000   0.01465   0.00957   0.01417   0.02363   0.04427   0.10808   0.29147   0.58252   0.17920   0.19097   0.05417   0.00000   0.05659   0.16260   0.03409   0.04953   0.21140   0.27302   0.01019   0.11683   0.66188   3.68091   0.90961   0.50351   1.10084   1.47997  
 56  0.0159  11947.420685  x:  0.00109   0.13647   0.02745   0.01692   0.01241   0.00000   0.01468   0.00959   0.01419   0.02365   0.04427   0.10807   0.29147   0.58275   0.17930   0.19082   0.05416   0.00000   0.05661   0.16261   0.03409   0.04956   0.21139   0.27297   0.01020   0.11682   0.66206   3.67923   0.91026   0.50335   1.09855   1.48399  
 57  0.0048  11947.420657  x:  0.00109   0.13644   0.02745   0.01692   0.01240   0.00000   0.01468   0.00959   0.01420   0.02365   0.04427   0.10806   0.29146   0.58273   0.17930   0.19083   0.05415   0.00000   0.05660   0.16260   0.03408   0.04956   0.21138   0.27295   0.01017   0.11683   0.66195   3.67910   0.91045   0.50296   1.09670   1.48506  
 58  0.0019  11947.420655  x:  0.00109   0.13644   0.02745   0.01692   0.01240   0.00000   0.01468   0.00958   0.01421   0.02364   0.04427   0.10806   0.29145   0.58272   0.17929   0.19084   0.05415   0.00000   0.05660   0.16260   0.03408   0.04956   0.21138   0.27296   0.01017   0.11683   0.66195   3.67911   0.91043   0.50299   1.09697   1.48518  
 59  0.0003  11947.420655  x:  0.00109   0.13644   0.02745   0.01692   0.01240   0.00000   0.01468   0.00958   0.01420   0.02364   0.04427   0.10806   0.29145   0.58272   0.17929   0.19084   0.05415   0.00000   0.05660   0.16260   0.03408   0.04956   0.21138   0.27296   0.01017   0.11683   0.66195   3.67913   0.91044   0.50297   1.09683   1.48529  
 60  0.0002  11947.420654  x:  0.00109   0.13644   0.02745   0.01692   0.01240   0.00000   0.01468   0.00958   0.01420   0.02364   0.04427   0.10806   0.29145   0.58272   0.17929   0.19084   0.05415   0.00000   0.05660   0.16260   0.03408   0.04956   0.21138   0.27296   0.01017   0.11683   0.66195   3.67913   0.91044   0.50297   1.09684   1.48528  
 61  0.0000  11947.420654  x:  0.00109   0.13644   0.02745   0.01692   0.01240   0.00000   0.01468   0.00958   0.01420   0.02364   0.04427   0.10806   0.29145   0.58272   0.17929   0.19084   0.05415   0.00000   0.05660   0.16260   0.03408   0.04956   0.21138   0.27296   0.01017   0.11683   0.66195   3.67913   0.91044   0.50297   1.09684   1.48528  
 62  0.0000  11947.420654  x:  0.00109   0.13644   0.02745   0.01692   0.01240   0.00000   0.01468   0.00958   0.01420   0.02364   0.04427   0.10806   0.29145   0.58272   0.17929   0.19084   0.05415   0.00000   0.05660   0.16260   0.03408   0.04956   0.21138   0.27296   0.01017   0.11683   0.66195   3.67913   0.91044   0.50297   1.09684   1.48528  