

Model 0: one-ratio

TREE # 1

  0  0.0000   9122.733842  x:  0.00000   0.05247   0.06588   0.02618   0.07973   0.07043   0.03899   0.04275   0.07033   0.02393   0.06100   0.03787   0.03984   0.05073   0.08583   0.15784   0.08657   0.06151   0.06966   0.03865   0.07956   0.09086   0.02785   0.03607   0.06952   0.13743   0.03603   0.08555   0.14303   2.00000   0.40000  
  1 99.0000   8889.344174  x:  0.05043   0.10917   0.05318   0.05165   0.05554   0.03327   0.01674   0.00684   0.03102   0.00000   0.03582   0.04427   0.04077   0.09564   0.14237   0.19711   0.09843   0.09396   0.07252   0.02982   0.07929   0.12731   0.06597   0.05889   0.14383   0.15881   0.01044   0.12311   0.16381   2.00605   0.37602  
  2 2406.0935   8860.523398  x:  0.05929   0.11921   0.05092   0.05615   0.05122   0.02666   0.01285   0.00046   0.02400   0.00140   0.03134   0.04540   0.04093   0.10359   0.15240   0.20409   0.10053   0.09972   0.07303   0.02824   0.07923   0.13378   0.07270   0.06291   0.15700   0.16262   0.00588   0.12977   0.16751   2.00713   0.37173  
  3 78733.4320   8837.352690  x:  0.06662   0.13006   0.04775   0.06039   0.04520   0.01686   0.01011   0.01563   0.01342   0.00274   0.02566   0.04652   0.04102   0.11209   0.16406   0.21320   0.10310   0.10630   0.07323   0.02595   0.07884   0.14146   0.07905   0.06663   0.17209   0.16769   0.00000   0.13788   0.17239   2.00876   0.36531  
  4 5939.0620   8812.063393  x:  0.05948   0.13137   0.04467   0.05837   0.03960   0.00561   0.01833   0.01566   0.00000   0.00273   0.02331   0.04629   0.04074   0.11268   0.16846   0.22017   0.10437   0.10827   0.07193   0.02373   0.07743   0.14485   0.07628   0.06447   0.17710   0.17191   0.00128   0.14223   0.17639   2.01080   0.35743  
  5 1468.9088   8803.620389  x:  0.05448   0.13137   0.04323   0.05687   0.03707   0.00000   0.01664   0.01541   0.00000   0.00271   0.02355   0.04637   0.04071   0.11244   0.17020   0.22365   0.10488   0.10889   0.07116   0.02272   0.07662   0.14627   0.07427   0.06305   0.17894   0.17402   0.00021   0.14405   0.17831   2.01197   0.35306  
  6 2559.7586   8785.038939  x:  0.02711   0.13431   0.03808   0.04894   0.02995   0.00000   0.00470   0.01575   0.00000   0.00283   0.03916   0.05392   0.04264   0.11388   0.18156   0.24343   0.10729   0.11276   0.06869   0.02164   0.07266   0.15486   0.06807   0.05981   0.19117   0.18576   0.01736   0.15422   0.18911   2.01982   0.32730  
  7 2143.9160   8771.387233  x:  0.00000   0.13930   0.03968   0.04514   0.03853   0.00000   0.01081   0.01541   0.00000   0.00273   0.06781   0.06751   0.04783   0.11773   0.19179   0.26047   0.10768   0.11471   0.06865   0.02619   0.06995   0.16185   0.06944   0.06397   0.20170   0.19478   0.00690   0.15874   0.19591   2.02995   0.30124  
  8 829.6061   8767.618313  x:  0.01359   0.13639   0.04236   0.04239   0.04449   0.00000   0.01245   0.01581   0.00000   0.00272   0.06968   0.06663   0.04666   0.11269   0.19451   0.27634   0.10479   0.10978   0.07282   0.03039   0.06589   0.16252   0.06326   0.06252   0.19837   0.20110   0.00792   0.15528   0.20011   2.04742   0.27216  
  9 201.6453   8762.289283  x:  0.00376   0.13628   0.04786   0.05609   0.04981   0.00000   0.01139   0.01617   0.00000   0.00258   0.04755   0.05768   0.04337   0.11148   0.19650   0.29443   0.10215   0.10503   0.07585   0.03015   0.06578   0.16228   0.07187   0.07082   0.19391   0.20363   0.01828   0.14724   0.20184   2.08535   0.24909  
 10 196.3148   8751.189086  x:  0.00209   0.14217   0.04104   0.03514   0.03580   0.00000   0.01540   0.01738   0.00000   0.00224   0.02288   0.05700   0.04054   0.11581   0.20309   0.32797   0.10737   0.11021   0.07345   0.02084   0.07092   0.16609   0.07114   0.06545   0.19381   0.20703   0.03664   0.14585   0.20583   2.19079   0.26117  
 11 203.1715   8747.305174  x:  0.00438   0.14131   0.03499   0.05044   0.02370   0.00000   0.01828   0.01808   0.00000   0.00212   0.02613   0.04957   0.04279   0.11446   0.20449   0.33766   0.10918   0.11219   0.06942   0.01555   0.07031   0.16791   0.06411   0.05758   0.19535   0.20886   0.04350   0.15102   0.20818   2.23916   0.26849  
 12 412.7607   8746.123887  x:  0.00426   0.13851   0.03270   0.05372   0.03195   0.00000   0.01831   0.01819   0.00000   0.00209   0.02265   0.04744   0.04190   0.11228   0.20469   0.33513   0.10942   0.11334   0.06549   0.01864   0.06754   0.17015   0.05916   0.05447   0.20052   0.21088   0.04524   0.16038   0.21010   2.26347   0.27185  
 13 163.8499   8744.051350  x:  0.00548   0.12940   0.04077   0.05047   0.02710   0.00000   0.01880   0.01830   0.00000   0.00207   0.02318   0.04333   0.03776   0.10707   0.20167   0.31894   0.10668   0.11172   0.06058   0.02049   0.06088   0.17321   0.06160   0.06198   0.20967   0.21338   0.04558   0.17631   0.21187   2.32404   0.27061  
 14 170.0978   8741.128897  x:  0.00631   0.12449   0.03633   0.05160   0.02567   0.00000   0.01848   0.01818   0.00000   0.00208   0.01984   0.05652   0.04515   0.10646   0.19842   0.29437   0.10553   0.10999   0.06810   0.01206   0.06266   0.17472   0.06316   0.05974   0.21553   0.21457   0.04468   0.18041   0.21130   2.42974   0.26382  
 15 242.5132   8736.717022  x:  0.00424   0.13020   0.02708   0.04795   0.02622   0.00000   0.01802   0.01805   0.00000   0.00214   0.02552   0.04725   0.04025   0.11324   0.19915   0.27054   0.10897   0.11189   0.08061   0.02011   0.07206   0.17529   0.06526   0.05322   0.21790   0.21650   0.04169   0.17146   0.20983   2.60174   0.26074  
 16 544.9295   8732.343996  x:  0.00404   0.14087   0.04646   0.04729   0.03273   0.00000   0.01670   0.01775   0.00000   0.00222   0.02934   0.04421   0.04604   0.11846   0.20410   0.26991   0.11326   0.11570   0.07622   0.01542   0.07100   0.17280   0.05733   0.05100   0.21187   0.21742   0.03808   0.15761   0.21039   2.79053   0.27021  
 17 623.8156   8728.728380  x:  0.00577   0.14285   0.04058   0.05159   0.03331   0.00000   0.01578   0.01735   0.00000   0.00229   0.03212   0.05775   0.03974   0.11261   0.20533   0.28608   0.11143   0.11428   0.06539   0.02202   0.06456   0.16781   0.05866   0.06249   0.19983   0.21494   0.03315   0.14948   0.20975   2.94311   0.28391  
 18 605.5568   8727.994953  x:  0.00632   0.14035   0.03785   0.04954   0.03504   0.00000   0.01552   0.01728   0.00000   0.00231   0.03352   0.05455   0.04749   0.11143   0.20293   0.29577   0.10729   0.11149   0.06596   0.02245   0.06584   0.16682   0.06480   0.06256   0.19783   0.20975   0.03201   0.15428   0.20716   2.97449   0.28714  
 19 162.1765   8727.804385  x:  0.00625   0.13906   0.03956   0.05000   0.03554   0.00000   0.01547   0.01726   0.00000   0.00231   0.03418   0.05563   0.04410   0.11317   0.20057   0.30008   0.10581   0.11070   0.06798   0.02129   0.06789   0.16663   0.06528   0.06042   0.19851   0.20525   0.03162   0.15763   0.20428   2.98249   0.28745  
 20 56.2876   8727.782500  x:  0.00621   0.13888   0.03975   0.05008   0.03504   0.00000   0.01545   0.01725   0.00000   0.00231   0.03389   0.05592   0.04474   0.11374   0.19955   0.30062   0.10655   0.11131   0.06796   0.02246   0.06796   0.16659   0.06428   0.06091   0.19917   0.20384   0.03161   0.15777   0.20296   2.98336   0.28699  
 21 13.7431   8727.773447  x:  0.00628   0.13897   0.03925   0.04989   0.03532   0.00000   0.01546   0.01725   0.00000   0.00232   0.03408   0.05559   0.04465   0.11383   0.19904   0.30072   0.10698   0.11161   0.06745   0.02183   0.06757   0.16656   0.06409   0.06131   0.19967   0.20310   0.03166   0.15751   0.20226   2.98364   0.28660  
 22  7.6161   8727.714347  x:  0.00615   0.14039   0.03953   0.04974   0.03491   0.00000   0.01546   0.01725   0.00000   0.00232   0.03396   0.05597   0.04466   0.11214   0.19803   0.30108   0.10637   0.11049   0.06622   0.02256   0.06604   0.16703   0.06523   0.05898   0.20236   0.20267   0.03168   0.15577   0.20096   2.98459   0.28642  
 23  2.1784   8726.842919  x:  0.00471   0.14388   0.03937   0.04890   0.03511   0.00000   0.01543   0.01680   0.00000   0.00230   0.03467   0.05501   0.04469   0.10263   0.19350   0.30752   0.10451   0.10639   0.07344   0.02036   0.06910   0.17028   0.05870   0.06443   0.21251   0.20787   0.03056   0.15314   0.20210   2.99753   0.28914  
 24  6.4228   8718.051692  x:  0.00000   0.13676   0.03632   0.04326   0.03250   0.00000   0.01561   0.01373   0.00000   0.00220   0.03774   0.05774   0.04531   0.10876   0.18324   0.33529   0.11319   0.11323   0.07271   0.01966   0.06114   0.16728   0.05796   0.05743   0.21720   0.23154   0.02170   0.16090   0.21853   3.08835   0.27998  
 25 52.8806   8718.051692  x:  0.00000   0.13676   0.03632   0.04326   0.03250   0.00000   0.01561   0.01373   0.00000   0.00220   0.03774   0.05774   0.04531   0.10876   0.18324   0.33529   0.11319   0.11323   0.07271   0.01966   0.06114   0.16728   0.05796   0.05743   0.21720   0.23154   0.02170   0.16090   0.21853   3.08835   0.27998  
 26 166.6955   8712.697315  x:  0.00062   0.13688   0.03597   0.04337   0.03168   0.00000   0.01600   0.01098   0.00000   0.01486   0.03647   0.05720   0.04514   0.10889   0.18393   0.33552   0.11318   0.11335   0.07237   0.01925   0.06120   0.16762   0.05783   0.05721   0.21740   0.23154   0.01926   0.16125   0.21863   3.08839   0.27955  
 27 1836.1989   8706.967925  x:  0.00178   0.13728   0.03480   0.04371   0.02897   0.00000   0.01703   0.00206   0.00000   0.01457   0.03224   0.05540   0.04460   0.10933   0.18636   0.33634   0.11312   0.11379   0.07116   0.01794   0.06144   0.16879   0.05739   0.05646   0.21813   0.23154   0.01069   0.16246   0.21901   3.08855   0.27807  
 28 604.0573   8702.737867  x:  0.00244   0.13777   0.03344   0.04414   0.02596   0.00000   0.01784   0.00321   0.00000   0.01447   0.02743   0.05328   0.04401   0.10988   0.18943   0.33740   0.11304   0.11434   0.06965   0.01656   0.06173   0.17027   0.05689   0.05557   0.21908   0.23157   0.00000   0.16404   0.21952   3.08876   0.27622  
 29 823.4074   8702.014642  x:  0.00000   0.13847   0.03272   0.04460   0.02619   0.00000   0.01581   0.00324   0.00000   0.01452   0.02729   0.05191   0.04403   0.11062   0.19370   0.33910   0.11293   0.11505   0.06811   0.01755   0.06212   0.17234   0.05667   0.05492   0.22058   0.23187   0.00000   0.16702   0.22093   3.08914   0.27375  
 30 175.8190   8701.019546  x:  0.00319   0.14039   0.03165   0.04552   0.02834   0.00000   0.01305   0.00361   0.00000   0.01446   0.02959   0.04956   0.04443   0.11244   0.20457   0.34367   0.11263   0.11682   0.06490   0.02057   0.06291   0.17755   0.05642   0.05372   0.22443   0.23273   0.00000   0.17474   0.22475   3.09017   0.26777  
 31 442.5388   8700.514632  x:  0.00269   0.14141   0.03175   0.04560   0.02970   0.00000   0.01741   0.00377   0.00000   0.01444   0.03156   0.04951   0.04481   0.11340   0.21087   0.34675   0.11245   0.11774   0.06333   0.02156   0.06297   0.18054   0.05662   0.05362   0.22678   0.23327   0.00000   0.17925   0.22719   3.09092   0.26463  
 32 284.1073   8700.197801  x:  0.00261   0.14181   0.03407   0.04377   0.02837   0.00000   0.01687   0.00361   0.00000   0.01445   0.03120   0.05425   0.04512   0.11353   0.21572   0.35142   0.11224   0.11794   0.06395   0.01791   0.06113   0.18267   0.05789   0.05579   0.22907   0.23384   0.00000   0.18243   0.22988   3.09233   0.26411  
 33 68.2047   8699.941015  x:  0.00264   0.14098   0.03225   0.04447   0.02750   0.00000   0.01718   0.00309   0.00000   0.01446   0.02877   0.05416   0.04393   0.11185   0.21837   0.35937   0.11210   0.11703   0.06733   0.01956   0.05928   0.18370   0.05684   0.05551   0.23157   0.23515   0.00000   0.18302   0.23274   3.09550   0.26666  
 34 32.5265   8699.797537  x:  0.00274   0.14038   0.03249   0.04495   0.02689   0.00000   0.01722   0.00268   0.00000   0.01447   0.02935   0.05113   0.04468   0.11160   0.21879   0.36437   0.11214   0.11660   0.06605   0.01692   0.05932   0.18381   0.05637   0.05453   0.23259   0.23551   0.00000   0.18191   0.23348   3.09840   0.26666  
 35 38.7575   8699.729379  x:  0.00291   0.14041   0.03283   0.04437   0.02726   0.00000   0.01729   0.00241   0.00000   0.01448   0.02788   0.05143   0.04463   0.11241   0.21833   0.36663   0.11226   0.11677   0.06375   0.01765   0.06066   0.18368   0.05715   0.05469   0.23256   0.23545   0.00000   0.18072   0.23284   3.10095   0.26500  
 36 27.3876   8699.714181  x:  0.00293   0.14068   0.03219   0.04456   0.02636   0.00000   0.01729   0.00235   0.00000   0.01448   0.02835   0.05193   0.04419   0.11282   0.21824   0.36695   0.11229   0.11701   0.06350   0.01777   0.06088   0.18365   0.05705   0.05468   0.23226   0.23528   0.00000   0.18058   0.23225   3.10231   0.26431  
 37 17.3013   8699.697618  x:  0.00290   0.14145   0.03177   0.04514   0.02693   0.00000   0.01730   0.00230   0.00000   0.01448   0.02807   0.05223   0.04422   0.11342   0.21836   0.36690   0.11229   0.11753   0.06410   0.01725   0.06063   0.18370   0.05654   0.05459   0.23148   0.23481   0.00000   0.18094   0.23100   3.10556   0.26371  
 38 13.5358   8699.671193  x:  0.00287   0.14247   0.03251   0.04454   0.02638   0.00000   0.01733   0.00224   0.00000   0.01448   0.02796   0.05143   0.04470   0.11385   0.21878   0.36650   0.11215   0.11807   0.06502   0.01771   0.06035   0.18397   0.05658   0.05480   0.23031   0.23416   0.00000   0.18186   0.22920   3.11255   0.26382  
 39 24.7989   8699.602668  x:  0.00291   0.14265   0.03156   0.04365   0.02688   0.00000   0.01735   0.00219   0.00000   0.01448   0.02802   0.05101   0.04337   0.11242   0.21994   0.36522   0.11165   0.11790   0.06394   0.01720   0.06068   0.18485   0.05781   0.05485   0.22884   0.23322   0.00000   0.18359   0.22698   3.13394   0.26601  
 40 36.7602   8699.492328  x:  0.00302   0.14161   0.03260   0.04595   0.02614   0.00000   0.01736   0.00217   0.00000   0.01447   0.02773   0.05233   0.04464   0.11077   0.22103   0.36350   0.11132   0.11702   0.06230   0.01771   0.06147   0.18568   0.05726   0.05381   0.22810   0.23272   0.00000   0.18469   0.22608   3.17046   0.26797  
 41 110.9384   8699.198347  x:  0.00310   0.13816   0.03219   0.04336   0.02645   0.00000   0.01734   0.00228   0.00000   0.01444   0.02772   0.05202   0.04454   0.11169   0.22106   0.36103   0.11250   0.11555   0.06383   0.01745   0.06122   0.18532   0.05431   0.05457   0.23011   0.23392   0.00000   0.18236   0.23014   3.27006   0.26542  
 42 148.5626   8699.121169  x:  0.00307   0.13884   0.03210   0.04509   0.02644   0.00000   0.01733   0.00234   0.00000   0.01443   0.02774   0.05130   0.04424   0.11298   0.22045   0.36147   0.11289   0.11625   0.06455   0.01738   0.06071   0.18479   0.05708   0.05542   0.23122   0.23465   0.00000   0.18131   0.23170   3.29652   0.26529  
 43 149.6073   8699.093002  x:  0.00302   0.14085   0.03215   0.04460   0.02651   0.00000   0.01731   0.00240   0.00000   0.01443   0.02785   0.05168   0.04416   0.11366   0.21956   0.36308   0.11268   0.11742   0.06416   0.01741   0.06061   0.18427   0.05725   0.05388   0.23201   0.23518   0.00000   0.18093   0.23220   3.30611   0.26627  
 44 38.8922   8699.084186  x:  0.00301   0.14173   0.03192   0.04462   0.02656   0.00000   0.01730   0.00244   0.00000   0.01443   0.02793   0.05164   0.04448   0.11323   0.21890   0.36458   0.11223   0.11763   0.06380   0.01747   0.06084   0.18406   0.05673   0.05482   0.23223   0.23533   0.00000   0.18103   0.23196   3.30911   0.26645  
 45 13.3640   8699.080957  x:  0.00300   0.14160   0.03225   0.04470   0.02662   0.00000   0.01729   0.00247   0.00000   0.01443   0.02799   0.05164   0.04413   0.11287   0.21853   0.36574   0.11209   0.11734   0.06391   0.01750   0.06083   0.18398   0.05681   0.05466   0.23207   0.23525   0.00000   0.18124   0.23151   3.31016   0.26605  
 46  5.5136   8699.079927  x:  0.00300   0.14135   0.03206   0.04462   0.02663   0.00000   0.01729   0.00248   0.00000   0.01443   0.02802   0.05170   0.04441   0.11293   0.21847   0.36623   0.11223   0.11724   0.06396   0.01751   0.06082   0.18399   0.05697   0.05456   0.23192   0.23516   0.00000   0.18130   0.23131   3.31045   0.26603  
 47  3.2967   8699.079203  x:  0.00300   0.14113   0.03212   0.04465   0.02665   0.00000   0.01728   0.00249   0.00000   0.01442   0.02805   0.05169   0.04431   0.11325   0.21854   0.36654   0.11246   0.11726   0.06389   0.01753   0.06086   0.18405   0.05686   0.05465   0.23172   0.23507   0.00000   0.18127   0.23124   3.31056   0.26624  
 48  1.5702   8699.071387  x:  0.00296   0.14131   0.03209   0.04463   0.02666   0.00000   0.01728   0.00252   0.00000   0.01441   0.02807   0.05170   0.04435   0.11316   0.21953   0.36705   0.11164   0.11731   0.06379   0.01765   0.06067   0.18411   0.05690   0.05463   0.23008   0.23440   0.00000   0.18010   0.23200   3.31058   0.26620  
 49  0.4408   8699.008542  x:  0.00282   0.14217   0.03213   0.04470   0.02635   0.00000   0.01729   0.00264   0.00000   0.01426   0.02760   0.05146   0.04423   0.11167   0.22008   0.36728   0.11369   0.11872   0.06480   0.01697   0.06401   0.18430   0.05702   0.05434   0.22794   0.23355   0.00000   0.18067   0.23381   3.30998   0.26560  
 50  1.5359   8698.691376  x:  0.00255   0.14354   0.03100   0.04510   0.02478   0.00000   0.01733   0.00320   0.00000   0.01354   0.02507   0.04984   0.04385   0.11261   0.22023   0.36616   0.11568   0.11817   0.06049   0.01699   0.05995   0.18401   0.05642   0.05395   0.22595   0.23317   0.00000   0.18572   0.23484   3.30670   0.26343  
 51  7.1125   8698.465246  x:  0.00215   0.14304   0.03032   0.04527   0.02411   0.00000   0.01730   0.00363   0.00000   0.01303   0.02397   0.04915   0.04373   0.11610   0.22370   0.36551   0.11086   0.11673   0.06127   0.01594   0.06304   0.18715   0.05650   0.05331   0.23062   0.23406   0.00000   0.18429   0.22979   3.30429   0.26337  
 52 22.7224   8698.429468  x:  0.00209   0.14250   0.03049   0.04527   0.02411   0.00000   0.01728   0.00370   0.00000   0.01294   0.02395   0.04910   0.04373   0.11459   0.22552   0.36552   0.11186   0.11885   0.06102   0.01610   0.06206   0.18774   0.05644   0.05335   0.23236   0.23432   0.00000   0.18217   0.22746   3.30391   0.26301  
 53 14.9681   8698.429036  x:  0.00208   0.14270   0.03048   0.04527   0.02411   0.00000   0.01728   0.00370   0.00000   0.01294   0.02396   0.04911   0.04374   0.11457   0.22576   0.36552   0.11207   0.11855   0.06101   0.01610   0.06209   0.18746   0.05644   0.05336   0.23246   0.23427   0.00000   0.18208   0.22736   3.30391   0.26302  
 54  1.3111   8698.428662  x:  0.00208   0.14254   0.03049   0.04527   0.02411   0.00000   0.01728   0.00371   0.00000   0.01294   0.02396   0.04911   0.04374   0.11459   0.22589   0.36554   0.11194   0.11871   0.06102   0.01611   0.06215   0.18701   0.05644   0.05337   0.23252   0.23416   0.00000   0.18219   0.22735   3.30392   0.26304  
 55  0.2119   8698.289289  x:  0.00141   0.14253   0.03048   0.04539   0.02446   0.00000   0.01725   0.00402   0.00000   0.01141   0.02489   0.04902   0.04371   0.11421   0.22476   0.36842   0.11207   0.11825   0.06164   0.01658   0.06111   0.18824   0.05624   0.05331   0.23586   0.22782   0.00000   0.18232   0.23037   3.30693   0.26375  
 56  0.0493   8698.200827  x:  0.00094   0.14206   0.03051   0.04545   0.02469   0.00000   0.01724   0.00422   0.00000   0.01043   0.02550   0.04902   0.04373   0.11398   0.22591   0.37030   0.11199   0.11809   0.06203   0.01633   0.06109   0.18732   0.05615   0.05331   0.23373   0.23470   0.00000   0.18266   0.23093   3.30885   0.26406  
 57  9.5303   8698.151841  x:  0.00162   0.14222   0.03086   0.04519   0.02476   0.00000   0.01716   0.00412   0.00000   0.00959   0.02484   0.04967   0.04386   0.11397   0.22442   0.36762   0.11225   0.11815   0.06188   0.01648   0.06153   0.18671   0.05644   0.05364   0.23267   0.23476   0.00000   0.18229   0.22996   3.30553   0.26387  
 58  0.0037   8698.146057  x:  0.00173   0.14226   0.03074   0.04523   0.02463   0.00000   0.01723   0.00390   0.00000   0.00967   0.02504   0.04940   0.04384   0.11409   0.22447   0.36725   0.11213   0.11820   0.06180   0.01636   0.06159   0.18675   0.05641   0.05353   0.23258   0.23474   0.00000   0.18210   0.22935   3.30529   0.26386  
 59  0.0006   8698.144927  x:  0.00164   0.14225   0.03074   0.04524   0.02467   0.00000   0.01724   0.00381   0.00000   0.00958   0.02496   0.04946   0.04383   0.11407   0.22463   0.36753   0.11212   0.11819   0.06185   0.01639   0.06153   0.18682   0.05640   0.05354   0.23275   0.23467   0.00000   0.18216   0.22949   3.30568   0.26389  
 60  0.0005   8698.144883  x:  0.00162   0.14224   0.03076   0.04523   0.02468   0.00000   0.01722   0.00381   0.00000   0.00959   0.02497   0.04948   0.04383   0.11407   0.22464   0.36750   0.11212   0.11819   0.06183   0.01640   0.06154   0.18682   0.05641   0.05355   0.23273   0.23473   0.00000   0.18220   0.22951   3.30565   0.26387  
 61  0.0001   8698.144882  x:  0.00162   0.14224   0.03076   0.04523   0.02468   0.00000   0.01722   0.00381   0.00000   0.00959   0.02497   0.04947   0.04384   0.11407   0.22463   0.36749   0.11212   0.11819   0.06184   0.01640   0.06154   0.18681   0.05641   0.05355   0.23273   0.23473   0.00000   0.18219   0.22950   3.30564   0.26387  
 62  0.0000   8698.144882  x:  0.00162   0.14224   0.03076   0.04523   0.02468   0.00000   0.01722   0.00381   0.00000   0.00959   0.02497   0.04948   0.04383   0.11407   0.22463   0.36749   0.11212   0.11819   0.06184   0.01640   0.06154   0.18681   0.05641   0.05355   0.23273   0.23473   0.00000   0.18219   0.22950   3.30564   0.26387  

Model 1: NearlyNeutral

TREE # 1

  0  0.0000   8886.438601  x:  0.00000   0.07467   0.01974   0.05978   0.02157   0.03535   0.03054   0.02935   0.05025   0.05645   0.07332   0.02325   0.03319   0.07637   0.11910   0.18025   0.06735   0.10505   0.05986   0.04154   0.05819   0.10400   0.08236   0.08034   0.14684   0.15963   0.01409   0.09278   0.12758   3.30564   0.50913   0.13125  
  1 99.0000   8729.167117  x:  0.03028   0.10395   0.04300   0.05684   0.03007   0.00653   0.01689   0.00123   0.01760   0.03007   0.05177   0.05787   0.04607   0.09615   0.14917   0.21016   0.08914   0.11278   0.06710   0.03456   0.06505   0.12800   0.07332   0.07119   0.16665   0.17468   0.00000   0.12502   0.15482   3.30592   0.53740   0.10581  
  2 1824.4938   8706.783335  x:  0.03089   0.10822   0.04468   0.05608   0.03036   0.00000   0.01618   0.00890   0.01010   0.02473   0.04762   0.06067   0.04720   0.09906   0.15432   0.21588   0.09255   0.11415   0.06798   0.03306   0.06611   0.13225   0.07168   0.06950   0.17048   0.17772   0.00050   0.13038   0.15980   3.30599   0.54359   0.10031  
  3 3447.8650   8685.028120  x:  0.02439   0.11063   0.04243   0.05499   0.02877   0.00000   0.01840   0.00788   0.00000   0.01914   0.04359   0.05827   0.04642   0.10070   0.15869   0.22183   0.09486   0.11538   0.06810   0.03123   0.06674   0.13608   0.07017   0.06790   0.17447   0.18110   0.00352   0.13457   0.16449   3.30608   0.55130   0.09371  
  4 2600.5603   8677.623609  x:  0.02013   0.11144   0.04094   0.05454   0.02820   0.00000   0.01805   0.00779   0.00000   0.01758   0.04197   0.05663   0.04595   0.10125   0.16060   0.22478   0.09560   0.11586   0.06796   0.03019   0.06682   0.13774   0.06953   0.06720   0.17635   0.18279   0.00000   0.13604   0.16643   3.30613   0.55568   0.09041  
  5 2598.8619   8668.841820  x:  0.00958   0.11267   0.03971   0.05473   0.03170   0.00000   0.00623   0.00717   0.00000   0.02672   0.04166   0.05615   0.04704   0.10181   0.16414   0.23248   0.09490   0.11597   0.06808   0.02840   0.06510   0.14017   0.06867   0.06609   0.17992   0.18708   0.00194   0.13730   0.16974   3.30633   0.57189   0.08342  
  6 831.5365   8658.681678  x:  0.00000   0.11439   0.04104   0.05572   0.03862   0.00000   0.01038   0.00708   0.00000   0.04390   0.04354   0.05951   0.05016   0.10244   0.16802   0.24224   0.09281   0.11546   0.06875   0.02668   0.06191   0.14221   0.06799   0.06509   0.18356   0.19230   0.00175   0.13745   0.17270   3.30661   0.59539   0.07641  
  7 1175.4424   8648.779988  x:  0.02377   0.11239   0.02918   0.05361   0.02844   0.00000   0.01281   0.00747   0.00000   0.06563   0.04750   0.04547   0.04397   0.09780   0.17239   0.26498   0.08322   0.11250   0.07182   0.02461   0.05324   0.14254   0.06762   0.06390   0.18926   0.20397   0.00176   0.12974   0.17430   3.30738   0.66545   0.07810  
  8 463.7682   8640.639079  x:  0.01940   0.10476   0.03911   0.05030   0.02203   0.00000   0.01199   0.00738   0.00000   0.05809   0.04069   0.05158   0.04405   0.09441   0.16669   0.27709   0.08298   0.10842   0.06151   0.01991   0.05320   0.13825   0.06495   0.06117   0.18864   0.20684   0.00207   0.12281   0.16915   3.30829   0.74240   0.12169  
  9 323.2755   8639.144718  x:  0.02026   0.10444   0.03534   0.05113   0.03396   0.00000   0.01166   0.00735   0.00000   0.04968   0.04137   0.05192   0.04315   0.09342   0.16283   0.27337   0.08370   0.10689   0.06181   0.02287   0.05511   0.13562   0.06485   0.06132   0.18448   0.20284   0.00207   0.12307   0.16555   3.30854   0.76358   0.12456  
 10 197.7464   8638.293889  x:  0.01922   0.10704   0.03696   0.05181   0.02944   0.00000   0.01118   0.00733   0.00000   0.04538   0.04361   0.05421   0.04634   0.09444   0.15950   0.26449   0.08367   0.10519   0.06344   0.02386   0.05512   0.13294   0.06447   0.06115   0.17820   0.19547   0.00200   0.12495   0.16212   3.30877   0.77848   0.11908  
 11 115.2474   8638.166676  x:  0.01936   0.10797   0.03661   0.05017   0.02953   0.00000   0.01123   0.00733   0.00000   0.04640   0.04123   0.05498   0.04397   0.09407   0.16035   0.26068   0.08341   0.10482   0.06322   0.02187   0.05424   0.13356   0.06332   0.05985   0.17698   0.19280   0.00203   0.12528   0.16270   3.30885   0.78066   0.11879  
 12 37.5583   8638.113139  x:  0.01948   0.10785   0.03698   0.05060   0.02965   0.00000   0.01129   0.00730   0.00000   0.04717   0.04032   0.05347   0.04508   0.09361   0.16195   0.25781   0.08362   0.10493   0.06322   0.02281   0.05485   0.13524   0.06318   0.05963   0.17750   0.19183   0.00197   0.12517   0.16415   3.30897   0.78157   0.11951  
 13 15.4947   8638.019154  x:  0.01914   0.10694   0.03588   0.05092   0.02921   0.00000   0.01124   0.00731   0.00000   0.04678   0.04305   0.05476   0.04413   0.09396   0.16394   0.25470   0.08436   0.10551   0.06357   0.02280   0.05391   0.13656   0.06415   0.06072   0.17946   0.19218   0.00190   0.12540   0.16601   3.30934   0.78237   0.12049  
 14  9.5553   8637.060181  x:  0.01898   0.10383   0.03915   0.04893   0.03144   0.00000   0.01102   0.00712   0.00000   0.04222   0.04173   0.05309   0.04692   0.09878   0.16519   0.24583   0.08036   0.10601   0.06834   0.01911   0.04753   0.13163   0.06264   0.05933   0.18929   0.20177   0.00191   0.12443   0.16576   3.31355   0.78381   0.11926  
 15  9.5353   8632.741147  x:  0.01673   0.10550   0.03673   0.04917   0.02680   0.00000   0.01085   0.00637   0.00000   0.03958   0.03105   0.06246   0.03984   0.09695   0.16237   0.23488   0.08471   0.10641   0.07331   0.02442   0.06517   0.12648   0.05973   0.05678   0.20739   0.22683   0.00169   0.12510   0.16041   3.33309   0.78785   0.11267  
 16 48.7368   8616.055286  x:  0.01381   0.12741   0.03600   0.04998   0.02912   0.00000   0.01038   0.00429   0.00000   0.02248   0.03673   0.05517   0.04678   0.08673   0.16402   0.24319   0.09963   0.10561   0.06051   0.00000   0.07397   0.13422   0.05868   0.05435   0.21512   0.25027   0.00178   0.14103   0.16379   3.38769   0.79191   0.10810  
 17 131.0627   8602.697112  x:  0.00643   0.14087   0.03781   0.04187   0.02900   0.00000   0.00947   0.00236   0.00000   0.00534   0.03392   0.05355   0.04359   0.09285   0.17128   0.26203   0.10159   0.10519   0.05623   0.01474   0.06149   0.14294   0.05855   0.05211   0.21283   0.25833   0.00066   0.15477   0.17400   3.43607   0.79421   0.10697  
 18 485.4985   8598.069366  x:  0.00451   0.13602   0.03012   0.04627   0.02789   0.00000   0.00971   0.00155   0.00000   0.00689   0.02521   0.05019   0.04509   0.11249   0.17012   0.27129   0.11143   0.11078   0.06456   0.01278   0.06014   0.14095   0.05961   0.05701   0.21225   0.25252   0.00000   0.17024   0.17764   3.45328   0.79527   0.11180  
 19 251.3474   8596.990875  x:  0.00467   0.12516   0.03177   0.04466   0.02823   0.00000   0.00969   0.00138   0.00000   0.00584   0.02905   0.04975   0.04397   0.11876   0.17200   0.27716   0.11020   0.11284   0.06835   0.01006   0.06778   0.14080   0.05455   0.05221   0.21536   0.24338   0.00000   0.17166   0.17962   3.45747   0.79554   0.11032  
 20 112.5251   8596.826076  x:  0.00527   0.12188   0.03234   0.04365   0.02840   0.00000   0.00970   0.00138   0.00000   0.00541   0.02755   0.05045   0.04452   0.11816   0.17269   0.27851   0.10944   0.11276   0.06641   0.00943   0.06856   0.13971   0.05728   0.05389   0.21827   0.23980   0.00000   0.17188   0.17962   3.45771   0.79577   0.10845  
 21 46.6703   8596.751788  x:  0.00558   0.12167   0.03232   0.04304   0.02838   0.00000   0.00974   0.00138   0.00000   0.00589   0.02791   0.05007   0.04461   0.11765   0.17257   0.27901   0.11038   0.11250   0.06421   0.01050   0.06803   0.13782   0.05698   0.05307   0.22178   0.23741   0.00000   0.17399   0.17898   3.45735   0.79576   0.10820  
 22 27.9441   8596.707455  x:  0.00549   0.12238   0.03203   0.04503   0.02822   0.00000   0.00973   0.00137   0.00000   0.00566   0.02762   0.05045   0.04449   0.11666   0.17270   0.27973   0.10997   0.11195   0.06445   0.01064   0.06721   0.13729   0.05623   0.05285   0.22424   0.23538   0.00000   0.17410   0.17846   3.45663   0.79562   0.10834  
 23 20.3004   8596.626270  x:  0.00490   0.12509   0.03235   0.04350   0.02828   0.00000   0.00971   0.00137   0.00000   0.00570   0.02793   0.05003   0.04441   0.11593   0.17204   0.28078   0.10990   0.11142   0.06723   0.01061   0.06737   0.13796   0.05627   0.05430   0.22766   0.23276   0.00000   0.17365   0.17740   3.45424   0.79548   0.10915  
 24 14.5466   8595.737839  x:  0.00487   0.12987   0.03064   0.04382   0.02827   0.00000   0.00969   0.00149   0.00000   0.00588   0.02737   0.05178   0.04558   0.12161   0.16575   0.28439   0.11133   0.11640   0.06571   0.01050   0.06556   0.14567   0.06207   0.04647   0.23383   0.22907   0.00000   0.16452   0.17898   3.42065   0.79502   0.10732  
 25 11.5359   8591.579081  x:  0.00479   0.13339   0.03805   0.04767   0.02909   0.00000   0.00964   0.00209   0.00000   0.00756   0.02570   0.05394   0.04041   0.12986   0.16842   0.29977   0.10986   0.12089   0.05694   0.01126   0.06413   0.15749   0.04656   0.06193   0.23829   0.22837   0.00000   0.15515   0.19186   3.26017   0.79258   0.09753  
 26 137.0699   8584.900896  x:  0.00000   0.13178   0.03359   0.04511   0.02725   0.00000   0.00942   0.00297   0.00000   0.00992   0.02254   0.06532   0.04843   0.11868   0.19895   0.32661   0.09927   0.11194   0.07154   0.01050   0.06579   0.16019   0.05188   0.05277   0.23268   0.23274   0.00000   0.16794   0.20759   3.01285   0.78568   0.09455  
 27 507.9411   8584.642549  x:  0.00000   0.13181   0.03832   0.04743   0.02765   0.00000   0.00941   0.00299   0.00000   0.01016   0.02286   0.06319   0.04418   0.11834   0.20217   0.32779   0.10062   0.11283   0.07312   0.01040   0.06569   0.16012   0.05539   0.05147   0.23207   0.23304   0.00000   0.16917   0.20569   3.00373   0.78570   0.09392  
 28 74.9601   8584.551925  x:  0.00000   0.13108   0.03786   0.04695   0.02760   0.00000   0.00940   0.00301   0.00000   0.01012   0.02262   0.06352   0.04493   0.11808   0.20613   0.32836   0.10217   0.11547   0.07301   0.01059   0.06460   0.16164   0.05451   0.05152   0.23162   0.23300   0.00000   0.16821   0.20039   3.00697   0.78554   0.09354  
 29 14.6218   8584.262948  x:  0.00000   0.13323   0.03663   0.04777   0.02761   0.00000   0.00942   0.00307   0.00000   0.01035   0.02314   0.06349   0.04460   0.12353   0.21045   0.32924   0.09685   0.11234   0.06990   0.01025   0.06697   0.16513   0.05559   0.05177   0.23233   0.23334   0.00000   0.17005   0.19566   3.03950   0.78452   0.09421  
 30 17.2363   8581.221809  x:  0.00000   0.13063   0.03960   0.04831   0.02743   0.00000   0.00957   0.00380   0.00000   0.01178   0.02133   0.06730   0.04488   0.11757   0.21586   0.34537   0.10073   0.10961   0.07657   0.01102   0.06342   0.17153   0.05531   0.05031   0.23315   0.23212   0.00000   0.16863   0.20988   3.43885   0.77476   0.08871  
 31 112.1701   8581.128771  x:  0.00000   0.13322   0.03928   0.04839   0.02741   0.00000   0.00957   0.00382   0.00000   0.01178   0.02153   0.06739   0.04498   0.11732   0.21747   0.34589   0.09808   0.11500   0.07625   0.01103   0.06488   0.16841   0.05566   0.05059   0.23286   0.23160   0.00000   0.16838   0.21173   3.44965   0.77459   0.08929  
 32 38.1484   8581.102046  x:  0.00000   0.13419   0.03892   0.04827   0.02741   0.00000   0.00957   0.00383   0.00000   0.01172   0.02164   0.06720   0.04511   0.11843   0.21927   0.34621   0.09957   0.11363   0.07600   0.01099   0.06532   0.16646   0.05582   0.05056   0.23269   0.23133   0.00000   0.16629   0.21241   3.44986   0.77444   0.08927  
 33  1.8457   8574.929376  x:  0.00000   0.14368   0.02889   0.04630   0.02464   0.00000   0.01362   0.00713   0.00000   0.00892   0.02808   0.05255   0.04546   0.12700   0.22796   0.37547   0.11927   0.11989   0.06605   0.01229   0.05977   0.18172   0.05797   0.05321   0.24421   0.24574   0.00000   0.19834   0.22812   3.44798   0.75470   0.09203  
 34  0.6568   8573.363974  x:  0.00000   0.15216   0.03120   0.04699   0.02537   0.00000   0.01536   0.00389   0.00000   0.01027   0.02839   0.05555   0.04690   0.11911   0.23653   0.39068   0.11805   0.12028   0.05990   0.01164   0.05776   0.19652   0.05965   0.05406   0.24893   0.25484   0.00000   0.19149   0.23834   3.41407   0.74363   0.08705  
 35  0.0882   8573.068490  x:  0.00000   0.15023   0.03091   0.04753   0.02542   0.00000   0.01635   0.00405   0.00000   0.01036   0.02566   0.05186   0.04568   0.11824   0.23924   0.39721   0.11755   0.12036   0.06198   0.00929   0.06047   0.19900   0.05884   0.05340   0.25039   0.25330   0.00000   0.18968   0.24123   3.40602   0.74626   0.08950  
 36  0.0173   8573.015811  x:  0.00000   0.14841   0.03075   0.04805   0.02528   0.00000   0.01716   0.00405   0.00000   0.01034   0.02639   0.05330   0.04653   0.11903   0.23976   0.39982   0.11800   0.12078   0.06393   0.00892   0.06120   0.19993   0.05874   0.05402   0.25107   0.25217   0.00000   0.18994   0.24220   3.40500   0.74525   0.08874  
 37  0.0048   8572.999392  x:  0.00000   0.14831   0.03099   0.04760   0.02534   0.00000   0.01781   0.00399   0.00000   0.01005   0.02607   0.05320   0.04631   0.11962   0.23989   0.40087   0.11787   0.12070   0.06319   0.00940   0.06066   0.19953   0.05858   0.05367   0.25090   0.25232   0.00000   0.19048   0.24231   3.40422   0.74527   0.08856  
 38  0.0015   8572.996540  x:  0.00000   0.14811   0.03078   0.04778   0.02527   0.00000   0.01798   0.00399   0.00000   0.01001   0.02623   0.05300   0.04625   0.11923   0.23957   0.40052   0.11763   0.12061   0.06320   0.00940   0.06057   0.19908   0.05879   0.05379   0.25063   0.25243   0.00000   0.19013   0.24187   3.40620   0.74568   0.08878  
 39  0.0020   8572.996268  x:  0.00000   0.14822   0.03087   0.04779   0.02532   0.00000   0.01802   0.00399   0.00000   0.01001   0.02621   0.05305   0.04627   0.11925   0.23946   0.40024   0.11759   0.12061   0.06327   0.00935   0.06067   0.19895   0.05877   0.05378   0.25062   0.25243   0.00000   0.19013   0.24171   3.40670   0.74556   0.08880  
 40  0.0007   8572.996224  x:  0.00000   0.14827   0.03084   0.04777   0.02530   0.00000   0.01803   0.00399   0.00000   0.01002   0.02620   0.05304   0.04627   0.11925   0.23943   0.40016   0.11757   0.12061   0.06327   0.00933   0.06068   0.19893   0.05876   0.05377   0.25062   0.25242   0.00000   0.19011   0.24166   3.40664   0.74561   0.08874  
 41  0.0002   8572.996210  x:  0.00000   0.14829   0.03084   0.04776   0.02530   0.00000   0.01804   0.00399   0.00000   0.01003   0.02621   0.05305   0.04627   0.11925   0.23944   0.40013   0.11759   0.12061   0.06326   0.00934   0.06067   0.19897   0.05875   0.05377   0.25064   0.25241   0.00000   0.19011   0.24166   3.40657   0.74565   0.08877  
 42  0.0001   8572.996208  x:  0.00000   0.14828   0.03084   0.04777   0.02530   0.00000   0.01804   0.00399   0.00000   0.01004   0.02621   0.05304   0.04627   0.11925   0.23944   0.40012   0.11759   0.12061   0.06325   0.00934   0.06066   0.19897   0.05875   0.05377   0.25064   0.25241   0.00000   0.19011   0.24167   3.40653   0.74563   0.08876  
 43  0.0000   8572.996208  x:  0.00000   0.14828   0.03084   0.04777   0.02530   0.00000   0.01804   0.00399   0.00000   0.01004   0.02621   0.05304   0.04627   0.11925   0.23944   0.40012   0.11759   0.12061   0.06325   0.00934   0.06066   0.19897   0.05875   0.05377   0.25063   0.25241   0.00000   0.19011   0.24167   3.40652   0.74562   0.08876  
 44  0.0000   8572.996208  x:  0.00000   0.14828   0.03084   0.04777   0.02530   0.00000   0.01804   0.00399   0.00000   0.01004   0.02621   0.05304   0.04627   0.11925   0.23944   0.40012   0.11759   0.12061   0.06325   0.00934   0.06066   0.19897   0.05875   0.05377   0.25063   0.25241   0.00000   0.19011   0.24167   3.40652   0.74563   0.08876  
 45  0.0000   8572.996208  x:  0.00000   0.14828   0.03084   0.04777   0.02530   0.00000   0.01804   0.00399   0.00000   0.01004   0.02621   0.05304   0.04627   0.11925   0.23944   0.40012   0.11759   0.12061   0.06325   0.00934   0.06066   0.19897   0.05875   0.05377   0.25063   0.25241   0.00000   0.19011   0.24167   3.40652   0.74563   0.08876  
 46  0.0000   8572.996208  x:  0.00000   0.14828   0.03084   0.04777   0.02530   0.00000   0.01804   0.00399   0.00000   0.01004   0.02621   0.05304   0.04627   0.11925   0.23944   0.40012   0.11759   0.12061   0.06325   0.00934   0.06066   0.19897   0.05875   0.05377   0.25063   0.25241   0.00000   0.19011   0.24167   3.40652   0.74563   0.08876  
 47  0.0000   8572.996208  x:  0.00000   0.14828   0.03084   0.04777   0.02530   0.00000   0.01804   0.00399   0.00000   0.01004   0.02621   0.05304   0.04627   0.11925   0.23944   0.40012   0.11759   0.12061   0.06325   0.00934   0.06066   0.19897   0.05875   0.05377   0.25063   0.25241   0.00000   0.19011   0.24167   3.40652   0.74563   0.08876  

Model 2: PositiveSelection

TREE # 1

  0  0.0000   9111.135276  x:  0.00000   0.08886   0.04582   0.07006   0.07043   0.03630   0.01874   0.02882   0.02893   0.07091   0.08058   0.08317   0.06713   0.07570   0.13549   0.13423   0.07210   0.09591   0.03141   0.07236   0.01365   0.06609   0.04868   0.04715   0.13126   0.14132   0.06297   0.09170   0.08217   3.40652   0.91827   0.57566   0.25513   2.18071  
  1 99.0000   8890.021955  x:  0.02849   0.10727   0.04157   0.06239   0.05391   0.00982   0.01696   0.00418   0.00000   0.04696   0.06135   0.07310   0.05894   0.09285   0.15719   0.17910   0.09048   0.10644   0.05881   0.06528   0.08509   0.11985   0.05611   0.05542   0.15784   0.16161   0.04381   0.12388   0.13354   3.40687   0.92598   0.57321   0.23493   2.17808  
  2 2424.8987   8858.411981  x:  0.02008   0.11079   0.04122   0.06090   0.04934   0.00000   0.01908   0.00691   0.00000   0.03865   0.05564   0.07088   0.05750   0.09619   0.16261   0.18884   0.09397   0.10915   0.05861   0.06059   0.07859   0.12365   0.05717   0.05611   0.16344   0.16655   0.03651   0.12952   0.14031   3.40703   0.92903   0.57216   0.22626   2.17705  
  3 1500.3719   8846.192117  x:  0.01481   0.11250   0.04106   0.06017   0.04714   0.00000   0.01836   0.00076   0.00000   0.03379   0.05293   0.07008   0.05698   0.09761   0.16544   0.19370   0.09532   0.11039   0.05845   0.05775   0.07387   0.12501   0.05744   0.05622   0.16629   0.16933   0.03182   0.13185   0.14304   3.40714   0.93120   0.57141   0.22027   2.17630  
  4 3593.4832   8836.942636  x:  0.01169   0.11361   0.04074   0.05969   0.04666   0.00000   0.00585   0.00104   0.00000   0.02747   0.05279   0.07153   0.05775   0.09717   0.16784   0.19707   0.09390   0.11033   0.06101   0.05415   0.07188   0.12637   0.05622   0.05535   0.16868   0.17301   0.02333   0.13096   0.14291   3.40737   0.93629   0.56968   0.20736   2.17445  
  5 983.9000   8816.918488  x:  0.01027   0.11446   0.03986   0.05929   0.04913   0.00000   0.00774   0.00115   0.00000   0.01383   0.05761   0.07853   0.06163   0.09266   0.17141   0.20022   0.08594   0.10765   0.07079   0.04579   0.07302   0.12851   0.05134   0.05200   0.17209   0.18159   0.00000   0.12298   0.13703   3.40806   0.95226   0.56428   0.16829   2.16852  
  6 1165.1902   8796.857348  x:  0.00642   0.11663   0.03882   0.05827   0.05161   0.00000   0.00934   0.00126   0.00000   0.00287   0.06364   0.08871   0.06719   0.08666   0.17815   0.20697   0.07589   0.10441   0.08604   0.03120   0.07266   0.13195   0.04667   0.04893   0.17865   0.19697   0.01219   0.11389   0.13177   3.40940   0.98396   0.55367   0.09356   2.15654  
  7 1210.8885   8786.034200  x:  0.00311   0.11850   0.03815   0.05742   0.05267   0.00000   0.00998   0.00130   0.00000   0.01066   0.06698   0.09524   0.07067   0.08326   0.18333   0.21262   0.07015   0.10270   0.09607   0.02074   0.07170   0.13467   0.04426   0.04737   0.18371   0.20803   0.01573   0.10874   0.12929   3.41036   1.00697   0.54601   0.04032   2.14777  
  8 5597.3650   8781.912282  x:  0.01063   0.11581   0.03895   0.05727   0.05219   0.00000   0.00953   0.00127   0.00000   0.00881   0.06780   0.09484   0.06853   0.08548   0.18022   0.20653   0.08057   0.10383   0.09185   0.02346   0.07003   0.12897   0.05538   0.05437   0.18003   0.20837   0.01315   0.11281   0.13081   3.41136   1.03273   0.53905   0.02126   2.13569  
  9 271.0802   8768.058063  x:  0.00577   0.10365   0.03301   0.04925   0.04037   0.00000   0.00898   0.00127   0.00000   0.00702   0.05986   0.08549   0.05322   0.08791   0.16858   0.19042   0.08522   0.10072   0.07494   0.01846   0.08127   0.12109   0.03287   0.03494   0.17025   0.21160   0.01028   0.12376   0.14323   3.41775   1.18480   0.50208   0.01377   2.05957  
 10 261.0568   8750.773837  x:  0.00000   0.09970   0.03084   0.04531   0.03311   0.00000   0.00873   0.00127   0.00000   0.00629   0.05155   0.07915   0.04781   0.08490   0.16458   0.18799   0.07495   0.09577   0.07118   0.00952   0.08650   0.12156   0.03682   0.03927   0.16717   0.21609   0.00905   0.12089   0.14415   3.42330   1.31475   0.47072   0.02173   1.99389  
 11 1449.6576   8698.685040  x:  0.02670   0.10426   0.03563   0.04309   0.01832   0.00000   0.00768   0.00109   0.00000   0.00429   0.01195   0.05432   0.04593   0.07649   0.16505   0.20659   0.04789   0.08512   0.07184   0.00000   0.06801   0.12416   0.03123   0.03248   0.16603   0.24023   0.00578   0.10452   0.13745   3.44919   1.92284   0.32258   0.06902   1.68621  
 12 5534.3700   8671.617038  x:  0.01776   0.10979   0.03362   0.04295   0.02651   0.00000   0.00732   0.00108   0.00000   0.00299   0.04475   0.04403   0.04687   0.07257   0.17051   0.22906   0.04936   0.08420   0.07547   0.00431   0.05972   0.13517   0.02829   0.03088   0.17301   0.25582   0.00396   0.09876   0.13616   3.46806   2.36732   0.21411   0.11041   1.46031  
 13 5545.8234   8664.387653  x:  0.00000   0.11042   0.03065   0.04736   0.03861   0.00000   0.00752   0.00112   0.00000   0.00266   0.03114   0.06531   0.05470   0.07240   0.17264   0.23185   0.06367   0.08920   0.08259   0.01234   0.06707   0.13927   0.02733   0.03038   0.17682   0.24862   0.00379   0.09809   0.12783   3.47265   2.47896   0.18716   0.12065   1.40189  
 14 1070.2630   8662.959205  x:  0.00000   0.11129   0.02770   0.04519   0.03533   0.00000   0.00749   0.00112   0.00000   0.00257   0.03331   0.07456   0.05624   0.07623   0.17597   0.23134   0.06106   0.09211   0.08533   0.00537   0.06521   0.13871   0.02722   0.03028   0.18025   0.23388   0.00369   0.10446   0.12665   3.47300   2.49308   0.18445   0.12196   1.39209  
 15 155.0829   8662.480712  x:  0.00000   0.11139   0.02796   0.04394   0.03199   0.00000   0.00747   0.00112   0.00000   0.00246   0.03340   0.07670   0.05570   0.07610   0.17853   0.23178   0.05792   0.09232   0.08674   0.01068   0.06490   0.13915   0.02734   0.03028   0.18333   0.22371   0.00344   0.10504   0.12756   3.47312   2.50141   0.18322   0.12088   1.38533  
 16 135.5378   8662.158058  x:  0.00000   0.11096   0.02979   0.04502   0.03236   0.00000   0.00743   0.00112   0.00000   0.00232   0.03299   0.07421   0.05438   0.07365   0.18053   0.23283   0.05988   0.09142   0.08721   0.00953   0.06493   0.14010   0.02658   0.03037   0.18586   0.21330   0.00330   0.10158   0.12930   3.47292   2.50518   0.18362   0.11968   1.37947  
 17 78.1227   8662.077140  x:  0.00000   0.11061   0.02796   0.04488   0.03396   0.00000   0.00742   0.00112   0.00000   0.00230   0.03255   0.07257   0.05420   0.07398   0.18065   0.23360   0.05969   0.09076   0.08743   0.00964   0.06488   0.14038   0.02766   0.02906   0.18614   0.21139   0.00327   0.10170   0.12890   3.47264   2.50516   0.18469   0.11917   1.37644  
 18 31.0323   8661.941339  x:  0.00000   0.10995   0.02668   0.04441   0.03579   0.00000   0.00742   0.00112   0.00000   0.00227   0.03199   0.07024   0.05472   0.07544   0.18024   0.23491   0.05937   0.08998   0.08773   0.01006   0.06490   0.14063   0.02610   0.03093   0.18599   0.20964   0.00323   0.10273   0.12752   3.47192   2.50410   0.18754   0.11827   1.36957  
 19 49.2211   8661.284662  x:  0.00000   0.10764   0.03245   0.04340   0.03572   0.00000   0.00748   0.00115   0.00000   0.00221   0.03180   0.06674   0.05868   0.07932   0.17727   0.23988   0.05994   0.08967   0.08895   0.00996   0.06672   0.14159   0.02700   0.02896   0.18404   0.20694   0.00320   0.10565   0.12262   3.46779   2.49816   0.20402   0.11570   1.32982  
 20 88.2466   8656.828434  x:  0.00000   0.10212   0.02220   0.04714   0.02016   0.00000   0.00787   0.00130   0.00000   0.00265   0.03454   0.06649   0.06170   0.06860   0.16278   0.26862   0.06604   0.09798   0.09393   0.01139   0.06427   0.14087   0.02645   0.02953   0.17100   0.20693   0.00334   0.10621   0.12145   3.42966   2.40712   0.35851   0.09731   1.00000  
 21 345.1216   8651.749564  x:  0.00000   0.10556   0.02553   0.04813   0.02840   0.00000   0.00827   0.00149   0.00000   0.00294   0.03527   0.07415   0.05487   0.06764   0.15666   0.28765   0.05983   0.10304   0.09131   0.01229   0.06000   0.13825   0.02716   0.03111   0.16350   0.21106   0.00295   0.10688   0.13676   3.38385   2.29728   0.54370   0.07575   1.00000  
 22 943.1620   8648.537313  x:  0.00000   0.11289   0.02174   0.04597   0.02176   0.00000   0.00861   0.00162   0.00000   0.00332   0.03638   0.07231   0.05376   0.07636   0.17052   0.28039   0.06687   0.09700   0.08935   0.01267   0.06024   0.13828   0.02743   0.03127   0.17484   0.21955   0.00349   0.10082   0.13303   3.35506   2.22991   0.65808   0.06434   1.00000  
 23 496.7831   8647.638142  x:  0.00000   0.11109   0.02238   0.04836   0.02227   0.00000   0.00871   0.00165   0.00000   0.00341   0.03597   0.06841   0.05764   0.06867   0.17678   0.27290   0.06726   0.09705   0.09135   0.01257   0.05929   0.13933   0.02769   0.03161   0.18175   0.22296   0.00331   0.10879   0.13250   3.34711   2.21236   0.68768   0.06172   1.00000  
 24 208.9479   8647.347462  x:  0.00000   0.10604   0.02229   0.04831   0.02258   0.00000   0.00877   0.00166   0.00000   0.00348   0.03555   0.06621   0.05808   0.07106   0.17628   0.26825   0.06735   0.10218   0.09807   0.01263   0.05685   0.14106   0.02783   0.03175   0.18392   0.22408   0.00325   0.10734   0.13515   3.34486   2.20915   0.69144   0.06178   1.00000  
 25 32.3201   8646.138015  x:  0.00000   0.11341   0.02439   0.04498   0.02240   0.00000   0.00895   0.00172   0.00000   0.00373   0.03450   0.06565   0.04952   0.06992   0.16982   0.26402   0.07218   0.09511   0.11265   0.01294   0.05224   0.14420   0.02804   0.03191   0.18265   0.22339   0.00309   0.11227   0.13588   3.33741   2.20418   0.67491   0.06351   1.00000  
 26 13.0390   8638.532872  x:  0.00000   0.13911   0.01992   0.07330   0.01735   0.00000   0.00995   0.00212   0.00000   0.00405   0.03191   0.05715   0.06620   0.08352   0.16027   0.26012   0.07385   0.08735   0.11491   0.01421   0.05479   0.14511   0.03083   0.03394   0.18016   0.21521   0.00197   0.11994   0.15896   3.28773   2.16679   0.54053   0.06820   1.00000  
 27 93.4532   8605.533851  x:  0.00000   0.15823   0.02248   0.03431   0.02160   0.00000   0.01355   0.00370   0.00000   0.00673   0.02258   0.03175   0.06289   0.08279   0.18172   0.28849   0.08567   0.12701   0.06083   0.01515   0.07161   0.15154   0.04115   0.04423   0.19423   0.20322   0.00228   0.13360   0.18107   3.10241   1.96730   0.03819   0.08602   1.00000  
 28 645.8663   8596.605807  x:  0.00000   0.12843   0.02684   0.05136   0.01858   0.00000   0.01455   0.00411   0.00000   0.00774   0.02268   0.03660   0.03812   0.09193   0.19676   0.30643   0.08673   0.11547   0.04367   0.01545   0.07114   0.16053   0.04432   0.04751   0.20328   0.20537   0.00298   0.14357   0.18152   3.05210   1.90178  -0.10080   0.09184   1.00000  
 29 779.8701   8595.252326  x:  0.00000   0.11655   0.02693   0.04492   0.01817   0.00000   0.01474   0.00418   0.00000   0.00805   0.02274   0.04000   0.04427   0.09255   0.20339   0.31161   0.08987   0.10214   0.04460   0.01538   0.06987   0.15615   0.04512   0.04829   0.20177   0.20657   0.00298   0.14375   0.19071   3.04625   1.89096  -0.12167   0.09428   1.00000  
 30 165.3545   8595.135945  x:  0.00000   0.11622   0.02720   0.04576   0.01832   0.00000   0.01477   0.00419   0.00000   0.00809   0.02259   0.03938   0.04311   0.09285   0.20739   0.31286   0.09011   0.10267   0.04723   0.01536   0.07152   0.15133   0.04519   0.04836   0.19955   0.20670   0.00296   0.14424   0.19080   3.04872   1.89193  -0.12297   0.09480   1.00000  
 31 27.3995   8594.386127  x:  0.00000   0.11705   0.02709   0.04593   0.01838   0.00000   0.01485   0.00421   0.00000   0.00815   0.02253   0.03943   0.04386   0.09343   0.21833   0.31056   0.09082   0.10381   0.04649   0.01599   0.06889   0.16236   0.04528   0.04838   0.18466   0.20516   0.00290   0.14523   0.19139   3.14095   1.89690  -0.10872   0.09421   1.00000  
 32 12.3270   8591.076980  x:  0.00000   0.11854   0.02801   0.04556   0.01994   0.00000   0.01524   0.00432   0.00000   0.00874   0.02343   0.04002   0.04297   0.09604   0.20962   0.31947   0.09335   0.10385   0.04560   0.01572   0.07122   0.15286   0.04709   0.04981   0.20621   0.20650   0.00278   0.14848   0.19540   3.58998   1.91422  -0.03483   0.09474   1.00000  
 33 188.1008   8578.651219  x:  0.00000   0.14054   0.03310   0.04835   0.03065   0.00000   0.01598   0.00416   0.00000   0.00981   0.02970   0.06146   0.04942   0.10882   0.22221   0.36085   0.10365   0.11887   0.06720   0.01357   0.06075   0.18848   0.05359   0.05392   0.23337   0.22103   0.00000   0.16379   0.20400   3.40449   2.46728   0.80799   0.09975   1.00000  
 34  2.5915   8574.394328  x:  0.00000   0.14377   0.03126   0.04396   0.02406   0.00000   0.01630   0.00394   0.00000   0.00772   0.02476   0.05692   0.04343   0.11381   0.22889   0.38437   0.11154   0.12058   0.07005   0.00999   0.06094   0.20167   0.05665   0.05522   0.24206   0.26525   0.00000   0.17904   0.22924   3.45280   2.06487   0.38038   0.09192   1.00000  
 35  0.7560   8573.240418  x:  0.00000   0.14761   0.03119   0.04830   0.02636   0.00000   0.01689   0.00390   0.00000   0.00864   0.02653   0.05237   0.04806   0.11937   0.23909   0.39890   0.11719   0.12105   0.06302   0.01047   0.05673   0.19641   0.05713   0.05427   0.24660   0.25855   0.00000   0.18702   0.23762   3.40854   2.16035   0.65363   0.09036   1.00000  
 36  0.3692   8573.053674  x:  0.00000   0.14731   0.03118   0.04794   0.02588   0.00000   0.01727   0.00391   0.00000   0.00932   0.02679   0.05245   0.04669   0.12001   0.23959   0.40126   0.11765   0.12043   0.06372   0.00922   0.06268   0.19935   0.05767   0.05437   0.24883   0.25286   0.00000   0.18917   0.24058   3.40644   2.15074   0.67291   0.08908   1.00000  
 37  0.0361   8573.012476  x:  0.00000   0.14810   0.03104   0.04757   0.02534   0.00000   0.01762   0.00397   0.00000   0.00960   0.02585   0.05301   0.04602   0.11975   0.24035   0.40185   0.11752   0.12071   0.06323   0.00931   0.06092   0.19901   0.05790   0.05419   0.25054   0.25114   0.00000   0.18966   0.24159   3.40760   2.13511   0.63132   0.08862   1.00000  
 38  0.0540   8572.999641  x:  0.00000   0.14834   0.03077   0.04788   0.02521   0.00000   0.01801   0.00402   0.00000   0.00985   0.02634   0.05309   0.04631   0.11944   0.23958   0.40050   0.11761   0.12038   0.06329   0.00935   0.06024   0.19927   0.05839   0.05397   0.25153   0.25187   0.00000   0.19009   0.24195   3.40833   2.14163   0.64448   0.08893   1.00000  
 39  0.0078   8572.996890  x:  0.00000   0.14847   0.03077   0.04778   0.02535   0.00000   0.01810   0.00402   0.00000   0.00996   0.02619   0.05314   0.04632   0.11921   0.23948   0.39999   0.11751   0.12058   0.06314   0.00935   0.06080   0.19896   0.05861   0.05386   0.25095   0.25250   0.00000   0.19010   0.24184   3.40598   2.13900   0.63989   0.08879   1.00000  
 40  0.0039   8572.996323  x:  0.00000   0.14824   0.03087   0.04775   0.02531   0.00000   0.01809   0.00400   0.00000   0.01001   0.02621   0.05301   0.04624   0.11920   0.23943   0.40003   0.11756   0.12059   0.06326   0.00937   0.06066   0.19902   0.05872   0.05382   0.25068   0.25239   0.00000   0.19012   0.24169   3.40624   2.13935   0.64122   0.08869   1.00000  
 41  0.0011   8572.996224  x:  0.00000   0.14827   0.03086   0.04776   0.02530   0.00000   0.01806   0.00399   0.00000   0.01003   0.02620   0.05304   0.04627   0.11923   0.23947   0.40011   0.11759   0.12065   0.06326   0.00935   0.06066   0.19894   0.05874   0.05379   0.25060   0.25238   0.00000   0.19013   0.24167   3.40662   2.14026   0.64218   0.08878   1.00000  
 42  0.0010   8572.996211  x:  0.00000   0.14827   0.03084   0.04777   0.02531   0.00000   0.01805   0.00399   0.00000   0.01004   0.02620   0.05303   0.04627   0.11924   0.23945   0.40013   0.11759   0.12061   0.06326   0.00934   0.06066   0.19897   0.05875   0.05378   0.25062   0.25241   0.00000   0.19012   0.24167   3.40655   2.14009   0.64167   0.08877   1.00000  
 43  0.0005   8572.996209  x:  0.00000   0.14828   0.03084   0.04776   0.02530   0.00000   0.01805   0.00399   0.00000   0.01004   0.02621   0.05304   0.04627   0.11925   0.23944   0.40013   0.11759   0.12061   0.06326   0.00934   0.06066   0.19897   0.05875   0.05377   0.25063   0.25241   0.00000   0.19012   0.24167   3.40650   2.14010   0.64182   0.08876   1.00000  
 44  0.0001   8572.996208  x:  0.00000   0.14828   0.03084   0.04777   0.02530   0.00000   0.01804   0.00399   0.00000   0.01004   0.02621   0.05304   0.04627   0.11925   0.23944   0.40012   0.11759   0.12061   0.06325   0.00934   0.06066   0.19897   0.05875   0.05377   0.25063   0.25241   0.00000   0.19011   0.24167   3.40653   2.14009   0.64180   0.08876   1.00000  
 45  0.0000   8572.996208  x:  0.00000   0.14828   0.03084   0.04777   0.02530   0.00000   0.01804   0.00399   0.00000   0.01004   0.02621   0.05304   0.04627   0.11925   0.23944   0.40012   0.11759   0.12061   0.06325   0.00934   0.06066   0.19897   0.05875   0.05377   0.25063   0.25241   0.00000   0.19011   0.24167   3.40652   2.14011   0.64182   0.08876   1.00000  
 46  0.0000   8572.996208  x:  0.00000   0.14828   0.03084   0.04777   0.02530   0.00000   0.01804   0.00399   0.00000   0.01004   0.02621   0.05304   0.04627   0.11925   0.23944   0.40012   0.11759   0.12061   0.06325   0.00934   0.06066   0.19897   0.05875   0.05377   0.25063   0.25241   0.00000   0.19011   0.24167   3.40652   2.14011   0.64182   0.08876   1.00000  
 47  0.0000   8572.996208  x:  0.00000   0.14828   0.03084   0.04777   0.02530   0.00000   0.01804   0.00399   0.00000   0.01004   0.02621   0.05304   0.04627   0.11925   0.23944   0.40012   0.11759   0.12061   0.06325   0.00934   0.06066   0.19897   0.05875   0.05377   0.25063   0.25241   0.00000   0.19011   0.24167   3.40652   2.14010   0.64182   0.08876   1.00000  
 48  0.0000   8572.996208  x:  0.00000   0.14828   0.03084   0.04777   0.02530   0.00000   0.01804   0.00399   0.00000   0.01004   0.02621   0.05304   0.04627   0.11925   0.23944   0.40012   0.11759   0.12061   0.06325   0.00934   0.06066   0.19897   0.05875   0.05377   0.25063   0.25241   0.00000   0.19011   0.24167   3.40652   2.14010   0.64182   0.08876   1.00000  
 49  0.0000   8572.996208  x:  0.00000   0.14828   0.03084   0.04777   0.02530   0.00000   0.01804   0.00399   0.00000   0.01004   0.02621   0.05304   0.04627   0.11925   0.23944   0.40012   0.11759   0.12061   0.06325   0.00934   0.06066   0.19897   0.05875   0.05377   0.25063   0.25241   0.00000   0.19011   0.24167   3.40652   2.14010   0.64182   0.08876   1.00000  

Model 7: beta

TREE # 1

  0  0.0000   8700.312586  x:  0.00000   0.12377   0.03199   0.02133   0.03320   0.03557   0.01886   0.01687   0.01800   0.03444   0.02956   0.03015   0.05080   0.09755   0.16551   0.23421   0.07286   0.10982   0.07467   0.01915   0.04229   0.12919   0.06347   0.04236   0.14878   0.16782   0.01955   0.14949   0.16675   3.40652   0.74676   1.92879  
  1 99.0000   8653.447750  x:  0.00124   0.12616   0.03242   0.03957   0.03024   0.01960   0.01693   0.00296   0.00000   0.02175   0.02506   0.03951   0.04936   0.10039   0.17121   0.24215   0.08082   0.11196   0.07387   0.01932   0.04995   0.13656   0.06229   0.04602   0.15783   0.17403   0.00909   0.15290   0.17254   3.40639   0.74451   1.92903  
  2 1276.4703   8635.459256  x:  0.00025   0.12828   0.03222   0.04065   0.02776   0.00337   0.01755   0.01161   0.00000   0.01145   0.02339   0.04217   0.04762   0.10270   0.17646   0.24980   0.08677   0.11367   0.07284   0.01911   0.05452   0.14278   0.06116   0.04817   0.16578   0.17982   0.00000   0.15620   0.17807   3.40626   0.74209   1.92927  
  3 1470.2227   8632.583947  x:  0.00031   0.12870   0.03212   0.03891   0.02753   0.00000   0.01782   0.01093   0.00000   0.01126   0.02403   0.04198   0.04733   0.10308   0.17751   0.25142   0.08758   0.11394   0.07264   0.01904   0.05486   0.14385   0.06095   0.04832   0.16723   0.18098   0.00000   0.15693   0.17925   3.40623   0.74150   1.92933  
  4 1253.9808   8632.104823  x:  0.00000   0.12884   0.03214   0.03873   0.02770   0.00000   0.01751   0.01098   0.00000   0.01174   0.02466   0.04244   0.04740   0.10319   0.17792   0.25214   0.08773   0.11399   0.07253   0.01894   0.05479   0.14420   0.06091   0.04831   0.16774   0.18144   0.00000   0.15721   0.17970   3.40622   0.74116   1.92936  
  5 569.4857   8630.131070  x:  0.01072   0.13064   0.03268   0.03884   0.03233   0.00000   0.01678   0.01314   0.00000   0.01358   0.02828   0.04883   0.05143   0.10359   0.18311   0.26348   0.08454   0.11353   0.07183   0.01697   0.04829   0.14624   0.06153   0.04625   0.17186   0.18699   0.00000   0.16038   0.18506   3.40591   0.73398   1.92988  
  6 309.7204   8627.507542  x:  0.00448   0.13092   0.03233   0.04122   0.03446   0.00000   0.02004   0.01235   0.00000   0.00977   0.02291   0.05058   0.05765   0.10224   0.18825   0.28083   0.07544   0.11166   0.06919   0.01585   0.03765   0.14567   0.06408   0.04337   0.17403   0.19328   0.00000   0.16345   0.19074   3.40528   0.71884   1.93070  
  7 192.4411   8624.547886  x:  0.00520   0.13035   0.03026   0.04893   0.02797   0.00000   0.01451   0.01518   0.00000   0.01317   0.01839   0.04482   0.05956   0.09999   0.19212   0.30252   0.07031   0.11065   0.06840   0.02117   0.04340   0.14417   0.06675   0.04550   0.17380   0.19827   0.00000   0.16414   0.19404   3.40409   0.69202   1.93169  
  8 191.2332   8621.613412  x:  0.00468   0.12915   0.02920   0.05748   0.02472   0.00000   0.01890   0.01722   0.00000   0.00844   0.02777   0.04361   0.05845   0.09821   0.19347   0.32175   0.07073   0.11081   0.06767   0.02242   0.05107   0.14151   0.06775   0.04769   0.17097   0.19997   0.00000   0.16271   0.19415   3.40263   0.66043   1.93242  
  9 425.0710   8617.424160  x:  0.00364   0.12876   0.03120   0.06243   0.03066   0.00000   0.02181   0.02001   0.00000   0.00874   0.02031   0.05265   0.04949   0.10026   0.19303   0.34088   0.08629   0.11462   0.06604   0.01367   0.05940   0.14138   0.06348   0.04905   0.16888   0.19841   0.00000   0.15958   0.19140   3.40021   0.61262   1.93227  
 10 351.9223   8616.744942  x:  0.00356   0.12944   0.03206   0.06248   0.02948   0.00000   0.01785   0.01997   0.00000   0.00598   0.02061   0.05381   0.04845   0.10185   0.19257   0.34005   0.08824   0.11493   0.06608   0.01387   0.05747   0.14316   0.06207   0.04837   0.17027   0.19772   0.00000   0.15956   0.19075   3.39967   0.60485   1.93145  
 11 172.8219   8615.468142  x:  0.00383   0.13212   0.03366   0.06718   0.02231   0.00000   0.01952   0.02153   0.00000   0.00723   0.02050   0.05526   0.04696   0.10694   0.19211   0.33321   0.09226   0.11526   0.06621   0.01664   0.05078   0.15092   0.05875   0.04743   0.17755   0.19684   0.00000   0.16081   0.19016   3.39822   0.58814   1.92831  
 12 225.3158   8614.572677  x:  0.00355   0.13441   0.03057   0.07161   0.02839   0.00000   0.02016   0.02251   0.00000   0.00694   0.02048   0.05222   0.04789   0.10903   0.19304   0.32173   0.09157   0.11419   0.06613   0.01832   0.05062   0.15946   0.05981   0.05070   0.18689   0.19763   0.00000   0.16322   0.19168   3.39652   0.57522   1.92309  
 13 134.5924   8614.226885  x:  0.00370   0.13455   0.03016   0.07246   0.02633   0.00000   0.02000   0.02263   0.00000   0.00685   0.02034   0.05276   0.04918   0.10727   0.19493   0.31530   0.08969   0.11370   0.06553   0.01290   0.05318   0.16080   0.06121   0.04997   0.18995   0.19955   0.00000   0.16465   0.19407   3.39530   0.57131   1.91815  
 14 72.4916   8613.933322  x:  0.00353   0.13390   0.03163   0.07214   0.02609   0.00000   0.02078   0.02249   0.00000   0.00651   0.01961   0.05603   0.04912   0.10421   0.19804   0.30920   0.08933   0.11414   0.06600   0.01557   0.05583   0.15897   0.06178   0.04756   0.19083   0.20372   0.00000   0.16599   0.19751   3.39337   0.56902   1.90946  
 15 60.2795   8613.382766  x:  0.00360   0.13260   0.03200   0.07574   0.02612   0.00000   0.02009   0.02218   0.00000   0.00667   0.02016   0.05393   0.04586   0.10244   0.20436   0.30336   0.09359   0.11656   0.06671   0.01473   0.05195   0.15320   0.06142   0.05166   0.18912   0.21188   0.00000   0.16722   0.20313   3.38802   0.56731   1.88440  
 16 61.7374   8611.437439  x:  0.00277   0.13255   0.03292   0.08327   0.02839   0.00000   0.02020   0.01888   0.00000   0.00671   0.02039   0.05024   0.05499   0.11630   0.21245   0.30320   0.09752   0.11681   0.06839   0.01278   0.05606   0.15261   0.05163   0.04729   0.18627   0.22136   0.00000   0.16422   0.20600   3.36530   0.56518   1.77603  
 17 100.8262   8606.890783  x:  0.00275   0.13349   0.02388   0.09034   0.02427   0.00000   0.02106   0.00964   0.00000   0.00597   0.01912   0.06358   0.05346   0.13253   0.21892   0.31088   0.09804   0.11452   0.06920   0.01382   0.05878   0.16135   0.06292   0.05472   0.18604   0.22789   0.00000   0.15984   0.20436   3.31256   0.55718   1.52337  
 18 596.5638   8604.003756  x:  0.00293   0.13563   0.03650   0.09946   0.02672   0.00000   0.02047   0.00415   0.00000   0.00634   0.02014   0.06062   0.04582   0.12340   0.21610   0.31964   0.09809   0.11594   0.06650   0.01279   0.05914   0.16843   0.06440   0.05152   0.19376   0.22358   0.00000   0.16500   0.20383   3.28005   0.54310   1.36695  
 19 612.9672   8603.389056  x:  0.00301   0.13585   0.02992   0.10068   0.02629   0.00000   0.02018   0.00274   0.00000   0.00637   0.02021   0.06112   0.04751   0.11786   0.21375   0.32119   0.10027   0.11766   0.06744   0.01307   0.05832   0.16769   0.06042   0.04980   0.19556   0.22092   0.00000   0.16778   0.20492   3.27304   0.53459   1.33270  
 20 218.4111   8603.195549  x:  0.00294   0.13633   0.03152   0.09976   0.02589   0.00000   0.02022   0.00215   0.00000   0.00632   0.02006   0.06171   0.05112   0.11869   0.21239   0.32090   0.10127   0.11796   0.06810   0.01336   0.05855   0.16579   0.06129   0.05244   0.19520   0.21968   0.00000   0.16880   0.20654   3.27049   0.52698   1.31912  
 21 67.2868   8602.768319  x:  0.00297   0.13691   0.03059   0.10007   0.02645   0.00000   0.02002   0.00156   0.00000   0.00649   0.02039   0.06092   0.04699   0.12589   0.21098   0.32022   0.09959   0.11606   0.06773   0.01304   0.05940   0.16208   0.06407   0.04888   0.19302   0.21911   0.00000   0.16986   0.21171   3.26393   0.50630   1.28106  
 22 70.2341   8597.179986  x:  0.00380   0.12298   0.03014   0.09705   0.02549   0.00000   0.01962   0.00167   0.00000   0.00658   0.02060   0.06235   0.04815   0.12910   0.20918   0.32527   0.09657   0.11292   0.05516   0.01401   0.05985   0.17202   0.05757   0.05362   0.17521   0.22350   0.00000   0.16861   0.22649   3.17990   0.32474   0.76321  
 23 119.7072   8595.717834  x:  0.00245   0.12734   0.02996   0.09695   0.02566   0.00000   0.01955   0.00184   0.00000   0.00665   0.02070   0.06085   0.04966   0.12936   0.21222   0.32835   0.09837   0.11486   0.06715   0.01247   0.05956   0.16873   0.06250   0.05046   0.17770   0.22540   0.00000   0.16677   0.22321   3.15468   0.27121   0.60620  
 24 786.8420   8595.520896  x:  0.00262   0.13058   0.02959   0.09644   0.02552   0.00000   0.01957   0.00174   0.00000   0.00664   0.02068   0.06139   0.04935   0.13004   0.21455   0.32846   0.09703   0.11503   0.06283   0.01284   0.06009   0.16352   0.06105   0.05152   0.18182   0.22621   0.00000   0.16601   0.21821   3.15134   0.26342   0.58519  
 25 81.1810   8595.487725  x:  0.00272   0.12814   0.02953   0.09641   0.02555   0.00000   0.01949   0.00173   0.00000   0.00667   0.02074   0.06114   0.04976   0.13048   0.21553   0.32847   0.09788   0.11454   0.06241   0.01286   0.06003   0.16340   0.06193   0.05094   0.18195   0.22685   0.00000   0.16837   0.21567   3.15103   0.26233   0.58429  
 26  4.6457   8595.360761  x:  0.00248   0.12734   0.03008   0.09566   0.02549   0.00000   0.01964   0.00160   0.00000   0.00664   0.02061   0.06198   0.04815   0.13061   0.21700   0.32865   0.09527   0.11331   0.06531   0.01237   0.06041   0.16415   0.05903   0.05288   0.18114   0.22794   0.00000   0.17067   0.21326   3.15033   0.25994   0.58462  
 27  4.4481   8591.828750  x:  0.00096   0.14770   0.02853   0.08881   0.02532   0.00000   0.01854   0.00195   0.00000   0.00725   0.02145   0.05974   0.04985   0.12580   0.22210   0.33533   0.09634   0.12192   0.05988   0.01297   0.06105   0.17192   0.06207   0.05050   0.17171   0.23137   0.00000   0.17663   0.21192   3.13332   0.22869   0.59786  
 28  7.9761   8589.024808  x:  0.00090   0.13625   0.02886   0.08339   0.02490   0.00000   0.01788   0.00305   0.00000   0.00758   0.02185   0.06002   0.04889   0.12825   0.21147   0.34535   0.09911   0.11039   0.06365   0.01323   0.06145   0.15768   0.05890   0.05303   0.19531   0.22305   0.00000   0.17635   0.22771   3.12222   0.21434   0.60527  
 29 70.0306   8588.957301  x:  0.00090   0.13522   0.02881   0.08334   0.02492   0.00000   0.01795   0.00315   0.00000   0.00757   0.02184   0.06023   0.04860   0.12990   0.21120   0.34566   0.09724   0.11561   0.06380   0.01325   0.06187   0.15699   0.05874   0.05332   0.19599   0.22144   0.00000   0.17858   0.22850   3.12764   0.21502   0.60470  
 30 10.8746   8587.467435  x:  0.00000   0.14467   0.02815   0.08128   0.02459   0.00000   0.01786   0.00369   0.00000   0.00765   0.02189   0.06014   0.04841   0.13015   0.21969   0.35096   0.10084   0.10795   0.06298   0.01405   0.06341   0.15671   0.05790   0.05431   0.19398   0.21125   0.00000   0.19390   0.23396   3.33178   0.21905   0.58953  
 31 16.6247   8585.464195  x:  0.00000   0.13635   0.02891   0.07645   0.02466   0.00000   0.01705   0.00297   0.00000   0.00810   0.02255   0.05877   0.04822   0.12645   0.21834   0.35737   0.09997   0.11474   0.06348   0.01319   0.06227   0.16485   0.05872   0.05333   0.20159   0.22643   0.00000   0.17749   0.23077   3.61849   0.21046   0.57347  
 32 291.0640   8585.396379  x:  0.00000   0.13810   0.02880   0.07637   0.02465   0.00000   0.01707   0.00305   0.00000   0.00810   0.02254   0.05888   0.04818   0.12678   0.21267   0.35774   0.10009   0.11450   0.06342   0.01287   0.06258   0.16436   0.05865   0.05345   0.20163   0.23083   0.00000   0.18006   0.23015   3.62357   0.21153   0.57351  
 33 12.6437   8576.724728  x:  0.00000   0.14742   0.03057   0.04931   0.02417   0.00000   0.01504   0.00368   0.00000   0.00998   0.02500   0.05289   0.04719   0.11022   0.23094   0.39127   0.10608   0.11933   0.06964   0.01295   0.06163   0.17484   0.06042   0.05291   0.23711   0.23814   0.00000   0.17719   0.22612   3.42860   0.30702   0.82278  
 34  1.9422   8574.777823  x:  0.00000   0.14760   0.03163   0.04493   0.02464   0.00000   0.01853   0.00392   0.00000   0.00996   0.02546   0.05148   0.04415   0.11279   0.23356   0.39921   0.11151   0.12150   0.06131   0.01231   0.06157   0.19735   0.05748   0.05432   0.24021   0.24288   0.00000   0.19396   0.23854   3.34850   0.27932   0.70503  
 35  0.1593   8574.498741  x:  0.00000   0.14750   0.03075   0.04947   0.02529   0.00000   0.01819   0.00394   0.00000   0.00996   0.02584   0.05210   0.04567   0.11929   0.23704   0.39772   0.11539   0.12173   0.06230   0.01130   0.06122   0.19921   0.05832   0.05396   0.24424   0.24806   0.00000   0.19244   0.24057   3.34685   0.27408   0.67174  
 36  0.0364   8574.450732  x:  0.00000   0.14775   0.03055   0.04706   0.02535   0.00000   0.01792   0.00396   0.00000   0.01000   0.02599   0.05266   0.04633   0.12010   0.23836   0.39795   0.11642   0.12148   0.06302   0.01113   0.06102   0.19833   0.05845   0.05404   0.24622   0.25012   0.00000   0.19065   0.24074   3.35487   0.27120   0.66144  
 37  0.0177   8574.442230  x:  0.00000   0.14800   0.03094   0.04737   0.02537   0.00000   0.01795   0.00394   0.00000   0.00999   0.02607   0.05253   0.04591   0.11880   0.23858   0.39851   0.11691   0.12140   0.06308   0.01117   0.06079   0.19776   0.05839   0.05394   0.24780   0.25026   0.00000   0.18978   0.24090   3.35239   0.27022   0.65887  
 38  0.0043   8574.441743  x:  0.00000   0.14794   0.03086   0.04737   0.02533   0.00000   0.01796   0.00396   0.00000   0.00999   0.02608   0.05259   0.04597   0.11888   0.23851   0.39850   0.11678   0.12140   0.06297   0.01124   0.06081   0.19745   0.05839   0.05400   0.24812   0.25006   0.00000   0.18989   0.24090   3.35160   0.26989   0.65850  
 39  0.0008   8574.441711  x:  0.00000   0.14794   0.03088   0.04738   0.02534   0.00000   0.01796   0.00396   0.00000   0.00999   0.02607   0.05256   0.04595   0.11890   0.23851   0.39852   0.11673   0.12141   0.06300   0.01122   0.06081   0.19747   0.05840   0.05399   0.24817   0.25007   0.00000   0.18993   0.24090   3.35206   0.26979   0.65815  
 40  0.0005   8574.441705  x:  0.00000   0.14794   0.03087   0.04738   0.02534   0.00000   0.01796   0.00397   0.00000   0.00999   0.02607   0.05257   0.04597   0.11888   0.23850   0.39852   0.11671   0.12141   0.06300   0.01122   0.06080   0.19750   0.05840   0.05399   0.24818   0.25008   0.00000   0.18991   0.24090   3.35200   0.26981   0.65821  
 41  0.0001   8574.441704  x:  0.00000   0.14794   0.03087   0.04738   0.02534   0.00000   0.01796   0.00397   0.00000   0.00999   0.02607   0.05257   0.04596   0.11888   0.23851   0.39852   0.11671   0.12141   0.06299   0.01122   0.06080   0.19750   0.05840   0.05399   0.24818   0.25008   0.00000   0.18990   0.24090   3.35197   0.26982   0.65824  
 42  0.0000   8574.441704  x:  0.00000   0.14794   0.03087   0.04738   0.02534   0.00000   0.01796   0.00397   0.00000   0.00999   0.02607   0.05257   0.04596   0.11888   0.23851   0.39852   0.11672   0.12141   0.06299   0.01123   0.06080   0.19750   0.05840   0.05399   0.24817   0.25008   0.00000   0.18991   0.24090   3.35199   0.26981   0.65823  
 43  0.0000   8574.441704  x:  0.00000   0.14794   0.03087   0.04738   0.02534   0.00000   0.01796   0.00397   0.00000   0.00999   0.02607   0.05257   0.04596   0.11888   0.23850   0.39851   0.11672   0.12141   0.06300   0.01122   0.06080   0.19750   0.05840   0.05399   0.24817   0.25007   0.00000   0.18990   0.24090   3.35199   0.26981   0.65823  
 44  0.0000   8574.441704  x:  0.00000   0.14794   0.03087   0.04738   0.02534   0.00000   0.01796   0.00397   0.00000   0.00999   0.02607   0.05257   0.04596   0.11888   0.23850   0.39851   0.11672   0.12141   0.06300   0.01122   0.06080   0.19750   0.05840   0.05399   0.24817   0.25007   0.00000   0.18990   0.24090   3.35199   0.26981   0.65823  
 45  0.0000   8574.441704  x:  0.00000   0.14794   0.03087   0.04738   0.02534   0.00000   0.01796   0.00397   0.00000   0.00999   0.02607   0.05257   0.04596   0.11888   0.23850   0.39851   0.11672   0.12141   0.06300   0.01122   0.06080   0.19750   0.05840   0.05399   0.24817   0.25007   0.00000   0.18990   0.24090   3.35199   0.26981   0.65823  
 46  0.0000   8574.441704  x:  0.00000   0.14794   0.03087   0.04738   0.02534   0.00000   0.01796   0.00397   0.00000   0.00999   0.02607   0.05257   0.04596   0.11888   0.23850   0.39851   0.11672   0.12141   0.06300   0.01122   0.06080   0.19750   0.05840   0.05399   0.24817   0.25007   0.00000   0.18990   0.24090   3.35199   0.26981   0.65823  

Model 8: beta&w>1

TREE # 1

  0  0.0000   8719.983436  x:  0.01341   0.10170   0.02905   0.03369   0.03318   0.02955   0.01592   0.03812   0.01532   0.02491   0.02557   0.04729   0.04745   0.09661   0.17683   0.25453   0.08418   0.08784   0.07060   0.02831   0.02044   0.13944   0.05132   0.04622   0.17718   0.16172   0.00000   0.13832   0.17265   3.35199   0.90000   0.76687   1.93569   2.47532  
  1 99.0000   8670.888187  x:  0.00738   0.10675   0.03137   0.03995   0.03047   0.01613   0.01748   0.02440   0.00000   0.01596   0.02421   0.04827   0.04767   0.09988   0.18138   0.26057   0.08967   0.09326   0.07042   0.02670   0.03790   0.14556   0.05324   0.04908   0.18307   0.16863   0.00280   0.14337   0.17829   3.35213   0.91709   0.76454   1.93647   2.47415  
  2 1329.3162   8663.097534  x:  0.00603   0.10788   0.03138   0.04001   0.03003   0.01215   0.01726   0.02043   0.00000   0.01507   0.02443   0.04842   0.04747   0.10049   0.18251   0.26222   0.09062   0.09426   0.07031   0.02582   0.03697   0.14661   0.05341   0.04926   0.18422   0.17020   0.00000   0.14447   0.17953   3.35217   0.92160   0.76382   1.93668   2.47390  
  3 1913.2102   8645.719948  x:  0.00298   0.11056   0.03060   0.03806   0.02926   0.00000   0.01662   0.00932   0.00000   0.01549   0.02585   0.04877   0.04664   0.10152   0.18539   0.26684   0.09224   0.09603   0.07015   0.02360   0.03001   0.14882   0.05320   0.04885   0.18690   0.17414   0.00403   0.14750   0.18295   3.35226   0.93454   0.76145   1.93734   2.47335  
  4 2866.8540   8639.321373  x:  0.00396   0.11120   0.02615   0.02605   0.03041   0.00000   0.02172   0.01766   0.00000   0.02162   0.03554   0.05238   0.04476   0.09816   0.18923   0.27728   0.08749   0.09159   0.06969   0.02344   0.03304   0.15180   0.04866   0.04430   0.19068   0.17907   0.00337   0.14827   0.18648   3.35234   0.96264   0.75201   1.93938   2.47412  
  5 381.3619   8637.115140  x:  0.00567   0.10962   0.02641   0.03274   0.03071   0.00000   0.01517   0.02294   0.00000   0.02094   0.03309   0.05276   0.04543   0.09465   0.19036   0.28453   0.08298   0.08696   0.06832   0.02377   0.03137   0.15183   0.04742   0.04359   0.19134   0.18022   0.00354   0.14662   0.18706   3.35224   0.97464   0.74250   1.94103   2.47640  
  6 239.4846   8634.676763  x:  0.00640   0.10663   0.02829   0.03266   0.02801   0.00000   0.02282   0.02370   0.00000   0.01495   0.02442   0.05020   0.04522   0.08975   0.19145   0.29840   0.07904   0.08222   0.06444   0.02392   0.02889   0.15122   0.04866   0.04602   0.19165   0.18121   0.00338   0.14314   0.18734   3.35180   0.97955   0.72026   1.94438   2.48300  
  7 191.4661   8627.047806  x:  0.00526   0.10083   0.02965   0.02347   0.02356   0.00000   0.01332   0.01452   0.00000   0.01156   0.02646   0.04472   0.04265   0.08090   0.19485   0.34419   0.07797   0.07835   0.05361   0.02435   0.03615   0.15116   0.05039   0.04926   0.19362   0.18488   0.00129   0.13460   0.18888   3.34999   0.97343   0.63729   1.95621   2.50852  
  8 383.3492   8622.796742  x:  0.00502   0.10043   0.02947   0.02840   0.02548   0.00000   0.01648   0.01138   0.00000   0.01561   0.02944   0.04547   0.04278   0.08080   0.19584   0.36058   0.07982   0.07946   0.05190   0.02396   0.03773   0.15104   0.04978   0.04835   0.19405   0.18585   0.00000   0.13283   0.18932   3.34921   0.97093   0.60235   1.96092   2.51950  
  9 992.6102   8617.645567  x:  0.00537   0.10757   0.02803   0.02757   0.02943   0.00000   0.01582   0.01664   0.00000   0.00745   0.02705   0.05291   0.04504   0.09270   0.19621   0.37818   0.08789   0.08806   0.06019   0.02194   0.03595   0.15124   0.04766   0.04370   0.19386   0.18591   0.00000   0.13814   0.19012   3.34768   0.96984   0.54066   1.96784   2.54019  
 10 561.2752   8616.014494  x:  0.00336   0.11124   0.02855   0.02608   0.02636   0.00000   0.01455   0.01863   0.00000   0.01291   0.02122   0.05328   0.04585   0.09763   0.19606   0.38008   0.08969   0.09038   0.06391   0.02102   0.03712   0.15217   0.04934   0.04541   0.19410   0.18590   0.00000   0.14242   0.19070   3.34704   0.97101   0.51866   1.96951   2.54852  
 11 483.3434   8614.341732  x:  0.00000   0.11331   0.02823   0.02709   0.02307   0.00000   0.01491   0.01911   0.00000   0.01228   0.02393   0.05098   0.04561   0.09897   0.19560   0.37567   0.08808   0.08940   0.06552   0.02044   0.03710   0.15327   0.05106   0.04783   0.19434   0.18577   0.00000   0.14646   0.19116   3.34653   0.97238   0.50673   1.96929   2.55458  
 12 240.9834   8609.009301  x:  0.00000   0.11766   0.02660   0.02555   0.03211   0.00000   0.01496   0.00501   0.00000   0.01146   0.02122   0.04518   0.04195   0.09445   0.19646   0.35145   0.08211   0.08514   0.06482   0.01903   0.04369   0.15979   0.04967   0.04773   0.19818   0.18924   0.00000   0.15715   0.19483   3.34475   0.97776   0.48155   1.96425   2.57367  
 13 198.7423   8604.239850  x:  0.00000   0.11707   0.03472   0.02595   0.02443   0.00000   0.01535   0.00201   0.00000   0.01192   0.02076   0.04781   0.04060   0.08508   0.20477   0.33716   0.09395   0.09498   0.04999   0.01431   0.04328   0.16804   0.04833   0.04493   0.20779   0.20302   0.00000   0.15622   0.20394   3.34354   0.97907   0.48823   1.95482   2.58325  
 14 170.8074   8602.784366  x:  0.00000   0.11860   0.03491   0.02657   0.02752   0.00000   0.01532   0.00492   0.00000   0.01215   0.02036   0.04361   0.03827   0.08204   0.21045   0.33379   0.09905   0.09922   0.04467   0.01319   0.04169   0.17363   0.05109   0.04830   0.21413   0.21193   0.00000   0.15779   0.21029   3.34295   0.97783   0.49148   1.95022   2.58755  
 15 383.6019   8599.656691  x:  0.00000   0.11934   0.02961   0.02766   0.02862   0.00000   0.01575   0.00326   0.00000   0.01308   0.02038   0.04211   0.04220   0.08425   0.22472   0.34249   0.10241   0.10036   0.05248   0.02463   0.03916   0.18234   0.05838   0.05738   0.22763   0.23160   0.00000   0.15257   0.22263   3.34198   0.97157   0.51793   1.93722   2.59130  
 16 226.4316   8597.923432  x:  0.00000   0.12192   0.03447   0.02810   0.02976   0.00000   0.01605   0.00297   0.00000   0.01377   0.02076   0.03974   0.04181   0.09374   0.23186   0.35512   0.09700   0.09520   0.05512   0.01327   0.03999   0.18607   0.05735   0.05881   0.23472   0.23863   0.00000   0.15558   0.22910   3.34116   0.96548   0.53806   1.92626   2.59439  
 17 153.6500   8596.814385  x:  0.00000   0.12539   0.03041   0.02996   0.02753   0.00000   0.01624   0.00289   0.00000   0.01361   0.01926   0.04359   0.03658   0.09306   0.23171   0.36816   0.09498   0.09605   0.05145   0.01525   0.04108   0.18702   0.05750   0.05762   0.23666   0.23572   0.00000   0.17103   0.23056   3.33997   0.96309   0.55218   1.91204   2.60149  
 18 75.2732   8595.613128  x:  0.00000   0.12867   0.03501   0.02934   0.03035   0.00000   0.01649   0.00286   0.00000   0.01369   0.02039   0.04130   0.04488   0.09026   0.22923   0.38176   0.09656   0.09974   0.04931   0.01859   0.04235   0.18714   0.05916   0.05780   0.23670   0.22955   0.00000   0.18557   0.23000   3.33834   0.96506   0.56686   1.89271   2.61223  
 19 165.7413   8593.463194  x:  0.00000   0.12939   0.03325   0.03045   0.03205   0.00000   0.01633   0.00247   0.00000   0.01274   0.02079   0.03777   0.03868   0.08800   0.22433   0.39350   0.10756   0.10642   0.05898   0.01261   0.04675   0.18801   0.06055   0.06208   0.23384   0.22144   0.00000   0.18319   0.22622   3.33469   0.97568   0.58287   1.85110   2.63968  
 20 98.6561   8588.776104  x:  0.00000   0.13988   0.03458   0.03228   0.03165   0.00000   0.01636   0.00367   0.00000   0.00966   0.02031   0.04741   0.04073   0.10445   0.22403   0.39461   0.11163   0.10513   0.05550   0.01763   0.05319   0.20105   0.05695   0.06272   0.23686   0.22960   0.00000   0.17563   0.23124   3.32546   0.99084   0.58438   1.75567   2.71409  
 21 206.7206   8587.798303  x:  0.00000   0.14181   0.02975   0.03367   0.02754   0.00000   0.01670   0.00443   0.00000   0.00878   0.01870   0.04526   0.04617   0.10089   0.22741   0.39340   0.11034   0.10689   0.06065   0.01437   0.05548   0.20279   0.05476   0.05518   0.23939   0.23540   0.00000   0.17703   0.23459   3.32351   0.99157   0.58059   1.73349   2.73029  
 22 189.8407   8587.502062  x:  0.00000   0.14087   0.03306   0.03373   0.02795   0.00000   0.01672   0.00469   0.00000   0.00861   0.01911   0.04907   0.04552   0.09709   0.23057   0.39214   0.10779   0.10845   0.06502   0.01295   0.05606   0.20024   0.05795   0.05417   0.24061   0.23895   0.00000   0.17927   0.23603   3.32315   0.99140   0.57740   1.72473   2.73398  
 23 73.4134   8587.355392  x:  0.00000   0.13790   0.03419   0.03390   0.02785   0.00000   0.01676   0.00474   0.00000   0.00854   0.01911   0.04750   0.04424   0.09868   0.23398   0.39155   0.10674   0.11091   0.06547   0.01435   0.05675   0.19366   0.05609   0.05422   0.24104   0.24129   0.00000   0.18084   0.23592   3.32359   0.99207   0.57520   1.71674   2.73136  
 24 31.3324   8587.255283  x:  0.00000   0.13644   0.03210   0.03379   0.02826   0.00000   0.01669   0.00461   0.00000   0.00843   0.01902   0.04859   0.04584   0.09947   0.23592   0.39119   0.10668   0.11142   0.06419   0.01284   0.05737   0.18935   0.05655   0.05593   0.24114   0.24208   0.00000   0.18134   0.23546   3.32429   0.99240   0.57338   1.70896   2.72661  
 25 43.7057   8586.177175  x:  0.00000   0.14719   0.03274   0.03470   0.02792   0.00000   0.01683   0.00459   0.00000   0.00798   0.01862   0.04778   0.04519   0.09979   0.24617   0.39290   0.11678   0.09986   0.06212   0.01380   0.05990   0.17532   0.06107   0.05185   0.24288   0.24306   0.00000   0.17982   0.23189   3.33651   0.99035   0.54290   1.59707   2.64105  
 26 47.1839   8582.237832  x:  0.00000   0.14872   0.03575   0.03765   0.02644   0.00000   0.01721   0.00506   0.00000   0.00625   0.01684   0.05333   0.04751   0.09941   0.25666   0.40175   0.11308   0.10619   0.06360   0.01358   0.06345   0.17806   0.04439   0.06602   0.24641   0.24425   0.00000   0.17662   0.23007   3.38192   0.97922   0.42501   1.18066   2.32116  
 27 364.9167   8579.915826  x:  0.00000   0.13698   0.03492   0.03934   0.02667   0.00000   0.01732   0.00490   0.00000   0.00520   0.01561   0.05192   0.04745   0.10980   0.25561   0.40799   0.10621   0.11532   0.06002   0.01360   0.06637   0.18237   0.05621   0.05774   0.24594   0.24509   0.00000   0.17250   0.23128   3.40840   0.97561   0.35805   0.93482   2.13233  
 28 1204.8476   8579.755242  x:  0.00000   0.13271   0.03518   0.03947   0.02675   0.00000   0.01735   0.00497   0.00000   0.00516   0.01552   0.05229   0.04763   0.11030   0.24901   0.40861   0.10987   0.11174   0.06102   0.01336   0.06662   0.18101   0.05552   0.05793   0.24460   0.24910   0.00000   0.17477   0.23655   3.40946   0.97518   0.35263   0.91677   2.12024  
 29 52.5852   8579.727499  x:  0.00000   0.13501   0.03510   0.03948   0.02678   0.00000   0.01734   0.00493   0.00000   0.00519   0.01557   0.05213   0.04751   0.10992   0.24615   0.40918   0.10872   0.11284   0.06072   0.01329   0.06679   0.17923   0.05557   0.05805   0.24386   0.25085   0.00000   0.17375   0.23767   3.40852   0.97524   0.35201   0.91271   2.11941  
 30  9.4058   8579.258971  x:  0.00000   0.13587   0.03481   0.03927   0.02691   0.00000   0.01726   0.00490   0.00000   0.00582   0.01662   0.05223   0.04743   0.10867   0.24443   0.41445   0.11037   0.11135   0.06089   0.01267   0.06565   0.18152   0.05502   0.05776   0.24869   0.25962   0.00000   0.17566   0.22448   3.36096   0.97737   0.32754   0.82262   2.14911  
 31  5.6034   8578.751915  x:  0.00000   0.13756   0.03436   0.03911   0.02692   0.00000   0.01724   0.00489   0.00000   0.00653   0.01782   0.05257   0.04738   0.10716   0.25175   0.41876   0.11125   0.11078   0.06079   0.01327   0.06498   0.18133   0.05436   0.05758   0.24900   0.25106   0.00000   0.17372   0.23599   3.30942   0.97972   0.30008   0.72596   2.18218  
 32 103.4147   8578.539990  x:  0.00000   0.13802   0.03408   0.03931   0.02697   0.00000   0.01722   0.00482   0.00000   0.00674   0.01824   0.05241   0.04736   0.10764   0.25610   0.41922   0.11145   0.11101   0.06033   0.01301   0.06556   0.18435   0.05452   0.05746   0.23503   0.25543   0.00000   0.17514   0.23586   3.31496   0.97931   0.29957   0.73037   2.17225  
 33  1.2782   8575.742772  x:  0.00000   0.13669   0.03127   0.04258   0.02685   0.00000   0.01701   0.00475   0.00000   0.00898   0.02298   0.05347   0.04801   0.11725   0.24762   0.41277   0.11007   0.11816   0.06004   0.01196   0.06641   0.18770   0.05624   0.05314   0.24842   0.25579   0.00000   0.17842   0.24356   3.40822   0.97187   0.28335   0.82014   2.02394  
 34 20.5247   8574.938325  x:  0.00000   0.13742   0.03095   0.04473   0.02548   0.00000   0.01740   0.00472   0.00000   0.00962   0.02471   0.05400   0.04807   0.12263   0.24223   0.40263   0.11118   0.12185   0.06055   0.01131   0.06778   0.19089   0.05797   0.05276   0.24871   0.25388   0.00000   0.18267   0.24642   3.25578   0.96736   0.32566   0.95054   1.88293  
 35  0.7414   8574.508403  x:  0.00000   0.14049   0.03063   0.04558   0.02495   0.00000   0.01765   0.00464   0.00000   0.01033   0.02621   0.05420   0.04784   0.12346   0.24119   0.40132   0.11339   0.12237   0.06119   0.01083   0.06759   0.19436   0.05846   0.05267   0.25028   0.25289   0.00000   0.18583   0.24700   3.40202   0.96699   0.33824   0.95548   1.87576  
 36  1.6166   8573.726647  x:  0.00000   0.15116   0.03202   0.04909   0.02526   0.00000   0.01842   0.00409   0.00000   0.00954   0.02658   0.05378   0.04636   0.12383   0.23636   0.39140   0.11909   0.12293   0.06317   0.00979   0.06810   0.20081   0.05975   0.05568   0.24767   0.25182   0.00000   0.19338   0.24251   3.35948   0.96320   0.32441   0.94230   1.62565  
 37  0.3541   8573.353426  x:  0.00000   0.14817   0.03136   0.05029   0.02455   0.00000   0.01847   0.00399   0.00000   0.01024   0.02629   0.05326   0.04621   0.12337   0.23782   0.39475   0.11845   0.12499   0.06347   0.01002   0.06617   0.19873   0.05983   0.05464   0.24682   0.25062   0.00000   0.19282   0.24146   3.35969   0.95625   0.32689   0.97808   1.35536  
 38  0.1920   8573.192541  x:  0.00000   0.14780   0.03070   0.04899   0.02528   0.00000   0.01812   0.00389   0.00000   0.01018   0.02611   0.05260   0.04595   0.11888   0.24076   0.40399   0.11794   0.12268   0.06325   0.01064   0.06231   0.19797   0.05873   0.05380   0.24847   0.25091   0.00000   0.19093   0.24136   3.37362   0.95728   0.32098   0.95902   1.38797  
 39  0.0558   8573.145435  x:  0.00000   0.14718   0.03103   0.04815   0.02544   0.00000   0.01799   0.00400   0.00000   0.01010   0.02611   0.05303   0.04633   0.11865   0.23940   0.40150   0.11669   0.12132   0.06293   0.01053   0.06072   0.19794   0.05812   0.05401   0.24953   0.25185   0.00000   0.18988   0.24241   3.37165   0.95408   0.32550   0.98273   1.32582  
 40  0.0486   8573.114915  x:  0.00000   0.14784   0.03139   0.04696   0.02494   0.00000   0.01801   0.00411   0.00000   0.00993   0.02613   0.05328   0.04653   0.11906   0.23903   0.39912   0.11642   0.12054   0.06281   0.01054   0.06007   0.19849   0.05832   0.05428   0.24944   0.25182   0.00000   0.18992   0.24259   3.36962   0.95257   0.32691   0.99259   1.35597  
 41  0.0178   8573.031521  x:  0.00000   0.14959   0.03072   0.04563   0.02586   0.00000   0.01788   0.00398   0.00000   0.00977   0.02626   0.05254   0.04613   0.12073   0.24022   0.39709   0.11680   0.12168   0.06306   0.01067   0.05920   0.19972   0.05939   0.05367   0.24830   0.25059   0.00000   0.19265   0.24173   3.36542   0.94048   0.33667   1.07465   1.26973  
 42  0.0292   8572.807847  x:  0.00000   0.14758   0.03049   0.04488   0.02445   0.00000   0.01770   0.00397   0.00000   0.01051   0.02576   0.05245   0.04610   0.12067   0.23896   0.40478   0.11899   0.12390   0.06462   0.01014   0.06056   0.19723   0.05939   0.05378   0.24834   0.25007   0.00000   0.19112   0.24103   3.38474   0.90965   0.36437   1.30420   1.20023  
 43  0.0554   8572.639420  x:  0.00000   0.14835   0.03095   0.04671   0.02608   0.00000   0.01784   0.00383   0.00000   0.01019   0.02604   0.05317   0.04649   0.11936   0.23970   0.40276   0.11869   0.12229   0.06407   0.01015   0.06264   0.19832   0.05800   0.05418   0.25076   0.25272   0.00000   0.19024   0.24284   3.37827   0.88518   0.38307   1.49246   1.12808  
 44  0.1143   8572.603603  x:  0.00000   0.14870   0.03119   0.04749   0.02599   0.00000   0.01800   0.00386   0.00000   0.01006   0.02618   0.05328   0.04649   0.11869   0.24024   0.40220   0.11833   0.12155   0.06358   0.01022   0.06277   0.19872   0.05799   0.05423   0.25083   0.25290   0.00000   0.19014   0.24296   3.37450   0.88586   0.38005   1.49274   1.15627  
 45  0.0517   8572.554891  x:  0.00000   0.14900   0.03155   0.04841   0.02496   0.00000   0.01829   0.00400   0.00000   0.00991   0.02636   0.05331   0.04637   0.11788   0.24081   0.40137   0.11765   0.12056   0.06286   0.01032   0.06194   0.19900   0.05848   0.05423   0.25010   0.25220   0.00000   0.19005   0.24244   3.36754   0.88119   0.37908   1.53700   1.12077  
 46  0.0746   8572.504368  x:  0.00000   0.14867   0.03132   0.04842   0.02502   0.00000   0.01824   0.00408   0.00000   0.01007   0.02648   0.05287   0.04609   0.11864   0.24048   0.40106   0.11691   0.12083   0.06257   0.01026   0.06080   0.19887   0.05937   0.05396   0.24936   0.25136   0.00000   0.19102   0.24205   3.37152   0.86495   0.39537   1.69985   1.09277  
 47  0.1008   8572.431488  x:  0.00000   0.14779   0.03060   0.04865   0.02601   0.00000   0.01792   0.00408   0.00000   0.01037   0.02631   0.05250   0.04596   0.12064   0.23903   0.40112   0.11652   0.12205   0.06323   0.01055   0.05919   0.19820   0.05960   0.05398   0.24946   0.25138   0.00000   0.19208   0.24205   3.37979   0.86232   0.40266   1.80856   1.09959  
 48  0.0455   8572.320790  x:  0.00000   0.14837   0.03058   0.04893   0.02553   0.00000   0.01795   0.00406   0.00000   0.01024   0.02618   0.05322   0.04645   0.12076   0.23957   0.40064   0.11782   0.12158   0.06422   0.01043   0.05902   0.19808   0.05812   0.05432   0.25040   0.25191   0.00000   0.19022   0.24242   3.37503   0.83859   0.43891   2.17082   1.04188  
 49  0.1555   8572.196172  x:  0.00000   0.14943   0.03125   0.04814   0.02461   0.00000   0.01823   0.00393   0.00000   0.00982   0.02598   0.05387   0.04689   0.11969   0.24102   0.40012   0.11907   0.12092   0.06425   0.00997   0.06028   0.19868   0.05712   0.05419   0.25042   0.25210   0.00000   0.18819   0.24255   3.36900   0.83739   0.47158   2.45426   1.06837  
 50  0.1412   8572.052685  x:  0.00000   0.14876   0.03141   0.04768   0.02526   0.00000   0.01826   0.00381   0.00000   0.00972   0.02580   0.05325   0.04648   0.11926   0.24006   0.39989   0.11788   0.12146   0.06313   0.01002   0.06063   0.19881   0.05842   0.05362   0.24947   0.25190   0.00000   0.18955   0.24185   3.37501   0.81342   0.53434   3.07664   1.01016  
 51  0.3688   8571.978268  x:  0.00000   0.14765   0.03116   0.04730   0.02574   0.00000   0.01803   0.00388   0.00000   0.00990   0.02594   0.05269   0.04603   0.11877   0.23908   0.40055   0.11676   0.12179   0.06248   0.01017   0.06113   0.19852   0.05944   0.05355   0.24917   0.25160   0.00000   0.19130   0.24159   3.38304   0.81696   0.55973   3.31284   1.01241  
 52  0.2027   8571.913261  x:  0.00000   0.14713   0.03089   0.04721   0.02566   0.00000   0.01785   0.00400   0.00000   0.01005   0.02614   0.05255   0.04586   0.11841   0.23878   0.40098   0.11646   0.12151   0.06248   0.01004   0.06139   0.19825   0.05955   0.05370   0.24935   0.25145   0.00000   0.19181   0.24155   3.38796   0.80294   0.61819   3.88321   1.00838  
 53  0.6394   8571.881017  x:  0.00000   0.14745   0.03088   0.04730   0.02546   0.00000   0.01788   0.00403   0.00000   0.01006   0.02620   0.05267   0.04595   0.11839   0.23905   0.40083   0.11675   0.12116   0.06274   0.00996   0.06152   0.19831   0.05916   0.05383   0.24954   0.25155   0.00000   0.19132   0.24161   3.38528   0.79929   0.63894   4.09787   1.00000  
 54  0.4145   8571.838485  x:  0.00000   0.14827   0.03089   0.04757   0.02519   0.00000   0.01799   0.00407   0.00000   0.01008   0.02628   0.05285   0.04615   0.11869   0.23949   0.40030   0.11724   0.12053   0.06321   0.00991   0.06146   0.19845   0.05846   0.05403   0.24973   0.25173   0.00000   0.19017   0.24161   3.37771   0.79012   0.69943   4.74330   1.00000  
 55  0.9372   8571.805052  x:  0.00000   0.14892   0.03095   0.04776   0.02507   0.00000   0.01809   0.00406   0.00000   0.01010   0.02633   0.05305   0.04636   0.11913   0.23998   0.40021   0.11772   0.12032   0.06359   0.00985   0.06124   0.19865   0.05804   0.05413   0.24997   0.25198   0.00000   0.18947   0.24180   3.37469   0.79414   0.70904   4.85471   1.00000  
 56  0.2543   8571.783747  x:  0.00000   0.14829   0.03097   0.04771   0.02546   0.00000   0.01803   0.00397   0.00000   0.01010   0.02627   0.05289   0.04626   0.11921   0.23960   0.40103   0.11726   0.12106   0.06317   0.00970   0.06088   0.19864   0.05889   0.05380   0.25001   0.25211   0.00000   0.19056   0.24178   3.38751   0.78836   0.76950   5.49214   1.00000  
 57  0.2425   8571.781303  x:  0.00000   0.14823   0.03100   0.04772   0.02531   0.00000   0.01804   0.00398   0.00000   0.01002   0.02618   0.05298   0.04626   0.11912   0.23959   0.40048   0.11737   0.12100   0.06317   0.00991   0.06086   0.19857   0.05871   0.05387   0.24994   0.25192   0.00000   0.19029   0.24183   3.38293   0.78828   0.78183   5.63066   1.00000  
 58  0.0902   8571.781069  x:  0.00000   0.14825   0.03098   0.04772   0.02533   0.00000   0.01804   0.00399   0.00000   0.01002   0.02617   0.05297   0.04624   0.11910   0.23961   0.40055   0.11740   0.12101   0.06318   0.00980   0.06089   0.19862   0.05869   0.05385   0.24995   0.25197   0.00000   0.19033   0.24182   3.38380   0.78758   0.78828   5.70111   1.00000  
 59  0.0560   8571.781041  x:  0.00000   0.14827   0.03098   0.04770   0.02533   0.00000   0.01804   0.00399   0.00000   0.01003   0.02618   0.05297   0.04624   0.11910   0.23962   0.40060   0.11740   0.12100   0.06318   0.00981   0.06092   0.19863   0.05869   0.05386   0.24998   0.25199   0.00000   0.19035   0.24183   3.38427   0.78754   0.78932   5.71363   1.00000  
 60  0.0072   8571.781031  x:  0.00000   0.14828   0.03098   0.04769   0.02533   0.00000   0.01803   0.00399   0.00000   0.01003   0.02619   0.05296   0.04624   0.11910   0.23961   0.40059   0.11739   0.12098   0.06318   0.00981   0.06094   0.19862   0.05870   0.05386   0.24997   0.25198   0.00000   0.19033   0.24182   3.38387   0.78753   0.78856   5.70782   1.00000  
 61  0.0022   8571.781025  x:  0.00000   0.14827   0.03098   0.04769   0.02533   0.00000   0.01804   0.00399   0.00000   0.01004   0.02619   0.05296   0.04624   0.11909   0.23962   0.40060   0.11740   0.12099   0.06318   0.00981   0.06093   0.19862   0.05869   0.05386   0.24996   0.25197   0.00000   0.19034   0.24182   3.38403   0.78757   0.78736   5.69774   1.00000  
 62  0.0037   8571.781024  x:  0.00000   0.14827   0.03098   0.04769   0.02533   0.00000   0.01803   0.00399   0.00000   0.01003   0.02619   0.05297   0.04624   0.11910   0.23961   0.40059   0.11739   0.12099   0.06318   0.00981   0.06093   0.19863   0.05869   0.05386   0.24997   0.25198   0.00000   0.19034   0.24182   3.38403   0.78756   0.78734   5.69804   1.00000  
 63  0.0002   8571.781024  x:  0.00000   0.14827   0.03098   0.04769   0.02533   0.00000   0.01803   0.00399   0.00000   0.01003   0.02619   0.05297   0.04624   0.11910   0.23962   0.40059   0.11739   0.12099   0.06318   0.00981   0.06093   0.19863   0.05869   0.05386   0.24997   0.25198   0.00000   0.19034   0.24182   3.38402   0.78756   0.78732   5.69791   1.00000  
 64  0.0001   8571.781024  x:  0.00000   0.14827   0.03098   0.04769   0.02533   0.00000   0.01803   0.00399   0.00000   0.01003   0.02619   0.05297   0.04624   0.11910   0.23962   0.40059   0.11739   0.12099   0.06318   0.00981   0.06093   0.19863   0.05869   0.05386   0.24997   0.25198   0.00000   0.19034   0.24182   3.38402   0.78756   0.78732   5.69788   1.00000  
 65  0.0001   8571.781024  x:  0.00000   0.14827   0.03098   0.04769   0.02533   0.00000   0.01803   0.00399   0.00000   0.01003   0.02619   0.05297   0.04624   0.11910   0.23962   0.40059   0.11739   0.12099   0.06318   0.00981   0.06093   0.19863   0.05869   0.05386   0.24997   0.25198   0.00000   0.19034   0.24182   3.38402   0.78756   0.78732   5.69787   1.00000  
 66  0.0001   8571.781024  x:  0.00000   0.14827   0.03098   0.04769   0.02533   0.00000   0.01803   0.00399   0.00000   0.01003   0.02619   0.05297   0.04624   0.11910   0.23962   0.40059   0.11739   0.12099   0.06318   0.00981   0.06093   0.19863   0.05869   0.05386   0.24997   0.25198   0.00000   0.19034   0.24182   3.38402   0.78756   0.78732   5.69787   1.00000  