

Model 0: one-ratio

TREE # 1

  0  0.0000  18998.562181  x:  0.00000   0.07489   0.02799   0.02082   0.02690   0.02342   0.01476   0.01567   0.02368   0.01146   0.02779   0.02536   0.03797   0.06087   0.14855   0.30891   0.09493   0.15097   0.04188   0.01068   0.04446   0.08442   0.03140   0.03193   0.11532   0.13330   0.01585   0.09751   0.13168   2.00000   0.40000  
  1 99.0000  18890.578760  x:  0.01791   0.07830   0.01928   0.01657   0.01290   0.00784   0.00179   0.00244   0.00670   0.00475   0.01845   0.02261   0.03968   0.06456   0.15340   0.31167   0.09706   0.15336   0.04067   0.00000   0.04005   0.08702   0.03480   0.03159   0.11922   0.13512   0.01116   0.09873   0.13297   2.00210   0.39463  
  2 3687.6990  18864.600574  x:  0.01848   0.07929   0.01637   0.01567   0.00810   0.00230   0.00390   0.00237   0.00000   0.00579   0.01575   0.02198   0.04019   0.06579   0.15507   0.31269   0.09781   0.15423   0.04001   0.00000   0.03870   0.08794   0.03567   0.03147   0.12061   0.13584   0.00997   0.09921   0.13344   2.00292   0.39257  
  3 5187.5609  18859.420335  x:  0.01711   0.07988   0.01466   0.01546   0.00566   0.00059   0.00224   0.00395   0.00000   0.00625   0.01458   0.02180   0.04047   0.06658   0.15621   0.31343   0.09831   0.15484   0.03952   0.00000   0.03788   0.08856   0.03609   0.03140   0.12157   0.13636   0.00957   0.09955   0.13378   2.00354   0.39105  
  4 3313.0757  18854.783277  x:  0.01563   0.08080   0.01210   0.01508   0.00232   0.00178   0.00146   0.00446   0.00000   0.00662   0.01279   0.02148   0.04092   0.06779   0.15796   0.31456   0.09908   0.15578   0.03880   0.00000   0.03663   0.08950   0.03674   0.03129   0.12303   0.13715   0.00892   0.10008   0.13429   2.00448   0.38874  
  5 4085.7045  18844.714973  x:  0.01028   0.08392   0.00507   0.01476   0.00440   0.00171   0.00096   0.00303   0.00000   0.00409   0.00937   0.02105   0.04232   0.07176   0.16404   0.31863   0.10169   0.15902   0.03652   0.00000   0.03260   0.09268   0.03859   0.03093   0.12804   0.13989   0.00797   0.10192   0.13609   2.00789   0.38043  
  6 2208.5110  18826.531156  x:  0.00825   0.09340   0.00923   0.01615   0.00415   0.00180   0.00140   0.00365   0.00000   0.00182   0.01594   0.02107   0.04542   0.08293   0.18222   0.33153   0.10913   0.16867   0.03199   0.00000   0.02259   0.10164   0.04246   0.03012   0.14254   0.14801   0.01025   0.10737   0.14146   2.01895   0.35410  
  7 1930.7861  18821.625950  x:  0.00798   0.09645   0.01031   0.01653   0.00498   0.00187   0.00083   0.00301   0.00000   0.00424   0.01770   0.02113   0.04634   0.08646   0.18820   0.33586   0.11155   0.17184   0.03068   0.00000   0.01966   0.10455   0.04361   0.02989   0.14729   0.15068   0.01094   0.10913   0.14322   2.02270   0.34524  
  8 14689.6805  18815.669539  x:  0.01230   0.09880   0.00958   0.01668   0.00725   0.00304   0.00140   0.00759   0.00000   0.00488   0.01532   0.02270   0.04518   0.08766   0.19619   0.34355   0.11387   0.17598   0.03308   0.00000   0.02558   0.10746   0.04169   0.03027   0.15292   0.15412   0.01189   0.11078   0.14539   2.03024   0.32920  
  9 1321.0093  18807.721361  x:  0.00852   0.09880   0.01201   0.01740   0.00536   0.00203   0.00088   0.00353   0.00000   0.00440   0.01451   0.02463   0.04192   0.08536   0.20407   0.35372   0.11512   0.18010   0.03739   0.00000   0.03581   0.10896   0.03655   0.03118   0.15759   0.15746   0.01243   0.11170   0.14736   2.04128   0.30786  
 10 1718.3273  18803.020113  x:  0.00897   0.09405   0.00992   0.01582   0.00554   0.00216   0.00096   0.00415   0.00000   0.00447   0.01862   0.02092   0.04058   0.07734   0.20621   0.36334   0.11271   0.18104   0.03850   0.00000   0.03327   0.10513   0.03528   0.03164   0.15587   0.15746   0.00782   0.10993   0.14729   2.05460   0.29000  
 11 622.0042  18800.100232  x:  0.00935   0.08991   0.01088   0.01706   0.00544   0.00216   0.00104   0.00422   0.00000   0.00437   0.01532   0.02200   0.04167   0.07204   0.20608   0.37133   0.10992   0.18086   0.03774   0.00000   0.02900   0.10131   0.03722   0.03154   0.15277   0.15651   0.01269   0.10849   0.14690   2.06743   0.27847  
 12 765.4318  18798.130322  x:  0.00910   0.08892   0.01305   0.01612   0.00585   0.00227   0.00095   0.00444   0.00000   0.00431   0.01371   0.02570   0.04418   0.07484   0.20396   0.37965   0.10759   0.17988   0.03504   0.00000   0.02998   0.09992   0.03979   0.03084   0.14919   0.15511   0.00906   0.10760   0.14615   2.08461   0.27580  
 13 339.2136  18793.703763  x:  0.00962   0.08921   0.00865   0.01708   0.00499   0.00204   0.00109   0.00386   0.00000   0.00449   0.01833   0.02561   0.04708   0.08366   0.19810   0.40044   0.10314   0.17743   0.03203   0.00000   0.03449   0.09883   0.04183   0.03007   0.14137   0.15190   0.01214   0.10693   0.14479   2.13212   0.27590  
 14 902.6594  18788.223099  x:  0.00886   0.09205   0.01152   0.01673   0.00579   0.00223   0.00096   0.00432   0.00000   0.00437   0.01454   0.01762   0.04442   0.09017   0.19232   0.42357   0.10090   0.17552   0.03451   0.00000   0.03293   0.09985   0.03876   0.03119   0.13589   0.14956   0.01247   0.10742   0.14386   2.19360   0.28157  
 15 1401.8205  18781.894083  x:  0.00924   0.09559   0.01000   0.01716   0.00541   0.00217   0.00111   0.00434   0.00000   0.00438   0.01494   0.02492   0.03785   0.08845   0.18733   0.44792   0.10190   0.17446   0.04032   0.00000   0.02602   0.10239   0.03326   0.03275   0.13489   0.14879   0.01154   0.10883   0.14364   2.27510   0.29340  
 16 1798.3912  18771.230541  x:  0.00833   0.09638   0.01107   0.01581   0.00533   0.00209   0.00100   0.00396   0.00000   0.00437   0.01571   0.02365   0.04303   0.06758   0.18539   0.47292   0.10963   0.17513   0.03916   0.00000   0.02999   0.10658   0.04235   0.03046   0.14599   0.15222   0.01124   0.11085   0.14497   2.41893   0.31731  
 17 1508.7466  18763.705827  x:  0.01020   0.08724   0.01124   0.02241   0.00515   0.00208   0.00115   0.00398   0.00000   0.00445   0.01444   0.02269   0.04444   0.06743   0.19027   0.46425   0.11205   0.17496   0.02807   0.00000   0.03047   0.10073   0.03298   0.03038   0.15421   0.15485   0.00993   0.10753   0.14541   2.52756   0.32684  
 18 970.4947  18752.508255  x:  0.00970   0.07601   0.01162   0.01141   0.00546   0.00213   0.00104   0.00409   0.00000   0.00440   0.01507   0.02341   0.04287   0.07450   0.19812   0.43912   0.11236   0.17405   0.02947   0.00000   0.03022   0.09168   0.03276   0.03236   0.16149   0.15717   0.01355   0.10269   0.14539   2.68227   0.33456  
 19 2631.0149  18742.335889  x:  0.00931   0.07221   0.01112   0.01999   0.00525   0.00207   0.00107   0.00386   0.00000   0.00445   0.01540   0.02281   0.04089   0.08148   0.20510   0.40435   0.11008   0.17257   0.04124   0.00000   0.02996   0.08570   0.04232   0.03289   0.16355   0.15768   0.01052   0.09913   0.14449   2.85372   0.33854  
 20 4362.6329  18730.205150  x:  0.00886   0.09217   0.01108   0.01790   0.00528   0.00207   0.00105   0.00390   0.00000   0.00441   0.01528   0.02315   0.04373   0.07683   0.20537   0.35515   0.10351   0.17092   0.03951   0.00000   0.02988   0.09548   0.03861   0.02581   0.15081   0.15295   0.01097   0.10387   0.14255   3.04422   0.33394  
 21 2147.2664  18729.119642  x:  0.00895   0.09325   0.01107   0.01794   0.00529   0.00208   0.00106   0.00390   0.00000   0.00441   0.01533   0.02324   0.04318   0.07615   0.20395   0.35005   0.10417   0.17173   0.03761   0.00000   0.03022   0.09803   0.03944   0.03198   0.14860   0.15241   0.01093   0.10544   0.14286   3.06229   0.33299  
 22 742.5035  18728.720451  x:  0.00917   0.09024   0.01110   0.01801   0.00531   0.00208   0.00106   0.00392   0.00000   0.00441   0.01529   0.02313   0.04146   0.07674   0.20030   0.34782   0.10771   0.17447   0.03697   0.00000   0.03025   0.10068   0.04015   0.03080   0.14665   0.15250   0.01086   0.10771   0.14425   3.06863   0.33190  
 23 133.8914  18728.665203  x:  0.00918   0.08991   0.01107   0.01802   0.00530   0.00208   0.00106   0.00391   0.00000   0.00441   0.01531   0.02316   0.04283   0.07693   0.19908   0.34745   0.10850   0.17532   0.03769   0.00000   0.03008   0.10077   0.03958   0.03097   0.14654   0.15270   0.01081   0.10790   0.14466   3.06953   0.33164  
 24 59.8362  18728.643027  x:  0.00918   0.09065   0.01106   0.01800   0.00530   0.00208   0.00106   0.00392   0.00000   0.00441   0.01531   0.02315   0.04262   0.07701   0.19764   0.34726   0.10862   0.17622   0.03755   0.00000   0.03012   0.09996   0.03967   0.03099   0.14712   0.15309   0.01083   0.10738   0.14501   3.06987   0.33136  
 25 19.3509  18728.622790  x:  0.00920   0.09027   0.01106   0.01801   0.00530   0.00208   0.00107   0.00391   0.00000   0.00442   0.01530   0.02315   0.04262   0.07709   0.19685   0.34721   0.10720   0.17671   0.03759   0.00000   0.03004   0.10070   0.03967   0.03097   0.14808   0.15332   0.01083   0.10748   0.14477   3.07008   0.33128  
 26  4.6105  18727.644759  x:  0.00835   0.09096   0.01114   0.01770   0.00506   0.00199   0.00127   0.00349   0.00000   0.00454   0.01485   0.02296   0.04267   0.07693   0.20067   0.34941   0.10454   0.18792   0.03763   0.00000   0.03025   0.09703   0.03984   0.03101   0.14694   0.15019   0.01039   0.11306   0.13988   3.07901   0.33321  
 27  2.5613  18724.432049  x:  0.00578   0.09189   0.01140   0.01677   0.00434   0.00171   0.00194   0.00223   0.00000   0.00491   0.01342   0.02233   0.04283   0.07725   0.20563   0.35561   0.10529   0.19237   0.03798   0.00000   0.02949   0.10460   0.04052   0.03090   0.14372   0.15154   0.00996   0.10044   0.14521   3.10744   0.33395  
 28 71.6594  18722.545997  x:  0.00444   0.09328   0.01144   0.01624   0.00393   0.00155   0.00233   0.00150   0.00000   0.00513   0.01260   0.02192   0.04290   0.07845   0.20218   0.35861   0.10803   0.17978   0.03815   0.00000   0.02911   0.10266   0.04089   0.03098   0.14824   0.15534   0.00912   0.10860   0.14825   3.12415   0.33094  
 29 144.1330  18722.485360  x:  0.00439   0.09341   0.01143   0.01623   0.00393   0.00155   0.00234   0.00149   0.00000   0.00514   0.01258   0.02190   0.04289   0.07865   0.20147   0.35866   0.10951   0.17895   0.03817   0.00000   0.02905   0.10316   0.04089   0.03099   0.14934   0.15426   0.00921   0.10793   0.14550   3.12473   0.33033  
 30 31.2637  18722.106649  x:  0.00404   0.09361   0.01138   0.01617   0.00392   0.00157   0.00238   0.00165   0.00000   0.00519   0.01253   0.02187   0.04291   0.07878   0.20118   0.36006   0.10963   0.17829   0.03821   0.00000   0.02903   0.10324   0.04086   0.03100   0.15214   0.14695   0.00908   0.10833   0.14954   3.13391   0.33000  
 31  0.4753  18718.325130  x:  0.00000   0.09648   0.00998   0.01529   0.00386   0.00179   0.00290   0.00396   0.00000   0.00581   0.01148   0.02133   0.04324   0.07980   0.19927   0.38102   0.11294   0.17136   0.03745   0.00000   0.02779   0.10539   0.04093   0.03101   0.15084   0.16284   0.00900   0.11217   0.14456   3.26831   0.32987  
 32 71.6506  18716.162809  x:  0.00381   0.09701   0.00888   0.01489   0.00374   0.00179   0.00312   0.00465   0.00000   0.00617   0.01138   0.02112   0.04335   0.08009   0.19810   0.39423   0.11384   0.17009   0.03612   0.00000   0.02751   0.10647   0.04046   0.03098   0.15096   0.16583   0.00890   0.11343   0.14402   3.36977   0.33016  
 33  0.3710  18713.869485  x:  0.00357   0.09406   0.00862   0.01536   0.00401   0.00167   0.00306   0.00392   0.00000   0.00641   0.01360   0.02188   0.04296   0.07742   0.20034   0.39894   0.10889   0.18194   0.03563   0.00000   0.02921   0.10493   0.03826   0.03080   0.14916   0.15477   0.00975   0.10968   0.14693   3.52580   0.33416  
 34  0.1801  18713.519472  x:  0.00353   0.09264   0.00975   0.01549   0.00416   0.00164   0.00323   0.00376   0.00000   0.00663   0.01241   0.02199   0.04304   0.07792   0.20138   0.39294   0.10859   0.17979   0.03614   0.00000   0.02905   0.10315   0.03883   0.03075   0.15004   0.15394   0.00962   0.10879   0.14690   3.58192   0.33497  
 35  0.0523  18713.457913  x:  0.00340   0.09275   0.00939   0.01557   0.00402   0.00159   0.00336   0.00366   0.00000   0.00682   0.01280   0.02187   0.04299   0.07821   0.20114   0.39294   0.10913   0.17845   0.03638   0.00000   0.02893   0.10300   0.03909   0.03085   0.15014   0.15542   0.00956   0.10918   0.14631   3.60431   0.33475  
 36  0.0173  18713.442561  x:  0.00329   0.09299   0.00944   0.01558   0.00409   0.00161   0.00343   0.00353   0.00000   0.00693   0.01263   0.02189   0.04300   0.07811   0.20099   0.39418   0.10915   0.17910   0.03627   0.00000   0.02896   0.10332   0.03902   0.03087   0.14987   0.15568   0.00966   0.10934   0.14621   3.60626   0.33481  
 37  0.0017  18713.438901  x:  0.00328   0.09294   0.00946   0.01554   0.00407   0.00161   0.00347   0.00347   0.00000   0.00699   0.01269   0.02191   0.04300   0.07806   0.20108   0.39369   0.10908   0.17898   0.03628   0.00000   0.02895   0.10326   0.03898   0.03083   0.14997   0.15552   0.00959   0.10928   0.14631   3.59864   0.33479  
 38  0.0046  18713.438187  x:  0.00331   0.09292   0.00944   0.01556   0.00406   0.00161   0.00349   0.00350   0.00000   0.00702   0.01267   0.02190   0.04300   0.07810   0.20105   0.39366   0.10909   0.17897   0.03629   0.00000   0.02896   0.10322   0.03899   0.03084   0.14995   0.15553   0.00963   0.10928   0.14624   3.59648   0.33477  
 39  0.0012  18713.438050  x:  0.00332   0.09292   0.00945   0.01556   0.00407   0.00161   0.00350   0.00350   0.00000   0.00703   0.01268   0.02190   0.04299   0.07808   0.20103   0.39371   0.10907   0.17901   0.03629   0.00000   0.02896   0.10323   0.03899   0.03085   0.14992   0.15550   0.00961   0.10928   0.14626   3.59725   0.33476  
 40  0.0006  18713.438038  x:  0.00332   0.09292   0.00945   0.01556   0.00407   0.00161   0.00350   0.00350   0.00000   0.00703   0.01268   0.02190   0.04299   0.07807   0.20105   0.39370   0.10907   0.17902   0.03629   0.00000   0.02896   0.10323   0.03898   0.03085   0.14993   0.15550   0.00962   0.10928   0.14627   3.59751   0.33477  
 41  0.0002  18713.438033  x:  0.00331   0.09292   0.00945   0.01556   0.00407   0.00161   0.00351   0.00351   0.00000   0.00703   0.01268   0.02190   0.04299   0.07807   0.20104   0.39369   0.10907   0.17902   0.03629   0.00000   0.02896   0.10324   0.03898   0.03085   0.14993   0.15550   0.00962   0.10928   0.14627   3.59738   0.33477  
 42  0.0001  18713.438030  x:  0.00331   0.09292   0.00945   0.01556   0.00407   0.00161   0.00351   0.00351   0.00000   0.00703   0.01268   0.02190   0.04299   0.07807   0.20104   0.39370   0.10907   0.17902   0.03629   0.00000   0.02896   0.10323   0.03899   0.03085   0.14992   0.15550   0.00962   0.10928   0.14627   3.59737   0.33477  
 43  0.0000  18713.438030  x:  0.00331   0.09292   0.00945   0.01556   0.00407   0.00161   0.00351   0.00350   0.00000   0.00702   0.01268   0.02190   0.04299   0.07807   0.20104   0.39370   0.10907   0.17902   0.03629   0.00000   0.02896   0.10323   0.03898   0.03085   0.14993   0.15550   0.00962   0.10928   0.14627   3.59740   0.33477  
 44  0.0000  18713.438030  x:  0.00331   0.09292   0.00945   0.01556   0.00407   0.00161   0.00351   0.00350   0.00000   0.00702   0.01268   0.02190   0.04299   0.07807   0.20104   0.39370   0.10907   0.17902   0.03629   0.00000   0.02896   0.10323   0.03898   0.03085   0.14993   0.15550   0.00962   0.10928   0.14627   3.59740   0.33477  
 45  0.0000  18713.438030  x:  0.00331   0.09292   0.00945   0.01556   0.00407   0.00161   0.00351   0.00350   0.00000   0.00702   0.01268   0.02190   0.04299   0.07807   0.20104   0.39370   0.10907   0.17902   0.03629   0.00000   0.02896   0.10323   0.03898   0.03085   0.14993   0.15550   0.00962   0.10928   0.14627   3.59741   0.33477  
 46  0.0000  18713.438030  x:  0.00331   0.09292   0.00945   0.01556   0.00407   0.00161   0.00351   0.00350   0.00000   0.00702   0.01268   0.02190   0.04299   0.07807   0.20104   0.39370   0.10907   0.17902   0.03629   0.00000   0.02896   0.10323   0.03898   0.03085   0.14993   0.15550   0.00962   0.10928   0.14627   3.59740   0.33477  
 47  0.0000  18713.438030  x:  0.00331   0.09292   0.00945   0.01556   0.00407   0.00161   0.00351   0.00350   0.00000   0.00702   0.01268   0.02190   0.04299   0.07807   0.20104   0.39370   0.10907   0.17902   0.03629   0.00000   0.02896   0.10323   0.03898   0.03085   0.14993   0.15550   0.00962   0.10928   0.14627   3.59740   0.33477  
 48  0.0000  18713.438030  x:  0.00331   0.09292   0.00945   0.01556   0.00407   0.00161   0.00351   0.00350   0.00000   0.00702   0.01268   0.02190   0.04299   0.07807   0.20104   0.39370   0.10907   0.17902   0.03629   0.00000   0.02896   0.10323   0.03898   0.03085   0.14993   0.15550   0.00962   0.10928   0.14627   3.59740   0.33477  

Model 1: NearlyNeutral

TREE # 1

  0  0.0000  18641.452930  x:  0.00000   0.08314   0.01199   0.02816   0.00606   0.00887   0.00957   0.00892   0.01276   0.01762   0.02639   0.02022   0.03613   0.06834   0.16472   0.33405   0.09142   0.17310   0.03590   0.00772   0.03475   0.08673   0.04492   0.04198   0.13982   0.13807   0.00796   0.10080   0.12650   3.59740   0.50913   0.13125  
  1 99.0000  18592.405661  x:  0.00839   0.08504   0.01118   0.02396   0.00275   0.00049   0.00290   0.00255   0.00197   0.01135   0.02109   0.02157   0.03854   0.07031   0.16746   0.33613   0.09350   0.17430   0.03712   0.00165   0.03417   0.08892   0.04395   0.03984   0.14105   0.13970   0.00914   0.10221   0.12866   3.59752   0.51334   0.12729  
  2 2983.7516  18586.057699  x:  0.00911   0.08534   0.01104   0.02327   0.00283   0.00124   0.00239   0.00220   0.00000   0.01039   0.02022   0.02177   0.03892   0.07064   0.16793   0.33650   0.09386   0.17451   0.03727   0.00063   0.03408   0.08930   0.04379   0.03947   0.14126   0.13999   0.00927   0.10245   0.12903   3.59754   0.51410   0.12658  
  3 5764.1810  18583.631062  x:  0.00926   0.08553   0.01095   0.02284   0.00308   0.00122   0.00253   0.00247   0.00000   0.00984   0.01968   0.02187   0.03916   0.07086   0.16824   0.33675   0.09410   0.17465   0.03734   0.00000   0.03402   0.08955   0.04368   0.03924   0.14141   0.14018   0.00932   0.10261   0.12927   3.59756   0.51463   0.12610  
  4 5787.6477  18575.335811  x:  0.00625   0.08689   0.01033   0.02000   0.00252   0.00108   0.00445   0.00071   0.00000   0.00820   0.01630   0.02222   0.04059   0.07254   0.17082   0.33894   0.09603   0.17582   0.03753   0.00000   0.03376   0.09162   0.04290   0.03748   0.14263   0.14194   0.00916   0.10391   0.13130   3.59769   0.51942   0.12182  
  5 3419.5285  18569.125626  x:  0.00350   0.08799   0.00992   0.01791   0.00076   0.00104   0.00418   0.00115   0.00000   0.00771   0.01390   0.02237   0.04165   0.07390   0.17298   0.34080   0.09763   0.17680   0.03767   0.00000   0.03358   0.09333   0.04229   0.03610   0.14367   0.14343   0.00895   0.10498   0.13298   3.59781   0.52351   0.11819  
  6 9645.6522  18561.375569  x:  0.00000   0.08928   0.00958   0.01585   0.00134   0.00061   0.00234   0.00116   0.00000   0.00814   0.01167   0.02241   0.04273   0.07545   0.17557   0.34308   0.09951   0.17797   0.03782   0.00000   0.03340   0.09534   0.04162   0.03457   0.14490   0.14524   0.00864   0.10625   0.13496   3.59795   0.52852   0.11380  
  7 10473.6487  18535.206199  x:  0.00297   0.09773   0.01137   0.01329   0.00180   0.00098   0.00486   0.00153   0.00000   0.02415   0.01476   0.02024   0.04625   0.08390   0.19306   0.35931   0.11118   0.18566   0.03993   0.00000   0.03255   0.10773   0.03859   0.02753   0.15303   0.15742   0.00649   0.11422   0.14761   3.59898   0.56443   0.08343  
  8 2710.1537  18525.959260  x:  0.00071   0.09985   0.00975   0.02442   0.00156   0.00078   0.00418   0.00146   0.00000   0.01784   0.02008   0.02145   0.04395   0.08465   0.20102   0.36898   0.11504   0.18904   0.03927   0.00000   0.03164   0.11135   0.04025   0.03213   0.15654   0.16242   0.00847   0.11692   0.15255   3.59962   0.58392   0.07355  
  9 1275.4304  18519.674047  x:  0.00136   0.09859   0.01156   0.02140   0.00160   0.00079   0.00353   0.00143   0.00000   0.01482   0.02095   0.01939   0.03742   0.08094   0.20695   0.38066   0.11528   0.19122   0.03704   0.00000   0.03069   0.11077   0.04266   0.03713   0.15870   0.16552   0.00251   0.11682   0.15433   3.60044   0.60353   0.07901  
 10 609.7864  18513.605797  x:  0.00192   0.09626   0.01264   0.01660   0.00163   0.00091   0.00315   0.00139   0.00000   0.01426   0.02101   0.01830   0.03154   0.07566   0.21384   0.39626   0.11454   0.19361   0.03488   0.00000   0.03009   0.10904   0.04467   0.04110   0.16100   0.16882   0.00868   0.11656   0.15606   3.60158   0.62952   0.08939  
 11 2024.2121  18504.948276  x:  0.00348   0.09220   0.00908   0.02004   0.00161   0.00116   0.00251   0.00135   0.00000   0.01591   0.01786   0.02434   0.03988   0.06968   0.22133   0.41994   0.11113   0.19588   0.03469   0.00000   0.02989   0.10489   0.04333   0.03873   0.16282   0.17135   0.00763   0.11454   0.15607   3.60346   0.66907   0.10979  
 12 1273.9635  18502.921652  x:  0.00322   0.09199   0.01258   0.02171   0.00157   0.00117   0.00205   0.00130   0.00000   0.01367   0.01846   0.02027   0.04190   0.07219   0.22088   0.42571   0.10915   0.19551   0.03639   0.00000   0.03038   0.10383   0.04144   0.03506   0.16202   0.17014   0.00792   0.11373   0.15467   3.60408   0.67959   0.11432  
 13 588.5239  18501.752330  x:  0.00342   0.09280   0.00904   0.02108   0.00159   0.00120   0.00173   0.00128   0.00000   0.01286   0.01950   0.01981   0.03970   0.07673   0.21753   0.42902   0.10676   0.19410   0.03796   0.00000   0.03090   0.10351   0.04047   0.03313   0.15993   0.16709   0.00765   0.11295   0.15219   3.60471   0.68717   0.11519  
 14 314.1496  18501.122398  x:  0.00365   0.09371   0.01056   0.02106   0.00156   0.00124   0.00167   0.00127   0.00000   0.01316   0.01814   0.02210   0.03866   0.07954   0.21382   0.43084   0.10501   0.19265   0.03804   0.00000   0.03080   0.10358   0.04075   0.03396   0.15787   0.16415   0.00768   0.11247   0.15004   3.60527   0.69257   0.11449  
 15 317.0892  18500.805193  x:  0.00399   0.09417   0.01001   0.02098   0.00159   0.00125   0.00167   0.00127   0.00000   0.01350   0.01694   0.02061   0.03990   0.07916   0.21059   0.43159   0.10431   0.19149   0.03686   0.00000   0.03028   0.10394   0.04137   0.03548   0.15634   0.16204   0.00783   0.11233   0.14880   3.60578   0.69608   0.11336  
 16 184.1364  18500.654896  x:  0.00385   0.09421   0.01020   0.02013   0.00157   0.00122   0.00161   0.00126   0.00000   0.01300   0.01807   0.02094   0.04048   0.07742   0.20813   0.43171   0.10442   0.19064   0.03605   0.00000   0.02999   0.10434   0.04106   0.03494   0.15541   0.16084   0.00780   0.11237   0.14836   3.60629   0.69838   0.11266  
 17 115.9424  18500.565816  x:  0.00385   0.09398   0.01023   0.02062   0.00157   0.00121   0.00168   0.00126   0.00000   0.01310   0.01748   0.02083   0.03956   0.07585   0.20627   0.43151   0.10493   0.18993   0.03634   0.00000   0.03007   0.10458   0.04057   0.03400   0.15490   0.16029   0.00772   0.11240   0.14839   3.60689   0.70027   0.11260  
 18 81.9762  18500.504310  x:  0.00365   0.09331   0.01023   0.02040   0.00157   0.00117   0.00182   0.00127   0.00000   0.01321   0.01785   0.02080   0.03976   0.07627   0.20480   0.43058   0.10580   0.18902   0.03723   0.00000   0.03025   0.10438   0.04077   0.03447   0.15480   0.16042   0.00767   0.11224   0.14887   3.60798   0.70248   0.11358  
 19 35.1945  18500.480907  x:  0.00367   0.09319   0.01019   0.02052   0.00157   0.00116   0.00186   0.00128   0.00000   0.01327   0.01788   0.02078   0.03963   0.07680   0.20455   0.42971   0.10599   0.18855   0.03626   0.00000   0.03004   0.10411   0.04069   0.03422   0.15487   0.16063   0.00767   0.11211   0.14897   3.60879   0.70350   0.11408  
 20 32.2351  18500.440701  x:  0.00363   0.09390   0.01018   0.02042   0.00157   0.00115   0.00187   0.00128   0.00000   0.01320   0.01785   0.02075   0.03961   0.07636   0.20560   0.42596   0.10511   0.18750   0.03637   0.00000   0.03023   0.10352   0.04054   0.03422   0.15504   0.16099   0.00766   0.11178   0.14816   3.61206   0.70572   0.11420  
 21 19.0129  18500.415874  x:  0.00368   0.09307   0.01018   0.02044   0.00157   0.00116   0.00183   0.00127   0.00000   0.01315   0.01779   0.02074   0.03956   0.07639   0.20603   0.42370   0.10543   0.18772   0.03657   0.00000   0.02949   0.10405   0.04083   0.03406   0.15475   0.16059   0.00766   0.11192   0.14815   3.61508   0.70665   0.11439  
 22 23.8928  18500.396623  x:  0.00376   0.09264   0.01018   0.02045   0.00158   0.00117   0.00180   0.00127   0.00000   0.01309   0.01773   0.02075   0.03956   0.07646   0.20609   0.42235   0.10588   0.18814   0.03636   0.00000   0.03022   0.10449   0.04052   0.03426   0.15457   0.16025   0.00764   0.11204   0.14838   3.61791   0.70712   0.11457  
 23 41.7195  18500.320668  x:  0.00377   0.09473   0.01015   0.02051   0.00158   0.00119   0.00176   0.00127   0.00000   0.01305   0.01772   0.02076   0.03955   0.07644   0.20499   0.42080   0.10704   0.18999   0.03650   0.00000   0.02988   0.10356   0.04036   0.03448   0.15451   0.15992   0.00762   0.11212   0.14999   3.63165   0.70722   0.11521  
 24 31.5206  18500.090300  x:  0.00387   0.09448   0.01017   0.02049   0.00159   0.00121   0.00174   0.00128   0.00000   0.01274   0.01756   0.02081   0.03969   0.07644   0.20326   0.42097   0.10569   0.19167   0.03631   0.00000   0.03110   0.10307   0.04319   0.03318   0.15557   0.16118   0.00760   0.11197   0.15079   3.67536   0.70611   0.11449  
 25 111.1182  18499.451811  x:  0.00393   0.09203   0.01017   0.02023   0.00163   0.00126   0.00180   0.00131   0.00000   0.01234   0.01735   0.02085   0.03978   0.07669   0.20094   0.42365   0.10165   0.19390   0.03659   0.00000   0.02959   0.10340   0.04004   0.03431   0.15769   0.16410   0.00765   0.11186   0.15065   3.79547   0.70226   0.11263  
 26 774.1009  18498.980041  x:  0.00357   0.09442   0.01016   0.02043   0.00164   0.00127   0.00198   0.00134   0.00000   0.01234   0.01776   0.02087   0.03982   0.07677   0.20531   0.42796   0.10445   0.19126   0.03639   0.00000   0.02980   0.10604   0.04062   0.03417   0.15523   0.16097   0.00772   0.11247   0.14747   3.88476   0.69864   0.11383  
 27 430.8137  18498.919429  x:  0.00361   0.09351   0.01017   0.02033   0.00164   0.00128   0.00195   0.00133   0.00000   0.01227   0.01762   0.02087   0.03985   0.07673   0.20629   0.42857   0.10570   0.18935   0.03643   0.00000   0.02998   0.10392   0.04053   0.03411   0.15464   0.15996   0.00771   0.11209   0.14821   3.89554   0.69806   0.11283  
 28 88.4027  18498.904466  x:  0.00366   0.09372   0.01017   0.02037   0.00165   0.00129   0.00191   0.00133   0.00000   0.01222   0.01758   0.02089   0.03985   0.07674   0.20606   0.42857   0.10591   0.18766   0.03646   0.00000   0.02991   0.10451   0.04056   0.03417   0.15492   0.16035   0.00770   0.11212   0.14909   3.89708   0.69777   0.11298  
 29 10.0537  18498.855554  x:  0.00374   0.09370   0.01015   0.02036   0.00165   0.00131   0.00187   0.00133   0.00000   0.01207   0.01747   0.02091   0.03988   0.07684   0.20523   0.42845   0.10785   0.18686   0.03650   0.00000   0.02986   0.10416   0.04057   0.03422   0.15600   0.16165   0.00774   0.11299   0.14724   3.89683   0.69759   0.11292  
 30  2.9453  18496.914560  x:  0.00368   0.09450   0.01002   0.01963   0.00187   0.00164   0.00208   0.00150   0.00000   0.00932   0.01647   0.02117   0.04047   0.07722   0.20533   0.42771   0.11208   0.18827   0.03644   0.00000   0.02904   0.10725   0.04023   0.03371   0.15764   0.16240   0.00829   0.09934   0.14565   3.86298   0.69758   0.11115  
 31  6.6153  18493.623586  x:  0.00339   0.09537   0.00974   0.01865   0.00222   0.00215   0.00258   0.00177   0.00000   0.00519   0.01533   0.02164   0.04137   0.07834   0.20707   0.42649   0.10897   0.18900   0.03627   0.00000   0.02879   0.10646   0.04000   0.03312   0.15651   0.15957   0.00786   0.10906   0.14885   3.80828   0.69792   0.11103  
 32 276.9953  18493.620933  x:  0.00338   0.09537   0.00974   0.01865   0.00222   0.00215   0.00259   0.00177   0.00000   0.00520   0.01534   0.02164   0.04137   0.07834   0.20709   0.42650   0.10895   0.18899   0.03627   0.00000   0.02877   0.10649   0.04000   0.03311   0.15720   0.15907   0.00785   0.10907   0.14886   3.80823   0.69793   0.11105  
 33  4.2883  18491.246475  x:  0.00277   0.09647   0.00922   0.01561   0.00272   0.00252   0.00312   0.00227   0.00000   0.00796   0.01253   0.02230   0.04317   0.07976   0.20885   0.42576   0.10785   0.18984   0.03651   0.00000   0.02853   0.10660   0.03940   0.03146   0.15457   0.15908   0.00741   0.11513   0.15186   3.75652   0.69662   0.11237  
 34  0.1316  18490.330599  x:  0.00314   0.09610   0.00917   0.01526   0.00345   0.00153   0.00343   0.00297   0.00000   0.00703   0.01264   0.02224   0.04402   0.07977   0.20837   0.42683   0.10907   0.18947   0.03718   0.00000   0.02869   0.10665   0.03945   0.03123   0.15619   0.15865   0.00766   0.11338   0.15150   3.77872   0.69408   0.11660  
 35  0.0158  18490.130096  x:  0.00187   0.09599   0.00925   0.01573   0.00368   0.00172   0.00358   0.00322   0.00000   0.00699   0.01304   0.02209   0.04373   0.07961   0.20821   0.42644   0.10884   0.18920   0.03710   0.00000   0.02876   0.10652   0.03948   0.03139   0.15583   0.15898   0.00759   0.11338   0.15133   3.77365   0.69492   0.11607  
 36  0.0065  18490.055266  x:  0.00211   0.09613   0.00921   0.01587   0.00392   0.00157   0.00365   0.00342   0.00000   0.00701   0.01261   0.02211   0.04350   0.07975   0.20843   0.42634   0.10894   0.18939   0.03682   0.00000   0.02872   0.10682   0.03948   0.03155   0.15567   0.15947   0.00763   0.11338   0.15140   3.77327   0.69515   0.11414  
 37  0.0021  18490.045265  x:  0.00213   0.09620   0.00922   0.01562   0.00401   0.00160   0.00364   0.00350   0.00000   0.00708   0.01287   0.02212   0.04349   0.07979   0.20847   0.42639   0.10894   0.18944   0.03689   0.00000   0.02871   0.10687   0.03946   0.03146   0.15571   0.15943   0.00760   0.11348   0.15147   3.77393   0.69502   0.11403  
 38  0.0008  18490.041041  x:  0.00214   0.09619   0.00925   0.01572   0.00408   0.00164   0.00360   0.00355   0.00000   0.00710   0.01277   0.02210   0.04346   0.07978   0.20844   0.42650   0.10891   0.18943   0.03696   0.00000   0.02871   0.10682   0.03947   0.03145   0.15577   0.15930   0.00757   0.11346   0.15145   3.77476   0.69499   0.11434  
 39  0.0007  18490.040041  x:  0.00217   0.09617   0.00922   0.01571   0.00410   0.00162   0.00355   0.00355   0.00000   0.00707   0.01279   0.02211   0.04349   0.07975   0.20846   0.42647   0.10895   0.18945   0.03690   0.00000   0.02872   0.10682   0.03948   0.03150   0.15577   0.15939   0.00759   0.11339   0.15143   3.77467   0.69500   0.11434  
 40  0.0001  18490.039769  x:  0.00214   0.09619   0.00924   0.01571   0.00410   0.00163   0.00353   0.00354   0.00000   0.00707   0.01277   0.02212   0.04350   0.07977   0.20847   0.42646   0.10893   0.18945   0.03691   0.00000   0.02871   0.10683   0.03947   0.03146   0.15576   0.15936   0.00759   0.11342   0.15144   3.77458   0.69500   0.11428  
 41  0.0001  18490.039732  x:  0.00214   0.09619   0.00923   0.01572   0.00410   0.00162   0.00353   0.00354   0.00000   0.00708   0.01278   0.02211   0.04349   0.07978   0.20846   0.42646   0.10892   0.18945   0.03692   0.00000   0.02871   0.10683   0.03947   0.03147   0.15576   0.15935   0.00759   0.11345   0.15145   3.77449   0.69498   0.11429  
 42  0.0001  18490.039693  x:  0.00214   0.09619   0.00923   0.01570   0.00410   0.00162   0.00353   0.00353   0.00000   0.00708   0.01277   0.02211   0.04349   0.07977   0.20846   0.42646   0.10894   0.18945   0.03691   0.00000   0.02871   0.10683   0.03947   0.03147   0.15577   0.15936   0.00758   0.11344   0.15145   3.77450   0.69499   0.11430  
 43  0.0000  18490.039674  x:  0.00214   0.09619   0.00924   0.01571   0.00411   0.00162   0.00353   0.00353   0.00000   0.00708   0.01278   0.02211   0.04349   0.07977   0.20846   0.42646   0.10893   0.18945   0.03691   0.00000   0.02871   0.10683   0.03947   0.03147   0.15576   0.15936   0.00759   0.11344   0.15145   3.77450   0.69499   0.11429  
 44  0.0000  18490.039673  x:  0.00214   0.09619   0.00924   0.01571   0.00411   0.00162   0.00353   0.00353   0.00000   0.00707   0.01278   0.02211   0.04349   0.07977   0.20846   0.42646   0.10893   0.18945   0.03692   0.00000   0.02871   0.10683   0.03947   0.03147   0.15576   0.15935   0.00759   0.11344   0.15145   3.77452   0.69499   0.11429  
 45  0.0000  18490.039673  x:  0.00214   0.09619   0.00924   0.01571   0.00411   0.00162   0.00353   0.00353   0.00000   0.00707   0.01278   0.02211   0.04349   0.07977   0.20846   0.42646   0.10893   0.18945   0.03692   0.00000   0.02871   0.10683   0.03947   0.03147   0.15576   0.15935   0.00759   0.11344   0.15145   3.77453   0.69499   0.11429  
 46  0.0000  18490.039673  x:  0.00214   0.09619   0.00924   0.01571   0.00411   0.00162   0.00353   0.00353   0.00000   0.00707   0.01278   0.02211   0.04349   0.07977   0.20846   0.42646   0.10893   0.18945   0.03692   0.00000   0.02871   0.10683   0.03947   0.03147   0.15576   0.15935   0.00759   0.11344   0.15145   3.77452   0.69499   0.11429  
 47  0.0000  18490.039673  x:  0.00214   0.09619   0.00924   0.01571   0.00411   0.00162   0.00353   0.00353   0.00000   0.00707   0.01278   0.02211   0.04349   0.07977   0.20846   0.42646   0.10893   0.18945   0.03692   0.00000   0.02871   0.10683   0.03947   0.03147   0.15576   0.15935   0.00759   0.11344   0.15145   3.77452   0.69499   0.11429  
 48  0.0000  18490.039673  x:  0.00214   0.09619   0.00924   0.01571   0.00411   0.00162   0.00353   0.00353   0.00000   0.00707   0.01278   0.02211   0.04349   0.07977   0.20846   0.42646   0.10893   0.18945   0.03692   0.00000   0.02871   0.10683   0.03947   0.03147   0.15576   0.15935   0.00759   0.11344   0.15145   3.77452   0.69499   0.11429  
 49  0.0000  18490.039673  x:  0.00214   0.09619   0.00924   0.01571   0.00411   0.00162   0.00353   0.00353   0.00000   0.00707   0.01278   0.02211   0.04349   0.07977   0.20846   0.42646   0.10893   0.18945   0.03692   0.00000   0.02871   0.10683   0.03947   0.03147   0.15576   0.15935   0.00759   0.11344   0.15145   3.77452   0.69499   0.11429  
check convergence!


Model 2: PositiveSelection

TREE # 1

  0  0.0000  18853.347026  x:  0.00000   0.08674   0.02066   0.03410   0.02239   0.01149   0.00780   0.01055   0.00953   0.02547   0.03275   0.03885   0.04627   0.06884   0.16572   0.30641   0.09076   0.16431   0.02930   0.02014   0.02317   0.07664   0.03790   0.03519   0.13567   0.13436   0.02347   0.09977   0.11268   3.77452   0.91827   0.57566   0.25513   2.18071  
  1 99.0000  18784.074128  x:  0.00564   0.08831   0.01723   0.02952   0.01501   0.00350   0.00282   0.00443   0.00000   0.01881   0.02724   0.03507   0.04614   0.07068   0.16839   0.30930   0.09314   0.16614   0.03207   0.01412   0.02605   0.08039   0.03886   0.03495   0.13741   0.13633   0.01975   0.10118   0.11609   3.77467   0.91952   0.57525   0.25145   2.18030  
  2 3303.4867  18764.117666  x:  0.00396   0.08909   0.01519   0.02660   0.01021   0.00000   0.00616   0.00388   0.00000   0.01456   0.02370   0.03271   0.04604   0.07184   0.17011   0.31134   0.09469   0.16740   0.03302   0.00966   0.02734   0.08269   0.03932   0.03475   0.13856   0.13767   0.01734   0.10212   0.11833   3.77479   0.92048   0.57494   0.24870   2.17997  
  3 5572.6401  18734.812015  x:  0.00185   0.09057   0.01149   0.02132   0.00167   0.00106   0.01058   0.00243   0.00000   0.00691   0.01735   0.02841   0.04586   0.07394   0.17325   0.31505   0.09751   0.16967   0.03489   0.00164   0.02976   0.08688   0.04019   0.03439   0.14064   0.14011   0.01298   0.10383   0.12240   3.77500   0.92221   0.57438   0.24374   2.17939  
  4 19982.0309  18729.635268  x:  0.00163   0.09088   0.01095   0.02038   0.00250   0.00110   0.01066   0.00318   0.00000   0.00606   0.01623   0.02764   0.04583   0.07437   0.17394   0.31588   0.09810   0.17016   0.03525   0.00000   0.03017   0.08773   0.04034   0.03432   0.14108   0.14064   0.01222   0.10421   0.12326   3.77505   0.92263   0.57424   0.24258   2.17925  
  5 3571.6197  18720.499198  x:  0.00000   0.09200   0.01087   0.01837   0.00220   0.00112   0.00995   0.00436   0.00000   0.01032   0.01434   0.02578   0.04580   0.07583   0.17675   0.31952   0.10028   0.17216   0.03603   0.00000   0.03079   0.09058   0.04056   0.03403   0.14282   0.14290   0.01080   0.10575   0.12650   3.77528   0.92455   0.57362   0.23725   2.17860  
  6 2116.6764  18720.499198  x:  0.00000   0.09200   0.01087   0.01837   0.00220   0.00112   0.00995   0.00436   0.00000   0.01032   0.01434   0.02578   0.04580   0.07583   0.17675   0.31952   0.10028   0.17216   0.03603   0.00000   0.03079   0.09058   0.04056   0.03403   0.14282   0.14290   0.01080   0.10575   0.12650   3.77528   0.92455   0.57362   0.23725   2.17860  
  7 2633.0075  18713.275452  x:  0.00298   0.09270   0.01077   0.01787   0.00826   0.00487   0.00575   0.00341   0.00000   0.00850   0.01398   0.02522   0.04583   0.07647   0.17812   0.32124   0.10127   0.17308   0.03689   0.00000   0.03126   0.09190   0.04074   0.03397   0.14362   0.14392   0.01043   0.10646   0.12798   3.77539   0.92545   0.57333   0.23473   2.17829  
  8 2003.0128  18707.129933  x:  0.00475   0.09353   0.01060   0.01731   0.00842   0.00288   0.00179   0.00360   0.00000   0.00701   0.01365   0.02452   0.04586   0.07732   0.17988   0.32349   0.10256   0.17430   0.03776   0.00000   0.03183   0.09359   0.04097   0.03392   0.14468   0.14525   0.01000   0.10739   0.12989   3.77554   0.92665   0.57294   0.23137   2.17788  
  9 1775.0993  18697.642212  x:  0.00789   0.09536   0.01025   0.01622   0.00939   0.00044   0.00312   0.00351   0.00000   0.00488   0.01308   0.02310   0.04596   0.07923   0.18387   0.32869   0.10548   0.17708   0.03959   0.00000   0.03306   0.09737   0.04149   0.03381   0.14710   0.14828   0.00911   0.10950   0.13423   3.77587   0.92943   0.57203   0.22359   2.17694  
 10 2698.0865  18674.200750  x:  0.01591   0.10197   0.00899   0.01279   0.00381   0.00336   0.00526   0.00502   0.00000   0.00163   0.01152   0.01830   0.04633   0.08628   0.19861   0.34806   0.11624   0.18743   0.04577   0.00000   0.03742   0.11123   0.04338   0.03349   0.15608   0.15951   0.00613   0.11732   0.15025   3.77711   0.93987   0.56864   0.19441   2.17341  
 11 9967.3443  18657.515243  x:  0.02243   0.10762   0.00807   0.01054   0.00120   0.00421   0.00622   0.00550   0.00000   0.00655   0.01060   0.01486   0.04671   0.09230   0.21134   0.36491   0.12548   0.19639   0.05088   0.00000   0.04101   0.12306   0.04498   0.03329   0.16385   0.16919   0.00396   0.12406   0.16403   3.77820   0.94899   0.56566   0.16892   2.17032  
 12 26702.5200  18615.218717  x:  0.00855   0.11928   0.00906   0.02248   0.00501   0.00423   0.00608   0.01132   0.00000   0.00807   0.01880   0.02423   0.04882   0.10567   0.24178   0.40811   0.14672   0.21856   0.05625   0.00000   0.04611   0.14883   0.04834   0.03444   0.18283   0.19229   0.00922   0.14015   0.19615   3.78107   0.97330   0.55774   0.10177   2.16211  
 13 5087.8015  18607.397408  x:  0.00356   0.12032   0.00999   0.02103   0.00465   0.00417   0.00554   0.00325   0.00000   0.00758   0.01671   0.02549   0.04965   0.10635   0.24604   0.41581   0.14882   0.22178   0.05482   0.00000   0.04440   0.15063   0.04842   0.03539   0.18541   0.19514   0.00808   0.14179   0.19954   3.78162   0.97796   0.55634   0.09207   2.16049  
 14 1642.2984  18604.423783  x:  0.00041   0.12022   0.01056   0.01708   0.00593   0.00405   0.00540   0.00527   0.00000   0.00781   0.01319   0.02511   0.05054   0.10503   0.24850   0.42248   0.14880   0.22370   0.05178   0.00000   0.04054   0.14930   0.04789   0.03647   0.18669   0.19617   0.00611   0.14190   0.19999   3.78215   0.98238   0.55519   0.08735   2.15888  
 15 780.5806  18599.044582  x:  0.00519   0.11891   0.01093   0.01518   0.00509   0.00407   0.00560   0.00580   0.00000   0.00757   0.01557   0.02522   0.05248   0.09899   0.25395   0.44175   0.14620   0.22793   0.04264   0.00000   0.02851   0.14200   0.04579   0.03851   0.18903   0.19717   0.00850   0.14081   0.19823   3.78381   0.99590   0.55194   0.07963   2.15373  
 16 778.4675  18595.242846  x:  0.00543   0.11736   0.00771   0.02184   0.00508   0.00404   0.00556   0.00566   0.00000   0.00748   0.01316   0.02088   0.05176   0.09397   0.25851   0.46215   0.14253   0.23146   0.03996   0.00000   0.02857   0.13555   0.04522   0.03685   0.19101   0.19741   0.00591   0.13901   0.19538   3.78580   1.01147   0.54859   0.08053   2.14749  
 17 612.4318  18586.439540  x:  0.00406   0.11378   0.01507   0.01904   0.00519   0.00401   0.00551   0.00555   0.00000   0.00748   0.01504   0.02047   0.04776   0.08515   0.26920   0.51779   0.13172   0.23979   0.04260   0.00000   0.04071   0.12088   0.04601   0.03170   0.19525   0.19702   0.00814   0.13446   0.18730   3.79172   1.05699   0.53909   0.09150   2.12898  
 18 1192.6800  18583.168142  x:  0.00418   0.11311   0.00889   0.01659   0.00498   0.00405   0.00555   0.00543   0.00000   0.00752   0.01528   0.02616   0.04836   0.08603   0.27126   0.53684   0.12785   0.24178   0.04575   0.00000   0.04263   0.11854   0.04710   0.03461   0.19532   0.19608   0.00788   0.13331   0.18448   3.79423   1.07608   0.53514   0.09742   2.12120  
 19 1000.7893  18578.987920  x:  0.00403   0.11417   0.01259   0.01944   0.00483   0.00409   0.00560   0.00546   0.00000   0.00756   0.01406   0.02565   0.05332   0.09710   0.26904   0.56068   0.12275   0.24186   0.05067   0.00000   0.03739   0.12238   0.04837   0.04275   0.19162   0.19269   0.00760   0.13322   0.18083   3.79882   1.11074   0.52791   0.10799   2.10719  
 20 665.2428  18576.442583  x:  0.00141   0.11512   0.00984   0.01738   0.00555   0.00398   0.00539   0.00496   0.00000   0.00758   0.01737   0.02105   0.05350   0.10281   0.26469   0.57116   0.12082   0.24036   0.05013   0.00000   0.03443   0.12727   0.04729   0.04002   0.18809   0.19013   0.00936   0.13404   0.17940   3.80205   1.13522   0.52266   0.11265   2.09749  
 21 722.3692  18572.018350  x:  0.00312   0.11692   0.00988   0.01763   0.00516   0.00403   0.00546   0.00501   0.00000   0.00756   0.01427   0.02511   0.05016   0.10865   0.25340   0.58394   0.11889   0.23569   0.04525   0.00000   0.03178   0.13664   0.04440   0.02963   0.18078   0.18524   0.00907   0.13563   0.17739   3.80842   1.18352   0.51211   0.11682   2.07855  
 22 1001.6822  18565.135622  x:  0.00482   0.11737   0.01062   0.01700   0.00517   0.00397   0.00544   0.00528   0.00000   0.00742   0.01724   0.02445   0.04385   0.10330   0.23190   0.59200   0.11917   0.22553   0.03728   0.00000   0.03868   0.14604   0.04629   0.03595   0.17072   0.17875   0.00392   0.13640   0.17562   3.81981   1.26981   0.49301   0.11564   2.04480  
 23 938.3065  18561.277629  x:  0.00551   0.11692   0.00950   0.01679   0.00505   0.00398   0.00546   0.00533   0.00000   0.00739   0.01284   0.02249   0.04343   0.09783   0.21965   0.59400   0.12025   0.21921   0.03692   0.00000   0.04213   0.14925   0.04719   0.03920   0.16586   0.17572   0.01043   0.13657   0.17546   3.82722   1.32586   0.48066   0.11452   2.02274  
 24 2603.0087  18551.806010  x:  0.00501   0.11335   0.00992   0.01648   0.00492   0.00392   0.00539   0.00547   0.00000   0.00721   0.01469   0.02181   0.05613   0.08333   0.20039   0.58687   0.12634   0.20611   0.05314   0.00000   0.03946   0.14564   0.04451   0.03369   0.16176   0.17383   0.00675   0.13353   0.17763   3.84568   1.46436   0.45059   0.11433   1.96727  
 25 1644.1020  18534.325957  x:  0.00461   0.10532   0.00970   0.01637   0.00501   0.00382   0.00523   0.00513   0.00000   0.00706   0.01377   0.02074   0.03588   0.08938   0.20628   0.55063   0.14055   0.19370   0.05861   0.00000   0.02928   0.12451   0.04440   0.03381   0.17365   0.18220   0.00616   0.12583   0.18733   3.87885   1.70958   0.39938   0.13390   1.86520  
 26 1338.7010  18525.890690  x:  0.00635   0.10335   0.00895   0.01529   0.00494   0.00380   0.00522   0.00514   0.00000   0.00697   0.01340   0.02052   0.04887   0.09640   0.22065   0.52571   0.14263   0.19179   0.04389   0.00000   0.03783   0.11727   0.04302   0.03236   0.17989   0.18507   0.00628   0.12341   0.18833   3.89674   1.84033   0.37309   0.14661   1.80880  
 27 1936.0175  18521.222329  x:  0.00562   0.11039   0.00912   0.01534   0.00486   0.00377   0.00519   0.00511   0.00000   0.00690   0.01323   0.02022   0.04693   0.08745   0.24400   0.50445   0.12581   0.20345   0.04648   0.00000   0.03623   0.12798   0.04253   0.03259   0.17387   0.17816   0.00621   0.12774   0.17535   3.90699   1.91148   0.36166   0.14901   1.77272  
 28 455.8536  18520.688989  x:  0.00612   0.10487   0.00885   0.01518   0.00483   0.00376   0.00519   0.00522   0.00000   0.00686   0.01317   0.01980   0.04654   0.09072   0.24348   0.50112   0.12047   0.20996   0.04757   0.00000   0.03718   0.12685   0.04387   0.03180   0.17089   0.17656   0.00610   0.12531   0.17444   3.90844   1.91859   0.36316   0.14524   1.76421  
 29 102.0556  18520.455586  x:  0.00614   0.10459   0.00888   0.01518   0.00483   0.00376   0.00519   0.00520   0.00000   0.00686   0.01314   0.01980   0.04628   0.09063   0.24170   0.50001   0.11903   0.21465   0.04760   0.00000   0.03761   0.12669   0.04046   0.03259   0.17027   0.17689   0.00607   0.12497   0.17622   3.90930   1.92047   0.36644   0.14558   1.75659  
 30 75.3134  18519.947221  x:  0.00602   0.10675   0.00900   0.01517   0.00487   0.00376   0.00518   0.00513   0.00000   0.00687   0.01314   0.01995   0.04672   0.08879   0.23695   0.49798   0.11708   0.22437   0.04648   0.00000   0.03659   0.12642   0.04329   0.03206   0.17010   0.17824   0.00599   0.12535   0.18070   3.91146   1.92333   0.37681   0.14777   1.73497  
 31 163.7968  18515.708114  x:  0.00647   0.11617   0.00787   0.01450   0.00481   0.00369   0.00514   0.00531   0.00000   0.00672   0.01284   0.01878   0.04530   0.09403   0.22234   0.48918   0.11112   0.22447   0.04761   0.00000   0.03795   0.11940   0.04219   0.03082   0.18479   0.17707   0.00550   0.13268   0.16618   3.93168   1.93178   0.49455   0.13284   1.50893  
 32 133.1955  18505.085629  x:  0.00658   0.09681   0.00790   0.01355   0.00481   0.00360   0.00497   0.00507   0.00000   0.00655   0.01204   0.01775   0.04368   0.08514   0.22234   0.47635   0.11785   0.20751   0.04558   0.00000   0.03487   0.13302   0.04115   0.02933   0.18118   0.17352   0.00548   0.12110   0.16407   3.97639   1.94648   0.76138   0.11543   1.00000  
 33 1331.4519  18502.865435  x:  0.00628   0.10028   0.00744   0.01318   0.00477   0.00355   0.00490   0.00504   0.00000   0.00645   0.01181   0.01712   0.04274   0.08508   0.22624   0.47166   0.11981   0.19752   0.04557   0.00000   0.03561   0.12644   0.04060   0.02846   0.16398   0.16980   0.00513   0.11811   0.16994   3.99283   1.95212   0.86407   0.10578   1.00000  
 34 759.3573  18502.808918  x:  0.00631   0.09890   0.00747   0.01318   0.00478   0.00355   0.00490   0.00503   0.00000   0.00645   0.01180   0.01712   0.04275   0.08496   0.22642   0.47156   0.12037   0.19749   0.04556   0.00000   0.03559   0.12584   0.04060   0.02848   0.16287   0.17001   0.00501   0.12100   0.16987   3.99275   1.95235   0.86678   0.10589   1.00000  
 35 39.1762  18502.753175  x:  0.00630   0.09913   0.00745   0.01319   0.00477   0.00355   0.00490   0.00503   0.00000   0.00645   0.01180   0.01712   0.04273   0.08506   0.22625   0.47135   0.12253   0.19856   0.04554   0.00000   0.03563   0.12583   0.04060   0.02848   0.16146   0.17162   0.00511   0.12031   0.16751   3.98429   1.95417   0.86946   0.10584   1.00000  
 36  5.3566  18500.799243  x:  0.00585   0.09564   0.00761   0.01351   0.00448   0.00348   0.00475   0.00490   0.00000   0.00629   0.01191   0.01753   0.04253   0.08344   0.22467   0.46368   0.11900   0.19498   0.04442   0.00000   0.03454   0.12668   0.04033   0.02853   0.16246   0.17163   0.00527   0.11909   0.16675   3.67496   2.01925   0.95967   0.10371   1.00000  
 37 58.4819  18500.757254  x:  0.00583   0.09563   0.00762   0.01352   0.00447   0.00348   0.00475   0.00489   0.00000   0.00628   0.01191   0.01754   0.04253   0.08346   0.22481   0.46356   0.12070   0.19581   0.04444   0.00000   0.03454   0.12643   0.04033   0.02852   0.16290   0.16875   0.00528   0.11906   0.16665   3.66916   2.02066   0.96161   0.10366   1.00000  
 38 40.7058  18492.396759  x:  0.00180   0.09698   0.00925   0.01639   0.00263   0.00304   0.00382   0.00363   0.00000   0.00538   0.01328   0.02186   0.04373   0.07980   0.21835   0.43459   0.11200   0.19514   0.03616   0.00000   0.02835   0.11148   0.03942   0.03058   0.15986   0.16353   0.00721   0.11579   0.15638   3.79248   2.22611   1.24943   0.10623   1.00000  
 39  1.9896  18491.261013  x:  0.00220   0.09357   0.00910   0.01529   0.00305   0.00284   0.00367   0.00332   0.00000   0.00543   0.01244   0.02107   0.04285   0.07846   0.21370   0.42506   0.10917   0.18906   0.03601   0.00000   0.02752   0.10818   0.03875   0.03026   0.15469   0.15886   0.00687   0.11227   0.15144   3.78278   2.12867   0.96783   0.11281   1.00000  
 40  1.2746  18490.658067  x:  0.00234   0.09790   0.00923   0.01498   0.00395   0.00263   0.00363   0.00343   0.00000   0.00596   0.01228   0.02133   0.04363   0.07976   0.21118   0.42490   0.10835   0.19068   0.03641   0.00000   0.02826   0.10493   0.03933   0.03152   0.15500   0.15947   0.00703   0.11367   0.15220   3.75631   2.21592   1.11298   0.11604   1.00000  
 41  0.4191  18490.283857  x:  0.00192   0.09627   0.00918   0.01572   0.00420   0.00223   0.00339   0.00387   0.00000   0.00630   0.01294   0.02205   0.04340   0.08016   0.20659   0.42645   0.10893   0.18869   0.03737   0.00000   0.02914   0.10683   0.03963   0.03187   0.15571   0.15911   0.00766   0.11333   0.15095   3.78081   2.18453   1.06135   0.11513   1.00000  
 42  0.0947  18490.134395  x:  0.00212   0.09587   0.00933   0.01574   0.00440   0.00186   0.00334   0.00330   0.00000   0.00662   0.01273   0.02237   0.04359   0.07987   0.20687   0.42688   0.10902   0.18932   0.03704   0.00000   0.02886   0.10735   0.03962   0.03168   0.15652   0.15946   0.00770   0.11352   0.15102   3.78295   2.18791   1.07211   0.11382   1.00000  
 43  0.0123  18490.071524  x:  0.00234   0.09615   0.00925   0.01594   0.00436   0.00162   0.00340   0.00354   0.00000   0.00681   0.01288   0.02239   0.04354   0.07974   0.20860   0.42622   0.10893   0.18947   0.03675   0.00000   0.02869   0.10683   0.03948   0.03136   0.15563   0.15937   0.00773   0.11350   0.15167   3.77264   2.19264   1.07065   0.11430   1.00000  
 44  0.0155  18490.049512  x:  0.00204   0.09621   0.00924   0.01572   0.00426   0.00159   0.00353   0.00353   0.00000   0.00688   0.01278   0.02216   0.04347   0.07961   0.20883   0.42658   0.10885   0.18947   0.03702   0.00000   0.02856   0.10669   0.03940   0.03141   0.15567   0.15928   0.00762   0.11335   0.15131   3.77171   2.19241   1.07591   0.11423   1.00000  
 45  0.0044  18490.043164  x:  0.00218   0.09617   0.00923   0.01568   0.00416   0.00161   0.00359   0.00354   0.00000   0.00693   0.01275   0.02208   0.04345   0.07979   0.20849   0.42642   0.10893   0.18942   0.03688   0.00000   0.02876   0.10683   0.03945   0.03150   0.15576   0.15933   0.00758   0.11338   0.15137   3.77429   2.19002   1.07341   0.11426   1.00000  
 46  0.0049  18490.041119  x:  0.00213   0.09626   0.00923   0.01571   0.00411   0.00161   0.00356   0.00352   0.00000   0.00699   0.01278   0.02210   0.04349   0.07985   0.20844   0.42658   0.10898   0.18946   0.03692   0.00000   0.02876   0.10684   0.03949   0.03148   0.15573   0.15940   0.00758   0.11348   0.15160   3.77428   2.19019   1.07115   0.11438   1.00000  
 47  0.0023  18490.040014  x:  0.00214   0.09618   0.00924   0.01571   0.00410   0.00161   0.00353   0.00353   0.00000   0.00704   0.01278   0.02212   0.04351   0.07976   0.20838   0.42637   0.10892   0.18948   0.03694   0.00000   0.02868   0.10686   0.03949   0.03146   0.15583   0.15938   0.00758   0.11347   0.15144   3.77544   2.19029   1.07255   0.11428   1.00000  
 48  0.0018  18490.039701  x:  0.00214   0.09618   0.00924   0.01571   0.00410   0.00162   0.00353   0.00353   0.00000   0.00707   0.01278   0.02212   0.04349   0.07976   0.20849   0.42650   0.10892   0.18945   0.03690   0.00000   0.02872   0.10684   0.03947   0.03147   0.15576   0.15935   0.00759   0.11344   0.15143   3.77471   2.19065   1.07311   0.11428   1.00000  
 49  0.0010  18490.039675  x:  0.00214   0.09619   0.00924   0.01571   0.00411   0.00162   0.00353   0.00353   0.00000   0.00707   0.01278   0.02211   0.04349   0.07977   0.20847   0.42645   0.10893   0.18945   0.03692   0.00000   0.02871   0.10683   0.03947   0.03147   0.15576   0.15936   0.00759   0.11343   0.15145   3.77452   2.19069   1.07304   0.11429   1.00000  
 50  0.0002  18490.039673  x:  0.00214   0.09619   0.00924   0.01571   0.00411   0.00162   0.00353   0.00353   0.00000   0.00707   0.01278   0.02211   0.04349   0.07977   0.20846   0.42646   0.10893   0.18945   0.03691   0.00000   0.02871   0.10683   0.03947   0.03147   0.15576   0.15936   0.00759   0.11344   0.15145   3.77451   2.19069   1.07298   0.11429   1.00000  
 51  0.0001  18490.039673  x:  0.00214   0.09619   0.00924   0.01571   0.00411   0.00162   0.00353   0.00353   0.00000   0.00707   0.01278   0.02211   0.04349   0.07977   0.20846   0.42646   0.10893   0.18945   0.03692   0.00000   0.02871   0.10683   0.03947   0.03147   0.15576   0.15935   0.00759   0.11344   0.15145   3.77452   2.19068   1.07297   0.11429   1.00000  
 52  0.0000  18490.039673  x:  0.00214   0.09619   0.00924   0.01571   0.00411   0.00162   0.00353   0.00353   0.00000   0.00707   0.01278   0.02211   0.04349   0.07977   0.20846   0.42646   0.10893   0.18945   0.03692   0.00000   0.02871   0.10683   0.03947   0.03147   0.15576   0.15935   0.00759   0.11344   0.15145   3.77452   2.19068   1.07297   0.11429   1.00000  
check convergence!


Model 7: beta

TREE # 1

  0  0.0000  18555.901368  x:  0.00000   0.09232   0.01340   0.01875   0.00668   0.00655   0.00570   0.00496   0.00389   0.01038   0.01470   0.02114   0.03942   0.07126   0.17675   0.35700   0.09451   0.17998   0.03631   0.00086   0.02994   0.08951   0.03834   0.03204   0.13953   0.13756   0.00835   0.11125   0.13312   3.77452   0.74676   1.92879  
  1 99.0000  18548.704345  x:  0.00079   0.09236   0.01300   0.01842   0.00590   0.00513   0.00493   0.00436   0.00193   0.00973   0.01441   0.02118   0.03956   0.07141   0.17700   0.35720   0.09470   0.18002   0.03639   0.00000   0.02993   0.08977   0.03836   0.03198   0.13967   0.13778   0.00838   0.11123   0.13331   3.77450   0.74677   1.92874  
  2 2316.4962  18545.068664  x:  0.00113   0.09234   0.01275   0.01824   0.00595   0.00449   0.00520   0.00481   0.00000   0.00958   0.01431   0.02121   0.03966   0.07154   0.17720   0.35738   0.09487   0.18006   0.03633   0.00000   0.02995   0.09000   0.03836   0.03194   0.13979   0.13800   0.00838   0.11122   0.13347   3.77448   0.74679   1.92870  
  3 3819.9787  18544.000202  x:  0.00000   0.09223   0.01202   0.01777   0.00631   0.00311   0.00560   0.00498   0.00000   0.00934   0.01410   0.02129   0.04000   0.07202   0.17795   0.35807   0.09550   0.18021   0.03596   0.00000   0.03002   0.09084   0.03839   0.03178   0.14027   0.13881   0.00833   0.11115   0.13408   3.77442   0.74682   1.92852  
  4 978.7071  18539.777340  x:  0.00079   0.09184   0.00814   0.01503   0.00855   0.00599   0.00508   0.00376   0.00000   0.00957   0.01359   0.02167   0.04295   0.07708   0.18679   0.36629   0.10233   0.18175   0.03442   0.00000   0.03029   0.09980   0.03863   0.03040   0.14549   0.14787   0.00844   0.11051   0.14076   3.77363   0.74725   1.92641  
  5 637.9281  18537.587683  x:  0.00000   0.09184   0.01143   0.01686   0.00621   0.00627   0.00432   0.00534   0.00000   0.01005   0.01438   0.02153   0.04366   0.07988   0.19281   0.37249   0.10662   0.18274   0.03397   0.00000   0.02989   0.10493   0.03882   0.03033   0.14895   0.15372   0.00837   0.11028   0.14505   3.77301   0.74763   1.92470  
  6 931.3662  18536.984606  x:  0.00027   0.09202   0.01234   0.01786   0.00596   0.00598   0.00601   0.00408   0.00000   0.01007   0.01461   0.02146   0.04312   0.08005   0.19465   0.37485   0.10761   0.18300   0.03448   0.00000   0.02949   0.10575   0.03888   0.03076   0.14989   0.15520   0.00837   0.11037   0.14612   3.77275   0.74784   1.92397  
  7 544.3049  18536.454493  x:  0.00052   0.09230   0.01261   0.01916   0.00790   0.00517   0.00526   0.00379   0.00000   0.01043   0.01485   0.02143   0.04113   0.07889   0.19697   0.37906   0.10824   0.18325   0.03532   0.00000   0.02863   0.10532   0.03893   0.03196   0.15096   0.15657   0.00820   0.11080   0.14707   3.77223   0.74833   1.92246  
  8 311.0946  18535.919122  x:  0.00000   0.09270   0.01160   0.01896   0.00725   0.00560   0.00523   0.00446   0.00000   0.01004   0.01453   0.02142   0.03931   0.07707   0.19922   0.38412   0.10840   0.18344   0.03632   0.00000   0.02795   0.10400   0.03892   0.03286   0.15187   0.15747   0.00827   0.11143   0.14767   3.77157   0.74899   1.92051  
  9 390.4050  18535.919122  x:  0.00000   0.09270   0.01160   0.01896   0.00725   0.00560   0.00523   0.00446   0.00000   0.01004   0.01453   0.02142   0.03931   0.07707   0.19922   0.38412   0.10840   0.18344   0.03632   0.00000   0.02795   0.10400   0.03892   0.03286   0.15187   0.15747   0.00827   0.11143   0.14767   3.77157   0.74899   1.92051  
 10 278.0792  18529.477666  x:  0.00215   0.09286   0.01077   0.01792   0.00459   0.00136   0.00317   0.00312   0.00000   0.00818   0.01373   0.02151   0.03984   0.07718   0.19942   0.38448   0.10845   0.18348   0.03657   0.00000   0.02804   0.10408   0.03894   0.03257   0.15193   0.15749   0.00835   0.11144   0.14773   3.77152   0.74907   1.92035  
 11 1497.0301  18528.890783  x:  0.00272   0.09299   0.01002   0.01698   0.00360   0.00183   0.00361   0.00376   0.00000   0.00700   0.01312   0.02163   0.04040   0.07730   0.19962   0.38489   0.10850   0.18351   0.03666   0.00000   0.02814   0.10416   0.03895   0.03226   0.15199   0.15750   0.00838   0.11145   0.14780   3.77145   0.74915   1.92016  
 12 527.1293  18528.584645  x:  0.00262   0.09318   0.00907   0.01571   0.00444   0.00167   0.00384   0.00360   0.00000   0.00651   0.01246   0.02184   0.04134   0.07755   0.19998   0.38568   0.10859   0.18358   0.03670   0.00000   0.02830   0.10430   0.03898   0.03175   0.15210   0.15752   0.00837   0.11145   0.14793   3.77133   0.74931   1.91979  
 13 336.6975  18528.410796  x:  0.00230   0.09344   0.00866   0.01492   0.00421   0.00189   0.00340   0.00355   0.00000   0.00715   0.01228   0.02197   0.04230   0.07787   0.20045   0.38671   0.10871   0.18366   0.03671   0.00000   0.02846   0.10448   0.03902   0.03125   0.15224   0.15754   0.00834   0.11146   0.14809   3.77116   0.74952   1.91930  
 14 276.7752  18528.280529  x:  0.00209   0.09375   0.00877   0.01473   0.00400   0.00156   0.00383   0.00372   0.00000   0.00752   0.01246   0.02204   0.04320   0.07824   0.20100   0.38797   0.10884   0.18376   0.03672   0.00000   0.02859   0.10468   0.03907   0.03082   0.15240   0.15757   0.00832   0.11148   0.14828   3.77096   0.74978   1.91869  
 15 306.7445  18527.923271  x:  0.00243   0.09483   0.00971   0.01520   0.00412   0.00185   0.00385   0.00329   0.00000   0.00715   0.01325   0.02213   0.04569   0.07946   0.20296   0.39249   0.10931   0.18412   0.03683   0.00000   0.02894   0.10537   0.03925   0.02973   0.15295   0.15769   0.00830   0.11154   0.14893   3.77021   0.75071   1.91648  
 16 475.7058  18527.784044  x:  0.00235   0.09525   0.00979   0.01561   0.00435   0.00172   0.00345   0.00393   0.00000   0.00697   0.01324   0.02210   0.04621   0.07989   0.20385   0.39464   0.10950   0.18428   0.03684   0.00000   0.02900   0.10566   0.03933   0.02964   0.15321   0.15775   0.00830   0.11158   0.14923   3.76985   0.75118   1.91539  
 17 491.4156  18527.207903  x:  0.00161   0.09682   0.00873   0.01731   0.00406   0.00175   0.00363   0.00355   0.00000   0.00696   0.01192   0.02170   0.04600   0.08122   0.20770   0.40457   0.11031   0.18503   0.03677   0.00000   0.02882   0.10678   0.03965   0.03089   0.15429   0.15806   0.00837   0.11179   0.15049   3.76809   0.75338   1.91015  
 18 512.1980  18526.743846  x:  0.00289   0.09782   0.00847   0.01646   0.00441   0.00183   0.00381   0.00374   0.00000   0.00768   0.01251   0.02172   0.04428   0.08180   0.21087   0.41354   0.11089   0.18568   0.03679   0.00000   0.02844   0.10754   0.03973   0.03217   0.15516   0.15838   0.00839   0.11204   0.15149   3.76640   0.75548   1.90510  
 19 653.6562  18526.487471  x:  0.00199   0.09796   0.00905   0.01540   0.00423   0.00179   0.00367   0.00365   0.00000   0.00709   0.01321   0.02195   0.04297   0.08171   0.21226   0.41838   0.11106   0.18600   0.03665   0.00000   0.02824   0.10775   0.03961   0.03245   0.15554   0.15859   0.00832   0.11219   0.15189   3.76540   0.75670   1.90208  
 20 570.0553  18526.279929  x:  0.00213   0.09682   0.00983   0.01542   0.00427   0.00180   0.00370   0.00368   0.00000   0.00725   0.01226   0.02241   0.04214   0.08020   0.21226   0.42240   0.11067   0.18613   0.03664   0.00000   0.02829   0.10721   0.03911   0.03092   0.15551   0.15885   0.00835   0.11241   0.15171   3.76416   0.75805   1.89829  
 21 163.7113  18526.095700  x:  0.00212   0.09531   0.00890   0.01590   0.00423   0.00179   0.00370   0.00366   0.00000   0.00718   0.01306   0.02227   0.04215   0.07847   0.21156   0.42587   0.11006   0.18616   0.03666   0.00000   0.02846   0.10644   0.03891   0.03004   0.15528   0.15909   0.00836   0.11258   0.15128   3.76278   0.75945   1.89409  
 22 268.7251  18525.864141  x:  0.00218   0.09333   0.00950   0.01556   0.00426   0.00179   0.00369   0.00367   0.00000   0.00719   0.01283   0.02145   0.04363   0.07700   0.20943   0.42975   0.10892   0.18607   0.03678   0.00000   0.02869   0.10527   0.03956   0.03167   0.15464   0.15931   0.00830   0.11270   0.15032   3.76047   0.76150   1.88701  
 23 200.1247  18525.646048  x:  0.00220   0.09312   0.00933   0.01582   0.00422   0.00179   0.00369   0.00366   0.00000   0.00720   0.01292   0.02359   0.04388   0.07837   0.20632   0.43186   0.10794   0.18593   0.03690   0.00000   0.02868   0.10473   0.03973   0.03237   0.15382   0.15927   0.00861   0.11254   0.14936   3.75749   0.76358   1.87789  
 24 148.0663  18525.185953  x:  0.00226   0.09447   0.00910   0.01571   0.00427   0.00179   0.00370   0.00367   0.00000   0.00720   0.01286   0.02191   0.04292   0.08224   0.20010   0.43445   0.10657   0.18575   0.03695   0.00000   0.02861   0.10456   0.03925   0.03131   0.15239   0.15899   0.00804   0.11205   0.14784   3.75069   0.76776   1.85707  
 25 351.6306  18524.862121  x:  0.00215   0.09617   0.00920   0.01558   0.00429   0.00180   0.00371   0.00368   0.00000   0.00721   0.01291   0.02139   0.04283   0.08151   0.19842   0.43376   0.10717   0.18598   0.03678   0.00000   0.02904   0.10571   0.03942   0.03115   0.15248   0.15874   0.01069   0.11207   0.14831   3.74482   0.77010   1.83923  
 26 237.3241  18523.452098  x:  0.00215   0.10227   0.00934   0.01577   0.00429   0.00181   0.00373   0.00369   0.00000   0.00725   0.01294   0.02239   0.04342   0.07600   0.19529   0.42848   0.11093   0.18720   0.03588   0.00000   0.02961   0.11067   0.04027   0.03161   0.15391   0.15790   0.00829   0.11189   0.15117   3.72012   0.77856   1.76419  
 27 989.8379  18521.655850  x:  0.00188   0.09720   0.00943   0.01586   0.00434   0.00184   0.00375   0.00372   0.00000   0.00729   0.01301   0.02224   0.04440   0.07858   0.20225   0.41864   0.11356   0.18789   0.03980   0.00000   0.02522   0.10911   0.03793   0.03198   0.15658   0.15870   0.00859   0.11328   0.15418   3.68749   0.78378   1.66561  
 28 643.6731  18520.777301  x:  0.00214   0.09387   0.00941   0.01594   0.00435   0.00184   0.00376   0.00373   0.00000   0.00731   0.01302   0.02228   0.04336   0.08120   0.20735   0.41376   0.11338   0.18778   0.03789   0.00000   0.03020   0.10738   0.04005   0.03176   0.15762   0.15965   0.00838   0.11388   0.15443   3.67041   0.78330   1.61437  
 29 982.0498  18519.888855  x:  0.00235   0.09690   0.00930   0.01590   0.00433   0.00183   0.00375   0.00372   0.00000   0.00730   0.01298   0.02224   0.04381   0.08057   0.21207   0.41204   0.10887   0.18675   0.03304   0.00000   0.02768   0.10475   0.04073   0.03145   0.15528   0.16100   0.00887   0.11342   0.15028   3.65339   0.77036   1.56461  
 30 286.9638  18518.110921  x:  0.00155   0.10315   0.00934   0.01584   0.00436   0.00185   0.00377   0.00373   0.00000   0.00731   0.01302   0.02228   0.04347   0.07819   0.21804   0.41111   0.10133   0.18542   0.03919   0.00000   0.03054   0.10330   0.03911   0.03204   0.15062   0.16282   0.00868   0.11215   0.14268   3.61738   0.73423   1.46022  
 31 888.4770  18503.061481  x:  0.00146   0.09655   0.00924   0.01572   0.00433   0.00183   0.00374   0.00370   0.00000   0.00725   0.01290   0.02219   0.04253   0.07808   0.21221   0.42077   0.10243   0.19253   0.03992   0.00000   0.02748   0.11813   0.04342   0.03051   0.14062   0.16031   0.00894   0.11038   0.13745   3.37912   0.45163   0.77225  
 32 1213.9486  18501.316067  x:  0.00159   0.09885   0.00922   0.01571   0.00432   0.00183   0.00373   0.00370   0.00000   0.00724   0.01293   0.02221   0.04342   0.07782   0.20923   0.42244   0.10275   0.19243   0.03785   0.00000   0.02976   0.11284   0.03707   0.03231   0.14486   0.16091   0.00875   0.11188   0.14072   3.34540   0.41070   0.67474  
 33 1978.2985  18500.832787  x:  0.00141   0.10098   0.00919   0.01570   0.00433   0.00183   0.00374   0.00370   0.00000   0.00725   0.01292   0.02221   0.04297   0.07755   0.20769   0.42298   0.10269   0.19167   0.03935   0.00000   0.02905   0.10833   0.04035   0.03151   0.14812   0.16168   0.00860   0.11282   0.14295   3.33557   0.39862   0.64653  
 34 606.0135  18500.818708  x:  0.00142   0.10082   0.00919   0.01570   0.00433   0.00183   0.00374   0.00370   0.00000   0.00725   0.01292   0.02221   0.04297   0.07756   0.20752   0.42302   0.10260   0.19036   0.03934   0.00000   0.02895   0.10892   0.04034   0.03150   0.14887   0.16279   0.00862   0.11247   0.14286   3.33495   0.39830   0.64601  
 35 11.0380  18500.791571  x:  0.00141   0.10095   0.00918   0.01570   0.00433   0.00183   0.00374   0.00370   0.00000   0.00725   0.01292   0.02221   0.04296   0.07756   0.20757   0.42317   0.10428   0.18819   0.03935   0.00000   0.02902   0.10856   0.04032   0.03151   0.14797   0.16282   0.00860   0.11324   0.14249   3.33243   0.39784   0.64615  
 36  5.0666  18500.587057  x:  0.00142   0.10063   0.00920   0.01567   0.00431   0.00183   0.00373   0.00370   0.00000   0.00723   0.01290   0.02219   0.04291   0.07736   0.20785   0.42346   0.10397   0.18451   0.03930   0.00000   0.02912   0.10781   0.04021   0.03148   0.14764   0.15873   0.00869   0.10966   0.14439   3.31149   0.39474   0.64924  
 37 15.8925  18499.674218  x:  0.00146   0.10048   0.00916   0.01567   0.00430   0.00182   0.00372   0.00369   0.00000   0.00722   0.01289   0.02218   0.04297   0.07756   0.20661   0.42332   0.10159   0.18632   0.03908   0.00000   0.02893   0.10881   0.04000   0.03152   0.15129   0.15757   0.00843   0.11495   0.14363   3.21797   0.38070   0.66386  
 38 139.8308  18499.486168  x:  0.00146   0.10073   0.00915   0.01567   0.00430   0.00182   0.00372   0.00369   0.00000   0.00722   0.01289   0.02219   0.04299   0.07755   0.20624   0.42329   0.10371   0.18889   0.03909   0.00000   0.02911   0.10724   0.03992   0.03157   0.15001   0.16115   0.00857   0.11211   0.14381   3.19975   0.37774   0.66660  
 39 143.7739  18499.416163  x:  0.00146   0.10074   0.00915   0.01568   0.00430   0.00181   0.00372   0.00368   0.00000   0.00722   0.01289   0.02219   0.04299   0.07758   0.20619   0.42328   0.10236   0.18859   0.03909   0.00000   0.02916   0.10756   0.03992   0.03157   0.14790   0.16241   0.00845   0.11295   0.14658   3.20217   0.37642   0.66506  
 40  5.8858  18495.148806  x:  0.00155   0.09940   0.00912   0.01562   0.00421   0.00174   0.00364   0.00362   0.00000   0.00714   0.01282   0.02214   0.04294   0.07770   0.20640   0.42730   0.10367   0.18805   0.03882   0.00000   0.02886   0.10904   0.03995   0.03139   0.14877   0.15903   0.00851   0.11180   0.14468   3.42078   0.30084   0.55484  
 41 32.9633  18492.977138  x:  0.00181   0.09924   0.00911   0.01565   0.00408   0.00161   0.00352   0.00353   0.00000   0.00704   0.01277   0.02216   0.04342   0.07866   0.20496   0.42738   0.10696   0.18754   0.03798   0.00000   0.02920   0.10435   0.03900   0.03162   0.15543   0.16011   0.00818   0.11309   0.15001   3.61113   0.34714   0.65270  
 42  0.5071  18492.722913  x:  0.00182   0.09601   0.00919   0.01578   0.00412   0.00163   0.00355   0.00354   0.00000   0.00710   0.01282   0.02216   0.04360   0.07995   0.20812   0.42417   0.10934   0.18875   0.03726   0.00000   0.02875   0.10722   0.03963   0.03143   0.15531   0.15931   0.00800   0.11307   0.15110   3.65090   0.34034   0.63404  
 43  0.0492  18492.716276  x:  0.00185   0.09629   0.00917   0.01577   0.00410   0.00162   0.00354   0.00353   0.00000   0.00709   0.01281   0.02218   0.04363   0.08000   0.20849   0.42418   0.10937   0.18863   0.03721   0.00000   0.02878   0.10677   0.03956   0.03145   0.15549   0.15948   0.00803   0.11320   0.15129   3.65809   0.33750   0.62809  
 44  0.0098  18492.716013  x:  0.00184   0.09634   0.00917   0.01578   0.00411   0.00163   0.00355   0.00354   0.00000   0.00710   0.01282   0.02218   0.04363   0.07998   0.20846   0.42430   0.10936   0.18865   0.03722   0.00000   0.02878   0.10678   0.03957   0.03146   0.15549   0.15950   0.00803   0.11320   0.15129   3.65925   0.33730   0.62706  
 45  0.0018  18492.715987  x:  0.00184   0.09634   0.00917   0.01577   0.00411   0.00163   0.00354   0.00354   0.00000   0.00710   0.01282   0.02218   0.04363   0.07998   0.20844   0.42433   0.10936   0.18866   0.03723   0.00000   0.02878   0.10680   0.03957   0.03146   0.15549   0.15950   0.00803   0.11320   0.15129   3.65944   0.33728   0.62682  
 46  0.0004  18492.715986  x:  0.00184   0.09634   0.00917   0.01578   0.00411   0.00163   0.00354   0.00354   0.00000   0.00710   0.01282   0.02218   0.04363   0.07998   0.20844   0.42433   0.10936   0.18866   0.03723   0.00000   0.02878   0.10679   0.03957   0.03146   0.15549   0.15950   0.00803   0.11320   0.15129   3.65944   0.33727   0.62682  
 47  0.0000  18492.715986  x:  0.00184   0.09634   0.00917   0.01578   0.00411   0.00163   0.00354   0.00354   0.00000   0.00710   0.01282   0.02218   0.04363   0.07998   0.20844   0.42433   0.10936   0.18866   0.03723   0.00000   0.02878   0.10679   0.03957   0.03146   0.15549   0.15950   0.00803   0.11320   0.15129   3.65944   0.33727   0.62682  
 48  0.0000  18492.715986  x:  0.00184   0.09634   0.00917   0.01578   0.00411   0.00163   0.00354   0.00354   0.00000   0.00710   0.01282   0.02218   0.04363   0.07998   0.20844   0.42433   0.10936   0.18866   0.03723   0.00000   0.02878   0.10679   0.03957   0.03146   0.15549   0.15950   0.00803   0.11320   0.15129   3.65944   0.33727   0.62682  
 49  0.0000  18492.715986  x:  0.00184   0.09634   0.00917   0.01578   0.00411   0.00163   0.00354   0.00354   0.00000   0.00710   0.01282   0.02218   0.04363   0.07998   0.20844   0.42433   0.10936   0.18866   0.03723   0.00000   0.02878   0.10679   0.03957   0.03146   0.15549   0.15950   0.00803   0.11320   0.15129   3.65944   0.33727   0.62682  
 50  0.0296  18492.715986  x:  0.00184   0.09634   0.00917   0.01578   0.00411   0.00163   0.00354   0.00354   0.00000   0.00710   0.01282   0.02218   0.04363   0.07998   0.20844   0.42433   0.10936   0.18866   0.03723   0.00000   0.02878   0.10679   0.03957   0.03146   0.15549   0.15950   0.00803   0.11320   0.15129   3.65944   0.33727   0.62682  
check convergence!


Model 8: beta&w>1

TREE # 1

  0  0.0000  18556.709325  x:  0.00000   0.08976   0.01166   0.01989   0.00563   0.00321   0.00481   0.00608   0.00227   0.00764   0.01382   0.02309   0.03889   0.07160   0.18162   0.36755   0.09756   0.18037   0.03432   0.00084   0.02612   0.09241   0.03585   0.03279   0.14534   0.13936   0.00382   0.11038   0.13591   3.65944   0.90000   0.76687   1.93569   2.47532  
  1 99.0000  18549.679432  x:  0.00096   0.08992   0.01146   0.01953   0.00514   0.00230   0.00430   0.00528   0.00034   0.00751   0.01369   0.02301   0.03912   0.07180   0.18189   0.36778   0.09775   0.18051   0.03455   0.00000   0.02638   0.09268   0.03603   0.03277   0.14548   0.13962   0.00466   0.11047   0.13614   3.65946   0.90097   0.76685   1.93569   2.47524  
  2 2284.9089  18548.984186  x:  0.00102   0.08994   0.01143   0.01949   0.00514   0.00236   0.00431   0.00524   0.00000   0.00750   0.01367   0.02300   0.03915   0.07183   0.18193   0.36782   0.09778   0.18053   0.03457   0.00000   0.02642   0.09272   0.03606   0.03277   0.14551   0.13966   0.00467   0.11048   0.13618   3.65946   0.90114   0.76685   1.93569   2.47522  
  3 4400.9867  18542.016759  x:  0.00000   0.09061   0.01047   0.01785   0.00511   0.00238   0.00458   0.00465   0.00000   0.00743   0.01327   0.02268   0.04031   0.07313   0.18357   0.36940   0.09901   0.18145   0.03490   0.00000   0.02774   0.09445   0.03699   0.03261   0.14646   0.14145   0.00440   0.11086   0.13756   3.65957   0.90811   0.76671   1.93569   2.47462  
  4 4223.5745  18527.831631  x:  0.00145   0.09334   0.01235   0.01846   0.00619   0.00167   0.00122   0.01259   0.00000   0.00829   0.01465   0.02273   0.04199   0.07676   0.18979   0.37571   0.10303   0.18461   0.03668   0.00000   0.02866   0.09952   0.03814   0.03210   0.14963   0.14752   0.00503   0.11215   0.14228   3.65994   0.93513   0.76621   1.93557   2.47249  
  5 3177.4235  18523.680568  x:  0.00234   0.09439   0.01346   0.01935   0.00613   0.00062   0.00321   0.01550   0.00000   0.00849   0.01531   0.02288   0.04229   0.07797   0.19218   0.37821   0.10449   0.18579   0.03742   0.00000   0.02850   0.10126   0.03830   0.03194   0.15079   0.14976   0.00592   0.11264   0.14404   3.66007   0.94558   0.76602   1.93550   2.47169  
  6 8796.0465  18521.036860  x:  0.00109   0.09514   0.01474   0.02124   0.00412   0.00210   0.00375   0.01604   0.00000   0.00797   0.01575   0.02321   0.04164   0.07834   0.19401   0.38031   0.10536   0.18656   0.03798   0.00000   0.02719   0.10205   0.03772   0.03190   0.15152   0.15119   0.00867   0.11297   0.14523   3.66015   0.95348   0.76588   1.93539   2.47116  
  7 2515.5675  18517.508105  x:  0.00096   0.09553   0.01562   0.02570   0.00575   0.00181   0.00326   0.01127   0.00000   0.00642   0.01494   0.02415   0.03808   0.07680   0.19660   0.38423   0.10573   0.18719   0.03741   0.00000   0.02195   0.10134   0.03487   0.03213   0.15207   0.15238   0.00639   0.11275   0.14604   3.66015   0.96413   0.76574   1.93496   2.47065  
  8 821.6640  18517.081944  x:  0.00108   0.09533   0.01544   0.02607   0.00490   0.00175   0.00318   0.01065   0.00000   0.00814   0.01494   0.02403   0.03739   0.07608   0.19705   0.38527   0.10552   0.18713   0.03698   0.00000   0.02147   0.10085   0.03437   0.03213   0.15203   0.15237   0.00566   0.11254   0.14596   3.66013   0.96573   0.76570   1.93478   2.47061  
  9 448.7740  18516.383750  x:  0.00136   0.09358   0.01391   0.02503   0.00463   0.00171   0.00314   0.01122   0.00000   0.00753   0.01553   0.02272   0.03597   0.07222   0.19833   0.39004   0.10366   0.18609   0.03474   0.00000   0.02296   0.09788   0.03353   0.03189   0.15130   0.15135   0.00610   0.11124   0.14476   3.65990   0.96887   0.76555   1.93374   2.47077  
 10 205.1620  18516.166660  x:  0.00123   0.09284   0.01450   0.02444   0.00545   0.00178   0.00318   0.01110   0.00000   0.00810   0.01490   0.02315   0.03665   0.07125   0.19886   0.39277   0.10267   0.18543   0.03474   0.00000   0.02300   0.09662   0.03396   0.03180   0.15075   0.15072   0.00679   0.11057   0.14406   3.65975   0.96976   0.76541   1.93306   2.47091  
 11 203.9149  18515.946189  x:  0.00129   0.09212   0.01540   0.02387   0.00476   0.00174   0.00315   0.01117   0.00000   0.00764   0.01443   0.02375   0.03775   0.07080   0.19942   0.39619   0.10157   0.18464   0.03520   0.00000   0.02280   0.09547   0.03464   0.03171   0.15006   0.15001   0.00620   0.10978   0.14322   3.65954   0.97043   0.76522   1.93214   2.47111  
 12 322.3958  18515.738881  x:  0.00115   0.09181   0.01517   0.02400   0.00498   0.00175   0.00316   0.01080   0.00000   0.00771   0.01605   0.02334   0.03802   0.07214   0.19998   0.40143   0.10059   0.18369   0.03647   0.00000   0.02271   0.09533   0.03481   0.03165   0.14919   0.14933   0.00608   0.10913   0.14238   3.65917   0.97024   0.76482   1.93051   2.47145  
 13 139.5370  18515.510299  x:  0.00112   0.09192   0.01435   0.02459   0.00494   0.00176   0.00318   0.01126   0.00000   0.00773   0.01470   0.02299   0.03724   0.07412   0.20045   0.40822   0.10000   0.18281   0.03697   0.00000   0.02299   0.09612   0.03435   0.03172   0.14840   0.14887   0.00619   0.10882   0.14178   3.65864   0.96935   0.76420   1.92813   2.47195  
 14 204.7219  18515.345982  x:  0.00117   0.09266   0.01486   0.02441   0.00490   0.00175   0.00318   0.01115   0.00000   0.00775   0.01514   0.02416   0.03705   0.07434   0.20038   0.41403   0.10062   0.18279   0.03508   0.00000   0.02304   0.09751   0.03431   0.03198   0.14846   0.14919   0.00628   0.10952   0.14211   3.65803   0.96802   0.76342   1.92540   2.47255  
 15 116.7383  18515.246502  x:  0.00113   0.09331   0.01513   0.02459   0.00493   0.00176   0.00319   0.01117   0.00000   0.00776   0.01506   0.02305   0.03767   0.07319   0.20004   0.41760   0.10151   0.18332   0.03499   0.00000   0.02246   0.09801   0.03457   0.03198   0.14906   0.14976   0.00624   0.11039   0.14280   3.65750   0.96697   0.76270   1.92296   2.47313  
 16 104.3805  18515.183111  x:  0.00105   0.09354   0.01479   0.02477   0.00493   0.00176   0.00321   0.01123   0.00000   0.00778   0.01510   0.02371   0.03753   0.07220   0.19964   0.41959   0.10213   0.18404   0.03612   0.00000   0.02284   0.09773   0.03452   0.03191   0.14985   0.15026   0.00611   0.11099   0.14347   3.65698   0.96638   0.76198   1.92056   2.47374  
 17 80.8284  18515.080088  x:  0.00104   0.09288   0.01559   0.02427   0.00495   0.00176   0.00320   0.01112   0.00000   0.00777   0.01509   0.02340   0.03687   0.07325   0.19884   0.42112   0.10226   0.18587   0.03623   0.00000   0.02310   0.09585   0.03447   0.03237   0.15154   0.15089   0.00608   0.11121   0.14450   3.65558   0.96610   0.75999   1.91396   2.47554  
 18 49.1317  18514.936527  x:  0.00113   0.09218   0.01438   0.02494   0.00487   0.00173   0.00319   0.01129   0.00000   0.00778   0.01514   0.02380   0.03798   0.07426   0.19812   0.42217   0.10171   0.18797   0.03548   0.00000   0.02250   0.09458   0.03454   0.03199   0.15299   0.15127   0.00633   0.11104   0.14523   3.65338   0.96616   0.75682   1.90349   2.47844  
 19 146.7824  18513.922639  x:  0.00102   0.09240   0.01587   0.02777   0.00484   0.00163   0.00304   0.00995   0.00000   0.00783   0.01505   0.02323   0.03867   0.07404   0.19661   0.42460   0.09523   0.19769   0.03518   0.00000   0.02542   0.09845   0.03550   0.03034   0.15582   0.15105   0.00626   0.10866   0.14528   3.63632   0.96862   0.73222   1.82216   2.50119  
 20 250.6351  18512.016862  x:  0.00090   0.09417   0.01453   0.02319   0.00459   0.00155   0.00300   0.01066   0.00000   0.00772   0.01514   0.02372   0.03727   0.07317   0.19616   0.42781   0.08716   0.21133   0.03709   0.00000   0.02154   0.10481   0.03560   0.03300   0.15755   0.15078   0.00742   0.10660   0.14477   3.60506   0.97326   0.68689   1.67260   2.54301  
 21 1958.4167  18506.177040  x:  0.00035   0.09933   0.01552   0.01992   0.00408   0.00120   0.00266   0.00905   0.00000   0.00761   0.01514   0.02351   0.04156   0.07665   0.20557   0.43310   0.09220   0.22498   0.03861   0.00000   0.02326   0.10514   0.02804   0.03034   0.15029   0.15296   0.00869   0.11353   0.14339   3.51601   0.98631   0.55565   1.24326   2.66291  
 22 1813.7102  18503.004084  x:  0.00012   0.10115   0.01428   0.02149   0.00378   0.00098   0.00243   0.00813   0.00000   0.00763   0.01514   0.02361   0.04015   0.07828   0.21200   0.43576   0.09622   0.22918   0.03863   0.00000   0.02394   0.10475   0.03446   0.03188   0.14715   0.15518   0.00951   0.11642   0.14395   3.46568   0.99344   0.48069   0.99949   2.73070  
 23 9218.6198  18501.550733  x:  0.00000   0.09972   0.01462   0.02105   0.00367   0.00092   0.00239   0.00790   0.00000   0.00762   0.01518   0.02369   0.04011   0.07814   0.21791   0.43628   0.09629   0.22618   0.03902   0.00000   0.02339   0.10645   0.03401   0.03082   0.15081   0.15882   0.00989   0.11287   0.14759   3.45000   0.99386   0.45490   0.92040   2.75138  
 24 1379.3260  18501.550733  x:  0.00000   0.09972   0.01462   0.02105   0.00367   0.00092   0.00239   0.00790   0.00000   0.00762   0.01518   0.02369   0.04011   0.07814   0.21791   0.43628   0.09629   0.22618   0.03902   0.00000   0.02339   0.10645   0.03401   0.03082   0.15081   0.15882   0.00989   0.11287   0.14759   3.45000   0.99386   0.45490   0.92040   2.75138  
 25 374.3994  18498.346395  x:  0.00075   0.09959   0.01339   0.01999   0.00422   0.00407   0.00465   0.00536   0.00000   0.00732   0.01449   0.02343   0.04049   0.07821   0.21778   0.43623   0.09647   0.22572   0.03892   0.00000   0.02414   0.10652   0.03470   0.03098   0.15097   0.15886   0.00948   0.11288   0.14769   3.45002   0.99222   0.45480   0.92039   2.75138  
 26 1665.0280  18495.319904  x:  0.00181   0.09940   0.01162   0.01845   0.00420   0.00310   0.00475   0.00230   0.00000   0.00702   0.01356   0.02305   0.04106   0.07832   0.21755   0.43614   0.09677   0.22501   0.03873   0.00000   0.02524   0.10662   0.03571   0.03122   0.15121   0.15892   0.00891   0.11290   0.14787   3.45007   0.99003   0.45465   0.92038   2.75138  
 27 1475.1495  18492.858500  x:  0.00288   0.09894   0.00819   0.01544   0.00442   0.00243   0.00507   0.00389   0.00000   0.00673   0.01196   0.02231   0.04229   0.07862   0.21703   0.43595   0.09747   0.22334   0.03825   0.00000   0.02753   0.10684   0.03782   0.03171   0.15178   0.15908   0.00781   0.11297   0.14827   3.45017   0.98581   0.45426   0.92037   2.75138  
 28 1113.1835  18492.228659  x:  0.00178   0.09859   0.00843   0.01511   0.00425   0.00313   0.00374   0.00381   0.00000   0.00748   0.01266   0.02214   0.04315   0.07909   0.21653   0.43579   0.09821   0.22170   0.03778   0.00000   0.02887   0.10702   0.03904   0.03197   0.15234   0.15926   0.00777   0.11313   0.14873   3.45030   0.98419   0.45381   0.92040   2.75136  
 29 388.5544  18491.709468  x:  0.00101   0.09816   0.00963   0.01564   0.00423   0.00250   0.00476   0.00384   0.00000   0.00746   0.01359   0.02215   0.04419   0.07982   0.21578   0.43556   0.09940   0.21909   0.03729   0.00000   0.03033   0.10727   0.04038   0.03223   0.15321   0.15958   0.00805   0.11342   0.14948   3.45052   0.98285   0.45307   0.92047   2.75132  
 30 454.8293  18491.295175  x:  0.00247   0.09779   0.01056   0.01663   0.00456   0.00266   0.00436   0.00402   0.00000   0.00682   0.01373   0.02243   0.04501   0.08064   0.21490   0.43530   0.10099   0.21568   0.03713   0.00000   0.03125   0.10754   0.04126   0.03234   0.15432   0.16004   0.00844   0.11384   0.15048   3.45082   0.98245   0.45207   0.92056   2.75125  
 31 412.5448  18490.572388  x:  0.00254   0.09714   0.00976   0.01756   0.00344   0.00277   0.00455   0.00399   0.00000   0.00769   0.01229   0.02310   0.04551   0.08209   0.21301   0.43477   0.10470   0.20784   0.03713   0.00000   0.03122   0.10807   0.04135   0.03215   0.15675   0.16112   0.00843   0.11479   0.15271   3.45159   0.98373   0.44971   0.92078   2.75106  
 32 380.1962  18490.095245  x:  0.00186   0.09670   0.00895   0.01749   0.00478   0.00265   0.00447   0.00384   0.00000   0.00761   0.01194   0.02335   0.04553   0.08299   0.21160   0.43434   0.10750   0.20179   0.03718   0.00000   0.03074   0.10840   0.04103   0.03195   0.15851   0.16192   0.00817   0.11545   0.15432   3.45221   0.98482   0.44786   0.92094   2.75090  
 33 1036.9388  18489.749070  x:  0.00176   0.09654   0.00874   0.01633   0.00428   0.00276   0.00442   0.00382   0.00000   0.00662   0.01300   0.02294   0.04503   0.08328   0.21062   0.43396   0.10947   0.19722   0.03737   0.00000   0.02990   0.10855   0.04039   0.03180   0.15960   0.16243   0.00775   0.11580   0.15532   3.45274   0.98533   0.44640   0.92102   2.75077  
 34 538.4144  18489.631991  x:  0.00218   0.09661   0.00915   0.01573   0.00441   0.00268   0.00455   0.00385   0.00000   0.00729   0.01331   0.02249   0.04456   0.08305   0.21028   0.43375   0.11012   0.19536   0.03751   0.00000   0.02939   0.10851   0.04001   0.03179   0.15981   0.16252   0.00769   0.11581   0.15550   3.45302   0.98515   0.44573   0.92101   2.75070  
 35 264.2088  18489.536130  x:  0.00192   0.09685   0.00965   0.01587   0.00439   0.00270   0.00445   0.00386   0.00000   0.00706   0.01268   0.02203   0.04383   0.08214   0.21004   0.43338   0.11050   0.19346   0.03759   0.00000   0.02888   0.10831   0.03960   0.03191   0.15955   0.16238   0.00794   0.11553   0.15522   3.45344   0.98436   0.44485   0.92094   2.75060  
 36 130.1659  18489.465723  x:  0.00197   0.09718   0.00915   0.01647   0.00438   0.00269   0.00447   0.00386   0.00000   0.00715   0.01311   0.02234   0.04345   0.08091   0.20994   0.43289   0.11059   0.19179   0.03760   0.00000   0.02880   0.10803   0.03951   0.03205   0.15892   0.16204   0.00801   0.11504   0.15456   3.45402   0.98404   0.44378   0.92081   2.75046  
 37 105.6555  18489.389494  x:  0.00195   0.09757   0.00945   0.01595   0.00437   0.00270   0.00447   0.00384   0.00000   0.00710   0.01288   0.02287   0.04376   0.07961   0.20994   0.43205   0.11048   0.18987   0.03743   0.00000   0.02936   0.10763   0.03982   0.03204   0.15773   0.16141   0.00779   0.11426   0.15331   3.45504   0.98482   0.44200   0.92054   2.75019  
 38 94.2417  18489.355239  x:  0.00196   0.09754   0.00925   0.01597   0.00437   0.00271   0.00448   0.00382   0.00000   0.00709   0.01288   0.02212   0.04409   0.07959   0.20993   0.43144   0.11032   0.18912   0.03732   0.00000   0.02956   0.10740   0.03992   0.03183   0.15701   0.16099   0.00811   0.11391   0.15262   3.45580   0.98528   0.44082   0.92030   2.74999  
 39 72.3565  18489.315565  x:  0.00199   0.09704   0.00926   0.01615   0.00436   0.00271   0.00448   0.00382   0.00000   0.00709   0.01285   0.02206   0.04417   0.08057   0.20982   0.43027   0.11001   0.18859   0.03716   0.00000   0.02932   0.10709   0.03976   0.03158   0.15605   0.16035   0.00758   0.11360   0.15175   3.45722   0.98519   0.43881   0.91973   2.74961  
 40 57.3656  18489.289462  x:  0.00200   0.09663   0.00921   0.01593   0.00436   0.00271   0.00448   0.00381   0.00000   0.00708   0.01285   0.02242   0.04399   0.08123   0.20968   0.42934   0.10982   0.18843   0.03716   0.00000   0.02921   0.10693   0.03966   0.03163   0.15553   0.15995   0.00807   0.11352   0.15131   3.45839   0.98510   0.43728   0.91921   2.74930  
 41 101.9949  18489.246323  x:  0.00200   0.09613   0.00920   0.01598   0.00436   0.00271   0.00448   0.00380   0.00000   0.00708   0.01283   0.02220   0.04327   0.08111   0.20923   0.42736   0.10968   0.18903   0.03747   0.00000   0.02961   0.10704   0.03982   0.03242   0.15555   0.15972   0.00787   0.11385   0.15146   3.46131   0.98539   0.43412   0.91769   2.74850  
 42 46.9591  18489.180057  x:  0.00201   0.09590   0.00925   0.01595   0.00435   0.00271   0.00447   0.00380   0.00000   0.00707   0.01283   0.02226   0.04363   0.08008   0.20847   0.42428   0.10958   0.19028   0.03744   0.00000   0.02947   0.10722   0.03961   0.03143   0.15611   0.15973   0.00784   0.11434   0.15219   3.46649   0.98521   0.42930   0.91467   2.74707  
 43 100.2814  18489.149554  x:  0.00203   0.09652   0.00923   0.01592   0.00435   0.00271   0.00447   0.00380   0.00000   0.00707   0.01283   0.02225   0.04420   0.08006   0.20838   0.42333   0.10948   0.19059   0.03691   0.00000   0.02878   0.10708   0.03972   0.03206   0.15647   0.16001   0.00789   0.11398   0.15243   3.46965   0.98519   0.42775   0.91233   2.74617  
 44 50.4824  18489.026783  x:  0.00197   0.09917   0.00915   0.01595   0.00435   0.00270   0.00447   0.00381   0.00000   0.00707   0.01284   0.02227   0.04340   0.08123   0.20879   0.42129   0.10908   0.19079   0.03677   0.00000   0.02956   0.10663   0.03953   0.03162   0.15766   0.16139   0.00796   0.11196   0.15269   3.48432   0.98518   0.42364   0.90029   2.74191  
 45 85.4129  18488.504784  x:  0.00160   0.09806   0.00926   0.01604   0.00437   0.00268   0.00443   0.00382   0.00000   0.00708   0.01287   0.02235   0.04479   0.08124   0.21111   0.41764   0.10883   0.18973   0.04118   0.00000   0.02856   0.10646   0.04061   0.03176   0.15841   0.16334   0.00793   0.11147   0.15168   3.55044   0.98519   0.41037   0.84410   2.72258  
 46 211.6441  18487.815020  x:  0.00195   0.09512   0.00932   0.01600   0.00435   0.00269   0.00446   0.00381   0.00000   0.00708   0.01286   0.02232   0.04399   0.08035   0.21315   0.41509   0.10951   0.18862   0.03732   0.00000   0.02932   0.10714   0.03939   0.03187   0.15819   0.16376   0.00795   0.11333   0.15086   3.63502   0.98585   0.39366   0.77209   2.69779  
 47 1180.9534  18487.580185  x:  0.00188   0.09752   0.00927   0.01602   0.00436   0.00268   0.00445   0.00381   0.00000   0.00709   0.01287   0.02233   0.04332   0.08079   0.21102   0.41869   0.11084   0.18926   0.03733   0.00000   0.02871   0.10748   0.04102   0.03131   0.15641   0.16029   0.00787   0.11474   0.15228   3.66501   0.98594   0.38564   0.74745   2.68887  
 48 258.5900  18487.486063  x:  0.00183   0.09814   0.00928   0.01603   0.00436   0.00267   0.00444   0.00382   0.00000   0.00709   0.01289   0.02235   0.04417   0.08090   0.20985   0.42144   0.11108   0.18965   0.03790   0.00000   0.02942   0.10753   0.03942   0.03191   0.15594   0.15920   0.00782   0.11467   0.15287   3.67707   0.98569   0.38164   0.73793   2.68524  
 49 269.2138  18487.365616  x:  0.00187   0.09657   0.00932   0.01603   0.00436   0.00267   0.00444   0.00382   0.00000   0.00709   0.01289   0.02233   0.04388   0.08060   0.20870   0.42816   0.10996   0.19031   0.03769   0.00000   0.02917   0.10703   0.03983   0.03173   0.15673   0.16039   0.00791   0.11280   0.15288   3.69282   0.98566   0.37440   0.72656   2.68029  
 50 115.0312  18487.346176  x:  0.00184   0.09713   0.00932   0.01605   0.00436   0.00266   0.00443   0.00383   0.00000   0.00709   0.01290   0.02234   0.04391   0.08075   0.20961   0.42960   0.10954   0.19025   0.03768   0.00000   0.02915   0.10729   0.03982   0.03175   0.15698   0.16110   0.00789   0.11397   0.15219   3.69549   0.98549   0.37277   0.72509   2.67930  
 51 30.2311  18487.343463  x:  0.00183   0.09710   0.00933   0.01606   0.00436   0.00266   0.00443   0.00383   0.00000   0.00709   0.01291   0.02235   0.04391   0.08075   0.21040   0.42982   0.10991   0.19032   0.03767   0.00000   0.02915   0.10739   0.03982   0.03176   0.15696   0.16096   0.00790   0.11383   0.15239   3.69602   0.98544   0.37252   0.72521   2.67889  
 52  5.7174  18487.336772  x:  0.00183   0.09705   0.00933   0.01606   0.00436   0.00266   0.00443   0.00383   0.00000   0.00709   0.01291   0.02235   0.04391   0.08073   0.21073   0.42990   0.10940   0.19015   0.03766   0.00000   0.02922   0.10662   0.03981   0.03176   0.15703   0.16070   0.00787   0.11406   0.15295   3.69870   0.98538   0.37343   0.72784   2.67538  
 53  2.8409  18487.258282  x:  0.00185   0.09705   0.00936   0.01608   0.00435   0.00261   0.00439   0.00383   0.00000   0.00709   0.01293   0.02235   0.04386   0.08071   0.21045   0.43047   0.10825   0.19000   0.03751   0.00000   0.02903   0.10851   0.03975   0.03173   0.15689   0.16025   0.00790   0.11376   0.15336   3.73162   0.98443   0.38527   0.76103   2.63134  
 54 43.9486  18487.226683  x:  0.00186   0.09707   0.00938   0.01609   0.00435   0.00259   0.00438   0.00384   0.00000   0.00709   0.01294   0.02234   0.04383   0.08065   0.20995   0.43072   0.10981   0.19067   0.03747   0.00000   0.02911   0.10738   0.03972   0.03174   0.15685   0.16070   0.00792   0.11396   0.15239   3.74454   0.98404   0.38992   0.77414   2.61362  
 55 162.2607  18487.197079  x:  0.00186   0.09710   0.00939   0.01611   0.00435   0.00256   0.00436   0.00384   0.00000   0.00709   0.01296   0.02235   0.04382   0.08067   0.20981   0.43064   0.10990   0.19069   0.03745   0.00000   0.02916   0.10737   0.03970   0.03175   0.15482   0.16228   0.00790   0.11410   0.15344   3.74347   0.98371   0.39061   0.77709   2.58438  
 56  3.4804  18486.615588  x:  0.00179   0.09692   0.00959   0.01628   0.00430   0.00209   0.00403   0.00384   0.00000   0.00709   0.01312   0.02235   0.04357   0.08038   0.20904   0.42953   0.10949   0.19100   0.03717   0.00000   0.02881   0.10719   0.03937   0.03165   0.15526   0.16089   0.00800   0.11395   0.15265   3.72256   0.97881   0.40170   0.82256   2.10206  
 57 209.3890  18486.388590  x:  0.00199   0.09680   0.00922   0.01589   0.00420   0.00148   0.00371   0.00357   0.00000   0.00706   0.01291   0.02222   0.04370   0.08029   0.20925   0.42879   0.10925   0.19107   0.03713   0.00000   0.02909   0.10719   0.03963   0.03171   0.15595   0.16035   0.00786   0.11384   0.15224   3.70992   0.97815   0.39834   0.81651   2.13929  
 58  0.0676  18486.352672  x:  0.00203   0.09675   0.00915   0.01582   0.00410   0.00164   0.00341   0.00353   0.00000   0.00710   0.01286   0.02221   0.04370   0.08025   0.20940   0.42848   0.10909   0.19106   0.03714   0.00000   0.02906   0.10716   0.03962   0.03170   0.15628   0.16011   0.00784   0.11376   0.15198   3.70432   0.97715   0.39865   0.82005   2.11702  
 59  0.0294  18486.314371  x:  0.00209   0.09674   0.00910   0.01580   0.00405   0.00159   0.00355   0.00355   0.00000   0.00716   0.01278   0.02222   0.04368   0.08025   0.20969   0.42850   0.10893   0.19103   0.03719   0.00000   0.02893   0.10714   0.03954   0.03167   0.15653   0.16007   0.00782   0.11369   0.15179   3.70411   0.97306   0.40541   0.84631   1.99210  
 60  0.0484  18486.302111  x:  0.00208   0.09675   0.00912   0.01581   0.00410   0.00162   0.00360   0.00355   0.00000   0.00714   0.01279   0.02222   0.04371   0.08027   0.20957   0.42857   0.10902   0.19098   0.03717   0.00000   0.02899   0.10717   0.03959   0.03168   0.15642   0.16012   0.00782   0.11373   0.15192   3.70595   0.97210   0.40661   0.85242   2.00607  
 61  0.0186  18486.297504  x:  0.00204   0.09677   0.00916   0.01582   0.00415   0.00163   0.00354   0.00354   0.00000   0.00710   0.01284   0.02221   0.04373   0.08028   0.20940   0.42866   0.10910   0.19095   0.03714   0.00000   0.02906   0.10719   0.03965   0.03169   0.15625   0.16018   0.00782   0.11379   0.15207   3.70849   0.97074   0.40990   0.86531   1.96618  
 62  0.0399  18486.296952  x:  0.00204   0.09676   0.00914   0.01581   0.00412   0.00163   0.00355   0.00354   0.00000   0.00710   0.01283   0.02221   0.04371   0.08026   0.20945   0.42863   0.10905   0.19096   0.03715   0.00000   0.02902   0.10718   0.03961   0.03169   0.15630   0.16014   0.00782   0.11376   0.15201   3.70750   0.97020   0.41117   0.87063   1.95538  
 63  0.0088  18486.296940  x:  0.00205   0.09676   0.00915   0.01581   0.00412   0.00163   0.00355   0.00354   0.00000   0.00711   0.01283   0.02221   0.04371   0.08026   0.20946   0.42863   0.10905   0.19096   0.03715   0.00000   0.02902   0.10719   0.03962   0.03169   0.15630   0.16015   0.00782   0.11376   0.15201   3.70763   0.97016   0.41122   0.87087   1.95504  
 64  0.0004  18486.296940  x:  0.00205   0.09676   0.00915   0.01581   0.00412   0.00163   0.00355   0.00354   0.00000   0.00711   0.01283   0.02221   0.04371   0.08026   0.20946   0.42863   0.10905   0.19096   0.03715   0.00000   0.02902   0.10719   0.03962   0.03169   0.15630   0.16015   0.00782   0.11376   0.15201   3.70764   0.97016   0.41123   0.87088   1.95497  
 65  0.0002  18486.296940  x:  0.00205   0.09676   0.00915   0.01581   0.00412   0.00163   0.00355   0.00354   0.00000   0.00711   0.01283   0.02221   0.04371   0.08026   0.20946   0.42863   0.10905   0.19096   0.03715   0.00000   0.02902   0.10719   0.03962   0.03169   0.15630   0.16015   0.00782   0.11376   0.15201   3.70764   0.97016   0.41123   0.87089   1.95494  