

TREE # 1

  0  0.0000  14558.690093  x:  0.15755   0.03184   0.02943   0.02641   0.02896   0.03638   0.01328   0.01516   0.03129   0.02209   0.03298   0.04203   0.12696   0.38097   0.15007   0.15603   0.05079   0.01179   0.02604   0.21236   0.10049   0.06000   0.13610   0.14207   0.00000   0.13536   0.17912   2.00000   0.90000   0.60884   1.99821  
  1 99.0000  14498.626508  x:  0.16095   0.03437   0.02335   0.02258   0.01701   0.02774   0.00000   0.00176   0.02010   0.01912   0.02894   0.03949   0.12767   0.38471   0.15176   0.15679   0.05324   0.01121   0.02551   0.21518   0.09907   0.05868   0.13733   0.14309   0.00294   0.13343   0.18157   2.00080   0.89067   0.61213   1.99724  
  2 2293.2614  14493.846021  x:  0.16134   0.03466   0.02266   0.02214   0.01564   0.02675   0.00002   0.00024   0.01882   0.01878   0.02848   0.03920   0.12775   0.38513   0.15195   0.15687   0.05352   0.01114   0.02544   0.21550   0.09891   0.05853   0.13747   0.14321   0.00327   0.13320   0.18185   2.00089   0.88961   0.61251   1.99713  
  3 10922.1326  14462.767394  x:  0.16521   0.03743   0.01593   0.01808   0.00197   0.01701   0.00009   0.00182   0.00612   0.01575   0.02391   0.03639   0.12854   0.38947   0.15389   0.15773   0.05623   0.01034   0.02482   0.21875   0.09727   0.05702   0.13886   0.14436   0.00589   0.13092   0.18465   2.00183   0.87885   0.61627   1.99602  
  4 6301.0373  14454.738191  x:  0.16865   0.03925   0.01262   0.01763   0.00725   0.01154   0.00011   0.00223   0.00260   0.01645   0.02055   0.03480   0.12915   0.39381   0.15565   0.15844   0.05815   0.00904   0.02419   0.22189   0.09576   0.05577   0.14008   0.14536   0.00480   0.12848   0.18718   2.00288   0.86852   0.61972   1.99499  
  5 1485.8909  14444.668880  x:  0.17409   0.04189   0.00873   0.01764   0.00895   0.00580   0.00012   0.00261   0.00769   0.01755   0.01578   0.03272   0.13009   0.40081   0.15846   0.15955   0.06104   0.00732   0.02327   0.22691   0.09341   0.05390   0.14203   0.14694   0.00300   0.12461   0.19121   2.00462   0.85205   0.62520   1.99336  
  6 3768.9641  14423.553913  x:  0.18385   0.04596   0.00711   0.01980   0.00985   0.01268   0.00014   0.00293   0.00914   0.01982   0.00972   0.03048   0.13175   0.41388   0.16358   0.16154   0.06581   0.00570   0.02189   0.23617   0.08939   0.05094   0.14559   0.14990   0.00000   0.11771   0.19859   2.00799   0.82183   0.63520   1.99038  
  7 3762.5397  14387.207163  x:  0.21467   0.05396   0.03314   0.03307   0.01194   0.01283   0.00019   0.00401   0.01119   0.02582   0.02668   0.03408   0.13687   0.45916   0.18031   0.16798   0.07779   0.01689   0.02065   0.26712   0.07935   0.04609   0.15763   0.16022   0.00582   0.09815   0.22333   2.02066   0.72146   0.66818   1.98055  
  8 3792.6079  14375.256324  x:  0.21793   0.04802   0.03223   0.02839   0.01244   0.01373   0.00019   0.00403   0.01163   0.02219   0.03389   0.03998   0.13814   0.47109   0.18334   0.16946   0.07390   0.01373   0.02328   0.27341   0.08579   0.05505   0.16003   0.16239   0.00000   0.10223   0.22741   2.02566   0.70097   0.67477   1.97861  
  9 915.1925  14369.197058  x:  0.21907   0.03850   0.02593   0.02368   0.01531   0.01703   0.00022   0.00473   0.01368   0.02422   0.03586   0.04205   0.14021   0.48558   0.18573   0.17107   0.06568   0.01577   0.02552   0.27882   0.09459   0.06172   0.16212   0.16488   0.01243   0.11393   0.23071   2.03356   0.68134   0.68073   1.97690  
 10 912.7583  14365.472217  x:  0.21639   0.03269   0.02734   0.03342   0.01310   0.01508   0.00020   0.00436   0.01223   0.02931   0.03376   0.03931   0.14392   0.50026   0.18592   0.17240   0.05331   0.01329   0.02306   0.28029   0.10079   0.05756   0.16206   0.16611   0.01034   0.12810   0.23006   2.04525   0.67128   0.68299   1.97634  
 11 372.6719  14363.081444  x:  0.21432   0.03939   0.02926   0.03066   0.01425   0.01553   0.00021   0.00450   0.01289   0.02299   0.03258   0.03794   0.14899   0.51669   0.18457   0.17346   0.04615   0.01842   0.02375   0.27930   0.10215   0.05036   0.16151   0.16671   0.00782   0.13827   0.22709   2.06226   0.66771   0.68235   1.97672  
 12 264.4489  14360.493586  x:  0.21311   0.04529   0.03140   0.02400   0.01312   0.01518   0.00020   0.00430   0.01245   0.03269   0.03252   0.04012   0.15367   0.54294   0.18139   0.17474   0.04766   0.01880   0.02411   0.27595   0.09944   0.05157   0.16024   0.16614   0.00567   0.14289   0.22146   2.09556   0.66867   0.67821   1.97834  
 13 269.2232  14355.093592  x:  0.21200   0.04276   0.03044   0.03172   0.01360   0.01505   0.00020   0.00434   0.01251   0.02525   0.03159   0.03829   0.15743   0.59910   0.17497   0.17714   0.05757   0.01396   0.02378   0.26850   0.09212   0.06123   0.15838   0.16444   0.01010   0.13978   0.21186   2.17873   0.67429   0.66677   1.98279  
 14 531.1271  14351.601808  x:  0.21147   0.03073   0.02617   0.02911   0.01317   0.01524   0.00019   0.00411   0.01223   0.02542   0.03389   0.03804   0.15183   0.62359   0.17436   0.17741   0.05418   0.01868   0.02497   0.26707   0.09368   0.05206   0.15969   0.16459   0.00772   0.12541   0.21446   2.24072   0.67788   0.65857   1.98617  
 15 396.6954  14347.633707  x:  0.21535   0.04027   0.02678   0.02997   0.01289   0.01489   0.00018   0.00402   0.01202   0.02546   0.03184   0.04173   0.14190   0.63319   0.17776   0.17500   0.04073   0.01408   0.02035   0.27056   0.10546   0.05334   0.16173   0.16488   0.01197   0.11188   0.22700   2.32816   0.67965   0.64801   1.99091  
 16 379.5287  14342.630506  x:  0.22671   0.04283   0.02881   0.03029   0.01218   0.01449   0.00017   0.00378   0.01168   0.02725   0.03196   0.03044   0.13228   0.62217   0.18437   0.16965   0.03891   0.01497   0.03187   0.27933   0.10320   0.05783   0.16405   0.16589   0.00922   0.11958   0.24097   2.45118   0.67471   0.63580   1.99727  
 17 461.6108  14335.641071  x:  0.24212   0.03783   0.02828   0.03014   0.01175   0.01392   0.00016   0.00349   0.01129   0.02497   0.02922   0.04417   0.12790   0.59466   0.19301   0.16287   0.04445   0.01468   0.02556   0.28966   0.09076   0.05341   0.16292   0.16665   0.00806   0.13792   0.25326   2.63531   0.66031   0.62011   2.00644  
 18 1210.1092  14331.681256  x:  0.24286   0.03636   0.02596   0.02726   0.01186   0.01501   0.00015   0.00339   0.01160   0.02482   0.03603   0.03698   0.13910   0.57322   0.19397   0.16311   0.04719   0.01468   0.01386   0.29006   0.09198   0.05384   0.16052   0.16636   0.00738   0.13837   0.24764   2.73196   0.64522   0.61455   2.01103  
 19 720.5925  14326.418706  x:  0.23551   0.03599   0.02450   0.03093   0.01100   0.01447   0.00014   0.00310   0.01106   0.02570   0.03437   0.04071   0.16287   0.53682   0.19123   0.16755   0.04980   0.01501   0.02407   0.28649   0.09914   0.05311   0.15978   0.16593   0.00877   0.13036   0.22871   2.87373   0.61652   0.60830   2.01784  
 20 1011.5464  14325.766339  x:  0.23008   0.03414   0.02993   0.02771   0.01106   0.01385   0.00013   0.00308   0.01103   0.02467   0.02996   0.03958   0.15947   0.53211   0.18880   0.17054   0.04978   0.01415   0.02340   0.28380   0.09826   0.05436   0.16086   0.16627   0.00924   0.12961   0.22577   2.89005   0.61024   0.60785   2.01914  
 21 164.7783  14325.168094  x:  0.22062   0.03744   0.02715   0.02911   0.01082   0.01409   0.00013   0.00300   0.01094   0.02516   0.03212   0.04001   0.14954   0.52796   0.18407   0.17558   0.05138   0.01513   0.02303   0.27895   0.09635   0.05461   0.16280   0.16685   0.00879   0.13083   0.22369   2.90353   0.60190   0.60696   2.02142  
 22 104.2141  14325.006187  x:  0.21838   0.03774   0.02766   0.02874   0.01082   0.01413   0.00013   0.00298   0.01096   0.02498   0.03252   0.03973   0.14877   0.52789   0.18296   0.17601   0.05515   0.01351   0.02360   0.27843   0.09932   0.05256   0.16127   0.16629   0.00921   0.13180   0.22587   2.90465   0.59947   0.60437   2.02419  
 23 22.8120  14324.664150  x:  0.21436   0.03773   0.02759   0.02958   0.01039   0.01369   0.00012   0.00280   0.01066   0.02509   0.03050   0.03999   0.15002   0.52824   0.18194   0.17606   0.05821   0.01746   0.02278   0.27863   0.10150   0.05431   0.15830   0.16574   0.00779   0.13193   0.23069   2.90470   0.59433   0.59662   2.03222  
 24 46.5434  14323.069051  x:  0.20234   0.03784   0.02615   0.02817   0.00911   0.01338   0.00008   0.00215   0.00995   0.02441   0.03187   0.03960   0.15786   0.53018   0.18154   0.17590   0.05573   0.01374   0.02448   0.28150   0.09277   0.05493   0.15445   0.16512   0.00932   0.12993   0.24346   2.90111   0.57176   0.55962   2.07109  
 25 115.6983  14319.775863  x:  0.20902   0.03808   0.02473   0.02765   0.00666   0.01228   0.00002   0.00096   0.00852   0.02366   0.03104   0.03939   0.15691   0.53417   0.18542   0.17628   0.05721   0.01378   0.02276   0.28386   0.09570   0.05406   0.16553   0.16831   0.00953   0.13016   0.23762   2.89220   0.53445   0.49543   2.14158  
 26 212.3059  14319.592633  x:  0.21235   0.03808   0.02448   0.02752   0.00647   0.01223   0.00002   0.00087   0.00841   0.02359   0.03111   0.03931   0.15469   0.53444   0.18479   0.17647   0.05549   0.01373   0.02351   0.28299   0.09542   0.05408   0.15905   0.16700   0.00972   0.12959   0.23572   2.89158   0.53177   0.49450   2.14739  
 27 41.9744  14319.277202  x:  0.21656   0.03762   0.02444   0.02752   0.00637   0.01219   0.00001   0.00079   0.00836   0.02360   0.03106   0.03939   0.15753   0.53550   0.18120   0.17929   0.05491   0.01358   0.02367   0.27636   0.09509   0.05437   0.16178   0.16813   0.00962   0.12991   0.24180   2.89191   0.53827   0.52307   2.17177  
 28 13.0082  14318.910008  x:  0.21204   0.03831   0.02436   0.02758   0.00625   0.01215   0.00001   0.00070   0.00830   0.02358   0.03092   0.03939   0.15733   0.53779   0.18641   0.18043   0.05673   0.01357   0.02339   0.28340   0.09518   0.05431   0.16219   0.16895   0.00980   0.12984   0.24102   2.89264   0.54770   0.55782   2.20265  
 29 66.5991  14318.851099  x:  0.21151   0.03837   0.02432   0.02755   0.00621   0.01213   0.00001   0.00069   0.00828   0.02356   0.03090   0.03936   0.15699   0.53808   0.18385   0.17637   0.05675   0.01354   0.02326   0.28481   0.09518   0.05427   0.16273   0.16903   0.00983   0.12965   0.24048   2.89288   0.54738   0.56113   2.21025  
 30 15.9841  14309.255004  x:  0.21133   0.03939   0.02171   0.02590   0.00422   0.01165   0.00003   0.00080   0.00715   0.02145   0.03102   0.03967   0.15556   0.56381   0.21427   0.15635   0.05886   0.01316   0.02355   0.28148   0.09832   0.05583   0.16821   0.16934   0.00897   0.12977   0.24169   2.94260   0.43056   0.71736   3.57754  
 31 24.6090  14306.474759  x:  0.21886   0.03893   0.02080   0.02547   0.00364   0.01153   0.00003   0.00085   0.00682   0.02079   0.03115   0.03999   0.15775   0.57014   0.19347   0.17760   0.05843   0.01266   0.02252   0.30898   0.09978   0.05574   0.16813   0.18179   0.00874   0.12976   0.24244   2.95851   0.40021   0.76296   4.01179  
 32 886.7919  14306.403107  x:  0.21934   0.03884   0.02075   0.02544   0.00362   0.01152   0.00003   0.00085   0.00681   0.02075   0.03111   0.03999   0.15782   0.57031   0.19230   0.17893   0.05818   0.01290   0.02239   0.31054   0.09976   0.05573   0.16945   0.17651   0.00871   0.12987   0.24255   2.95886   0.39948   0.76426   4.02165  
 33 44.0798  14302.219469  x:  0.23261   0.04122   0.01907   0.02425   0.00343   0.01194   0.00005   0.00103   0.00672   0.02002   0.03004   0.04035   0.15601   0.60294   0.19122   0.18176   0.05792   0.01234   0.02327   0.32634   0.10119   0.05785   0.17007   0.17730   0.00882   0.12808   0.24586   2.94207   0.48632   0.92055   3.66618  
 34  1.6482  14298.298787  x:  0.25730   0.04262   0.01679   0.02049   0.00520   0.01447   0.00006   0.00120   0.00780   0.01958   0.02653   0.04127   0.15796   0.64477   0.20549   0.18436   0.05500   0.01159   0.02530   0.31207   0.10573   0.06282   0.17692   0.18005   0.00456   0.12936   0.25299   2.97525   0.44716   0.98891   4.22595  
 35  0.5736  14297.269427  x:  0.26036   0.04321   0.01637   0.02396   0.00419   0.01478   0.00007   0.00121   0.00735   0.02190   0.02184   0.04140   0.15905   0.65139   0.20582   0.18425   0.05455   0.01041   0.02521   0.31213   0.10552   0.06332   0.17721   0.18059   0.00124   0.12986   0.25489   2.99592   0.44653   1.06827   4.54621  
 36  0.4176  14296.801560  x:  0.25402   0.04341   0.01477   0.02442   0.00475   0.01603   0.00008   0.00122   0.00780   0.02028   0.02053   0.04042   0.15859   0.63876   0.19979   0.18397   0.05544   0.00998   0.02459   0.31638   0.10318   0.06200   0.17496   0.17967   0.00128   0.12894   0.25389   3.00349   0.45367   1.13658   4.79816  
 37  0.1948  14296.551542  x:  0.25030   0.04346   0.01593   0.02262   0.00413   0.01678   0.00009   0.00114   0.00776   0.02154   0.02029   0.03948   0.15785   0.62837   0.19946   0.18374   0.05635   0.00981   0.02416   0.31406   0.10265   0.06074   0.17470   0.17913   0.00153   0.12905   0.25214   2.98819   0.45309   1.19411   5.09791  
 38  0.1909  14296.245970  x:  0.25085   0.04335   0.01475   0.02433   0.00388   0.01791   0.00011   0.00106   0.00775   0.02080   0.02184   0.04006   0.15780   0.62605   0.20256   0.18400   0.05680   0.01070   0.02415   0.30865   0.10400   0.06068   0.17586   0.17928   0.00190   0.12979   0.25105   2.96154   0.44856   1.31560   5.72071  
 39  0.3233  14295.936827  x:  0.25379   0.04288   0.01739   0.02407   0.00455   0.01856   0.00014   0.00105   0.00789   0.02003   0.02072   0.04083   0.15874   0.63239   0.20309   0.18455   0.05600   0.01043   0.02460   0.30894   0.10503   0.06169   0.17635   0.17960   0.00188   0.13010   0.25190   2.95291   0.45043   1.49002   6.51120  
 40  0.5583  14295.508691  x:  0.25675   0.04240   0.01591   0.02302   0.00452   0.01893   0.00019   0.00103   0.00750   0.02195   0.02262   0.04134   0.15933   0.64085   0.20057   0.18421   0.05435   0.01011   0.02523   0.31389   0.10405   0.06266   0.17549   0.17977   0.00101   0.12865   0.25393   2.97065   0.45428   1.78304   7.88946  
 41  0.7492  14294.970640  x:  0.25445   0.04250   0.01569   0.02399   0.00381   0.01799   0.00027   0.00095   0.00665   0.02063   0.02040   0.04068   0.15794   0.63669   0.19937   0.18352   0.05404   0.01056   0.02474   0.31417   0.10248   0.06227   0.17468   0.17927   0.00256   0.12823   0.25248   2.99588   0.44486   2.21489  10.19808  
 42  1.0129  14294.432551  x:  0.25095   0.04320   0.01657   0.02434   0.00490   0.01675   0.00039   0.00105   0.00708   0.02038   0.02284   0.03925   0.15742   0.62975   0.20162   0.18455   0.05610   0.01026   0.02421   0.31093   0.10359   0.06080   0.17575   0.17934   0.00178   0.13113   0.25126   3.00031   0.44971   2.86824  13.50221  
 43  1.3744  14294.050469  x:  0.25500   0.04314   0.01548   0.02284   0.00460   0.01562   0.00053   0.00110   0.00729   0.02132   0.02093   0.04110   0.15850   0.63678   0.20210   0.18402   0.05514   0.01078   0.02478   0.30875   0.10446   0.06172   0.17588   0.17943   0.00127   0.12922   0.25297   2.98093   0.44660   3.67448  17.66795  
 44  1.8826  14293.859938  x:  0.25387   0.04298   0.01571   0.02377   0.00417   0.01561   0.00067   0.00109   0.00766   0.02084   0.02162   0.04052   0.15862   0.63219   0.20024   0.18374   0.05504   0.00898   0.02490   0.31084   0.10360   0.06196   0.17505   0.17900   0.00238   0.12890   0.25249   2.96703   0.44727   4.44101  21.61000  
 45  2.0607  14293.745277  x:  0.25259   0.04283   0.01594   0.02398   0.00415   0.01594   0.00081   0.00108   0.00802   0.02067   0.02157   0.04000   0.15822   0.63022   0.19979   0.18407   0.05533   0.01104   0.02466   0.31213   0.10336   0.06190   0.17488   0.17904   0.00142   0.12947   0.25186   2.96800   0.44755   5.18313  25.41886  
 46  2.9693  14293.646967  x:  0.25443   0.04294   0.01573   0.02349   0.00434   0.01642   0.00100   0.00109   0.00815   0.02101   0.02146   0.04069   0.15804   0.63586   0.20218   0.18440   0.05510   0.01019   0.02482   0.31086   0.10401   0.06188   0.17592   0.17963   0.00172   0.12969   0.25235   2.98346   0.44428   6.26377  30.99601  
 47  2.4928  14293.607567  x:  0.25405   0.04293   0.01591   0.02366   0.00420   0.01635   0.00114   0.00107   0.00782   0.02083   0.02143   0.04041   0.15825   0.63477   0.20104   0.18395   0.05508   0.01019   0.02471   0.31108   0.10367   0.06163   0.17533   0.17922   0.00177   0.12931   0.25257   2.98475   0.44860   7.02716  34.90866  
 48  2.0018  14293.592833  x:  0.25372   0.04294   0.01595   0.02373   0.00426   0.01634   0.00121   0.00107   0.00766   0.02083   0.02155   0.04030   0.15830   0.63382   0.20058   0.18387   0.05512   0.01028   0.02468   0.31119   0.10360   0.06161   0.17518   0.17915   0.00167   0.12935   0.25249   2.98368   0.44515   7.41334  36.96578  
 49  2.0032  14293.585332  x:  0.25378   0.04303   0.01580   0.02363   0.00437   0.01639   0.00126   0.00108   0.00756   0.02095   0.02149   0.04051   0.15814   0.63389   0.20121   0.18415   0.05520   0.01033   0.02472   0.31110   0.10381   0.06181   0.17549   0.17935   0.00178   0.12951   0.25233   2.97848   0.44562   7.65506  38.24519  
 50  0.7076  14293.567217  x:  0.25402   0.04288   0.01590   0.02346   0.00429   0.01642   0.00127   0.00111   0.00749   0.02061   0.02142   0.04034   0.15838   0.63362   0.20171   0.18427   0.05531   0.01015   0.02493   0.31073   0.10378   0.06200   0.17558   0.17941   0.00122   0.12950   0.25231   2.97220   0.44566   7.72534  38.81942  
 51  0.0854  14293.376471  x:  0.25230   0.04227   0.01605   0.02383   0.00422   0.01650   0.00112   0.00129   0.00770   0.02079   0.02120   0.04021   0.15949   0.62960   0.20001   0.18421   0.05532   0.00995   0.02553   0.31210   0.10368   0.06255   0.17444   0.17878   0.00173   0.12926   0.25220   2.96283   0.44154   6.59661  34.87049  
 52  0.5134  14293.270877  x:  0.25265   0.04236   0.01593   0.02380   0.00423   0.01648   0.00100   0.00137   0.00772   0.02086   0.02134   0.04032   0.15894   0.63132   0.20024   0.18407   0.05521   0.01009   0.02541   0.31186   0.10378   0.06233   0.17472   0.17895   0.00180   0.12944   0.25211   2.97400   0.43493   5.61742  31.59060  
 53  3.4288  14293.202513  x:  0.25374   0.04287   0.01579   0.02365   0.00432   0.01651   0.00119   0.00131   0.00749   0.02093   0.02153   0.04049   0.15795   0.63473   0.20101   0.18396   0.05506   0.01035   0.02487   0.31116   0.10384   0.06178   0.17537   0.17926   0.00177   0.12960   0.25221   2.99061   0.42917   6.57360  37.20541  
 54  5.7862  14293.170825  x:  0.25457   0.04318   0.01588   0.02355   0.00428   0.01649   0.00123   0.00116   0.00756   0.02083   0.02152   0.04044   0.15788   0.63635   0.20152   0.18406   0.05499   0.01039   0.02448   0.31080   0.10368   0.06148   0.17561   0.17932   0.00151   0.12945   0.25251   2.99525   0.43046   6.65994  38.42009  
 55  0.5926  14293.160332  x:  0.25408   0.04305   0.01586   0.02365   0.00431   0.01646   0.00129   0.00108   0.00762   0.02087   0.02145   0.04042   0.15820   0.63492   0.20110   0.18407   0.05505   0.01031   0.02469   0.31133   0.10367   0.06175   0.17528   0.17920   0.00162   0.12939   0.25244   2.98886   0.42945   6.97640  40.40776  
 56  1.1867  14293.159979  x:  0.25402   0.04298   0.01583   0.02364   0.00432   0.01642   0.00130   0.00108   0.00763   0.02087   0.02146   0.04043   0.15810   0.63496   0.20114   0.18404   0.05507   0.01030   0.02477   0.31125   0.10373   0.06176   0.17532   0.17924   0.00163   0.12947   0.25237   2.98953   0.42924   6.98827  40.54764  
 57  0.0936  14293.159930  x:  0.25402   0.04297   0.01584   0.02364   0.00431   0.01641   0.00130   0.00108   0.00763   0.02087   0.02146   0.04043   0.15814   0.63496   0.20113   0.18404   0.05506   0.01031   0.02477   0.31123   0.10373   0.06176   0.17532   0.17922   0.00162   0.12946   0.25238   2.98982   0.42933   7.02363  40.75685  
 58  0.1063  14293.159913  x:  0.25403   0.04298   0.01584   0.02364   0.00431   0.01642   0.00131   0.00109   0.00764   0.02087   0.02146   0.04043   0.15813   0.63496   0.20112   0.18404   0.05506   0.01031   0.02476   0.31125   0.10372   0.06176   0.17531   0.17923   0.00163   0.12945   0.25238   2.98964   0.42928   7.03986  40.86653  
 59  0.0508  14293.159838  x:  0.25403   0.04301   0.01583   0.02365   0.00431   0.01643   0.00131   0.00109   0.00764   0.02087   0.02146   0.04043   0.15810   0.63494   0.20114   0.18404   0.05508   0.01030   0.02474   0.31128   0.10372   0.06176   0.17531   0.17923   0.00164   0.12945   0.25237   2.98917   0.42922   7.04502  40.92654  
 60  0.0075  14293.159238  x:  0.25398   0.04317   0.01580   0.02367   0.00433   0.01647   0.00131   0.00110   0.00762   0.02089   0.02145   0.04045   0.15794   0.63487   0.20123   0.18401   0.05523   0.01027   0.02470   0.31140   0.10376   0.06172   0.17531   0.17927   0.00167   0.12945   0.25233   2.98692   0.42890   7.08948  41.35795  
 61  0.0542  14293.152072  x:  0.25399   0.04297   0.01585   0.02364   0.00431   0.01642   0.00130   0.00108   0.00762   0.02087   0.02146   0.04042   0.15816   0.63496   0.20110   0.18404   0.05508   0.01031   0.02481   0.31121   0.10372   0.06174   0.17531   0.17922   0.00162   0.12944   0.25241   2.99015   0.42919   7.24868  42.14948  
 62  0.1009  14293.114578  x:  0.25393   0.04217   0.01607   0.02352   0.00426   0.01623   0.00114   0.00104   0.00759   0.02078   0.02149   0.04028   0.15902   0.63532   0.20058   0.18418   0.05453   0.01046   0.02533   0.31047   0.10354   0.06178   0.17528   0.17901   0.00141   0.12943   0.25274   3.00358   0.42965   9.27484  53.81414  
 63  4.4399  14293.046978  x:  0.25407   0.04349   0.01574   0.02371   0.00435   0.01661   0.00113   0.00112   0.00761   0.02092   0.02144   0.04051   0.15763   0.63466   0.20144   0.18398   0.05538   0.01021   0.02457   0.31169   0.10381   0.06175   0.17532   0.17936   0.00175   0.12947   0.25217   2.98210   0.42742  14.23109  83.87595  
 64  6.3348  14293.024558  x:  0.25408   0.04310   0.01581   0.02366   0.00432   0.01644   0.00107   0.00109   0.00765   0.02088   0.02146   0.04045   0.15800   0.63494   0.20119   0.18401   0.05510   0.01029   0.02473   0.31132   0.10373   0.06175   0.17530   0.17926   0.00164   0.12945   0.25234   2.98823   0.42796  16.73589  99.00000  
 65 11.0208  14293.023626  x:  0.25408   0.04317   0.01580   0.02367   0.00432   0.01647   0.00108   0.00109   0.00764   0.02089   0.02146   0.04046   0.15793   0.63488   0.20124   0.18400   0.05516   0.01027   0.02470   0.31140   0.10375   0.06175   0.17531   0.17928   0.00166   0.12946   0.25231   2.98702   0.42778  16.64751  99.00000  
 66  3.1146  14293.023626  x:  0.25408   0.04317   0.01580   0.02367   0.00432   0.01647   0.00108   0.00109   0.00764   0.02089   0.02146   0.04046   0.15793   0.63488   0.20124   0.18400   0.05516   0.01027   0.02470   0.31140   0.10375   0.06175   0.17531   0.17928   0.00166   0.12946   0.25231   2.98702   0.42778  16.64751  99.00000  
 67  0.0694  14293.023067  x:  0.25408   0.04306   0.01582   0.02365   0.00432   0.01643   0.00108   0.00110   0.00765   0.02088   0.02147   0.04044   0.15804   0.63497   0.20117   0.18402   0.05508   0.01029   0.02475   0.31130   0.10373   0.06176   0.17531   0.17925   0.00164   0.12946   0.25236   2.98882   0.42795  16.61052  99.00000  
 68  0.0569  14293.022432  x:  0.25406   0.04299   0.01584   0.02364   0.00431   0.01641   0.00109   0.00109   0.00764   0.02087   0.02146   0.04043   0.15811   0.63500   0.20112   0.18403   0.05503   0.01031   0.02478   0.31123   0.10371   0.06176   0.17530   0.17922   0.00162   0.12945   0.25238   2.99028   0.42725  16.58264  99.00000  
 69  0.0307  14293.022425  x:  0.25406   0.04297   0.01584   0.02364   0.00431   0.01642   0.00109   0.00109   0.00763   0.02087   0.02146   0.04043   0.15812   0.63500   0.20112   0.18403   0.05503   0.01031   0.02478   0.31123   0.10371   0.06177   0.17530   0.17922   0.00161   0.12946   0.25237   2.99030   0.42725  16.58220  99.00000  
 70  0.0003  14293.022425  x:  0.25406   0.04297   0.01584   0.02364   0.00431   0.01642   0.00109   0.00109   0.00763   0.02087   0.02146   0.04043   0.15812   0.63500   0.20112   0.18403   0.05503   0.01031   0.02478   0.31123   0.10371   0.06177   0.17530   0.17922   0.00162   0.12946   0.25237   2.99031   0.42726  16.58264  99.00000  
 71  0.0004  14293.022425  x:  0.25406   0.04297   0.01584   0.02364   0.00431   0.01642   0.00109   0.00109   0.00763   0.02087   0.02146   0.04043   0.15812   0.63500   0.20112   0.18403   0.05503   0.01031   0.02478   0.31123   0.10371   0.06177   0.17530   0.17922   0.00162   0.12946   0.25237   2.99031   0.42726  16.58259  99.00000  
 72  0.0000  14293.022425  x:  0.25406   0.04297   0.01584   0.02364   0.00431   0.01642   0.00109   0.00109   0.00763   0.02087   0.02146   0.04043   0.15812   0.63500   0.20112   0.18403   0.05503   0.01031   0.02478   0.31123   0.10371   0.06177   0.17530   0.17922   0.00162   0.12946   0.25237   2.99031   0.42726  16.58259  99.00000  