

TREE # 1

  0  0.0000  14550.727862  x:  0.15755   0.03184   0.02943   0.02641   0.02896   0.03638   0.01328   0.01516   0.03129   0.02209   0.03298   0.04203   0.12696   0.38097   0.15007   0.15603   0.05079   0.01179   0.02604   0.21236   0.10049   0.06000   0.13610   0.14207   0.00000   0.13536   0.17912   2.00000   0.90000   0.60884   1.99821   2.09673  
  1 99.0000  14489.539381  x:  0.16061   0.03361   0.02317   0.02211   0.01697   0.02750   0.00000   0.00176   0.02000   0.01861   0.02895   0.03899   0.12728   0.38457   0.15128   0.15649   0.05231   0.01063   0.02514   0.21482   0.09880   0.05825   0.13697   0.14273   0.00147   0.13317   0.18124   2.00108   0.89399   0.61300   1.99700   2.09609  
  2 2354.6019  14484.717324  x:  0.16096   0.03381   0.02245   0.02162   0.01559   0.02649   0.00002   0.00024   0.01871   0.01821   0.02849   0.03864   0.12731   0.38499   0.15141   0.15655   0.05248   0.01050   0.02504   0.21510   0.09860   0.05805   0.13707   0.14280   0.00164   0.13292   0.18148   2.00120   0.89330   0.61348   1.99687   2.09601  
  3 10657.2503  14453.899062  x:  0.16439   0.03568   0.01555   0.01705   0.00197   0.01654   0.00008   0.00157   0.00599   0.01465   0.02396   0.03528   0.12762   0.38910   0.15274   0.15703   0.05411   0.00916   0.02400   0.21788   0.09664   0.05604   0.13803   0.14350   0.00283   0.13036   0.18386   2.00246   0.88647   0.61823   1.99549   2.09526  
  4 6238.7675  14448.424148  x:  0.16691   0.03651   0.01265   0.01655   0.00625   0.01172   0.00010   0.00184   0.00307   0.01543   0.02098   0.03350   0.12765   0.39253   0.15361   0.15718   0.05483   0.00821   0.02312   0.22002   0.09492   0.05443   0.13858   0.14385   0.00167   0.12795   0.18556   2.00368   0.88096   0.62214   1.99435   2.09457  
  5 1279.7614  14441.720754  x:  0.17083   0.03759   0.00955   0.01671   0.00700   0.00712   0.00011   0.00206   0.00729   0.01675   0.01684   0.03125   0.12763   0.39800   0.15493   0.15736   0.05581   0.00718   0.02184   0.22338   0.09222   0.05202   0.13943   0.14438   0.00000   0.12412   0.18823   2.00569   0.87228   0.62837   1.99253   2.09342  
  6 2465.2749  14441.720754  x:  0.17083   0.03759   0.00955   0.01671   0.00700   0.00712   0.00011   0.00206   0.00729   0.01675   0.01684   0.03125   0.12763   0.39800   0.15493   0.15736   0.05581   0.00718   0.02184   0.22338   0.09222   0.05202   0.13943   0.14438   0.00000   0.12412   0.18823   2.00569   0.87228   0.62837   1.99253   2.09342  
  7 2428.9461  14440.294738  x:  0.17084   0.03759   0.00959   0.01673   0.00693   0.00725   0.00114   0.00198   0.00726   0.01674   0.01685   0.03126   0.12763   0.39803   0.15493   0.15736   0.05581   0.00719   0.02184   0.22340   0.09221   0.05202   0.13943   0.14438   0.00002   0.12410   0.18824   2.00571   0.87224   0.62840   1.99252   2.09341  
  8 7956.6051  14436.839957  x:  0.17118   0.03758   0.01031   0.01713   0.00556   0.00959   0.00112   0.00036   0.00682   0.01672   0.01695   0.03141   0.12761   0.39859   0.15504   0.15735   0.05583   0.00747   0.02183   0.22371   0.09202   0.05191   0.13951   0.14443   0.00031   0.12378   0.18850   2.00594   0.87143   0.62903   1.99234   2.09327  
  9 1468.8168  14433.545254  x:  0.17199   0.03756   0.01189   0.01801   0.00260   0.01404   0.00110   0.00163   0.00589   0.01669   0.01720   0.03175   0.12757   0.39992   0.15530   0.15735   0.05587   0.00808   0.02180   0.22447   0.09155   0.05166   0.13970   0.14456   0.00090   0.12303   0.18909   2.00651   0.86950   0.63051   1.99190   2.09295  
 10 2982.3167  14423.039132  x:  0.18351   0.03753   0.02275   0.02503   0.01432   0.02056   0.00107   0.00301   0.00636   0.01749   0.01988   0.03478   0.12721   0.41915   0.15919   0.15750   0.05640   0.01238   0.02133   0.23534   0.08538   0.04863   0.14249   0.14636   0.00326   0.11236   0.19748   2.01479   0.84197   0.65199   1.98556   2.08819  
 11 797.6145  14385.165319  x:  0.21429   0.03772   0.02774   0.02721   0.00293   0.00814   0.00112   0.00128   0.00798   0.01794   0.02300   0.03805   0.12765   0.47210   0.17051   0.15902   0.05744   0.01352   0.02108   0.26494   0.07319   0.04503   0.15077   0.15197   0.00000   0.08733   0.21984   2.03815   0.76872   0.71082   1.96814   2.07458  
 12 2510.3027  14366.303916  x:  0.23175   0.03840   0.01142   0.01602   0.00701   0.01534   0.00111   0.00208   0.00509   0.01909   0.02027   0.03530   0.13010   0.50534   0.17809   0.16138   0.05711   0.00887   0.02290   0.28230   0.07531   0.05097   0.15652   0.15659   0.00126   0.08396   0.23263   2.05445   0.72730   0.74721   1.95727   2.06493  
 13 2275.8829  14357.835687  x:  0.24184   0.03975   0.00700   0.01906   0.00595   0.01705   0.00111   0.00223   0.01717   0.01966   0.01770   0.03511   0.13429   0.52884   0.18383   0.16464   0.05570   0.00915   0.02556   0.29278   0.08636   0.06030   0.16100   0.16136   0.00801   0.09716   0.24009   2.06836   0.70390   0.77237   1.94966   2.05657  
 14 1483.3686  14340.462306  x:  0.25762   0.04338   0.01661   0.02350   0.00580   0.01258   0.00113   0.00190   0.00738   0.02084   0.01561   0.03669   0.14498   0.57170   0.19509   0.17288   0.05210   0.00415   0.03014   0.30989   0.11328   0.07919   0.16965   0.17165   0.01017   0.13226   0.25175   2.09664   0.66824   0.81769   1.93581   2.03937  
 15 2144.0768  14334.640673  x:  0.26099   0.04470   0.01500   0.02267   0.00614   0.01339   0.00113   0.00198   0.00689   0.02080   0.02537   0.03956   0.15085   0.58701   0.19964   0.17793   0.05090   0.01343   0.02964   0.31397   0.11991   0.07818   0.17304   0.17671   0.00000   0.14550   0.25429   2.11027   0.66271   0.83364   1.93078   2.03098  
 16 786.0057  14328.636178  x:  0.26292   0.04543   0.01636   0.02167   0.00733   0.01779   0.00112   0.00242   0.01291   0.02176   0.02508   0.04419   0.16317   0.61384   0.20749   0.18988   0.05021   0.00779   0.02324   0.31732   0.12168   0.06176   0.17904   0.18597   0.00000   0.16380   0.25658   2.14148   0.66650   0.86158   1.92160   2.01176  
 17 572.8428  14324.862489  x:  0.26244   0.04417   0.01209   0.02833   0.00761   0.01764   0.00112   0.00241   0.00982   0.02121   0.01685   0.04227   0.16910   0.62879   0.21051   0.19623   0.05079   0.01230   0.02363   0.31784   0.11862   0.05348   0.18242   0.19037   0.00000   0.16933   0.25742   2.16382   0.67518   0.87810   1.91593   1.99823  
 18 672.0560  14313.256439  x:  0.25481   0.03523   0.01484   0.02789   0.00718   0.01567   0.00113   0.00225   0.00872   0.02153   0.02446   0.02779   0.17897   0.66979   0.21068   0.20936   0.05450   0.00713   0.03336   0.31388   0.09965   0.05896   0.18886   0.19524   0.00000   0.15968   0.25680   2.24976   0.72632   0.93037   1.89686   1.94727  
 19 529.3146  14306.093630  x:  0.24936   0.03415   0.01660   0.02014   0.00677   0.01354   0.00113   0.00207   0.00758   0.02064   0.01973   0.04332   0.18184   0.69378   0.20705   0.21346   0.05564   0.00947   0.03196   0.30963   0.09258   0.06711   0.18929   0.19468   0.00000   0.14756   0.25551   2.31196   0.76211   0.96659   1.88312   1.91123  
 20 1280.1030  14301.230145  x:  0.24643   0.04203   0.01304   0.02594   0.00663   0.01308   0.00114   0.00201   0.00566   0.02137   0.02232   0.04297   0.17777   0.70353   0.19973   0.20848   0.05290   0.00725   0.01847   0.30531   0.10171   0.06806   0.18346   0.18876   0.00000   0.13694   0.25313   2.35954   0.78054   0.99355   1.87197   1.88532  
 21 597.8331  14297.516793  x:  0.24419   0.04732   0.01774   0.02085   0.00675   0.01364   0.00113   0.00207   0.00799   0.01980   0.01822   0.03592   0.17090   0.70827   0.19203   0.20079   0.04881   0.01236   0.01688   0.30181   0.11283   0.06545   0.17781   0.18219   0.00000   0.13141   0.25047   2.40445   0.79150   1.01886   1.86097   1.86185  
 22 842.7144  14293.392979  x:  0.24100   0.04625   0.01585   0.02334   0.00690   0.01458   0.00113   0.00214   0.00833   0.02232   0.02009   0.03993   0.15756   0.70449   0.18195   0.18749   0.04272   0.00967   0.03107   0.29700   0.12105   0.05733   0.17080   0.17278   0.00000   0.13167   0.24541   2.46173   0.79784   1.04862   1.84677   1.83382  
 23 659.4528  14290.944492  x:  0.23981   0.04112   0.01527   0.02328   0.00707   0.01454   0.00113   0.00213   0.00789   0.01509   0.02071   0.04004   0.14952   0.69298   0.17942   0.18066   0.04240   0.00889   0.02873   0.29301   0.11632   0.05666   0.16650   0.16959   0.00000   0.13780   0.24155   2.49634   0.79594   1.06318   1.83838   1.81877  
 24 421.7610  14287.797722  x:  0.23851   0.03489   0.01542   0.02170   0.00665   0.01405   0.00113   0.00206   0.00733   0.02088   0.01994   0.03872   0.13928   0.67250   0.17767   0.17197   0.04341   0.01034   0.02265   0.28699   0.10691   0.05762   0.16096   0.16638   0.00000   0.14748   0.23584   2.54779   0.79150   1.08329   1.82608   1.79714  
 25 1329.3457  14283.217293  x:  0.23891   0.05394   0.01497   0.02319   0.00687   0.01491   0.00113   0.00215   0.00809   0.02072   0.01945   0.03860   0.14041   0.62658   0.18556   0.16905   0.05057   0.00999   0.02629   0.27976   0.09514   0.06447   0.16177   0.16898   0.00000   0.15262   0.22922   2.63553   0.78037   1.11081   1.80627   1.76338  
 26 484.9255  14278.401743  x:  0.23403   0.04240   0.01533   0.02348   0.00687   0.01458   0.00113   0.00213   0.00812   0.02062   0.01936   0.03921   0.15078   0.56692   0.19962   0.17833   0.05389   0.00960   0.02599   0.27912   0.10787   0.06312   0.17014   0.17654   0.00000   0.14018   0.23169   2.72990   0.76665   1.12880   1.78704   1.73183  
 27 419.5902  14277.609784  x:  0.23490   0.04409   0.01566   0.02113   0.00650   0.01346   0.00113   0.00202   0.00717   0.02062   0.01991   0.03879   0.15424   0.55808   0.19355   0.17930   0.05713   0.00912   0.02575   0.28745   0.10743   0.05782   0.16882   0.17313   0.00000   0.14117   0.23938   2.75072   0.76473   1.12019   1.78528   1.73012  
 28 91.8011  14277.286322  x:  0.23542   0.04337   0.01548   0.02201   0.00663   0.01390   0.00113   0.00206   0.00754   0.02066   0.01983   0.03901   0.15524   0.55815   0.19123   0.18045   0.05703   0.00931   0.02555   0.29174   0.10717   0.05969   0.16858   0.17263   0.00313   0.14190   0.24228   2.76167   0.76320   1.11564   1.78434   1.72948  
 29 133.8875  14276.603731  x:  0.23663   0.04215   0.01515   0.02356   0.00687   0.01469   0.00113   0.00214   0.00820   0.02073   0.01969   0.03943   0.15727   0.55802   0.18606   0.18300   0.05669   0.00966   0.02511   0.30135   0.10660   0.06301   0.16801   0.17157   0.00000   0.14334   0.24829   2.78774   0.75938   1.10401   1.78221   1.72829  
 30 437.8519  14273.029822  x:  0.24470   0.04694   0.01527   0.02214   0.00647   0.01382   0.00113   0.00204   0.00771   0.02072   0.01965   0.03956   0.13967   0.58242   0.18583   0.19130   0.04502   0.00899   0.02466   0.31405   0.10789   0.06139   0.17237   0.18284   0.00076   0.13928   0.23994   2.94315   0.72322   0.99275   1.77505   1.74114  
 31 134.6780  14271.325753  x:  0.25160   0.04308   0.01511   0.02260   0.00645   0.01399   0.00113   0.00204   0.00800   0.02078   0.01982   0.04019   0.14776   0.60085   0.19120   0.18423   0.05673   0.00914   0.02582   0.30554   0.11186   0.06207   0.17085   0.17502   0.00049   0.13746   0.23882   3.02234   0.70203   0.93635   1.76973   1.74818  
 32 278.7476  14270.962424  x:  0.24942   0.04313   0.01512   0.02236   0.00637   0.01383   0.00113   0.00202   0.00789   0.02077   0.01975   0.04001   0.15365   0.60454   0.19313   0.17984   0.05005   0.00915   0.02588   0.30038   0.11017   0.06235   0.16992   0.17290   0.00049   0.13712   0.24315   3.03842   0.69662   0.92401   1.76751   1.75006  
 33 107.5477  14270.931736  x:  0.24919   0.04333   0.01510   0.02241   0.00638   0.01386   0.00113   0.00203   0.00793   0.02078   0.01981   0.04007   0.15243   0.60497   0.19358   0.17892   0.05074   0.00909   0.02596   0.29901   0.11038   0.06239   0.16981   0.17479   0.00036   0.13723   0.24636   3.03964   0.69671   0.92265   1.76529   1.75013  
 34 13.3186  14270.852804  x:  0.24795   0.04396   0.01509   0.02246   0.00639   0.01390   0.00113   0.00203   0.00795   0.02080   0.01987   0.04011   0.14990   0.60597   0.19638   0.18093   0.05088   0.00920   0.02584   0.29903   0.11030   0.06246   0.17118   0.17124   0.00029   0.13764   0.24880   3.03965   0.69749   0.91751   1.74407   1.75051  
 35  7.6304  14267.360973  x:  0.23249   0.04625   0.01556   0.02282   0.00615   0.01387   0.00113   0.00198   0.00798   0.02105   0.02018   0.04053   0.15169   0.63394   0.20279   0.18084   0.05699   0.00943   0.02545   0.31700   0.10953   0.06257   0.17253   0.17634   0.00091   0.13441   0.25217   3.02762   0.71815   0.74970   1.02132   1.76785  
 36 85.7042  14266.785998  x:  0.24467   0.04546   0.01563   0.02295   0.00611   0.01391   0.00113   0.00197   0.00801   0.02109   0.02029   0.04060   0.15236   0.63790   0.20241   0.18235   0.05353   0.00944   0.02525   0.31653   0.10931   0.06256   0.17577   0.17624   0.00094   0.13420   0.25454   3.02588   0.72631   0.71493   0.86854   1.77385  
 37 515.0548  14266.765176  x:  0.24545   0.04539   0.01564   0.02295   0.00611   0.01391   0.00113   0.00197   0.00800   0.02109   0.02028   0.04058   0.15237   0.63791   0.20438   0.18232   0.05319   0.00942   0.02553   0.31750   0.10931   0.06251   0.17325   0.17640   0.00097   0.13414   0.25463   3.02643   0.72752   0.71453   0.86309   1.77633  
 38 14.1696  14266.698941  x:  0.24461   0.04540   0.01566   0.02299   0.00612   0.01396   0.00113   0.00197   0.00802   0.02109   0.02030   0.04056   0.15226   0.63790   0.20783   0.17802   0.05340   0.00941   0.02507   0.32113   0.10921   0.06234   0.17542   0.17659   0.00097   0.13440   0.25437   3.03086   0.73244   0.71774   0.84789   1.79340  
 39 11.7888  14266.538463  x:  0.23897   0.04575   0.01570   0.02297   0.00608   0.01399   0.00113   0.00197   0.00799   0.02109   0.02036   0.04051   0.15219   0.63828   0.20574   0.18151   0.05522   0.00949   0.02517   0.31983   0.10888   0.06234   0.17456   0.17696   0.00091   0.13452   0.25438   3.04280   0.73943   0.72908   0.81262   1.84007  
 40 36.4288  14263.546609  x:  0.26629   0.04057   0.01567   0.02346   0.00404   0.01487   0.00112   0.00160   0.00779   0.02094   0.02180   0.03975   0.15999   0.64950   0.20585   0.19256   0.04831   0.00999   0.02441   0.31629   0.10453   0.06143   0.18034   0.18241   0.00000   0.13544   0.25902   3.19556   0.77233   0.91264   1.03496   2.06447  
 41  0.7307  14262.907183  x:  0.26887   0.04181   0.01595   0.02382   0.00405   0.01561   0.00111   0.00141   0.00767   0.02090   0.02192   0.04035   0.16115   0.66794   0.20273   0.18882   0.04852   0.01048   0.02503   0.31991   0.10552   0.06169   0.17925   0.18337   0.00034   0.13052   0.25937   3.23884   0.75828   0.81116   0.89916   2.02656  
 42  0.1655  14262.793554  x:  0.26780   0.04255   0.01626   0.02365   0.00461   0.01652   0.00110   0.00122   0.00764   0.02093   0.02195   0.04071   0.16002   0.67320   0.20321   0.18808   0.04859   0.01043   0.02508   0.32135   0.10575   0.06159   0.17866   0.18268   0.00070   0.13117   0.26004   3.24606   0.76844   0.79833   0.85318   2.05603  
 43  0.0338  14262.715204  x:  0.26680   0.04237   0.01620   0.02343   0.00415   0.01679   0.00110   0.00092   0.00765   0.02095   0.02207   0.04074   0.15940   0.67235   0.20321   0.18853   0.04859   0.01036   0.02488   0.32051   0.10535   0.06164   0.17863   0.18229   0.00066   0.13102   0.25988   3.24646   0.77379   0.77309   0.81168   2.07745  
 44  0.0326  14262.609924  x:  0.26710   0.04152   0.01601   0.02363   0.00446   0.01686   0.00109   0.00092   0.00759   0.02092   0.02190   0.04029   0.16027   0.66389   0.20310   0.19004   0.04856   0.01045   0.02486   0.31831   0.10543   0.06177   0.17958   0.18287   0.00022   0.13155   0.25905   3.22834   0.77918   0.70824   0.72296   2.09724  
 45  0.0404  14262.526148  x:  0.26753   0.04188   0.01594   0.02365   0.00438   0.01676   0.00109   0.00098   0.00764   0.02092   0.02190   0.04023   0.16057   0.66361   0.20305   0.18931   0.04880   0.01046   0.02496   0.31905   0.10568   0.06165   0.17935   0.18304   0.00048   0.13112   0.25898   3.22588   0.79254   0.65938   0.62761   2.13555  
 46  0.0825  14262.468803  x:  0.26674   0.04244   0.01593   0.02360   0.00426   0.01649   0.00109   0.00111   0.00767   0.02091   0.02190   0.04031   0.16049   0.66471   0.20271   0.18843   0.04930   0.01045   0.02508   0.31948   0.10592   0.06156   0.17858   0.18286   0.00073   0.13105   0.25887   3.23129   0.80106   0.64019   0.60454   2.16811  
 47  0.0572  14262.455275  x:  0.26679   0.04238   0.01600   0.02357   0.00427   0.01649   0.00108   0.00110   0.00765   0.02090   0.02191   0.04045   0.16022   0.66658   0.20267   0.18867   0.04908   0.01047   0.02500   0.31936   0.10581   0.06161   0.17866   0.18267   0.00066   0.13126   0.25914   3.23843   0.80449   0.61912   0.57029   2.18767  
 48  0.0594  14262.452324  x:  0.26698   0.04224   0.01606   0.02356   0.00429   0.01646   0.00109   0.00109   0.00763   0.02090   0.02191   0.04052   0.16000   0.66762   0.20270   0.18902   0.04883   0.01049   0.02495   0.31916   0.10576   0.06167   0.17885   0.18256   0.00058   0.13138   0.25930   3.24250   0.80436   0.61960   0.57165   2.19443  
 49  0.0087  14262.452003  x:  0.26702   0.04224   0.01606   0.02357   0.00428   0.01643   0.00109   0.00109   0.00764   0.02091   0.02191   0.04051   0.16000   0.66758   0.20275   0.18905   0.04883   0.01049   0.02495   0.31921   0.10581   0.06167   0.17889   0.18261   0.00059   0.13137   0.25927   3.24173   0.80508   0.61769   0.56743   2.19903  
 50  0.0052  14262.451952  x:  0.26703   0.04226   0.01605   0.02358   0.00429   0.01642   0.00109   0.00108   0.00764   0.02091   0.02191   0.04050   0.16002   0.66758   0.20276   0.18902   0.04885   0.01049   0.02496   0.31927   0.10581   0.06167   0.17888   0.18263   0.00060   0.13136   0.25928   3.24109   0.80492   0.61782   0.56802   2.19892  
 51  0.0009  14262.451944  x:  0.26705   0.04226   0.01605   0.02358   0.00429   0.01643   0.00109   0.00108   0.00764   0.02091   0.02191   0.04050   0.16002   0.66760   0.20275   0.18900   0.04885   0.01049   0.02496   0.31928   0.10580   0.06167   0.17888   0.18262   0.00059   0.13136   0.25930   3.24094   0.80494   0.61821   0.56844   2.19897  
 52  0.0005  14262.451937  x:  0.26706   0.04226   0.01605   0.02357   0.00429   0.01643   0.00109   0.00108   0.00764   0.02090   0.02191   0.04050   0.16003   0.66763   0.20275   0.18900   0.04884   0.01049   0.02496   0.31927   0.10580   0.06167   0.17888   0.18262   0.00059   0.13135   0.25931   3.24087   0.80495   0.61800   0.56814   2.19902  
 53  0.0001  14262.451935  x:  0.26705   0.04226   0.01605   0.02357   0.00429   0.01643   0.00109   0.00108   0.00764   0.02091   0.02191   0.04050   0.16002   0.66762   0.20275   0.18901   0.04885   0.01049   0.02496   0.31927   0.10580   0.06167   0.17888   0.18262   0.00059   0.13135   0.25930   3.24093   0.80495   0.61798   0.56814   2.19901  
 54  0.0001  14262.451934  x:  0.26705   0.04226   0.01605   0.02357   0.00429   0.01643   0.00109   0.00108   0.00764   0.02091   0.02191   0.04050   0.16002   0.66761   0.20275   0.18901   0.04885   0.01049   0.02496   0.31927   0.10580   0.06167   0.17888   0.18262   0.00059   0.13135   0.25930   3.24096   0.80495   0.61801   0.56818   2.19899  
 55  0.0001  14262.451934  x:  0.26704   0.04226   0.01605   0.02357   0.00429   0.01643   0.00109   0.00108   0.00764   0.02091   0.02191   0.04050   0.16002   0.66760   0.20275   0.18901   0.04885   0.01049   0.02496   0.31927   0.10580   0.06167   0.17888   0.18262   0.00059   0.13136   0.25929   3.24098   0.80494   0.61802   0.56820   2.19897  
 56  0.0001  14262.451934  x:  0.26704   0.04226   0.01605   0.02357   0.00429   0.01643   0.00109   0.00108   0.00764   0.02091   0.02191   0.04050   0.16002   0.66760   0.20275   0.18901   0.04885   0.01049   0.02496   0.31927   0.10580   0.06167   0.17888   0.18262   0.00059   0.13136   0.25929   3.24099   0.80494   0.61803   0.56821   2.19896  
 57  0.0000  14262.451934  x:  0.26704   0.04226   0.01605   0.02357   0.00429   0.01643   0.00109   0.00108   0.00764   0.02091   0.02191   0.04050   0.16002   0.66760   0.20275   0.18901   0.04885   0.01049   0.02496   0.31927   0.10580   0.06167   0.17888   0.18262   0.00059   0.13136   0.25929   3.24100   0.80494   0.61803   0.56822   2.19895  
 58  0.0000  14262.451934  x:  0.26704   0.04226   0.01605   0.02357   0.00429   0.01643   0.00109   0.00108   0.00764   0.02091   0.02191   0.04050   0.16002   0.66760   0.20275   0.18901   0.04885   0.01049   0.02496   0.31927   0.10580   0.06167   0.17888   0.18262   0.00059   0.13136   0.25929   3.24100   0.80494   0.61803   0.56821   2.19895  
 59  0.0000  14262.451934  x:  0.26704   0.04226   0.01605   0.02357   0.00429   0.01643   0.00109   0.00108   0.00764   0.02091   0.02191   0.04050   0.16002   0.66760   0.20275   0.18901   0.04885   0.01049   0.02496   0.31927   0.10580   0.06167   0.17888   0.18262   0.00059   0.13136   0.25929   3.24099   0.80494   0.61803   0.56821   2.19895  
 60  0.0000  14262.451934  x:  0.26704   0.04226   0.01605   0.02357   0.00429   0.01643   0.00109   0.00108   0.00764   0.02091   0.02191   0.04050   0.16002   0.66760   0.20275   0.18901   0.04885   0.01049   0.02496   0.31927   0.10580   0.06167   0.17888   0.18262   0.00059   0.13136   0.25929   3.24099   0.80494   0.61803   0.56821   2.19895  
 61  0.0000  14262.451934  x:  0.26704   0.04226   0.01605   0.02357   0.00429   0.01643   0.00109   0.00108   0.00764   0.02091   0.02191   0.04050   0.16002   0.66760   0.20275   0.18901   0.04885   0.01049   0.02496   0.31927   0.10580   0.06167   0.17888   0.18262   0.00059   0.13136   0.25929   3.24099   0.80494   0.61803   0.56821   2.19895  
 62  0.0000  14262.451934  x:  0.26704   0.04226   0.01605   0.02357   0.00429   0.01643   0.00109   0.00108   0.00764   0.02091   0.02191   0.04050   0.16002   0.66760   0.20275   0.18901   0.04885   0.01049   0.02496   0.31927   0.10580   0.06167   0.17888   0.18262   0.00059   0.13136   0.25929   3.24099   0.80494   0.61803   0.56821   2.19895  