

TREE # 1

  0  0.0000  24942.662976  x:  0.00408   0.12367   0.03518   0.01721   0.01202   0.00387   0.00642   0.00290   0.00640   0.00958   0.01383   0.03185   0.04430   0.10779   0.30333   0.58768   0.15836   0.22160   0.03962   0.00120   0.04024   0.16675   0.04303   0.04271   0.18968   0.22089   0.00687   0.17352   0.23163   2.00000   0.90000   0.29673   1.19979  
  1 99.0000  24924.744156  x:  0.00672   0.12357   0.03418   0.01586   0.01055   0.00056   0.00469   0.00275   0.00469   0.00868   0.01322   0.03098   0.04383   0.10698   0.30305   0.58780   0.15787   0.22111   0.04032   0.00506   0.04109   0.16648   0.04173   0.04204   0.18894   0.22039   0.00591   0.17296   0.23105   2.00110   0.89510   0.30382   1.19863  
  2 2266.7570  24899.431489  x:  0.01248   0.12333   0.03194   0.01295   0.00750   0.00314   0.00165   0.00259   0.00164   0.00690   0.01200   0.02905   0.04277   0.10513   0.30240   0.58810   0.15675   0.21996   0.04181   0.01273   0.04297   0.16585   0.03878   0.04054   0.18721   0.21923   0.00370   0.17167   0.22971   2.00367   0.88379   0.32018   1.19595  
  3 13267.5800  24864.094530  x:  0.02173   0.12282   0.02817   0.00877   0.00401   0.00527   0.00649   0.00286   0.00661   0.00522   0.01039   0.02598   0.04106   0.10191   0.30121   0.58865   0.15476   0.21793   0.04406   0.02398   0.04607   0.16474   0.03382   0.03807   0.18411   0.21711   0.00000   0.16939   0.22734   2.00835   0.86362   0.34929   1.19116  
  4 15745.0010  24864.094530  x:  0.02173   0.12282   0.02817   0.00877   0.00401   0.00527   0.00649   0.00286   0.00661   0.00522   0.01039   0.02598   0.04106   0.10191   0.30121   0.58865   0.15476   0.21793   0.04406   0.02398   0.04607   0.16474   0.03382   0.03807   0.18411   0.21711   0.00000   0.16939   0.22734   2.00835   0.86362   0.34929   1.19116  
  5 7296.0339  24845.303554  x:  0.02064   0.12264   0.02872   0.01323   0.01440   0.00161   0.00516   0.00306   0.00515   0.01034   0.01225   0.02713   0.04150   0.10187   0.30104   0.58881   0.15459   0.21775   0.04334   0.02104   0.04593   0.16467   0.03445   0.03856   0.18370   0.21679   0.00140   0.16928   0.22715   2.00935   0.86094   0.35305   1.19044  
  6 3343.9633  24826.613573  x:  0.01530   0.12188   0.03095   0.02124   0.01672   0.01315   0.00493   0.00210   0.00475   0.01108   0.01705   0.03095   0.04353   0.10165   0.30025   0.58976   0.15381   0.21684   0.03987   0.00616   0.04547   0.16443   0.03739   0.04093   0.18164   0.21522   0.00611   0.16864   0.22613   2.01473   0.84667   0.37311   1.18660  
  7 1822.3703  24813.376663  x:  0.01306   0.12162   0.03198   0.02230   0.01501   0.01049   0.00557   0.00554   0.00573   0.00999   0.01718   0.03224   0.04439   0.10157   0.29988   0.59042   0.15344   0.21637   0.03863   0.00000   0.04566   0.16439   0.03865   0.04201   0.18052   0.21445   0.00767   0.16829   0.22554   2.01818   0.83803   0.38524   1.18424  
  8 3317.4066  24813.376663  x:  0.01306   0.12162   0.03198   0.02230   0.01501   0.01049   0.00557   0.00554   0.00573   0.00999   0.01718   0.03224   0.04439   0.10157   0.29988   0.59042   0.15344   0.21637   0.03863   0.00000   0.04566   0.16439   0.03865   0.04201   0.18052   0.21445   0.00767   0.16829   0.22554   2.01818   0.83803   0.38524   1.18424  
  9 5039.6103  24797.159726  x:  0.01378   0.12182   0.03195   0.01964   0.01237   0.00370   0.00531   0.00137   0.00524   0.00914   0.01525   0.03164   0.04427   0.10162   0.29990   0.59071   0.15344   0.21632   0.03941   0.00800   0.04653   0.16452   0.03844   0.04196   0.18037   0.21451   0.00730   0.16827   0.22542   2.01944   0.83556   0.38869   1.18353  
 10 2356.2697  24793.995630  x:  0.01401   0.12190   0.03194   0.01867   0.01152   0.00162   0.00531   0.00299   0.00522   0.00895   0.01463   0.03142   0.04423   0.10164   0.29990   0.59084   0.15344   0.21631   0.03965   0.00949   0.04676   0.16457   0.03837   0.04193   0.18029   0.21451   0.00705   0.16825   0.22536   2.01999   0.83450   0.39017   1.18322  
 11 3098.7351  24786.396523  x:  0.01526   0.12238   0.03186   0.01280   0.00738   0.00524   0.00575   0.00470   0.00583   0.00860   0.01161   0.03002   0.04402   0.10184   0.29995   0.59179   0.15345   0.21619   0.04094   0.01221   0.04788   0.16490   0.03792   0.04176   0.17970   0.21436   0.00488   0.16808   0.22495   2.02416   0.82669   0.40114   1.18094  
 12 1459.9093  24765.809951  x:  0.01774   0.12376   0.03192   0.00575   0.01106   0.00279   0.00549   0.00289   0.00573   0.01013   0.01054   0.02782   0.04396   0.10264   0.30014   0.59482   0.15363   0.21596   0.04364   0.00691   0.05007   0.16590   0.03712   0.04149   0.17795   0.21379   0.00000   0.16776   0.22388   2.03727   0.80317   0.43421   1.17401  
 13 2485.8849  24765.809951  x:  0.01774   0.12376   0.03192   0.00575   0.01106   0.00279   0.00549   0.00289   0.00573   0.01013   0.01054   0.02782   0.04396   0.10264   0.30014   0.59482   0.15363   0.21596   0.04364   0.00691   0.05007   0.16590   0.03712   0.04149   0.17795   0.21379   0.00000   0.16776   0.22388   2.03727   0.80317   0.43421   1.17401  
 14 7121.2067  24754.563287  x:  0.01736   0.12387   0.03215   0.01810   0.01109   0.00249   0.00560   0.00348   0.00544   0.00934   0.01322   0.02886   0.04445   0.10281   0.30024   0.59514   0.15376   0.21606   0.04351   0.00700   0.05018   0.16606   0.03745   0.04172   0.17798   0.21389   0.00385   0.16810   0.22408   2.03859   0.80176   0.43629   1.17355  
 15 2408.1611  24751.913130  x:  0.01671   0.12411   0.03231   0.01762   0.01056   0.00278   0.00553   0.00156   0.00581   0.00914   0.01450   0.03020   0.04476   0.10318   0.30049   0.59583   0.15407   0.21631   0.04327   0.00671   0.05034   0.16641   0.03803   0.04215   0.17808   0.21413   0.00611   0.16854   0.22434   2.04127   0.79883   0.44062   1.17258  
 16 657.2137  24741.981732  x:  0.01308   0.12553   0.03321   0.01360   0.00797   0.00325   0.00534   0.00428   0.00727   0.00837   0.02067   0.03750   0.04648   0.10529   0.30199   0.59994   0.15589   0.21777   0.04193   0.00506   0.05128   0.16851   0.04129   0.04461   0.17868   0.21558   0.01774   0.17102   0.22582   2.05708   0.78166   0.46602   1.16691  
 17 4961.7566  24735.219428  x:  0.01234   0.12653   0.03376   0.01315   0.01090   0.00092   0.00604   0.00417   0.00512   0.00968   0.01960   0.03907   0.04719   0.10645   0.30303   0.60244   0.15703   0.21872   0.04185   0.00496   0.05180   0.16977   0.04232   0.04547   0.17917   0.21658   0.01967   0.17216   0.22659   2.06650   0.77197   0.48049   1.16366  
 18 2691.8659  24728.081815  x:  0.01169   0.12800   0.03453   0.01313   0.01507   0.00292   0.00686   0.00428   0.00244   0.01150   0.01714   0.04056   0.04813   0.10806   0.30455   0.60602   0.15867   0.22011   0.04194   0.00504   0.05253   0.17156   0.04351   0.04651   0.17993   0.21803   0.02117   0.17368   0.22767   2.07992   0.75833   0.50090   1.15907  
 19 14364.9754  24716.376558  x:  0.01162   0.13105   0.03593   0.01449   0.02161   0.00429   0.00727   0.00439   0.00830   0.01389   0.01055   0.04141   0.04972   0.11114   0.30776   0.61326   0.16199   0.22295   0.04271   0.00579   0.05393   0.17514   0.04513   0.04805   0.18159   0.22107   0.02084   0.17651   0.22981   2.10683   0.73169   0.54099   1.15006  
 20 10744.0664  24696.024931  x:  0.01576   0.13529   0.03667   0.01687   0.01663   0.00366   0.00218   0.00391   0.00695   0.00852   0.01147   0.03559   0.05055   0.11447   0.31266   0.62312   0.16650   0.22707   0.04560   0.00769   0.05542   0.17978   0.04428   0.04793   0.18446   0.22554   0.00982   0.17958   0.23275   2.14263   0.69986   0.59018   1.13904  
 21 3971.0973  24688.217603  x:  0.01816   0.13753   0.03688   0.01814   0.01262   0.00340   0.00586   0.00362   0.00655   0.00617   0.01291   0.03206   0.05081   0.11613   0.31538   0.62848   0.16893   0.22933   0.04721   0.00861   0.05614   0.18223   0.04354   0.04764   0.18609   0.22800   0.00332   0.18121   0.23440   2.16199   0.68332   0.61606   1.13327  
 22 15618.7393  24685.965269  x:  0.01914   0.13812   0.03650   0.01864   0.01036   0.00336   0.00593   0.00356   0.00657   0.01015   0.01429   0.03056   0.05048   0.11636   0.31645   0.63037   0.16969   0.23016   0.04778   0.00871   0.05620   0.18293   0.04272   0.04708   0.18683   0.22890   0.00166   0.18177   0.23516   2.16872   0.67929   0.62321   1.13175  
 23 2233.2223  24681.946285  x:  0.02298   0.13844   0.03246   0.01779   0.01162   0.00345   0.00620   0.00378   0.00678   0.01030   0.01522   0.02597   0.04642   0.11448   0.32086   0.63665   0.17144   0.23312   0.04946   0.00808   0.05502   0.18392   0.03664   0.04237   0.19049   0.23210   0.00626   0.18373   0.23920   2.19027   0.68030   0.63121   1.13084  
 24 542.5482  24671.762613  x:  0.02534   0.13720   0.02750   0.01894   0.00969   0.00329   0.00612   0.00362   0.00629   0.01000   0.01214   0.03741   0.04104   0.10874   0.33450   0.65662   0.17563   0.24196   0.04887   0.00313   0.05115   0.18600   0.03266   0.03848   0.20163   0.24142   0.00304   0.18810   0.25133   2.26059   0.69409   0.64618   1.13090  
 25 1047.6922  24656.330293  x:  0.02581   0.13538   0.02997   0.01831   0.01376   0.00367   0.00615   0.00384   0.00723   0.01025   0.01713   0.04116   0.04125   0.10337   0.35217   0.68390   0.18021   0.25312   0.04735   0.01236   0.04874   0.18855   0.03669   0.04082   0.21544   0.25325   0.00000   0.19345   0.26681   2.35908   0.71649   0.66362   1.13193  
 26 3467.8754  24642.662735  x:  0.02300   0.13410   0.03716   0.01851   0.00819   0.00315   0.00628   0.00368   0.00591   0.01028   0.01051   0.03341   0.04805   0.10260   0.36759   0.71037   0.18303   0.26231   0.04465   0.01055   0.04827   0.19070   0.04318   0.04634   0.22590   0.26238   0.00380   0.19786   0.27978   2.45885   0.74018   0.67955   1.13333  
 27 4252.9649  24637.149815  x:  0.02028   0.13416   0.03939   0.01839   0.01108   0.00341   0.00611   0.00370   0.00659   0.01016   0.01351   0.02962   0.05141   0.10510   0.37189   0.72023   0.18280   0.26438   0.04335   0.00292   0.04918   0.19121   0.04429   0.04796   0.22738   0.26392   0.00230   0.19839   0.28257   2.49973   0.74986   0.68546   1.13395  
 28 2893.2986  24620.366652  x:  0.00725   0.14006   0.03454   0.01848   0.01046   0.00334   0.00594   0.00360   0.00647   0.00985   0.01313   0.03097   0.05718   0.13050   0.37116   0.74753   0.17127   0.25842   0.04578   0.00632   0.06495   0.19033   0.03232   0.04404   0.21121   0.25354   0.00095   0.19278   0.27356   2.64773   0.78345   0.70288   1.13633  
 29 1320.0793  24607.727695  x:  0.02095   0.14690   0.03099   0.01825   0.01044   0.00333   0.00617   0.00371   0.00640   0.01020   0.01309   0.03310   0.04984   0.14261   0.36312   0.76525   0.15923   0.24856   0.05545   0.00457   0.06806   0.18738   0.04257   0.04605   0.19072   0.23936   0.00308   0.18602   0.25842   2.77303   0.80955   0.71607   1.13794  
 30 2148.2456  24596.954037  x:  0.01543   0.14427   0.03541   0.01868   0.00969   0.00324   0.00594   0.00356   0.00628   0.00974   0.01270   0.02946   0.04062   0.12711   0.34376   0.76843   0.15195   0.23668   0.04593   0.00664   0.05112   0.18220   0.04143   0.04415   0.17343   0.22474   0.00269   0.18012   0.23866   2.87541   0.82391   0.72554   1.13769  
 31 1034.5955  24592.817928  x:  0.02005   0.14090   0.03297   0.01828   0.00992   0.00325   0.00597   0.00358   0.00630   0.00976   0.01288   0.03038   0.05194   0.11419   0.33078   0.76308   0.15163   0.23094   0.04507   0.00694   0.04991   0.18012   0.03800   0.04346   0.17124   0.21928   0.00306   0.17796   0.22938   2.92087   0.82771   0.72725   1.13721  
 32 859.6878  24588.874153  x:  0.01989   0.13429   0.03394   0.01843   0.00972   0.00322   0.00592   0.00355   0.00626   0.00967   0.01273   0.02953   0.04699   0.10580   0.31207   0.74448   0.15704   0.22555   0.04519   0.00555   0.06327   0.17942   0.03829   0.04499   0.17965   0.21779   0.00297   0.17707   0.22281   2.96847   0.82684   0.72385   1.13610  
 33 476.5520  24583.906125  x:  0.02072   0.13064   0.03667   0.01821   0.00966   0.00321   0.00594   0.00355   0.00623   0.00969   0.01280   0.03048   0.04787   0.11750   0.29053   0.70245   0.16803   0.22047   0.04936   0.00594   0.05416   0.17782   0.03896   0.04048   0.19028   0.22242   0.00304   0.17811   0.22354   3.03305   0.81866   0.71111   1.13371  
 34 429.4409  24582.131845  x:  0.01958   0.13227   0.02984   0.01838   0.00964   0.00320   0.00589   0.00352   0.00621   0.00961   0.01265   0.02916   0.04751   0.11909   0.28874   0.68361   0.17005   0.21928   0.04784   0.00631   0.05189   0.17802   0.03917   0.04606   0.18978   0.22396   0.00267   0.17842   0.22609   3.05720   0.81299   0.70413   1.13240  
 35 496.9061  24578.579786  x:  0.02204   0.14102   0.03471   0.01817   0.00970   0.00319   0.00592   0.00354   0.00620   0.00968   0.01276   0.03028   0.04718   0.11540   0.29861   0.63943   0.16880   0.21840   0.04428   0.00593   0.05518   0.17998   0.03577   0.04701   0.18007   0.22524   0.00271   0.17841   0.23386   3.10866   0.79554   0.68452   1.12872  
 36 503.0130  24577.732441  x:  0.01986   0.14028   0.03284   0.01822   0.00967   0.00319   0.00588   0.00352   0.00619   0.00962   0.01267   0.02958   0.04785   0.11384   0.30307   0.62967   0.16731   0.21910   0.04503   0.00595   0.05624   0.18013   0.03968   0.04230   0.17832   0.22441   0.00249   0.17823   0.23423   3.12130   0.78920   0.67823   1.12744  
 37 357.5469  24576.828055  x:  0.01790   0.13326   0.03358   0.01817   0.00968   0.00318   0.00588   0.00352   0.00619   0.00963   0.01271   0.02973   0.04756   0.11364   0.31086   0.62280   0.16342   0.22214   0.05115   0.00577   0.05502   0.17873   0.03859   0.04422   0.17960   0.22095   0.00276   0.17759   0.23008   3.13616   0.77660   0.66650   1.12507  
 38 172.9896  24575.967900  x:  0.02147   0.13086   0.03324   0.01811   0.00974   0.00318   0.00590   0.00353   0.00618   0.00968   0.01270   0.03001   0.04763   0.11698   0.31438   0.62402   0.16051   0.22633   0.04410   0.00621   0.05522   0.17768   0.03869   0.04392   0.18344   0.21858   0.00324   0.17708   0.22440   3.15127   0.75770   0.64808   1.12171  
 39 132.6770  24573.878081  x:  0.01767   0.14268   0.03358   0.01791   0.00996   0.00319   0.00591   0.00356   0.00618   0.00980   0.01279   0.03061   0.04802   0.11496   0.30861   0.64183   0.15973   0.23248   0.04766   0.00589   0.05495   0.17874   0.03953   0.04442   0.18474   0.22130   0.00396   0.17740   0.22133   3.19069   0.70017   0.58965   1.11171  
 40 192.8264  24573.199744  x:  0.01878   0.13595   0.03367   0.01787   0.01002   0.00318   0.00592   0.00356   0.00617   0.00983   0.01279   0.03079   0.04810   0.11561   0.30570   0.64968   0.16109   0.22793   0.04707   0.00588   0.05588   0.18009   0.03952   0.04452   0.17906   0.22240   0.00379   0.17831   0.22855   3.20339   0.68022   0.57014   1.10791  
 41 164.2300  24573.144798  x:  0.01865   0.13658   0.03368   0.01786   0.01003   0.00318   0.00592   0.00356   0.00617   0.00983   0.01279   0.03080   0.04811   0.11561   0.30722   0.65056   0.16263   0.22385   0.04704   0.00591   0.05572   0.17945   0.03956   0.04451   0.18039   0.22106   0.00380   0.17814   0.22899   3.20444   0.67863   0.56851   1.10711  
 42 22.6744  24573.134618  x:  0.01865   0.13644   0.03369   0.01786   0.01003   0.00318   0.00592   0.00356   0.00617   0.00984   0.01279   0.03082   0.04811   0.11567   0.30781   0.65069   0.16396   0.22339   0.04704   0.00590   0.05575   0.17983   0.03957   0.04453   0.17992   0.22168   0.00385   0.17827   0.22801   3.20463   0.67869   0.56821   1.10634  
 43  6.2846  24572.288626  x:  0.01840   0.13606   0.03386   0.01771   0.01012   0.00317   0.00595   0.00357   0.00616   0.00992   0.01299   0.03127   0.04827   0.11566   0.30955   0.65310   0.15983   0.22002   0.04680   0.00585   0.05584   0.17779   0.03993   0.04475   0.18147   0.23191   0.00474   0.17161   0.22769   3.21878   0.70078   0.56179   0.99090  
 44  3.9386  24570.188030  x:  0.01787   0.13689   0.03430   0.01745   0.01042   0.00315   0.00601   0.00359   0.00615   0.01006   0.01341   0.03226   0.04863   0.11623   0.31147   0.65832   0.16125   0.22190   0.04668   0.00604   0.05602   0.17899   0.04071   0.04534   0.18259   0.23142   0.00525   0.17775   0.23033   3.24996   0.75083   0.54674   0.73661  
 45 713.4127  24570.139829  x:  0.01786   0.13686   0.03431   0.01744   0.01043   0.00315   0.00601   0.00359   0.00615   0.01007   0.01343   0.03230   0.04864   0.11622   0.31151   0.65851   0.16255   0.22286   0.04668   0.00609   0.05586   0.18027   0.04073   0.04536   0.18267   0.23014   0.00543   0.17503   0.23102   3.25091   0.75198   0.54645   0.73090  
 46 38.1615  24559.873669  x:  0.01684   0.13578   0.03648   0.01686   0.01138   0.00301   0.00615   0.00352   0.00621   0.01009   0.01586   0.03326   0.04893   0.10977   0.33590   0.69194   0.16414   0.23848   0.04398   0.00862   0.04884   0.20800   0.04227   0.04636   0.20150   0.23513   0.00494   0.19004   0.24846   3.52728   0.70880   0.63011   1.04204  
 47  2.3673  24557.943194  x:  0.01671   0.13576   0.03671   0.01677   0.01150   0.00298   0.00616   0.00351   0.00622   0.01007   0.01626   0.03333   0.04895   0.10862   0.34032   0.69799   0.17448   0.24800   0.04334   0.00903   0.05046   0.18758   0.04269   0.04642   0.19926   0.23496   0.00486   0.18924   0.25398   3.57401   0.70078   0.64489   1.09464  
 48 350.7272  24555.352053  x:  0.01784   0.13834   0.03517   0.01703   0.01155   0.00275   0.00606   0.00327   0.00594   0.00984   0.01501   0.03273   0.04868   0.11602   0.33722   0.70341   0.16889   0.24174   0.04586   0.00750   0.05591   0.18504   0.04122   0.04603   0.19462   0.23685   0.00367   0.18687   0.24911   3.77361   0.67025   0.69060   1.24660  
 49  0.1709  24554.718242  x:  0.01671   0.13669   0.03546   0.01691   0.01155   0.00271   0.00614   0.00328   0.00601   0.01015   0.01495   0.03384   0.04840   0.11167   0.33156   0.69935   0.16921   0.23856   0.04439   0.00769   0.05261   0.18511   0.04144   0.04583   0.19352   0.23478   0.00466   0.18583   0.24672   3.82350   0.64632   0.75565   1.47453  
 50  0.1321  24553.621366  x:  0.01810   0.13790   0.03604   0.01669   0.01109   0.00271   0.00605   0.00344   0.00617   0.01020   0.01520   0.03378   0.04984   0.11380   0.33452   0.70272   0.17126   0.24169   0.04541   0.00784   0.05371   0.18835   0.04233   0.04671   0.19717   0.23719   0.00546   0.18781   0.24960   3.77236   0.62502   1.00197   2.19889  
 51  0.1563  24553.388917  x:  0.01726   0.13762   0.03575   0.01681   0.01148   0.00273   0.00597   0.00338   0.00614   0.01006   0.01491   0.03352   0.04907   0.11378   0.33458   0.70162   0.16986   0.24051   0.04508   0.00769   0.05403   0.18588   0.04196   0.04634   0.19516   0.23689   0.00491   0.18655   0.24870   3.76826   0.60709   1.05181   2.40678  
 52  0.1905  24553.219748  x:  0.01645   0.13747   0.03551   0.01687   0.01186   0.00275   0.00591   0.00333   0.00607   0.00994   0.01475   0.03346   0.04842   0.11377   0.33456   0.69995   0.16824   0.23913   0.04480   0.00755   0.05425   0.18416   0.04168   0.04607   0.19337   0.23664   0.00444   0.18615   0.24772   3.75284   0.61806   1.07612   2.48445  
 53  0.1138  24552.872786  x:  0.01857   0.13765   0.03537   0.01631   0.01107   0.00267   0.00582   0.00315   0.00534   0.00970   0.01639   0.03368   0.04912   0.11278   0.33334   0.69888   0.16926   0.23790   0.04517   0.00763   0.05284   0.18904   0.04065   0.04606   0.19432   0.23550   0.00344   0.18906   0.24835   3.76368   0.57449   1.36367   3.69110  
 54  0.1552  24552.405479  x:  0.01748   0.13752   0.03560   0.01650   0.01168   0.00276   0.00599   0.00324   0.00569   0.01006   0.01544   0.03358   0.04900   0.11344   0.33421   0.70101   0.16960   0.23983   0.04507   0.00762   0.05371   0.18651   0.04153   0.04622   0.19488   0.23638   0.00424   0.18766   0.24866   3.77316   0.59441   1.29371   3.43740  
 55  0.2162  24552.172107  x:  0.01645   0.13744   0.03566   0.01670   0.01186   0.00283   0.00610   0.00330   0.00591   0.01020   0.01466   0.03330   0.04866   0.11370   0.33483   0.70292   0.16913   0.24073   0.04488   0.00756   0.05419   0.18457   0.04195   0.04618   0.19474   0.23698   0.00451   0.18621   0.24843   3.79060   0.57431   1.39040   3.94399  
 56  0.2338  24551.952545  x:  0.01761   0.13759   0.03556   0.01681   0.01105   0.00280   0.00610   0.00336   0.00599   0.00995   0.01508   0.03328   0.04884   0.11312   0.33456   0.70304   0.16899   0.24008   0.04495   0.00771   0.05347   0.18671   0.04151   0.04608   0.19495   0.23664   0.00432   0.18696   0.24822   3.80056   0.56359   1.51570   4.65115  
 57  0.2834  24551.907113  x:  0.01701   0.13752   0.03555   0.01684   0.01161   0.00279   0.00606   0.00335   0.00605   0.01000   0.01492   0.03354   0.04873   0.11351   0.33460   0.70265   0.16919   0.24019   0.04497   0.00765   0.05383   0.18576   0.04164   0.04617   0.19467   0.23644   0.00430   0.18733   0.24854   3.79407   0.55899   1.58073   4.97695  
 58  0.1882  24551.891010  x:  0.01710   0.13753   0.03565   0.01680   0.01150   0.00271   0.00597   0.00331   0.00597   0.00997   0.01506   0.03332   0.04886   0.11336   0.33472   0.70302   0.16907   0.24025   0.04491   0.00757   0.05373   0.18582   0.04161   0.04614   0.19489   0.23700   0.00432   0.18699   0.24850   3.79399   0.55689   1.65493   5.31945  
 59  0.1430  24551.886142  x:  0.01716   0.13757   0.03558   0.01678   0.01151   0.00271   0.00597   0.00331   0.00597   0.01002   0.01503   0.03343   0.04880   0.11340   0.33457   0.70297   0.16909   0.24021   0.04497   0.00761   0.05375   0.18604   0.04163   0.04616   0.19479   0.23660   0.00438   0.18708   0.24842   3.79683   0.55412   1.70489   5.53090  
 60  0.1343  24551.882752  x:  0.01715   0.13755   0.03554   0.01678   0.01153   0.00273   0.00598   0.00332   0.00600   0.01004   0.01497   0.03347   0.04875   0.11343   0.33455   0.70287   0.16912   0.24022   0.04498   0.00764   0.05376   0.18599   0.04164   0.04615   0.19473   0.23645   0.00438   0.18712   0.24842   3.79773   0.55532   1.73616   5.64233  
 61  0.0733  24551.881208  x:  0.01711   0.13752   0.03558   0.01679   0.01150   0.00274   0.00599   0.00332   0.00600   0.01002   0.01498   0.03340   0.04878   0.11339   0.33467   0.70294   0.16911   0.24026   0.04493   0.00763   0.05373   0.18586   0.04163   0.04614   0.19479   0.23670   0.00432   0.18708   0.24848   3.79746   0.55461   1.76420   5.74597  
 62  0.0773  24551.881080  x:  0.01712   0.13754   0.03559   0.01679   0.01150   0.00274   0.00600   0.00332   0.00600   0.01001   0.01500   0.03341   0.04879   0.11340   0.33462   0.70290   0.16911   0.24023   0.04495   0.00762   0.05376   0.18593   0.04163   0.04615   0.19479   0.23666   0.00433   0.18708   0.24848   3.79710   0.55484   1.76469   5.74211  
 63  0.0029  24551.881066  x:  0.01712   0.13754   0.03559   0.01679   0.01151   0.00274   0.00600   0.00332   0.00599   0.01001   0.01500   0.03341   0.04879   0.11340   0.33462   0.70291   0.16911   0.24023   0.04495   0.00762   0.05375   0.18592   0.04163   0.04615   0.19479   0.23667   0.00433   0.18707   0.24847   3.79706   0.55489   1.76365   5.73635  
 64  0.0038  24551.881065  x:  0.01712   0.13754   0.03559   0.01680   0.01150   0.00274   0.00600   0.00332   0.00599   0.01001   0.01500   0.03341   0.04879   0.11340   0.33463   0.70291   0.16911   0.24023   0.04495   0.00762   0.05375   0.18592   0.04163   0.04615   0.19479   0.23667   0.00434   0.18707   0.24847   3.79708   0.55490   1.76347   5.73559  
 65  0.0005  24551.881064  x:  0.01712   0.13754   0.03559   0.01680   0.01150   0.00274   0.00600   0.00332   0.00599   0.01001   0.01500   0.03341   0.04879   0.11340   0.33463   0.70291   0.16911   0.24023   0.04495   0.00762   0.05375   0.18592   0.04163   0.04615   0.19479   0.23667   0.00433   0.18708   0.24847   3.79707   0.55489   1.76360   5.73613  
 66  0.0004  24551.881064  x:  0.01712   0.13754   0.03559   0.01680   0.01150   0.00274   0.00600   0.00332   0.00599   0.01001   0.01500   0.03341   0.04879   0.11340   0.33463   0.70291   0.16911   0.24023   0.04495   0.00762   0.05375   0.18592   0.04163   0.04615   0.19479   0.23667   0.00433   0.18708   0.24847   3.79707   0.55489   1.76364   5.73626  
 67  0.0001  24551.881064  x:  0.01712   0.13754   0.03559   0.01680   0.01150   0.00274   0.00600   0.00332   0.00599   0.01001   0.01500   0.03341   0.04879   0.11340   0.33463   0.70291   0.16911   0.24023   0.04495   0.00762   0.05375   0.18592   0.04163   0.04615   0.19479   0.23667   0.00433   0.18708   0.24847   3.79707   0.55489   1.76361   5.73617  
 68  0.0001  24551.881064  x:  0.01712   0.13754   0.03559   0.01680   0.01150   0.00274   0.00600   0.00332   0.00599   0.01001   0.01500   0.03341   0.04879   0.11340   0.33463   0.70291   0.16911   0.24023   0.04495   0.00762   0.05375   0.18592   0.04163   0.04615   0.19479   0.23667   0.00433   0.18708   0.24847   3.79707   0.55489   1.76358   5.73601  
 69  0.0000  24551.881064  x:  0.01712   0.13754   0.03559   0.01680   0.01150   0.00274   0.00600   0.00332   0.00599   0.01001   0.01500   0.03341   0.04879   0.11340   0.33463   0.70291   0.16911   0.24023   0.04495   0.00762   0.05375   0.18592   0.04163   0.04615   0.19479   0.23667   0.00433   0.18708   0.24847   3.79707   0.55489   1.76358   5.73601  
 70  0.0001  24551.881064  x:  0.01712   0.13754   0.03559   0.01680   0.01150   0.00274   0.00600   0.00332   0.00599   0.01001   0.01500   0.03341   0.04879   0.11340   0.33463   0.70291   0.16911   0.24023   0.04495   0.00762   0.05375   0.18592   0.04163   0.04615   0.19479   0.23667   0.00433   0.18708   0.24847   3.79707   0.55489   1.76358   5.73601  
 71  0.0044  24551.881064  x:  0.01712   0.13754   0.03559   0.01680   0.01150   0.00274   0.00600   0.00332   0.00599   0.01001   0.01500   0.03341   0.04879   0.11340   0.33463   0.70291   0.16911   0.24023   0.04495   0.00762   0.05375   0.18592   0.04163   0.04615   0.19479   0.23667   0.00433   0.18708   0.24847   3.79707   0.55489   1.76358   5.73601  
check convergence!
