

TREE # 1

  0  0.0000  11408.741847  x:  0.00000   0.08933   0.06290   0.02124   0.06047   0.05785   0.03230   0.02853   0.05822   0.02059   0.04866   0.02937   0.04016   0.06252   0.21013   0.29808   0.13028   0.13036   0.07451   0.03253   0.08160   0.14789   0.03098   0.04235   0.08150   0.17142   0.02860   0.11958   0.35569   2.00000   0.90000   0.29673   1.19979   2.14479  
  1 99.0000  11261.584977  x:  0.00842   0.09861   0.05233   0.00760   0.03559   0.03080   0.00860   0.00000   0.02967   0.00488   0.02767   0.01601   0.03616   0.06957   0.22662   0.31040   0.13412   0.14157   0.07587   0.01532   0.07550   0.15830   0.03669   0.04258   0.09442   0.17527   0.02228   0.12056   0.36742   2.00441   0.89979   0.31906   1.19483   2.14186  
  2 2120.7897  11244.501911  x:  0.01040   0.10091   0.04967   0.00445   0.02930   0.02396   0.00292   0.00106   0.02244   0.00155   0.02242   0.01280   0.03519   0.07130   0.23076   0.31349   0.13507   0.14438   0.07618   0.01098   0.07396   0.16090   0.03806   0.04262   0.09762   0.17623   0.02068   0.12080   0.37038   2.00553   0.89976   0.32466   1.19358   2.14112  
  3 12398.6321  11230.808682  x:  0.01151   0.10243   0.04783   0.00334   0.02491   0.01911   0.00064   0.00130   0.01724   0.00391   0.01891   0.01102   0.03461   0.07243   0.23361   0.31565   0.13570   0.14629   0.07635   0.00796   0.07286   0.16267   0.03888   0.04261   0.09976   0.17690   0.01958   0.12096   0.37246   2.00633   0.89977   0.32853   1.19270   2.14059  
  4 12371.9037  11197.082161  x:  0.01437   0.10644   0.04300   0.00111   0.01333   0.00635   0.00288   0.00182   0.00348   0.00679   0.00977   0.00659   0.03312   0.07540   0.24114   0.32137   0.13737   0.15134   0.07678   0.00000   0.06996   0.16735   0.04101   0.04257   0.10537   0.17865   0.01668   0.12137   0.37796   2.00847   0.89980   0.33876   1.19039   2.13919  
  5 24775.8559  11197.082161  x:  0.01437   0.10644   0.04300   0.00111   0.01333   0.00635   0.00288   0.00182   0.00348   0.00679   0.00977   0.00659   0.03312   0.07540   0.24114   0.32137   0.13737   0.15134   0.07678   0.00000   0.06996   0.16735   0.04101   0.04257   0.10537   0.17865   0.01668   0.12137   0.37796   2.00847   0.89980   0.33876   1.19039   2.13919  
  6 12019.7012  11180.649950  x:  0.01361   0.10674   0.04250   0.01770   0.01239   0.00562   0.00778   0.00158   0.00131   0.00838   0.01154   0.01159   0.03368   0.07553   0.24226   0.32237   0.13751   0.15199   0.07664   0.00034   0.06946   0.16794   0.04067   0.04238   0.10581   0.17894   0.01639   0.12142   0.37900   2.00897   0.90003   0.34035   1.18997   2.13890  
  7 4278.3512  11170.820301  x:  0.01047   0.10804   0.03964   0.01583   0.00786   0.00394   0.00764   0.00017   0.00054   0.01150   0.01620   0.01874   0.03415   0.07613   0.24738   0.32697   0.13821   0.15497   0.07620   0.00128   0.06739   0.17069   0.03936   0.04170   0.10785   0.18035   0.01528   0.12182   0.38378   2.01124   0.90099   0.34775   1.18802   2.13756  
  8 916.3442  11165.063380  x:  0.00731   0.10936   0.03676   0.01403   0.00337   0.00241   0.00753   0.00156   0.00035   0.01453   0.02077   0.02579   0.03464   0.07675   0.25256   0.33163   0.13892   0.15799   0.07575   0.00219   0.06529   0.17348   0.03804   0.04102   0.10991   0.18177   0.01416   0.12223   0.38863   2.01354   0.90197   0.35524   1.18604   2.13621  
  9 31847.2304  11162.915883  x:  0.00551   0.11016   0.03511   0.01343   0.00210   0.00276   0.00760   0.00157   0.00291   0.01586   0.02296   0.02939   0.03496   0.07712   0.25565   0.33442   0.13935   0.15979   0.07552   0.00256   0.06406   0.17514   0.03732   0.04067   0.11113   0.18262   0.01354   0.12249   0.39153   2.01493   0.90259   0.35972   1.18486   2.13540  
 10 6974.3737  11150.730484  x:  0.00000   0.11290   0.03004   0.01131   0.00747   0.00652   0.00772   0.00227   0.00376   0.01844   0.02815   0.03872   0.03607   0.07844   0.26592   0.34375   0.14078   0.16575   0.07491   0.00315   0.06011   0.18065   0.03523   0.03971   0.11518   0.18548   0.01169   0.12345   0.40125   2.01959   0.90474   0.37467   1.18086   2.13268  
 11 4566.0836  11150.730484  x:  0.00000   0.11290   0.03004   0.01131   0.00747   0.00652   0.00772   0.00227   0.00376   0.01844   0.02815   0.03872   0.03607   0.07844   0.26592   0.34375   0.14078   0.16575   0.07491   0.00315   0.06011   0.18065   0.03523   0.03971   0.11518   0.18548   0.01169   0.12345   0.40125   2.01959   0.90474   0.37467   1.18086   2.13268  
 12 2202.0662  11145.510659  x:  0.00054   0.11344   0.03040   0.01135   0.00742   0.00557   0.00753   0.00069   0.00055   0.01621   0.02585   0.03615   0.03624   0.07877   0.26733   0.34513   0.14101   0.16653   0.07523   0.00243   0.05991   0.18139   0.03562   0.04007   0.11568   0.18593   0.01195   0.12378   0.40271   2.02033   0.90530   0.37684   1.18023   2.13227  
 13 1030.9254  11133.161604  x:  0.00242   0.11546   0.03171   0.01148   0.00729   0.00278   0.00710   0.00269   0.00030   0.00824   0.01745   0.02661   0.03686   0.07996   0.27265   0.35036   0.14185   0.16945   0.07640   0.00000   0.05918   0.18418   0.03703   0.04136   0.11757   0.18762   0.01287   0.12501   0.40822   2.02313   0.90741   0.38500   1.17784   2.13074  
 14 2770.3391  11133.161604  x:  0.00242   0.11546   0.03171   0.01148   0.00729   0.00278   0.00710   0.00269   0.00030   0.00824   0.01745   0.02661   0.03686   0.07996   0.27265   0.35036   0.14185   0.16945   0.07640   0.00000   0.05918   0.18418   0.03703   0.04136   0.11757   0.18762   0.01287   0.12501   0.40822   2.02313   0.90741   0.38500   1.17784   2.13074  
 15 8643.3111  11131.934026  x:  0.00242   0.11551   0.03172   0.01148   0.00732   0.00331   0.00713   0.00245   0.00231   0.00839   0.01738   0.02643   0.03687   0.07999   0.27280   0.35052   0.14188   0.16953   0.07642   0.00017   0.05917   0.18426   0.03705   0.04138   0.11762   0.18768   0.01289   0.12504   0.40839   2.02322   0.90748   0.38524   1.17777   2.13069  
 16 2753.5593  11129.106351  x:  0.00244   0.11595   0.03187   0.01146   0.00759   0.00660   0.00737   0.00058   0.00201   0.00969   0.01680   0.02486   0.03695   0.08023   0.27417   0.35190   0.14209   0.17027   0.07665   0.00148   0.05909   0.18497   0.03722   0.04155   0.11808   0.18815   0.01300   0.12534   0.40986   2.02400   0.90811   0.38741   1.17711   2.13028  
 17 930.2360  11124.714294  x:  0.00249   0.11786   0.03252   0.01141   0.00855   0.01514   0.00841   0.00557   0.00133   0.01409   0.01448   0.01836   0.03731   0.08131   0.28008   0.35792   0.14301   0.17346   0.07759   0.00545   0.05866   0.18806   0.03793   0.04229   0.12007   0.19017   0.01346   0.12662   0.41626   2.02740   0.91088   0.39681   1.17427   2.12850  
 18 2175.3743  11102.338095  x:  0.00233   0.12458   0.03482   0.01168   0.00958   0.01057   0.00677   0.00417   0.00165   0.01524   0.01175   0.00454   0.03857   0.08526   0.30113   0.37952   0.14650   0.18487   0.08061   0.00498   0.05699   0.19910   0.04031   0.04482   0.12722   0.19733   0.01445   0.13120   0.43927   2.03970   0.92121   0.43074   1.16389   2.12215  
 19 1443.5540  11011.571516  x:  0.00000   0.16929   0.04963   0.01414   0.02276   0.00042   0.00779   0.00212   0.00240   0.02706   0.00400   0.01977   0.04679   0.11113   0.44203   0.52473   0.16994   0.26106   0.10075   0.00853   0.04699   0.27294   0.05522   0.06084   0.17470   0.24560   0.02050   0.16195   0.59408   2.12290   0.99166   0.65896   1.09370   2.07957  
 20 7039.0163  11000.480027  x:  0.00000   0.17479   0.05136   0.01447   0.02342   0.00226   0.00700   0.00243   0.00232   0.02529   0.00700   0.02112   0.04780   0.11432   0.45955   0.54288   0.17288   0.27052   0.10314   0.00567   0.04582   0.28212   0.05694   0.06272   0.18058   0.25160   0.02103   0.16576   0.61345   2.13337   0.99999   0.68758   1.08484   2.07428  
 21 25996.0485  10973.839555  x:  0.00000   0.19980   0.05680   0.01501   0.02076   0.00371   0.01494   0.00270   0.00233   0.02290   0.03294   0.02616   0.05214   0.12795   0.54322   0.63101   0.18671   0.31508   0.11385   0.00412   0.04423   0.32547   0.06254   0.06935   0.20764   0.28072   0.02183   0.18369   0.70783   2.18575   0.96863   0.82793   1.04029   2.04883  
 22 5088.2064  10963.835793  x:  0.00000   0.20006   0.05227   0.01389   0.01002   0.00819   0.00716   0.00354   0.00210   0.01380   0.01771   0.02971   0.05173   0.12662   0.55398   0.64529   0.18798   0.31936   0.11271   0.00108   0.05074   0.32992   0.05833   0.06574   0.20898   0.28460   0.01747   0.18524   0.72379   2.19790   0.96022   0.85263   1.03106   2.04483  
 23 914.4742  10960.728264  x:  0.00000   0.19580   0.04554   0.01494   0.00867   0.00843   0.01576   0.00327   0.00209   0.00947   0.01561   0.02914   0.05096   0.12251   0.55512   0.65130   0.18731   0.31763   0.10920   0.00118   0.05873   0.32854   0.05245   0.06030   0.20570   0.28511   0.01164   0.18472   0.73133   2.20772   0.96122   0.86513   1.02501   2.04320  
 24 448.9004  10955.655039  x:  0.00000   0.18615   0.03388   0.01574   0.01123   0.00742   0.01274   0.00321   0.00214   0.01508   0.01922   0.02876   0.04952   0.11419   0.55396   0.66030   0.18533   0.31210   0.10191   0.00029   0.07283   0.32365   0.04258   0.05088   0.19752   0.28489   0.00133   0.18341   0.74339   2.22659   0.96278   0.88578   1.01405   2.04077  
 25 834.6218  10952.932957  x:  0.00000   0.17643   0.03498   0.01455   0.01110   0.00638   0.00892   0.00350   0.00215   0.01073   0.02309   0.02850   0.04938   0.10866   0.54850   0.66568   0.18258   0.30409   0.09643   0.00946   0.08013   0.31597   0.04422   0.05078   0.18740   0.28309   0.00121   0.18377   0.75214   2.24561   0.96452   0.90136   1.00436   2.03919  
 26 431.8505  10945.328425  x:  0.00000   0.15094   0.04745   0.01350   0.00815   0.00647   0.01181   0.00324   0.00217   0.01544   0.02216   0.02859   0.05017   0.09747   0.52951   0.67777   0.17475   0.27998   0.08375   0.00394   0.09129   0.29233   0.05560   0.05721   0.15853   0.27628   0.00687   0.18543   0.77390   2.30018   0.96481   0.94128   0.97788   2.03540  
 27 853.4922  10943.946832  x:  0.00000   0.14762   0.04883   0.01545   0.01535   0.00722   0.01138   0.00330   0.00214   0.01325   0.01987   0.02849   0.05031   0.09769   0.52363   0.67963   0.17348   0.27414   0.08414   0.00237   0.09047   0.28652   0.05598   0.05774   0.15345   0.27440   0.00782   0.18550   0.77812   2.31493   0.96324   0.94985   0.97152   2.03463  
 28 545.4089  10937.151842  x:  0.00000   0.14846   0.04452   0.01716   0.01142   0.00699   0.01144   0.00330   0.00214   0.01342   0.02018   0.02851   0.04861   0.11385   0.48686   0.68211   0.17161   0.24608   0.10498   0.00426   0.06882   0.25835   0.04434   0.05368   0.14203   0.26427   0.00791   0.18348   0.79229   2.39762   0.96402   0.98504   0.94061   2.03168  
 29 409.6431  10934.871782  x:  0.00000   0.15258   0.04023   0.00947   0.01298   0.00706   0.01209   0.00326   0.00214   0.01317   0.01981   0.02845   0.04887   0.11434   0.47231   0.67927   0.17417   0.24052   0.10769   0.00374   0.06876   0.25403   0.04966   0.05614   0.14958   0.26179   0.00416   0.18147   0.79342   2.43262   0.96398   0.99358   0.93014   2.03110  
 30 309.7933  10931.559053  x:  0.00000   0.15939   0.03623   0.01552   0.01194   0.00703   0.01176   0.00330   0.00214   0.01358   0.01989   0.02844   0.05024   0.11300   0.45124   0.67364   0.17895   0.23466   0.10908   0.00420   0.07155   0.25046   0.05779   0.05967   0.16349   0.25888   0.00000   0.17888   0.79347   2.48575   0.96410   1.00418   0.91524   2.03045  
 31 1001.6969  10926.745023  x:  0.00000   0.17024   0.04850   0.01439   0.01288   0.00690   0.01184   0.00329   0.00215   0.01426   0.02020   0.02816   0.04925   0.10695   0.41843   0.65866   0.18971   0.23440   0.10273   0.00364   0.07985   0.25532   0.04778   0.05173   0.18567   0.25749   0.01345   0.18062   0.78829   2.59106   0.96443   1.01637   0.88947   2.03009  
 32 502.9555  10919.182730  x:  0.00000   0.16717   0.04723   0.01413   0.01241   0.00713   0.01175   0.00332   0.00213   0.01324   0.01953   0.02817   0.04711   0.10277   0.40488   0.62648   0.19975   0.26001   0.08159   0.00513   0.05887   0.28650   0.03814   0.06385   0.17057   0.26741   0.00479   0.18001   0.76421   2.78244   0.96376   1.01411   0.85277   2.03194  
 33 295.1759  10913.287048  x:  0.00000   0.16279   0.03708   0.01438   0.01201   0.00715   0.01174   0.00329   0.00213   0.01348   0.01962   0.02817   0.05124   0.10958   0.41716   0.60102   0.19557   0.27802   0.09257   0.00392   0.06479   0.30664   0.05408   0.04724   0.15096   0.27514   0.01346   0.18406   0.74049   2.94853   0.96350   0.99999   0.82568   2.03496  
 34 515.1645  10909.220785  x:  0.00000   0.16048   0.04936   0.01414   0.01242   0.00708   0.01156   0.00328   0.00214   0.01375   0.02020   0.02804   0.04674   0.11583   0.44411   0.58920   0.18212   0.28230   0.10939   0.00326   0.08158   0.30758   0.04997   0.05418   0.14775   0.27668   0.00286   0.18106   0.72363   3.07097   0.96336   0.97969   0.80889   2.03840  
 35 433.8340  10906.040079  x:  0.00000   0.15693   0.04069   0.01405   0.01203   0.00714   0.01137   0.00324   0.00213   0.01343   0.02031   0.02814   0.05200   0.10768   0.47855   0.59052   0.16821   0.27828   0.10933   0.00252   0.08018   0.29406   0.04240   0.06431   0.15896   0.27318   0.01303   0.18179   0.71516   3.17144   0.96282   0.95271   0.79764   2.04253  
 36 322.0430  10903.716249  x:  0.00000   0.15638   0.04508   0.01429   0.01182   0.00731   0.01120   0.00323   0.00211   0.01278   0.02011   0.02820   0.04675   0.10327   0.50543   0.60019   0.16416   0.27346   0.09857   0.00292   0.06919   0.27955   0.04716   0.05226   0.16920   0.26887   0.00873   0.17941   0.71358   3.24428   0.96210   0.92591   0.79040   2.04655  
 37 317.3494  10902.546359  x:  0.00000   0.16112   0.04599   0.01372   0.01173   0.00735   0.01105   0.00324   0.00211   0.01274   0.02014   0.02816   0.05554   0.11159   0.51327   0.61923   0.17753   0.27050   0.09078   0.00298   0.07282   0.27385   0.04644   0.05183   0.16585   0.26641   0.00675   0.17991   0.72207   3.28473   0.96177   0.89775   0.78682   2.05091  
 38 111.2246  10901.641432  x:  0.00000   0.16497   0.04315   0.01426   0.01180   0.00738   0.01098   0.00324   0.00211   0.01280   0.02019   0.02809   0.04674   0.11315   0.51603   0.63734   0.18797   0.26837   0.08948   0.00263   0.07613   0.27290   0.04685   0.05469   0.16178   0.26589   0.00912   0.18196   0.73207   3.31480   0.96154   0.87268   0.78312   2.05500  
 39 214.6205  10900.819013  x:  0.00000   0.16476   0.04521   0.01411   0.01173   0.00743   0.01090   0.00323   0.00210   0.01265   0.02012   0.02799   0.04934   0.10206   0.51277   0.65871   0.18952   0.26645   0.09794   0.00233   0.07404   0.28006   0.04672   0.05406   0.15958   0.26900   0.00645   0.18349   0.74729   3.34216   0.96128   0.84327   0.77529   2.06050  
 40 111.5014  10900.240359  x:  0.00000   0.15730   0.04461   0.01415   0.01168   0.00746   0.01084   0.00323   0.00210   0.01263   0.02010   0.02794   0.04905   0.10888   0.50670   0.67396   0.17765   0.26693   0.09657   0.00224   0.07380   0.28927   0.04677   0.05391   0.16474   0.27285   0.00594   0.18461   0.76251   3.35992   0.96116   0.81830   0.76106   2.06656  
 41 74.2244  10899.548115  x:  0.00000   0.17030   0.04444   0.01410   0.01175   0.00740   0.01085   0.00322   0.00210   0.01271   0.02016   0.02777   0.04958   0.10854   0.50498   0.68165   0.16241   0.28557   0.09338   0.00232   0.07563   0.28420   0.04731   0.05408   0.16096   0.26960   0.00560   0.18420   0.78357   3.37334   0.96144   0.78259   0.70603   2.08140  
 42 35.1905  10897.778229  x:  0.00000   0.15665   0.04532   0.01432   0.01196   0.00726   0.01103   0.00321   0.00210   0.01316   0.01999   0.02722   0.04999   0.11033   0.51712   0.69058   0.17292   0.31270   0.10136   0.00267   0.07547   0.27537   0.04757   0.05490   0.16963   0.27045   0.00397   0.18901   0.82257   3.39758   0.96242   0.69403   0.53624   2.12373  
 43 94.6780  10896.699449  x:  0.00000   0.16486   0.04556   0.01441   0.01214   0.00714   0.01117   0.00320   0.00210   0.01346   0.01994   0.02688   0.05043   0.11120   0.53048   0.69575   0.17491   0.30115   0.09894   0.00288   0.07550   0.28544   0.04800   0.05535   0.16960   0.27756   0.00366   0.19171   0.83845   3.40996   0.96313   0.64302   0.42841   2.14965  
 44 159.8785  10896.686183  x:  0.00000   0.16454   0.04554   0.01441   0.01213   0.00713   0.01116   0.00320   0.00210   0.01345   0.01997   0.02690   0.05041   0.11122   0.53038   0.69768   0.17489   0.30148   0.09912   0.00289   0.07548   0.28646   0.04800   0.05533   0.16954   0.27545   0.00435   0.18916   0.83668   3.41029   0.96314   0.64277   0.42686   2.15058  
 45  2.8118  10896.627719  x:  0.00000   0.16446   0.04552   0.01442   0.01210   0.00711   0.01115   0.00319   0.00211   0.01342   0.02003   0.02703   0.05043   0.11128   0.52802   0.70663   0.17349   0.30356   0.09922   0.00281   0.07558   0.28539   0.04807   0.05542   0.16971   0.27553   0.00391   0.19203   0.82631   3.41237   0.96320   0.64153   0.42131   2.15612  
 46  3.8777  10896.510141  x:  0.00000   0.16471   0.04551   0.01443   0.01202   0.00704   0.01109   0.00316   0.00212   0.01334   0.02024   0.02734   0.05047   0.11133   0.52619   0.70912   0.17363   0.30433   0.09922   0.00249   0.07579   0.28202   0.04820   0.05548   0.16961   0.28421   0.00553   0.18609   0.82306   3.41791   0.96328   0.63676   0.41549   2.16862  
 47  4.7928  10894.754770  x:  0.00000   0.16489   0.04511   0.01449   0.01086   0.00647   0.01027   0.00284   0.00221   0.01199   0.02235   0.03109   0.05055   0.11137   0.51909   0.69651   0.17727   0.29664   0.09956   0.00000   0.07576   0.28227   0.04916   0.05618   0.17023   0.27900   0.00380   0.18921   0.82859   3.48382   0.96364   0.57845   0.35998   2.31379  
 48 21.5395  10892.463536  x:  0.00000   0.17308   0.04467   0.01463   0.01037   0.00628   0.00994   0.00268   0.00215   0.01381   0.02095   0.03105   0.05073   0.11310   0.51091   0.69815   0.18528   0.28028   0.10094   0.00296   0.07119   0.29272   0.05199   0.05849   0.17661   0.27880   0.00278   0.19076   0.81851   3.63739   0.96371   0.57903   0.36848   2.86058  
 49  2.4534  10890.789581  x:  0.00000   0.17286   0.04312   0.01472   0.00964   0.00700   0.00923   0.00262   0.00202   0.01400   0.02042   0.03018   0.05032   0.11179   0.49492   0.68637   0.18801   0.26722   0.09990   0.00398   0.07212   0.28918   0.05237   0.05846   0.17537   0.27524   0.00232   0.18799   0.80415   3.73061   0.96109   0.44340   0.26788   2.52743  
 50  2.0187  10890.188405  x:  0.00000   0.17084   0.04395   0.01478   0.01085   0.00729   0.01028   0.00221   0.00189   0.01458   0.01928   0.02615   0.05008   0.11168   0.48301   0.67434   0.18650   0.27078   0.10026   0.00242   0.07218   0.28812   0.05148   0.05733   0.17435   0.27386   0.00464   0.18625   0.78468   3.75631   0.96001   0.44658   0.28556   2.54678  
 51  0.0450  10890.015196  x:  0.00000   0.16944   0.04427   0.01483   0.01113   0.00711   0.01047   0.00203   0.00186   0.01442   0.01959   0.02494   0.05006   0.11161   0.48274   0.66860   0.18580   0.27416   0.10040   0.00242   0.07230   0.28743   0.05082   0.05689   0.17399   0.27350   0.00484   0.18675   0.78598   3.75796   0.96024   0.43131   0.25916   2.60963  
 52  0.1356  10889.923825  x:  0.00000   0.16846   0.04404   0.01486   0.01073   0.00694   0.00991   0.00190   0.00184   0.01361   0.02063   0.02435   0.04992   0.11089   0.48369   0.66483   0.18482   0.27257   0.09940   0.00231   0.07268   0.28651   0.05002   0.05657   0.17224   0.27276   0.00436   0.18677   0.78516   3.73181   0.95995   0.42684   0.26116   2.61729  
 53  0.0285  10889.897199  x:  0.00000   0.16919   0.04388   0.01484   0.01059   0.00712   0.00988   0.00198   0.00180   0.01374   0.02030   0.02395   0.04999   0.11098   0.48595   0.66878   0.18512   0.27128   0.09949   0.00217   0.07271   0.28694   0.05031   0.05696   0.17246   0.27359   0.00414   0.18671   0.78593   3.71167   0.95920   0.42357   0.25733   2.62205  
 54  0.0166  10889.885750  x:  0.00000   0.16908   0.04387   0.01479   0.01067   0.00722   0.01006   0.00204   0.00178   0.01370   0.02053   0.02431   0.05003   0.11119   0.48476   0.66864   0.18540   0.27229   0.10001   0.00232   0.07296   0.28644   0.05062   0.05700   0.17294   0.27324   0.00414   0.18686   0.78634   3.70083   0.95843   0.42255   0.25733   2.61817  
 55  0.0071  10889.874214  x:  0.00000   0.16915   0.04396   0.01478   0.01071   0.00744   0.01000   0.00206   0.00175   0.01390   0.02068   0.02402   0.05001   0.11127   0.48387   0.66723   0.18544   0.27160   0.09996   0.00227   0.07295   0.28695   0.05055   0.05674   0.17289   0.27340   0.00443   0.18678   0.78451   3.70279   0.95691   0.43010   0.26406   2.59088  
 56  0.0114  10889.864805  x:  0.00000   0.16925   0.04398   0.01484   0.01070   0.00760   0.01002   0.00203   0.00174   0.01386   0.02092   0.02408   0.05002   0.11121   0.48568   0.66854   0.18550   0.27236   0.09973   0.00236   0.07269   0.28716   0.05041   0.05684   0.17287   0.27376   0.00422   0.18702   0.78706   3.71356   0.95551   0.42698   0.26142   2.56610  
 57  0.0146  10889.861493  x:  0.00000   0.16932   0.04393   0.01485   0.01064   0.00764   0.01001   0.00200   0.00176   0.01375   0.02092   0.02428   0.05006   0.11121   0.48581   0.66983   0.18541   0.27253   0.09983   0.00230   0.07301   0.28709   0.05046   0.05704   0.17292   0.27377   0.00409   0.18713   0.78770   3.71482   0.95498   0.43132   0.26476   2.56663  
 58  0.0034  10889.855275  x:  0.00000   0.16948   0.04396   0.01485   0.01069   0.00760   0.01011   0.00190   0.00182   0.01374   0.02082   0.02409   0.05008   0.11140   0.48516   0.66953   0.18574   0.27219   0.10015   0.00218   0.07333   0.28707   0.05067   0.05696   0.17319   0.27376   0.00423   0.18717   0.78779   3.71463   0.95402   0.43060   0.26504   2.53928  
 59  0.0057  10889.842620  x:  0.00000   0.16922   0.04393   0.01483   0.01069   0.00736   0.00991   0.00192   0.00195   0.01386   0.02058   0.02429   0.05003   0.11130   0.48578   0.66879   0.18564   0.27253   0.09989   0.00239   0.07279   0.28697   0.05060   0.05670   0.17307   0.27379   0.00418   0.18712   0.78767   3.70947   0.95251   0.43245   0.26693   2.52004  
 60  0.0054  10889.835886  x:  0.00000   0.16953   0.04400   0.01486   0.01067   0.00717   0.01016   0.00198   0.00195   0.01384   0.02075   0.02414   0.05009   0.11124   0.48603   0.66999   0.18536   0.27246   0.09974   0.00240   0.07281   0.28745   0.05044   0.05714   0.17289   0.27397   0.00418   0.18712   0.78712   3.71210   0.95152   0.43519   0.26976   2.50399  
 61  0.0076  10889.830716  x:  0.00000   0.16946   0.04401   0.01487   0.01069   0.00709   0.01000   0.00205   0.00187   0.01379   0.02062   0.02410   0.05004   0.11128   0.48562   0.66975   0.18547   0.27290   0.09993   0.00229   0.07321   0.28729   0.05042   0.05708   0.17306   0.27393   0.00416   0.18721   0.78816   3.71776   0.95063   0.43476   0.26994   2.49387  
 62  0.0053  10889.828838  x:  0.00000   0.16947   0.04395   0.01486   0.01068   0.00703   0.01004   0.00204   0.00181   0.01376   0.02063   0.02422   0.05007   0.11133   0.48593   0.66959   0.18565   0.27235   0.09988   0.00229   0.07295   0.28722   0.05057   0.05689   0.17309   0.27393   0.00418   0.18719   0.78788   3.71581   0.95051   0.43531   0.27007   2.48889  
 63  0.0030  10889.828379  x:  0.00000   0.16942   0.04396   0.01486   0.01068   0.00702   0.01004   0.00200   0.00179   0.01380   0.02059   0.02421   0.05008   0.11130   0.48588   0.66973   0.18553   0.27269   0.09989   0.00231   0.07295   0.28721   0.05055   0.05696   0.17305   0.27393   0.00416   0.18718   0.78790   3.71489   0.95049   0.43561   0.27054   2.48784  
 64  0.0010  10889.828355  x:  0.00000   0.16946   0.04397   0.01486   0.01068   0.00702   0.01004   0.00200   0.00179   0.01380   0.02059   0.02421   0.05007   0.11130   0.48587   0.66971   0.18554   0.27261   0.09988   0.00232   0.07299   0.28726   0.05053   0.05697   0.17305   0.27394   0.00417   0.18718   0.78789   3.71498   0.95046   0.43562   0.27055   2.48757  
 65  0.0003  10889.828355  x:  0.00000   0.16946   0.04397   0.01486   0.01068   0.00702   0.01004   0.00200   0.00179   0.01380   0.02059   0.02421   0.05007   0.11130   0.48587   0.66970   0.18554   0.27261   0.09988   0.00232   0.07299   0.28725   0.05052   0.05697   0.17306   0.27394   0.00417   0.18718   0.78789   3.71499   0.95045   0.43563   0.27056   2.48754  