

TREE # 1

  0  0.0000   8464.061087  x:  0.00275   0.09030   0.02692   0.01451   0.01120   0.01039   0.00741   0.00780   0.00828   0.00515   0.00976   0.02606   0.03641   0.05868   0.13423   0.47591   0.06728   0.12138   0.03052   0.00000   0.02589   0.12132   0.02015   0.03712   0.16931   0.11557   0.01898   0.12266   0.14087   2.00000   0.90000   0.29673   1.19979  
  1 99.0000   8446.370928  x:  0.00829   0.09143   0.02659   0.01250   0.00972   0.00399   0.00415   0.00231   0.00076   0.00161   0.00504   0.02497   0.03797   0.06120   0.13680   0.47628   0.06984   0.12173   0.03370   0.00749   0.02913   0.12310   0.02131   0.03873   0.17130   0.11645   0.02263   0.12421   0.14253   2.00096   0.90604   0.29121   1.20096  
  2 1354.9365   8442.010791  x:  0.01040   0.09213   0.02635   0.01139   0.00907   0.00117   0.00374   0.00209   0.00269   0.00439   0.00334   0.02432   0.03896   0.06287   0.13855   0.47653   0.07162   0.12194   0.03525   0.00968   0.03090   0.12430   0.02188   0.03975   0.17271   0.11696   0.02446   0.12526   0.14367   2.00166   0.91043   0.28716   1.20181  
  3 1551.9465   8430.324648  x:  0.01810   0.09545   0.02516   0.00681   0.00685   0.00905   0.00494   0.00625   0.00390   0.01046   0.00160   0.02139   0.04365   0.07085   0.14714   0.47778   0.08032   0.12288   0.04168   0.01647   0.03877   0.13016   0.02416   0.04455   0.17972   0.11939   0.03219   0.13034   0.14932   2.00524   0.93250   0.26666   1.20609  
  4 2474.0184   8424.310963  x:  0.02148   0.09780   0.02426   0.00622   0.00719   0.00944   0.00577   0.00681   0.00392   0.01258   0.01127   0.01989   0.04677   0.07647   0.15360   0.47877   0.08676   0.12342   0.04523   0.01841   0.04366   0.13451   0.02511   0.04766   0.18511   0.12106   0.03666   0.13409   0.15360   2.00811   0.94954   0.25048   1.20940  
  5 3497.2096   8408.975086  x:  0.01533   0.10116   0.02267   0.01720   0.01340   0.00679   0.00734   0.00529   0.00308   0.00818   0.00708   0.02112   0.04984   0.08455   0.16550   0.48082   0.09797   0.12322   0.04511   0.00516   0.04721   0.14213   0.02271   0.05051   0.19563   0.12324   0.03791   0.14050   0.16162   2.01453   0.98230   0.21710   1.21593  
  6 1421.1613   8404.747135  x:  0.01187   0.10151   0.02195   0.01199   0.00947   0.00564   0.00521   0.00503   0.00305   0.00604   0.00659   0.02075   0.04890   0.08558   0.16845   0.48135   0.10028   0.12230   0.04398   0.00000   0.04674   0.14378   0.02137   0.05012   0.19831   0.12341   0.03694   0.14176   0.16360   2.01676   0.98831   0.20870   1.21754  
  7 806.2559   8403.973357  x:  0.01029   0.10137   0.02148   0.00935   0.01017   0.00499   0.00865   0.00427   0.00194   0.00658   0.00625   0.02067   0.04770   0.08521   0.17017   0.48164   0.10109   0.12079   0.04348   0.00000   0.04589   0.14449   0.02087   0.04911   0.19982   0.12332   0.03633   0.14214   0.16471   2.01881   0.98738   0.20437   1.21840  
  8 279.4370   8401.825004  x:  0.00689   0.10039   0.02051   0.00859   0.01361   0.00604   0.00857   0.00370   0.00540   0.00417   0.00631   0.02032   0.04279   0.08227   0.17708   0.48281   0.10349   0.11307   0.04254   0.00000   0.04199   0.14694   0.02024   0.04439   0.20580   0.12260   0.03426   0.14305   0.16907   2.02869   0.97625   0.18789   1.22190  
  9 324.5948   8400.455626  x:  0.00443   0.09960   0.02056   0.01065   0.01284   0.00575   0.00700   0.00624   0.00314   0.00692   0.00656   0.02030   0.04022   0.08009   0.18145   0.48363   0.10491   0.10768   0.04157   0.00000   0.03894   0.14835   0.02021   0.04177   0.20968   0.12193   0.03218   0.14340   0.17178   2.03603   0.96864   0.17682   1.22443  
 10 802.9396   8400.004163  x:  0.00501   0.09928   0.02139   0.01186   0.01039   0.00645   0.00757   0.00423   0.00334   0.00760   0.00665   0.02060   0.04122   0.07932   0.18261   0.48402   0.10530   0.10563   0.04135   0.00000   0.03778   0.14853   0.02112   0.04241   0.21088   0.12146   0.03091   0.14320   0.17243   2.04008   0.96594   0.17294   1.22575  
 11 229.2564   8399.558783  x:  0.00735   0.09876   0.02233   0.01119   0.00998   0.00554   0.00806   0.00582   0.00333   0.00630   0.00652   0.02113   0.04446   0.07855   0.18341   0.48468   0.10576   0.10317   0.04139   0.00000   0.03680   0.14833   0.02244   0.04480   0.21209   0.12069   0.02931   0.14259   0.17273   2.04746   0.96268   0.16858   1.22807  
 12 195.2242   8399.246279  x:  0.00817   0.09826   0.02207   0.00995   0.01155   0.00589   0.00644   0.00492   0.00275   0.00731   0.00646   0.02082   0.04649   0.07838   0.18345   0.48527   0.10624   0.10182   0.04133   0.00000   0.03694   0.14798   0.02213   0.04627   0.21276   0.12022   0.02900   0.14209   0.17264   2.05465   0.96071   0.16625   1.23030  
 13 201.1005   8398.162820  x:  0.00835   0.09644   0.01893   0.01056   0.00981   0.00533   0.00667   0.00503   0.00248   0.00657   0.00631   0.01762   0.04855   0.07975   0.18146   0.48782   0.10867   0.09942   0.04167   0.00000   0.04177   0.14611   0.01694   0.04810   0.21400   0.11936   0.03329   0.14042   0.17110   2.08841   0.95500   0.16287   1.24063  
 14 201.6901   8395.996723  x:  0.00610   0.09394   0.02031   0.00954   0.00839   0.00487   0.00588   0.00487   0.00201   0.00609   0.00623   0.02590   0.04573   0.08378   0.17602   0.49369   0.11394   0.09691   0.04205   0.00000   0.05100   0.14205   0.01753   0.04965   0.21505   0.11834   0.04135   0.13707   0.16703   2.16915   0.94698   0.15951   1.26548  
 15 627.6598   8392.206535  x:  0.00518   0.09409   0.02604   0.00921   0.00929   0.00422   0.00549   0.00473   0.00153   0.00540   0.00581   0.01680   0.03878   0.08644   0.16847   0.50312   0.11977   0.09649   0.04164   0.00000   0.05320   0.13676   0.02737   0.04720   0.21387   0.11776   0.04141   0.13288   0.16102   2.30545   0.94317   0.16057   1.30775  
 16 879.8046   8383.531981  x:  0.01465   0.09874   0.01928   0.00962   0.00930   0.00504   0.00604   0.00478   0.00206   0.00651   0.00609   0.02084   0.03825   0.08226   0.15652   0.52319   0.12482   0.09846   0.04210   0.00000   0.03857   0.12875   0.02244   0.03338   0.20713   0.11842   0.02632   0.12778   0.15081   2.62276   0.94523   0.17452   1.40660  
 17 1581.6034   8378.920757  x:  0.00388   0.09963   0.02074   0.00998   0.01002   0.00530   0.00693   0.00500   0.00288   0.00636   0.00607   0.02108   0.04484   0.07468   0.15727   0.53019   0.11701   0.09820   0.03724   0.00000   0.02909   0.13217   0.01972   0.04501   0.20203   0.12055   0.02637   0.13207   0.15233   2.79056   0.94594   0.18989   1.45919  
 18 1267.5955   8376.142450  x:  0.00704   0.09929   0.02406   0.00944   0.00951   0.00496   0.00628   0.00485   0.00235   0.00619   0.00595   0.02111   0.04185   0.06666   0.17013   0.52875   0.09838   0.09601   0.04003   0.00000   0.03317   0.14526   0.01815   0.04383   0.19970   0.12136   0.02695   0.14131   0.16353   2.89740   0.94608   0.20065   1.49380  
 19 554.5889   8375.680144  x:  0.00614   0.09829   0.01996   0.00949   0.00905   0.00476   0.00613   0.00480   0.00217   0.00601   0.00586   0.02128   0.04342   0.06973   0.17378   0.52586   0.09520   0.09860   0.03981   0.00000   0.03367   0.14771   0.02147   0.04269   0.19976   0.12106   0.02614   0.14263   0.16684   2.91505   0.94431   0.20286   1.50004  
 20 224.1789   8375.380265  x:  0.00610   0.09740   0.02213   0.00927   0.00899   0.00465   0.00602   0.00480   0.00206   0.00594   0.00581   0.02118   0.04476   0.07469   0.17699   0.52106   0.09389   0.10330   0.03943   0.00000   0.03278   0.14871   0.02020   0.04167   0.20038   0.12052   0.02527   0.14286   0.16991   2.92674   0.94198   0.20424   1.50485  
 21 145.0354   8375.291489  x:  0.00632   0.09736   0.02207   0.00928   0.00897   0.00465   0.00600   0.00479   0.00204   0.00594   0.00581   0.02120   0.04438   0.07473   0.17738   0.51962   0.09387   0.10433   0.03939   0.00215   0.03254   0.14860   0.02008   0.04206   0.20063   0.12046   0.02524   0.14272   0.17035   2.92833   0.94170   0.20426   1.50574  
 22 96.2182   8375.147755  x:  0.00733   0.09720   0.02143   0.00936   0.00891   0.00465   0.00595   0.00478   0.00200   0.00599   0.00581   0.02132   0.04233   0.07379   0.17854   0.51259   0.09407   0.10838   0.03897   0.00158   0.03216   0.14774   0.01967   0.04418   0.20188   0.11984   0.02475   0.14190   0.17181   2.93422   0.94088   0.20422   1.50959  
 23 71.3308   8374.985331  x:  0.00664   0.09753   0.02197   0.00925   0.00889   0.00464   0.00597   0.00479   0.00204   0.00595   0.00580   0.02123   0.04409   0.07054   0.17801   0.50092   0.09339   0.11062   0.03869   0.00149   0.03323   0.14578   0.02015   0.04243   0.20342   0.11953   0.02540   0.14062   0.17206   2.93998   0.94101   0.20364   1.51518  
 24 62.1377   8374.832241  x:  0.00659   0.09774   0.02165   0.00931   0.00901   0.00468   0.00602   0.00477   0.00209   0.00595   0.00580   0.02115   0.04332   0.07223   0.17587   0.48712   0.09079   0.10726   0.03976   0.00143   0.03188   0.14440   0.02001   0.04262   0.20357   0.11982   0.02577   0.14025   0.17038   2.94490   0.94189   0.20301   1.52228  
 25 54.6441   8374.796562  x:  0.00673   0.09724   0.02170   0.00934   0.00904   0.00469   0.00605   0.00477   0.00211   0.00595   0.00580   0.02115   0.04322   0.07231   0.17544   0.48383   0.09230   0.10600   0.03894   0.00164   0.03291   0.14582   0.01983   0.04280   0.20229   0.11968   0.02451   0.14093   0.16944   2.94535   0.94176   0.20342   1.52534  
 26 21.6974   8374.776272  x:  0.00691   0.09688   0.02169   0.00929   0.00899   0.00465   0.00600   0.00476   0.00207   0.00592   0.00579   0.02114   0.04329   0.07210   0.17560   0.48229   0.09386   0.10553   0.03899   0.00158   0.03204   0.14677   0.01997   0.04250   0.20107   0.11947   0.02533   0.14153   0.16920   2.94542   0.94150   0.20371   1.52837  
 27 20.5907   8374.725953  x:  0.00577   0.09760   0.02171   0.00924   0.00890   0.00457   0.00595   0.00472   0.00201   0.00583   0.00574   0.02115   0.04337   0.07182   0.17653   0.48174   0.09490   0.10498   0.04160   0.00158   0.03227   0.14642   0.01984   0.04277   0.19911   0.11919   0.02459   0.14044   0.16957   2.94338   0.94051   0.20466   1.54195  
 28 13.2267   8374.383114  x:  0.00677   0.09952   0.02156   0.00898   0.00867   0.00441   0.00578   0.00466   0.00190   0.00566   0.00563   0.02117   0.04285   0.07161   0.17940   0.48209   0.09412   0.10179   0.03720   0.00178   0.03297   0.14182   0.01972   0.04239   0.19238   0.11879   0.02528   0.13514   0.17168   2.92741   0.93539   0.21015   1.63896  
 29 84.4568   8373.746869  x:  0.00698   0.09081   0.02203   0.00852   0.00815   0.00405   0.00543   0.00451   0.00165   0.00529   0.00538   0.02110   0.04232   0.06944   0.17381   0.48479   0.09033   0.10287   0.03820   0.00215   0.03158   0.14036   0.01973   0.04180   0.19556   0.11750   0.02372   0.13810   0.16844   2.89699   0.92469   0.22030   1.82120  
 30 243.6498   8373.650649  x:  0.00689   0.09523   0.02194   0.00835   0.00792   0.00391   0.00528   0.00447   0.00152   0.00518   0.00531   0.02118   0.04241   0.06957   0.17215   0.48508   0.09028   0.10326   0.03796   0.00211   0.03112   0.14288   0.01969   0.04186   0.19854   0.11748   0.02389   0.13861   0.16708   2.89242   0.92182   0.22244   1.84955  
 31 110.7758   8373.646299  x:  0.00692   0.09490   0.02195   0.00835   0.00792   0.00390   0.00527   0.00447   0.00151   0.00518   0.00531   0.02118   0.04242   0.06955   0.17230   0.48507   0.09059   0.10289   0.03797   0.00211   0.03099   0.14341   0.01971   0.04184   0.19932   0.11791   0.02395   0.13762   0.16715   2.89233   0.92192   0.22299   1.85056  
 32  4.9086   8373.639995  x:  0.00691   0.09489   0.02197   0.00837   0.00794   0.00390   0.00527   0.00446   0.00151   0.00516   0.00530   0.02119   0.04242   0.06960   0.17280   0.48509   0.09113   0.10218   0.03793   0.00218   0.03101   0.14286   0.01975   0.04182   0.20025   0.11687   0.02394   0.13782   0.16728   2.89261   0.92215   0.22381   1.85093  
 33  1.2393   8373.559375  x:  0.00699   0.09530   0.02203   0.00838   0.00788   0.00376   0.00513   0.00437   0.00145   0.00494   0.00521   0.02123   0.04245   0.06978   0.17397   0.48510   0.09304   0.10113   0.03790   0.00206   0.03130   0.14002   0.01986   0.04184   0.20176   0.12092   0.02348   0.14044   0.16785   2.89840   0.92166   0.22527   1.85352  
 34  1.9693   8372.162782  x:  0.00629   0.09478   0.02211   0.00959   0.00869   0.00276   0.00440   0.00323   0.00184   0.00233   0.00414   0.02134   0.04101   0.07058   0.16803   0.48938   0.09337   0.10198   0.03736   0.00188   0.03219   0.14056   0.01979   0.04178   0.20013   0.11862   0.02481   0.13783   0.16756   2.98502   0.92219   0.22544   1.89021  
 35 21.1813   8372.148118  x:  0.00623   0.09469   0.02212   0.00960   0.00870   0.00275   0.00439   0.00321   0.00185   0.00229   0.00413   0.02134   0.04099   0.07055   0.16986   0.48945   0.09295   0.10238   0.03731   0.00187   0.03220   0.14050   0.01979   0.04179   0.20015   0.11866   0.02498   0.13766   0.16499   2.98609   0.92219   0.22532   1.89064  
 36  9.2422   8371.789804  x:  0.00575   0.09392   0.02215   0.01002   0.00870   0.00282   0.00411   0.00252   0.00123   0.00307   0.00402   0.02134   0.04025   0.07046   0.16758   0.49164   0.09256   0.10269   0.03644   0.00201   0.03210   0.13975   0.01958   0.04140   0.19878   0.11724   0.02483   0.13600   0.16279   3.04427   0.92604   0.22341   1.87545  
 37  0.1510   8371.601789  x:  0.00551   0.09392   0.02217   0.00964   0.00819   0.00284   0.00443   0.00304   0.00148   0.00297   0.00435   0.02119   0.03939   0.07046   0.16500   0.49403   0.09302   0.10274   0.03573   0.00220   0.03162   0.13874   0.01955   0.04079   0.19852   0.11642   0.02432   0.13467   0.16116   3.10845   0.92888   0.22379   1.87973  
 38  0.0906   8371.517964  x:  0.00609   0.09442   0.02210   0.00941   0.00857   0.00298   0.00439   0.00268   0.00158   0.00282   0.00441   0.02121   0.03985   0.07086   0.16463   0.49533   0.09402   0.10286   0.03636   0.00205   0.03178   0.13833   0.01970   0.04079   0.19897   0.11701   0.02440   0.13463   0.16140   3.15375   0.92533   0.23134   1.97668  
 39  0.0753   8371.472011  x:  0.00611   0.09439   0.02203   0.00954   0.00873   0.00283   0.00439   0.00300   0.00131   0.00279   0.00436   0.02128   0.04007   0.07097   0.16525   0.49556   0.09410   0.10291   0.03655   0.00198   0.03196   0.13855   0.01966   0.04087   0.19888   0.11720   0.02454   0.13489   0.16188   3.16989   0.92357   0.23674   2.04856  
 40  0.1033   8371.388321  x:  0.00543   0.09442   0.02208   0.00975   0.00816   0.00310   0.00422   0.00302   0.00147   0.00300   0.00437   0.02121   0.03990   0.07098   0.16748   0.49526   0.09392   0.10255   0.03632   0.00193   0.03208   0.13974   0.01968   0.04117   0.19942   0.11754   0.02484   0.13598   0.16264   3.16755   0.92060   0.24878   2.21747  
 41  0.1060   8371.327761  x:  0.00591   0.09428   0.02201   0.00962   0.00823   0.00293   0.00474   0.00286   0.00143   0.00294   0.00429   0.02111   0.04000   0.07097   0.16679   0.49504   0.09386   0.10250   0.03616   0.00195   0.03191   0.13968   0.01961   0.04114   0.19947   0.11716   0.02449   0.13573   0.16240   3.14607   0.92089   0.25729   2.35038  
 42  0.0970   8371.308084  x:  0.00605   0.09430   0.02197   0.00951   0.00847   0.00293   0.00438   0.00293   0.00146   0.00292   0.00435   0.02112   0.04001   0.07103   0.16601   0.49500   0.09392   0.10270   0.03621   0.00193   0.03190   0.13938   0.01957   0.04109   0.19938   0.11700   0.02445   0.13537   0.16209   3.13713   0.92093   0.26139   2.41233  
 43  0.0877   8371.305013  x:  0.00587   0.09441   0.02200   0.00960   0.00842   0.00292   0.00439   0.00292   0.00145   0.00291   0.00438   0.02120   0.03994   0.07112   0.16597   0.49504   0.09402   0.10286   0.03630   0.00187   0.03198   0.13927   0.01961   0.04110   0.19935   0.11719   0.02464   0.13537   0.16212   3.13754   0.91990   0.26496   2.46112  
 44  0.0442   8371.304725  x:  0.00592   0.09441   0.02199   0.00960   0.00841   0.00293   0.00439   0.00292   0.00145   0.00292   0.00438   0.02119   0.03997   0.07109   0.16611   0.49504   0.09399   0.10285   0.03627   0.00189   0.03193   0.13933   0.01961   0.04107   0.19933   0.11720   0.02456   0.13543   0.16215   3.13869   0.91982   0.26604   2.47485  
 45  0.0130   8371.304710  x:  0.00592   0.09440   0.02199   0.00959   0.00841   0.00293   0.00439   0.00292   0.00145   0.00292   0.00438   0.02119   0.03996   0.07109   0.16609   0.49503   0.09398   0.10285   0.03627   0.00189   0.03194   0.13933   0.01961   0.04108   0.19933   0.11719   0.02457   0.13543   0.16214   3.13882   0.91983   0.26620   2.47674  
 46  0.0022   8371.304709  x:  0.00592   0.09440   0.02199   0.00959   0.00841   0.00293   0.00439   0.00292   0.00145   0.00292   0.00438   0.02119   0.03996   0.07109   0.16608   0.49503   0.09397   0.10285   0.03627   0.00189   0.03194   0.13933   0.01961   0.04108   0.19932   0.11718   0.02457   0.13542   0.16214   3.13883   0.91983   0.26623   2.47705  
 47  0.0003   8371.304709  x:  0.00592   0.09440   0.02199   0.00959   0.00841   0.00293   0.00439   0.00292   0.00145   0.00292   0.00438   0.02119   0.03996   0.07109   0.16608   0.49503   0.09397   0.10285   0.03627   0.00189   0.03194   0.13933   0.01961   0.04108   0.19932   0.11718   0.02457   0.13542   0.16214   3.13883   0.91983   0.26623   2.47702  
 48  0.0001   8371.304709  x:  0.00592   0.09440   0.02199   0.00959   0.00841   0.00293   0.00439   0.00292   0.00145   0.00292   0.00438   0.02119   0.03996   0.07109   0.16608   0.49503   0.09397   0.10285   0.03627   0.00189   0.03194   0.13933   0.01961   0.04108   0.19932   0.11719   0.02457   0.13542   0.16214   3.13882   0.91983   0.26623   2.47698  
 49  0.0001   8371.304709  x:  0.00592   0.09440   0.02199   0.00959   0.00841   0.00293   0.00439   0.00292   0.00145   0.00292   0.00438   0.02119   0.03996   0.07109   0.16608   0.49503   0.09397   0.10285   0.03627   0.00189   0.03194   0.13933   0.01961   0.04108   0.19932   0.11719   0.02457   0.13542   0.16214   3.13882   0.91983   0.26623   2.47697  
 50  0.0001   8371.304709  x:  0.00592   0.09440   0.02199   0.00959   0.00841   0.00293   0.00439   0.00292   0.00145   0.00292   0.00438   0.02119   0.03996   0.07109   0.16608   0.49503   0.09397   0.10285   0.03627   0.00189   0.03194   0.13933   0.01961   0.04108   0.19932   0.11719   0.02457   0.13542   0.16214   3.13882   0.91983   0.26623   2.47696  
 51  0.0001   8371.304709  x:  0.00592   0.09440   0.02199   0.00959   0.00841   0.00293   0.00439   0.00292   0.00145   0.00292   0.00438   0.02119   0.03996   0.07109   0.16608   0.49503   0.09397   0.10285   0.03627   0.00189   0.03194   0.13933   0.01961   0.04108   0.19932   0.11719   0.02457   0.13542   0.16214   3.13882   0.91983   0.26623   2.47696  
 52  0.0001   8371.304709  x:  0.00592   0.09440   0.02199   0.00959   0.00841   0.00293   0.00439   0.00292   0.00145   0.00292   0.00438   0.02119   0.03996   0.07109   0.16608   0.49503   0.09397   0.10285   0.03627   0.00189   0.03194   0.13933   0.01961   0.04108   0.19932   0.11719   0.02457   0.13542   0.16214   3.13882   0.91983   0.26623   2.47695  
 53  0.0002   8371.304709  x:  0.00592   0.09440   0.02199   0.00959   0.00841   0.00293   0.00439   0.00292   0.00145   0.00292   0.00438   0.02119   0.03996   0.07109   0.16608   0.49503   0.09397   0.10285   0.03627   0.00189   0.03194   0.13933   0.01961   0.04108   0.19932   0.11719   0.02457   0.13542   0.16214   3.13882   0.91983   0.26623   2.47695  