

TREE # 1

  0  0.0000  22514.503296  x:  0.02721   0.10377   0.04423   0.01976   0.02492   0.01068   0.01216   0.00950   0.01456   0.01434   0.02081   0.02193   0.04067   0.09732   0.29697   0.43683   0.09685   0.10033   0.04482   0.00623   0.03908   0.14338   0.03727   0.03443   0.13317   0.21192   0.00000   0.12752   0.23388   2.00000   0.90000   0.29673   1.19979  
  1 99.0000  22514.472629  x:  0.02721   0.10377   0.04422   0.01975   0.02492   0.01068   0.01216   0.00950   0.01456   0.01434   0.02081   0.02193   0.04067   0.09732   0.29697   0.43683   0.09685   0.10033   0.04482   0.00623   0.03908   0.14338   0.03727   0.03443   0.13317   0.21192   0.00000   0.12752   0.23388   2.00000   0.90000   0.29674   1.19979  
  2 3097.8556  22493.795272  x:  0.02404   0.10637   0.04186   0.02059   0.02283   0.00000   0.02069   0.00970   0.01247   0.01901   0.01945   0.02412   0.04028   0.09757   0.29540   0.43958   0.09662   0.09985   0.04550   0.00863   0.03821   0.14434   0.03727   0.03386   0.13315   0.21269   0.00000   0.12770   0.23495   2.00179   0.89409   0.30388   1.19842  
  3 1946.8811  22477.692624  x:  0.01499   0.11399   0.03538   0.02179   0.01676   0.00583   0.03659   0.00727   0.00538   0.02759   0.01537   0.02842   0.03913   0.09852   0.29093   0.44776   0.09612   0.09864   0.04747   0.01297   0.03552   0.14727   0.03736   0.03246   0.13319   0.21497   0.00000   0.12817   0.23813   2.00709   0.87676   0.32496   1.19439  
  4 2173.7613  22459.616533  x:  0.00179   0.12915   0.03119   0.02120   0.01972   0.00745   0.03904   0.00669   0.02726   0.02863   0.01701   0.02711   0.03995   0.10199   0.28253   0.46579   0.09682   0.09797   0.05222   0.01324   0.03306   0.15366   0.03897   0.03371   0.13454   0.22013   0.00000   0.12977   0.24540   2.01919   0.84512   0.36283   1.18658  
  5 1537.8668  22443.962970  x:  0.01217   0.14531   0.04297   0.02501   0.02972   0.00681   0.03193   0.02120   0.02026   0.02864   0.02700   0.02760   0.04474   0.10781   0.27519   0.49029   0.10090   0.10078   0.06083   0.01419   0.03905   0.16157   0.04138   0.03773   0.13891   0.22772   0.00000   0.13412   0.25568   2.03697   0.81657   0.39529   1.17856  
  6 1131.8092  22437.324542  x:  0.00657   0.14311   0.04371   0.01707   0.02728   0.00608   0.02431   0.02876   0.01789   0.03430   0.02727   0.03162   0.04397   0.11035   0.27501   0.51293   0.10765   0.10769   0.05422   0.01306   0.04315   0.16663   0.04129   0.03738   0.14573   0.23615   0.00000   0.14128   0.26594   2.05696   0.81072   0.39830   1.17464  
  7 450.7697  22432.519355  x:  0.00498   0.13985   0.04164   0.02752   0.02362   0.00603   0.02054   0.03194   0.01861   0.03773   0.02546   0.03081   0.04427   0.11179   0.27668   0.53668   0.11243   0.11279   0.05019   0.01143   0.04361   0.17063   0.04143   0.03691   0.15153   0.24438   0.00000   0.14744   0.27595   2.07987   0.80764   0.39722   1.17084  
  8 920.6120  22424.874960  x:  0.01677   0.13619   0.03690   0.02421   0.02281   0.00699   0.02840   0.02808   0.02260   0.03754   0.02234   0.02387   0.04371   0.11271   0.28339   0.58014   0.11424   0.11529   0.05495   0.01067   0.03819   0.17489   0.04272   0.03754   0.15762   0.25699   0.00000   0.15383   0.29156   2.12752   0.80514   0.39006   1.16355  
  9 801.3093  22418.430061  x:  0.01452   0.13412   0.04185   0.02517   0.03097   0.00722   0.03338   0.01677   0.02284   0.03135   0.02497   0.03586   0.04643   0.11267   0.29136   0.61795   0.10895   0.11040   0.05691   0.01238   0.03541   0.17524   0.04258   0.03805   0.15748   0.26371   0.00000   0.15275   0.30066   2.17939   0.80324   0.38123   1.15545  
 10 827.7566  22412.564592  x:  0.00509   0.13703   0.04737   0.02494   0.03014   0.00709   0.03505   0.01514   0.02020   0.03013   0.03033   0.02607   0.04522   0.11138   0.29875   0.64455   0.10201   0.10296   0.05644   0.01640   0.04304   0.17172   0.04197   0.03852   0.15136   0.26145   0.00000   0.14477   0.29984   2.23500   0.80024   0.37265   1.14599  
 11 643.4238  22404.062046  x:  0.00546   0.14820   0.04084   0.02430   0.02265   0.00656   0.02727   0.02445   0.02088   0.03366   0.02597   0.03183   0.04315   0.10799   0.30804   0.67128   0.09970   0.09847   0.06061   0.01127   0.04362   0.16270   0.04187   0.03705   0.13770   0.24663   0.00000   0.12995   0.28584   2.33394   0.79241   0.36077   1.12782  
 12 738.7931  22396.557701  x:  0.00193   0.15066   0.03788   0.02391   0.03489   0.00643   0.02725   0.02485   0.01717   0.03487   0.02106   0.02666   0.04841   0.10926   0.30995   0.67671   0.10887   0.10610   0.05630   0.01263   0.03566   0.15881   0.04240   0.03737   0.13575   0.22988   0.00000   0.13167   0.26594   2.43790   0.78243   0.35194   1.10737  
 13 764.3549  22385.697954  x:  0.00809   0.14785   0.04378   0.02495   0.02630   0.00693   0.03153   0.01667   0.02169   0.02986   0.02725   0.03030   0.04103   0.11279   0.30607   0.66537   0.11682   0.11323   0.05358   0.01913   0.04025   0.16137   0.04065   0.03694   0.14512   0.21310   0.00000   0.14454   0.24077   2.59693   0.76602   0.34156   1.07474  
 14 1245.1436  22371.675207  x:  0.00848   0.13567   0.04095   0.02314   0.02178   0.00675   0.03090   0.01888   0.02086   0.03263   0.02765   0.03009   0.05641   0.11002   0.29206   0.62162   0.10255   0.10077   0.05653   0.00776   0.04293   0.17163   0.04594   0.04121   0.15720   0.22131   0.00000   0.15368   0.23798   2.81385   0.74567   0.32757   1.02824  
 15 1093.6290  22361.328633  x:  0.00860   0.13183   0.03940   0.02416   0.02982   0.00630   0.02544   0.02141   0.01905   0.03454   0.02253   0.02889   0.04288   0.10773   0.28097   0.58239   0.09626   0.09637   0.06029   0.01121   0.03989   0.17591   0.03953   0.03313   0.15838   0.23670   0.00000   0.15215   0.25017   2.97234   0.73224   0.31712   0.99323  
 16 1983.4844  22356.038137  x:  0.00724   0.13651   0.04321   0.02434   0.02631   0.00639   0.02730   0.02046   0.01914   0.03208   0.02465   0.02912   0.04072   0.10863   0.27592   0.55736   0.10338   0.10414   0.05902   0.01297   0.03505   0.17307   0.04358   0.04116   0.15096   0.24798   0.00000   0.14372   0.26662   3.05779   0.72757   0.31037   0.97328  
 17 1087.6634  22354.856604  x:  0.00823   0.13921   0.04268   0.02405   0.02547   0.00654   0.02875   0.01900   0.01993   0.03101   0.02548   0.02920   0.04538   0.10944   0.27584   0.55125   0.10637   0.10699   0.05790   0.01327   0.03796   0.17123   0.04110   0.03700   0.14861   0.24990   0.00000   0.14168   0.27230   3.07659   0.72726   0.30935   0.96804  
 18 495.1103  22354.609917  x:  0.00879   0.14056   0.04141   0.02426   0.02688   0.00658   0.02947   0.01809   0.01991   0.03127   0.02537   0.02941   0.04440   0.11011   0.27759   0.54966   0.10661   0.10687   0.05659   0.01156   0.04060   0.16979   0.04252   0.03711   0.14852   0.24854   0.00000   0.14275   0.27509   3.08029   0.72836   0.31019   0.96537  
 19 93.3005  22354.328048  x:  0.00878   0.14194   0.04256   0.02416   0.02624   0.00659   0.02906   0.01844   0.02009   0.03201   0.02503   0.02927   0.04467   0.11118   0.28228   0.54772   0.10579   0.10552   0.05595   0.01168   0.03918   0.16757   0.04128   0.03760   0.14916   0.24484   0.00000   0.14590   0.27978   3.08397   0.73209   0.31321   0.95896  
 20 72.5125  22354.094963  x:  0.00805   0.14140   0.04120   0.02416   0.02599   0.00650   0.02821   0.01901   0.01981   0.03137   0.02597   0.02946   0.04513   0.11020   0.28629   0.54658   0.10597   0.10579   0.05760   0.01392   0.03897   0.16804   0.04306   0.03703   0.15006   0.24273   0.00000   0.14638   0.28211   3.08643   0.73746   0.31706   0.95056  
 21 82.6191  22353.309588  x:  0.00625   0.13853   0.04246   0.02438   0.02654   0.00663   0.02997   0.02044   0.01969   0.03067   0.02612   0.02944   0.04439   0.10801   0.29663   0.54437   0.10763   0.10840   0.06087   0.01083   0.03967   0.17320   0.04111   0.03745   0.15209   0.23991   0.00000   0.14301   0.28454   3.09342   0.75913   0.33190   0.91652  
 22 165.3765  22350.544004  x:  0.00940   0.13907   0.04624   0.02444   0.02702   0.00709   0.02944   0.01980   0.02237   0.03504   0.01898   0.02999   0.04628   0.11304   0.31685   0.54072   0.10699   0.10906   0.05649   0.01557   0.04208   0.18403   0.04381   0.03866   0.15244   0.24380   0.00000   0.13669   0.28263   3.11497   0.83986   0.38058   0.78834  
 23 416.8611  22345.336520  x:  0.01108   0.14410   0.04354   0.02452   0.02721   0.00695   0.02849   0.01874   0.02212   0.03922   0.02496   0.02985   0.04613   0.11933   0.33959   0.53689   0.10635   0.10918   0.05111   0.01549   0.03890   0.19429   0.04369   0.03816   0.15156   0.25186   0.00000   0.13386   0.27853   3.14701   0.96575   0.45230   0.58551  
 24 2733.9051  22343.692404  x:  0.00929   0.14733   0.04420   0.02464   0.02735   0.00705   0.02888   0.01923   0.02236   0.03925   0.02308   0.03010   0.04644   0.11967   0.34230   0.53637   0.10701   0.10965   0.05405   0.01579   0.04024   0.19550   0.04365   0.03884   0.15204   0.25321   0.00000   0.13547   0.27814   3.15515   0.99999   0.46922   0.53006  
 25 1878.3144  22343.692404  x:  0.00929   0.14733   0.04420   0.02464   0.02735   0.00705   0.02888   0.01923   0.02236   0.03925   0.02308   0.03010   0.04644   0.11967   0.34230   0.53637   0.10701   0.10965   0.05405   0.01579   0.04024   0.19550   0.04365   0.03884   0.15204   0.25321   0.00000   0.13547   0.27814   3.15515   0.99999   0.46922   0.53006  
 26 90.5997  22300.894005  x:  0.00899   0.14775   0.04317   0.02346   0.02329   0.00000   0.02343   0.01160   0.01566   0.03258   0.01861   0.02761   0.04598   0.11948   0.34185   0.53732   0.10737   0.10990   0.05436   0.01265   0.03943   0.19503   0.04346   0.03838   0.15217   0.25336   0.00000   0.13588   0.27846   3.15515   0.99955   0.46959   0.52975  
 27 2810.9559  22267.657766  x:  0.00854   0.14830   0.04176   0.02199   0.01822   0.00305   0.01642   0.00123   0.00676   0.02339   0.01335   0.02460   0.04533   0.11921   0.34118   0.53866   0.10782   0.11022   0.05475   0.00844   0.03835   0.19433   0.04319   0.03773   0.15232   0.25354   0.00000   0.13644   0.27888   3.15514   0.99897   0.47002   0.52935  
 28 7800.1758  22260.502166  x:  0.00824   0.14866   0.04088   0.02134   0.01573   0.00412   0.01271   0.00411   0.00309   0.01748   0.01117   0.02312   0.04493   0.11899   0.34067   0.53958   0.10807   0.11038   0.05500   0.00602   0.03775   0.19381   0.04302   0.03732   0.15239   0.25364   0.00000   0.13678   0.27914   3.15514   0.99862   0.47022   0.52914  
 29 2754.3318  22255.942396  x:  0.00787   0.14909   0.03985   0.02090   0.01396   0.00467   0.00988   0.00474   0.00629   0.01078   0.01028   0.02193   0.04451   0.11867   0.33997   0.54077   0.10835   0.11053   0.05532   0.00366   0.03714   0.19310   0.04282   0.03682   0.15247   0.25376   0.00000   0.13721   0.27944   3.15514   0.99822   0.47038   0.52892  
 30 1962.3478  22254.892146  x:  0.00757   0.14952   0.03903   0.02104   0.01468   0.00456   0.01144   0.00458   0.00585   0.00790   0.01183   0.02185   0.04424   0.11833   0.33918   0.54203   0.10856   0.11061   0.05564   0.00306   0.03687   0.19233   0.04270   0.03640   0.15255   0.25387   0.00000   0.13762   0.27971   3.15515   0.99786   0.47042   0.52877  
 31 568.5152  22252.776657  x:  0.00524   0.15326   0.03303   0.02159   0.01708   0.00464   0.01197   0.00469   0.00604   0.00892   0.01072   0.02138   0.04219   0.11555   0.33213   0.55324   0.11029   0.11125   0.05843   0.00125   0.03513   0.18565   0.04200   0.03337   0.15324   0.25493   0.00000   0.14116   0.28206   3.15526   0.99468   0.47067   0.52746  
 32 285.6338  22251.341262  x:  0.00402   0.15668   0.03119   0.02176   0.01562   0.00467   0.01115   0.00470   0.00603   0.00874   0.01178   0.02176   0.04165   0.11369   0.32531   0.56421   0.11164   0.11164   0.06071   0.00528   0.03499   0.17973   0.04217   0.03255   0.15396   0.25596   0.00000   0.14413   0.28423   3.15539   0.99162   0.47068   0.52630  
 33 758.1970  22249.174515  x:  0.00364   0.16153   0.03596   0.02147   0.01298   0.00473   0.01248   0.00479   0.00617   0.00947   0.01230   0.02302   0.04339   0.11256   0.31408   0.58282   0.11313   0.11177   0.06257   0.00308   0.03586   0.17152   0.04327   0.03555   0.15494   0.25738   0.00000   0.14747   0.28758   3.15564   0.98641   0.47025   0.52452  
 34 655.7506  22248.431110  x:  0.00406   0.16284   0.03845   0.02141   0.01597   0.00470   0.01117   0.00473   0.00605   0.00893   0.01194   0.02292   0.04432   0.11288   0.30962   0.59077   0.11334   0.11158   0.06243   0.00330   0.03693   0.16943   0.04355   0.03670   0.15529   0.25792   0.00000   0.14804   0.28880   3.15578   0.98414   0.46979   0.52387  
 35 628.6588  22247.696998  x:  0.00519   0.16201   0.03863   0.02134   0.01593   0.00482   0.01261   0.00485   0.00626   0.00874   0.01059   0.02051   0.04442   0.11510   0.30501   0.60129   0.11251   0.11078   0.05956   0.00405   0.03864   0.17134   0.04267   0.03566   0.15544   0.25848   0.00000   0.14627   0.28976   3.15607   0.98084   0.46848   0.52325  
 36 238.4875  22246.937186  x:  0.00631   0.16029   0.03756   0.02151   0.01545   0.00474   0.01136   0.00478   0.00611   0.00936   0.01265   0.02101   0.04413   0.11770   0.30025   0.61345   0.11139   0.10989   0.05605   0.00320   0.03955   0.17482   0.04193   0.03456   0.15544   0.25902   0.00000   0.14367   0.29061   3.15646   0.97688   0.46660   0.52265  
 37 589.9280  22246.636463  x:  0.00669   0.15916   0.03673   0.02161   0.01546   0.00473   0.01168   0.00477   0.00612   0.00894   0.01166   0.02329   0.04390   0.11842   0.29878   0.61882   0.11098   0.10972   0.05537   0.00349   0.03884   0.17700   0.04250   0.03508   0.15528   0.25918   0.00000   0.14249   0.29075   3.15670   0.97495   0.46534   0.52253  
 38 307.4668  22246.377160  x:  0.00673   0.15762   0.03635   0.02145   0.01560   0.00475   0.01169   0.00480   0.00615   0.00910   0.01195   0.02225   0.04383   0.11809   0.29874   0.62422   0.11095   0.11017   0.05686   0.00373   0.03645   0.17996   0.04396   0.03669   0.15491   0.25915   0.00000   0.14169   0.29042   3.15710   0.97255   0.46317   0.52272  
 39 151.1731  22246.173905  x:  0.00577   0.15621   0.03781   0.02196   0.01557   0.00476   0.01166   0.00480   0.00615   0.00907   0.01189   0.02248   0.04432   0.11675   0.30059   0.62909   0.11135   0.11107   0.05939   0.00370   0.03619   0.18273   0.04292   0.03528   0.15473   0.25889   0.00000   0.14191   0.28959   3.15772   0.96948   0.45994   0.52325  
 40 105.1169  22246.082433  x:  0.00528   0.15593   0.03760   0.02077   0.01562   0.00476   0.01170   0.00481   0.00616   0.00910   0.01195   0.02258   0.04401   0.11608   0.30252   0.63131   0.11154   0.11134   0.05973   0.00357   0.03752   0.18338   0.04288   0.03565   0.15485   0.25869   0.00000   0.14253   0.28901   3.15823   0.96719   0.45767   0.52367  
 41 85.4340  22245.978325  x:  0.00525   0.15611   0.03710   0.02202   0.01554   0.00475   0.01163   0.00479   0.00614   0.00907   0.01191   0.02243   0.04389   0.11567   0.30554   0.63378   0.11163   0.11135   0.05929   0.00341   0.03871   0.18336   0.04323   0.03637   0.15504   0.25844   0.00000   0.14344   0.28823   3.15903   0.96362   0.45440   0.52426  
 42 122.5237  22245.792789  x:  0.00624   0.15740   0.03731   0.02153   0.01558   0.00476   0.01167   0.00480   0.00615   0.00909   0.01192   0.02251   0.04427   0.11642   0.31159   0.63754   0.11147   0.11080   0.05743   0.00358   0.03714   0.18178   0.04339   0.03559   0.15522   0.25814   0.00000   0.14460   0.28701   3.16088   0.95539   0.44790   0.52535  
 43 122.4014  22245.709205  x:  0.00451   0.15778   0.03753   0.02164   0.01561   0.00475   0.01167   0.00480   0.00615   0.00908   0.01191   0.02246   0.04375   0.11746   0.31304   0.63780   0.11130   0.11054   0.05751   0.00373   0.03679   0.18087   0.04276   0.03609   0.15517   0.25834   0.00000   0.14324   0.28724   3.16224   0.94945   0.44496   0.52574  
 44 57.2478  22245.575631  x:  0.00533   0.15848   0.03701   0.02162   0.01559   0.00476   0.01168   0.00480   0.00616   0.00909   0.01194   0.02254   0.04398   0.11849   0.31409   0.63702   0.11115   0.11038   0.05952   0.00359   0.03756   0.17989   0.04274   0.03604   0.15503   0.25882   0.00000   0.14058   0.28818   3.16496   0.93804   0.44000   0.52652  
 45 119.3217  22245.390148  x:  0.00463   0.15792   0.03717   0.02155   0.01561   0.00477   0.01170   0.00481   0.00616   0.00910   0.01193   0.02250   0.04505   0.11724   0.31263   0.63415   0.11162   0.11101   0.05866   0.00353   0.03788   0.18049   0.04479   0.03497   0.15497   0.25951   0.00000   0.14057   0.28987   3.16953   0.92038   0.43284   0.52843  
 46 109.7450  22245.215581  x:  0.00584   0.15733   0.03764   0.02166   0.01562   0.00477   0.01171   0.00481   0.00617   0.00911   0.01194   0.02252   0.04366   0.11595   0.31028   0.63106   0.11196   0.11152   0.05789   0.00362   0.03734   0.18166   0.04338   0.03572   0.15505   0.25998   0.00000   0.14232   0.29115   3.17419   0.90374   0.42585   0.53102  
 47 227.6427  22245.171623  x:  0.00563   0.15722   0.03710   0.02156   0.01560   0.00476   0.01169   0.00480   0.00616   0.00909   0.01193   0.02251   0.04473   0.11666   0.30906   0.63020   0.11160   0.11115   0.05819   0.00361   0.03724   0.18195   0.04274   0.03611   0.15523   0.25975   0.00000   0.14336   0.29073   3.17582   0.89988   0.42362   0.53295  
 48 60.7185  22245.120839  x:  0.00544   0.15730   0.03725   0.02160   0.01556   0.00475   0.01165   0.00478   0.00614   0.00907   0.01191   0.02249   0.04398   0.11791   0.30726   0.62927   0.11109   0.11056   0.05888   0.00350   0.03735   0.18203   0.04341   0.03567   0.15548   0.25914   0.00000   0.14426   0.28949   3.17822   0.89586   0.42080   0.53661  
 49 65.4614  22245.033028  x:  0.00555   0.15766   0.03712   0.02150   0.01547   0.00470   0.01156   0.00474   0.00608   0.00899   0.01182   0.02237   0.04400   0.11652   0.30430   0.62832   0.11173   0.11096   0.05819   0.00352   0.03718   0.18084   0.04310   0.03566   0.15517   0.25775   0.00000   0.14216   0.28646   3.18388   0.88944   0.41693   0.54649  
 50 43.3311  22244.812144  x:  0.00566   0.15483   0.03721   0.02140   0.01535   0.00464   0.01144   0.00467   0.00601   0.00889   0.01173   0.02224   0.04385   0.11433   0.30380   0.62887   0.10850   0.10822   0.05837   0.00346   0.03730   0.17844   0.04301   0.03548   0.15193   0.25758   0.00000   0.14174   0.28679   3.20210   0.87009   0.42105   0.57741  
 51 37.3905  22243.961665  x:  0.00599   0.15161   0.03678   0.02137   0.01523   0.00455   0.01133   0.00459   0.00594   0.00882   0.01166   0.02217   0.04376   0.11766   0.30449   0.63136   0.11151   0.11181   0.05828   0.00331   0.03751   0.17589   0.04311   0.03533   0.15021   0.25842   0.00000   0.14182   0.29098   3.26764   0.80102   0.44025   0.68958  
 52 307.6532  22243.686889  x:  0.00541   0.15583   0.03687   0.02133   0.01521   0.00453   0.01129   0.00457   0.00591   0.00879   0.01162   0.02212   0.04381   0.11622   0.30491   0.63214   0.11035   0.11012   0.05822   0.00322   0.03716   0.17820   0.04314   0.03528   0.15370   0.26025   0.00000   0.14083   0.29374   3.29072   0.77703   0.44668   0.72994  
 53 344.9702  22243.664191  x:  0.00532   0.15650   0.03683   0.02132   0.01519   0.00452   0.01127   0.00456   0.00590   0.00877   0.01161   0.02211   0.04380   0.11636   0.30493   0.63210   0.11053   0.11018   0.05815   0.00318   0.03723   0.17851   0.04314   0.03527   0.15251   0.26200   0.00000   0.14085   0.29556   3.29247   0.77598   0.44576   0.73395  
 54 21.3426  22243.660257  x:  0.00538   0.15596   0.03683   0.02132   0.01518   0.00452   0.01127   0.00456   0.00590   0.00877   0.01161   0.02210   0.04379   0.11633   0.30496   0.63209   0.11047   0.11021   0.05816   0.00317   0.03718   0.17823   0.04313   0.03526   0.15312   0.26224   0.00000   0.14077   0.29623   3.29251   0.77599   0.44538   0.73468  
 55  5.6595  22243.632327  x:  0.00532   0.15630   0.03679   0.02130   0.01516   0.00449   0.01124   0.00453   0.00588   0.00875   0.01159   0.02208   0.04377   0.11632   0.30498   0.63209   0.11045   0.11020   0.05812   0.00320   0.03716   0.17835   0.04311   0.03526   0.15274   0.25935   0.00000   0.14069   0.29840   3.28808   0.77523   0.44532   0.73751  
 56  1.5059  22243.020657  x:  0.00544   0.15489   0.03657   0.02111   0.01478   0.00390   0.01089   0.00405   0.00550   0.00851   0.01127   0.02180   0.04366   0.11642   0.30385   0.63167   0.11088   0.11005   0.05824   0.00292   0.03711   0.17693   0.04310   0.03516   0.15197   0.26209   0.00000   0.14066   0.29788   3.18832   0.75363   0.45563   0.79078  
 57 19.7574  22242.960782  x:  0.00542   0.15553   0.03653   0.02110   0.01475   0.00384   0.01086   0.00400   0.00546   0.00849   0.01124   0.02178   0.04366   0.11649   0.30386   0.63183   0.10784   0.11318   0.05812   0.00289   0.03710   0.17683   0.04310   0.03516   0.15205   0.26216   0.00000   0.14076   0.29772   3.18788   0.75421   0.45611   0.79112  
 58  3.4735  22240.776183  x:  0.00507   0.15856   0.03642   0.02066   0.01375   0.00187   0.00994   0.00243   0.00428   0.00791   0.01038   0.02112   0.04369   0.11718   0.30658   0.63755   0.11135   0.11200   0.05879   0.00216   0.03661   0.17974   0.04322   0.03528   0.15507   0.26188   0.00000   0.14274   0.29517   3.22049   0.78608   0.47059   0.77742  
 59  7.8872  22239.889658  x:  0.00512   0.15866   0.03665   0.02085   0.01441   0.00075   0.01107   0.00235   0.00470   0.00881   0.01091   0.02151   0.04379   0.11755   0.30726   0.63825   0.11181   0.11221   0.05879   0.00251   0.03682   0.18012   0.04324   0.03541   0.15543   0.26201   0.00000   0.14310   0.29551   3.22786   0.77730   0.48503   0.82612  
 60  0.1344  22239.321812  x:  0.00515   0.15927   0.03697   0.02107   0.01502   0.00136   0.01201   0.00287   0.00553   0.00956   0.01133   0.02179   0.04400   0.11790   0.30866   0.63984   0.11293   0.11189   0.05894   0.00288   0.03702   0.18129   0.04333   0.03562   0.15632   0.26223   0.00000   0.14383   0.29497   3.25024   0.77272   0.50408   0.88138  
 61  0.0812  22238.302412  x:  0.00537   0.15815   0.03723   0.02102   0.01487   0.00080   0.01150   0.00271   0.00632   0.00926   0.01150   0.02193   0.04401   0.11757   0.30949   0.63934   0.11319   0.11112   0.05913   0.00301   0.03709   0.18219   0.04330   0.03583   0.15600   0.26117   0.00000   0.14489   0.29197   3.27313   0.71694   0.57665   1.18451  
 62  0.1019  22237.205906  x:  0.00518   0.15948   0.03722   0.02095   0.01460   0.00075   0.01110   0.00238   0.00647   0.00883   0.01138   0.02187   0.04396   0.11628   0.30846   0.63573   0.11194   0.10991   0.05908   0.00287   0.03687   0.18266   0.04327   0.03581   0.15646   0.26007   0.00000   0.14423   0.28795   3.19343   0.73148   0.64821   1.44704  
 63  0.1741  22236.055659  x:  0.00510   0.15937   0.03702   0.02099   0.01460   0.00116   0.01124   0.00216   0.00618   0.00880   0.01122   0.02178   0.04391   0.11643   0.30799   0.63485   0.11133   0.11071   0.05897   0.00267   0.03684   0.18184   0.04325   0.03568   0.15608   0.26005   0.00000   0.14370   0.28926   3.17689   0.67821   0.73259   1.86138  
 64  0.5423  22234.739822  x:  0.00521   0.15802   0.03668   0.02100   0.01475   0.00160   0.01162   0.00297   0.00489   0.00911   0.01094   0.02156   0.04393   0.11899   0.30948   0.64041   0.11305   0.11374   0.05901   0.00251   0.03700   0.18060   0.04333   0.03553   0.15569   0.26108   0.00000   0.14435   0.29500   3.27976   0.65561   0.81326   2.31263  
 65  0.2504  22233.507136  x:  0.00489   0.16072   0.03740   0.02103   0.01493   0.00112   0.01138   0.00299   0.00517   0.00941   0.01155   0.02198   0.04405   0.11590   0.30848   0.63829   0.11217   0.10895   0.05918   0.00324   0.03700   0.18377   0.04329   0.03581   0.15735   0.26164   0.00000   0.14422   0.28879   3.19871   0.65659   0.91239   2.89997  
 66  0.1813  22233.035399  x:  0.00489   0.16030   0.03727   0.02099   0.01476   0.00099   0.01130   0.00284   0.00525   0.00921   0.01141   0.02191   0.04400   0.11631   0.30837   0.63863   0.11226   0.10968   0.05923   0.00302   0.03697   0.18328   0.04333   0.03579   0.15706   0.26109   0.00000   0.14433   0.28874   3.20929   0.62773   1.00443   3.41515  
 67  0.6004  22232.536892  x:  0.00510   0.15821   0.03678   0.02095   0.01450   0.00113   0.01143   0.00245   0.00524   0.00889   0.01095   0.02164   0.04390   0.11848   0.30866   0.64040   0.11288   0.11319   0.05921   0.00238   0.03699   0.18087   0.04341   0.03562   0.15573   0.26004   0.00000   0.14455   0.29200   3.26855   0.62361   1.07864   3.89781  
 68  0.3934  22232.176893  x:  0.00477   0.16000   0.03703   0.02102   0.01497   0.00112   0.01155   0.00284   0.00558   0.00924   0.01140   0.02178   0.04398   0.11724   0.30853   0.63990   0.11240   0.11097   0.05908   0.00297   0.03703   0.18238   0.04335   0.03559   0.15678   0.26191   0.00000   0.14379   0.29237   3.24512   0.60934   1.22785   4.82843  
 69  0.3314  22232.061134  x:  0.00495   0.15915   0.03699   0.02098   0.01464   0.00115   0.01139   0.00261   0.00540   0.00905   0.01115   0.02178   0.04394   0.11754   0.30847   0.64062   0.11278   0.11155   0.05930   0.00260   0.03705   0.18201   0.04341   0.03567   0.15634   0.26082   0.00000   0.14460   0.29070   3.25498   0.60879   1.31181   5.35737  
 70  0.2537  22232.035149  x:  0.00489   0.15927   0.03699   0.02098   0.01468   0.00116   0.01142   0.00262   0.00536   0.00906   0.01117   0.02176   0.04395   0.11759   0.30842   0.64057   0.11272   0.11164   0.05926   0.00264   0.03704   0.18198   0.04342   0.03565   0.15639   0.26086   0.00000   0.14443   0.29113   3.25728   0.60158   1.37918   5.76119  
 71  0.3633  22232.021411  x:  0.00481   0.15959   0.03701   0.02099   0.01478   0.00114   0.01147   0.00271   0.00539   0.00911   0.01124   0.02174   0.04397   0.11753   0.30846   0.64033   0.11260   0.11152   0.05919   0.00277   0.03703   0.18211   0.04341   0.03563   0.15657   0.26119   0.00000   0.14414   0.29173   3.25489   0.60103   1.43211   6.07422  
 72  0.1984  22232.016902  x:  0.00487   0.15934   0.03699   0.02098   0.01471   0.00114   0.01143   0.00266   0.00539   0.00909   0.01120   0.02177   0.04395   0.11753   0.30844   0.64057   0.11270   0.11151   0.05925   0.00266   0.03706   0.18205   0.04341   0.03564   0.15643   0.26107   0.00000   0.14439   0.29124   3.25790   0.59986   1.46944   6.28046  
 73  0.1049  22232.013474  x:  0.00483   0.15945   0.03700   0.02099   0.01474   0.00115   0.01146   0.00267   0.00539   0.00909   0.01121   0.02174   0.04396   0.11756   0.30844   0.64032   0.11265   0.11158   0.05921   0.00275   0.03703   0.18203   0.04341   0.03564   0.15648   0.26103   0.00000   0.14423   0.29155   3.25601   0.60036   1.50169   6.42578  
 74  0.0378  22232.011917  x:  0.00485   0.15943   0.03700   0.02098   0.01473   0.00114   0.01144   0.00267   0.00540   0.00909   0.01121   0.02176   0.04396   0.11752   0.30846   0.64036   0.11266   0.11151   0.05923   0.00269   0.03705   0.18205   0.04341   0.03564   0.15647   0.26110   0.00000   0.14430   0.29141   3.25626   0.60052   1.50395   6.40941  
 75  0.0087  22232.011819  x:  0.00486   0.15940   0.03700   0.02099   0.01473   0.00114   0.01144   0.00267   0.00539   0.00909   0.01121   0.02176   0.04396   0.11753   0.30846   0.64033   0.11266   0.11152   0.05923   0.00270   0.03705   0.18204   0.04340   0.03564   0.15645   0.26107   0.00000   0.14430   0.29141   3.25621   0.60087   1.49819   6.37313  
 76  0.0335  22232.011818  x:  0.00486   0.15940   0.03700   0.02099   0.01473   0.00114   0.01144   0.00267   0.00539   0.00909   0.01121   0.02176   0.04396   0.11753   0.30846   0.64033   0.11266   0.11152   0.05923   0.00270   0.03705   0.18204   0.04341   0.03564   0.15646   0.26107   0.00000   0.14430   0.29142   3.25617   0.60088   1.49765   6.37035  