

TREE # 1

  0  0.0000  10654.656314  x:  0.01341   0.04555   0.02242   0.01071   0.01437   0.00000   0.00684   0.00350   0.00714   0.00669   0.01082   0.01597   0.03474   0.04974   0.17702   0.50397   0.08968   0.10722   0.01763   0.01345   0.02091   0.07414   0.02421   0.03840   0.11487   0.07190   0.00049   0.10147   0.13403   2.00000   0.90000   0.29673   1.19979  
  1 99.0000  10654.653651  x:  0.01341   0.04555   0.02242   0.01071   0.01437   0.00000   0.00684   0.00350   0.00714   0.00669   0.01082   0.01597   0.03474   0.04974   0.17702   0.50397   0.08968   0.10722   0.01763   0.01345   0.02091   0.07414   0.02421   0.03840   0.11487   0.07190   0.00049   0.10147   0.13403   2.00000   0.90000   0.29673   1.19979  
  2 1669.2916  10653.500546  x:  0.01336   0.04580   0.02235   0.01071   0.01411   0.00000   0.00675   0.00338   0.00694   0.00670   0.01058   0.01602   0.03480   0.04987   0.17716   0.50405   0.08980   0.10731   0.01786   0.01327   0.02107   0.07431   0.02430   0.03851   0.11501   0.07236   0.00000   0.10158   0.13413   2.00011   0.90052   0.29630   1.19988  
  3 1810.9301  10636.745492  x:  0.00799   0.05339   0.02003   0.00376   0.00862   0.00000   0.01019   0.01371   0.00932   0.00566   0.00735   0.01646   0.03609   0.05385   0.18319   0.50764   0.09433   0.11083   0.01993   0.00600   0.02446   0.08074   0.02561   0.04143   0.12054   0.08874   0.00189   0.10705   0.13924   2.00560   0.92324   0.27916   1.20343  
  4 1650.3382  10628.010140  x:  0.00379   0.05793   0.01886   0.01074   0.00745   0.00000   0.01290   0.02336   0.01235   0.00536   0.00768   0.01644   0.03680   0.05637   0.18785   0.51056   0.09759   0.11339   0.02000   0.00158   0.02607   0.08523   0.02570   0.04292   0.12455   0.09988   0.00209   0.11096   0.14312   2.01023   0.94106   0.26588   1.20611  
  5 3760.6914  10622.751154  x:  0.00584   0.05928   0.01918   0.01103   0.01346   0.00000   0.01065   0.02823   0.01169   0.00754   0.01142   0.01620   0.03632   0.05680   0.19176   0.51345   0.09949   0.11496   0.02141   0.00897   0.02632   0.08767   0.02427   0.04241   0.12714   0.10569   0.00156   0.11333   0.14614   2.01492   0.95530   0.25364   1.20830  
  6 1130.5143  10620.367647  x:  0.00671   0.05705   0.01996   0.01066   0.01436   0.00000   0.00694   0.02930   0.00958   0.00416   0.01179   0.01525   0.03518   0.05536   0.19373   0.51559   0.09958   0.11507   0.01936   0.00814   0.02307   0.08737   0.02280   0.04068   0.12760   0.10489   0.00126   0.11375   0.14738   2.01859   0.96106   0.24642   1.20924  
  7 543.1369  10618.712034  x:  0.00738   0.05417   0.02056   0.01016   0.01404   0.00000   0.00517   0.03001   0.00764   0.00697   0.01136   0.01455   0.03402   0.05353   0.19555   0.51788   0.09932   0.11487   0.01713   0.00627   0.01970   0.08659   0.02169   0.03887   0.12772   0.10290   0.00097   0.11383   0.14837   2.02269   0.96573   0.23917   1.21006  
  8 988.4484  10616.920530  x:  0.00958   0.04964   0.02057   0.01024   0.01201   0.00000   0.01033   0.02958   0.00691   0.00630   0.00955   0.01546   0.03290   0.05046   0.19796   0.52192   0.09807   0.11374   0.01732   0.00696   0.01872   0.08471   0.02210   0.03702   0.12723   0.09787   0.00051   0.11313   0.14928   2.03048   0.96992   0.22742   1.21105  
  9 495.8855  10615.078028  x:  0.00745   0.04721   0.01926   0.01000   0.01036   0.00000   0.00792   0.02937   0.01108   0.00651   0.00973   0.01538   0.03345   0.04884   0.20008   0.52749   0.09591   0.11159   0.01751   0.00737   0.02305   0.08247   0.02387   0.03780   0.12606   0.09215   0.00000   0.11165   0.14946   2.04242   0.96919   0.21347   1.21170  
 10 379.9172  10615.078028  x:  0.00745   0.04721   0.01926   0.01000   0.01036   0.00000   0.00792   0.02937   0.01108   0.00651   0.00973   0.01538   0.03345   0.04884   0.20008   0.52749   0.09591   0.11159   0.01751   0.00737   0.02305   0.08247   0.02387   0.03780   0.12606   0.09215   0.00000   0.11165   0.14946   2.04242   0.96919   0.21347   1.21170  
 11 419.5766  10595.387763  x:  0.01012   0.05066   0.01923   0.01451   0.00747   0.00000   0.00213   0.01650   0.00169   0.00676   0.00487   0.01652   0.03446   0.05042   0.20008   0.52792   0.09606   0.11161   0.02393   0.00644   0.02452   0.08310   0.02506   0.03919   0.12622   0.09475   0.00217   0.11194   0.14937   2.04320   0.96716   0.21100   1.21195  
 12 1379.7887  10582.223364  x:  0.01159   0.05404   0.01908   0.01709   0.00605   0.00000   0.00467   0.00121   0.00313   0.00754   0.00317   0.01748   0.03536   0.05203   0.20006   0.52842   0.09622   0.11163   0.02922   0.00526   0.02597   0.08377   0.02612   0.04056   0.12638   0.09767   0.00296   0.11214   0.14920   2.04414   0.96484   0.20803   1.21226  
 13 2131.9974  10581.837053  x:  0.01153   0.05425   0.01905   0.01706   0.00625   0.00000   0.00453   0.00060   0.00307   0.00749   0.00376   0.01750   0.03540   0.05213   0.20005   0.52847   0.09623   0.11163   0.02943   0.00517   0.02606   0.08382   0.02616   0.04064   0.12639   0.09791   0.00287   0.11215   0.14918   2.04423   0.96464   0.20775   1.21228  
 14 1005.3452  10579.354240  x:  0.01147   0.05989   0.01852   0.01820   0.00765   0.00000   0.00459   0.00165   0.00391   0.00737   0.00709   0.01849   0.03662   0.05493   0.19995   0.52958   0.09657   0.11168   0.03644   0.00289   0.02844   0.08513   0.02753   0.04285   0.12671   0.10384   0.00204   0.11238   0.14874   2.04633   0.95974   0.20119   1.21298  
 15 597.8344  10576.859622  x:  0.00810   0.06287   0.01802   0.01532   0.00848   0.00000   0.00436   0.00146   0.00365   0.00667   0.00595   0.01787   0.03685   0.05648   0.19984   0.53067   0.09688   0.11177   0.03815   0.00248   0.02969   0.08614   0.02757   0.04376   0.12694   0.10861   0.00000   0.11248   0.14841   2.04840   0.95523   0.19522   1.21362  
 16 655.3513  10575.047903  x:  0.00282   0.06524   0.01796   0.01370   0.00658   0.00000   0.00462   0.00154   0.00315   0.00906   0.00668   0.01696   0.03663   0.05753   0.19967   0.53251   0.09726   0.11193   0.03819   0.00372   0.03019   0.08737   0.02670   0.04377   0.12708   0.11466   0.00343   0.11301   0.14832   2.05191   0.94861   0.18568   1.21471  
 17 698.8385  10574.091495  x:  0.00163   0.06514   0.01841   0.01556   0.00703   0.00000   0.00305   0.00144   0.00463   0.00787   0.00617   0.01722   0.03619   0.05710   0.19963   0.53403   0.09740   0.11208   0.03683   0.00360   0.02905   0.08776   0.02578   0.04281   0.12706   0.11745   0.00470   0.11322   0.14830   2.05481   0.94408   0.17870   1.21557  
 18 478.5562  10572.757381  x:  0.00192   0.06418   0.01909   0.01835   0.00814   0.00000   0.00493   0.00147   0.00328   0.00613   0.00609   0.01781   0.03541   0.05585   0.19963   0.53659   0.09753   0.11231   0.03426   0.00307   0.02677   0.08813   0.02449   0.04101   0.12696   0.12105   0.00511   0.11337   0.14823   2.05974   0.93690   0.16740   1.21700  
 19 1074.3938  10571.183523  x:  0.00692   0.06176   0.01926   0.01895   0.00690   0.00000   0.00431   0.00146   0.00342   0.00900   0.00631   0.01794   0.03456   0.05345   0.19969   0.54036   0.09749   0.11255   0.03128   0.00323   0.02429   0.08813   0.02420   0.03908   0.12675   0.12398   0.00235   0.11316   0.14798   2.06721   0.92726   0.15208   1.21910  
 20 746.4746  10570.556549  x:  0.00961   0.05994   0.01867   0.01741   0.00625   0.00000   0.00430   0.00148   0.00364   0.00709   0.00649   0.01766   0.03484   0.05247   0.19957   0.54237   0.09721   0.11242   0.03088   0.00483   0.02534   0.08769   0.02580   0.03971   0.12650   0.12294   0.00356   0.11301   0.14793   2.07160   0.92307   0.14585   1.22021  
 21 328.0999  10570.177468  x:  0.01001   0.05835   0.01840   0.01675   0.00809   0.00000   0.00424   0.00142   0.00358   0.00791   0.00591   0.01769   0.03539   0.05228   0.19932   0.54411   0.09685   0.11211   0.03072   0.00401   0.02653   0.08695   0.02687   0.04085   0.12619   0.12038   0.00481   0.11277   0.14781   2.07580   0.91996   0.14216   1.22115  
 22 279.3847  10569.719704  x:  0.00889   0.05679   0.01854   0.01695   0.00683   0.00000   0.00424   0.00143   0.00353   0.00773   0.00615   0.01760   0.03602   0.05277   0.19889   0.54649   0.09634   0.11159   0.03083   0.00184   0.02784   0.08577   0.02710   0.04215   0.12575   0.11605   0.00459   0.11222   0.14752   2.08198   0.91613   0.13867   1.22245  
 23 324.4345  10569.291508  x:  0.00739   0.05626   0.01905   0.01821   0.00685   0.00000   0.00435   0.00146   0.00349   0.00807   0.00630   0.01790   0.03621   0.05379   0.19835   0.54939   0.09578   0.11098   0.03212   0.00386   0.02898   0.08451   0.02595   0.04261   0.12524   0.11092   0.00329   0.11146   0.14716   2.09007   0.91237   0.13583   1.22408  
 24 321.6187  10568.788711  x:  0.00726   0.05849   0.01837   0.01663   0.00710   0.00000   0.00430   0.00146   0.00360   0.00775   0.00626   0.01747   0.03486   0.05455   0.19773   0.55356   0.09539   0.11051   0.03460   0.00380   0.02625   0.08366   0.02428   0.04056   0.12470   0.10578   0.00411   0.11092   0.14691   2.10322   0.90952   0.13439   1.22663  
 25 195.4218  10567.746028  x:  0.00507   0.06330   0.01826   0.01731   0.00682   0.00000   0.00432   0.00146   0.00348   0.00796   0.00629   0.01842   0.03490   0.05342   0.19663   0.56397   0.09549   0.11050   0.03363   0.00470   0.02311   0.08502   0.03072   0.03885   0.12463   0.10183   0.00337   0.11054   0.14663   2.14099   0.90982   0.13430   1.23392  
 26 214.7104  10563.109342  x:  0.00813   0.07251   0.02021   0.01846   0.00732   0.00000   0.00428   0.00142   0.00348   0.00789   0.00610   0.01352   0.03763   0.04931   0.19333   0.60886   0.09658   0.11163   0.02739   0.00329   0.03002   0.09188   0.02592   0.03976   0.12613   0.10110   0.00374   0.11109   0.14630   2.31561   0.91626   0.14080   1.26743  
 27 697.6327  10560.720304  x:  0.00888   0.07113   0.01857   0.01650   0.00659   0.00000   0.00412   0.00140   0.00344   0.00785   0.00605   0.02217   0.03678   0.05011   0.19226   0.63294   0.09691   0.11193   0.02594   0.00296   0.03122   0.09330   0.02285   0.04200   0.12664   0.10437   0.00414   0.11159   0.14649   2.41648   0.91802   0.14700   1.28670  
 28 2206.1755  10556.984909  x:  0.00845   0.05812   0.01680   0.01764   0.00698   0.00000   0.00428   0.00146   0.00356   0.00786   0.00629   0.01840   0.03320   0.05682   0.19302   0.66242   0.09681   0.11167   0.03049   0.00386   0.02639   0.09010   0.02515   0.04533   0.12672   0.11460   0.00368   0.11255   0.14766   2.55923   0.91596   0.15994   1.31389  
 29 1625.0460  10556.368370  x:  0.00809   0.05603   0.02081   0.01632   0.00706   0.00000   0.00426   0.00147   0.00360   0.00779   0.00631   0.01889   0.03660   0.05615   0.19527   0.66335   0.09672   0.11160   0.03243   0.00369   0.02637   0.08770   0.02576   0.04231   0.12695   0.11643   0.00382   0.11304   0.14872   2.58465   0.91460   0.16232   1.31900  
 30 408.6310  10555.687524  x:  0.00693   0.05569   0.01736   0.01700   0.00703   0.00000   0.00432   0.00149   0.00359   0.00794   0.00639   0.01883   0.03800   0.05280   0.20057   0.65752   0.09673   0.11177   0.03352   0.00341   0.02836   0.08423   0.02598   0.03908   0.12763   0.11729   0.00337   0.11394   0.15087   2.61274   0.91257   0.16417   1.32517  
 31 280.7297  10554.157243  x:  0.00697   0.05859   0.02032   0.01688   0.00704   0.00000   0.00430   0.00148   0.00357   0.00795   0.00635   0.01895   0.03239   0.05065   0.21450   0.63359   0.09695   0.11270   0.03272   0.00326   0.02921   0.07956   0.02634   0.04242   0.12915   0.11627   0.00318   0.11582   0.15605   2.67938   0.90993   0.16495   1.34091  
 32 413.3288  10552.740525  x:  0.00794   0.05903   0.01838   0.01688   0.00699   0.00000   0.00425   0.00145   0.00355   0.00778   0.00625   0.01863   0.03786   0.05610   0.22331   0.60544   0.09716   0.11349   0.03052   0.00408   0.02560   0.08292   0.02497   0.04486   0.12958   0.11374   0.00325   0.11618   0.15819   2.74335   0.90937   0.16344   1.35683  
 33 580.4682  10551.669757  x:  0.00778   0.05588   0.01881   0.01678   0.00698   0.00000   0.00425   0.00143   0.00353   0.00783   0.00620   0.01888   0.03480   0.05766   0.22038   0.58024   0.09697   0.11310   0.03203   0.00323   0.02837   0.09070   0.02589   0.04026   0.12851   0.11220   0.00331   0.11427   0.15462   2.79168   0.90888   0.16231   1.36968  
 34 367.9058  10550.868959  x:  0.00698   0.05540   0.01894   0.01666   0.00690   0.00000   0.00426   0.00143   0.00352   0.00779   0.00619   0.01863   0.03555   0.05196   0.21002   0.55951   0.09644   0.11182   0.03398   0.00351   0.02625   0.08999   0.02488   0.04299   0.12638   0.11282   0.00333   0.11194   0.14908   2.82761   0.90854   0.16174   1.38013  
 35 284.4822  10550.588021  x:  0.00777   0.05666   0.01865   0.01677   0.00686   0.00000   0.00423   0.00140   0.00349   0.00775   0.00609   0.01860   0.03533   0.05423   0.20381   0.55181   0.09618   0.11111   0.03236   0.00343   0.02715   0.08490   0.02526   0.04183   0.12583   0.11355   0.00351   0.11190   0.14770   2.84026   0.90978   0.16063   1.38466  
 36 142.7325  10550.570539  x:  0.00752   0.05631   0.01863   0.01672   0.00685   0.00000   0.00423   0.00140   0.00348   0.00775   0.00609   0.01858   0.03527   0.05409   0.20294   0.55142   0.09628   0.11087   0.03288   0.00339   0.02707   0.08485   0.02517   0.04181   0.12614   0.11340   0.00332   0.11258   0.14920   2.84083   0.91061   0.16002   1.38615  
 37 14.4717  10550.551933  x:  0.00777   0.05660   0.01866   0.01676   0.00686   0.00000   0.00423   0.00140   0.00349   0.00775   0.00610   0.01860   0.03533   0.05411   0.20196   0.55122   0.09621   0.11026   0.03246   0.00341   0.02712   0.08531   0.02524   0.04187   0.12608   0.11346   0.00328   0.11264   0.15098   2.84082   0.90944   0.16097   1.39043  
 38 10.4483  10550.205174  x:  0.00796   0.05636   0.01868   0.01667   0.00689   0.00000   0.00421   0.00139   0.00346   0.00773   0.00604   0.01858   0.03540   0.05411   0.20090   0.55226   0.10547   0.11282   0.03225   0.00342   0.02728   0.08501   0.02534   0.04189   0.12627   0.11318   0.00334   0.10999   0.15265   2.83520   0.90538   0.16834   1.49901  
 39 24.4617  10548.529749  x:  0.00812   0.05625   0.01861   0.01623   0.00686   0.00000   0.00406   0.00125   0.00328   0.00753   0.00559   0.01825   0.03529   0.05335   0.20444   0.55887   0.10362   0.09928   0.03103   0.00351   0.02708   0.08546   0.02535   0.04154   0.12773   0.11443   0.00274   0.11549   0.14624   2.80628   0.89230   0.20140   2.04362  
 40 517.3673  10548.079166  x:  0.00755   0.05622   0.01850   0.01605   0.00683   0.00000   0.00403   0.00122   0.00322   0.00748   0.00545   0.01812   0.03519   0.05314   0.20466   0.56064   0.09320   0.10773   0.03143   0.00334   0.02730   0.08512   0.02529   0.04128   0.12412   0.11541   0.00271   0.11073   0.14861   2.79900   0.89040   0.20894   2.18099  
 41 392.0526  10548.049996  x:  0.00760   0.05624   0.01854   0.01605   0.00684   0.00000   0.00403   0.00122   0.00322   0.00749   0.00546   0.01814   0.03524   0.05314   0.20408   0.56066   0.09230   0.11007   0.03134   0.00340   0.02724   0.08530   0.02533   0.04134   0.12529   0.11515   0.00261   0.11263   0.14816   2.79854   0.88938   0.20995   2.18996  
 42 46.5800  10548.048744  x:  0.00760   0.05623   0.01854   0.01605   0.00684   0.00000   0.00403   0.00122   0.00322   0.00749   0.00546   0.01814   0.03524   0.05314   0.20405   0.56067   0.09220   0.11005   0.03135   0.00340   0.02722   0.08529   0.02533   0.04134   0.12586   0.11516   0.00264   0.11234   0.14816   2.79860   0.88937   0.20996   2.19016  
 43  1.1200  10546.485153  x:  0.00509   0.06040   0.01824   0.01350   0.00744   0.00000   0.00401   0.00115   0.00324   0.00714   0.00551   0.01695   0.03552   0.05455   0.20081   0.57815   0.09528   0.11122   0.03203   0.00347   0.02751   0.08736   0.02550   0.04163   0.12689   0.11743   0.00000   0.11215   0.14867   2.89861   0.88991   0.21817   2.31760  
 44  0.6985  10546.104162  x:  0.00426   0.06323   0.01804   0.01391   0.00810   0.00000   0.00426   0.00104   0.00345   0.00682   0.00561   0.01671   0.03593   0.05583   0.20132   0.58770   0.09704   0.11215   0.03292   0.00309   0.02840   0.08870   0.02567   0.04256   0.12758   0.11877   0.00009   0.11296   0.15016   3.00140   0.88640   0.23427   2.58569  
 45  0.2057  10545.990741  x:  0.00479   0.06175   0.01814   0.01319   0.00811   0.00000   0.00404   0.00114   0.00324   0.00684   0.00607   0.01681   0.03564   0.05537   0.20150   0.58639   0.09709   0.11168   0.03134   0.00325   0.02800   0.08810   0.02545   0.04228   0.12715   0.11791   0.00049   0.11273   0.14964   3.01677   0.88484   0.24457   2.77695  
 46  0.1448  10545.872017  x:  0.00517   0.06123   0.01833   0.01415   0.00770   0.00000   0.00404   0.00106   0.00334   0.00727   0.00587   0.01721   0.03570   0.05478   0.20169   0.58412   0.09684   0.11120   0.03214   0.00326   0.02802   0.08784   0.02551   0.04210   0.12688   0.11748   0.00041   0.11281   0.14889   3.00060   0.88287   0.26377   3.10723  
 47  0.1817  10545.819897  x:  0.00483   0.06166   0.01814   0.01362   0.00775   0.00000   0.00414   0.00107   0.00334   0.00689   0.00575   0.01685   0.03574   0.05516   0.20150   0.58487   0.09730   0.11151   0.03218   0.00330   0.02794   0.08810   0.02558   0.04218   0.12708   0.11763   0.00030   0.11329   0.14979   2.98813   0.88292   0.27927   3.36100  
 48  0.1369  10545.813646  x:  0.00478   0.06168   0.01818   0.01376   0.00785   0.00000   0.00412   0.00110   0.00332   0.00700   0.00580   0.01689   0.03571   0.05525   0.20123   0.58490   0.09739   0.11149   0.03205   0.00329   0.02798   0.08807   0.02549   0.04221   0.12709   0.11776   0.00027   0.11307   0.14954   2.98812   0.88191   0.28511   3.46414  
 49  0.0811  10545.813059  x:  0.00484   0.06171   0.01818   0.01374   0.00785   0.00000   0.00411   0.00110   0.00333   0.00700   0.00579   0.01693   0.03572   0.05524   0.20134   0.58482   0.09735   0.11148   0.03211   0.00328   0.02800   0.08808   0.02552   0.04222   0.12707   0.11781   0.00033   0.11307   0.14951   2.98826   0.88181   0.28666   3.49173  
 50  0.0285  10545.812979  x:  0.00484   0.06168   0.01818   0.01374   0.00784   0.00000   0.00411   0.00110   0.00333   0.00699   0.00579   0.01692   0.03572   0.05523   0.20137   0.58478   0.09732   0.11148   0.03211   0.00328   0.02800   0.08807   0.02552   0.04222   0.12707   0.11781   0.00030   0.11310   0.14953   2.98852   0.88180   0.28709   3.50077  
 51  0.0088  10545.812961  x:  0.00483   0.06168   0.01818   0.01374   0.00784   0.00000   0.00411   0.00110   0.00333   0.00699   0.00579   0.01692   0.03572   0.05523   0.20135   0.58485   0.09733   0.11148   0.03211   0.00328   0.02799   0.08807   0.02552   0.04222   0.12707   0.11780   0.00031   0.11310   0.14954   2.98876   0.88177   0.28707   3.50236  
 52  0.0010  10545.812958  x:  0.00483   0.06169   0.01818   0.01374   0.00784   0.00000   0.00411   0.00110   0.00333   0.00699   0.00579   0.01692   0.03572   0.05523   0.20136   0.58484   0.09733   0.11148   0.03211   0.00328   0.02799   0.08807   0.02552   0.04222   0.12708   0.11780   0.00030   0.11309   0.14953   2.98871   0.88177   0.28693   3.50072  
 53  0.0012  10545.812958  x:  0.00483   0.06169   0.01818   0.01374   0.00784   0.00000   0.00411   0.00110   0.00333   0.00699   0.00579   0.01692   0.03572   0.05523   0.20136   0.58484   0.09733   0.11148   0.03211   0.00328   0.02799   0.08807   0.02552   0.04222   0.12708   0.11780   0.00030   0.11309   0.14953   2.98867   0.88177   0.28692   3.50057  
 54  0.0002  10545.812958  x:  0.00483   0.06169   0.01818   0.01374   0.00784   0.00000   0.00411   0.00110   0.00333   0.00699   0.00579   0.01692   0.03572   0.05523   0.20136   0.58484   0.09733   0.11148   0.03211   0.00328   0.02799   0.08807   0.02552   0.04222   0.12708   0.11780   0.00030   0.11309   0.14953   2.98867   0.88177   0.28692   3.50057  
 55  0.0003  10545.812958  x:  0.00483   0.06169   0.01818   0.01374   0.00784   0.00000   0.00411   0.00110   0.00333   0.00699   0.00579   0.01692   0.03572   0.05523   0.20136   0.58484   0.09733   0.11148   0.03211   0.00328   0.02799   0.08807   0.02552   0.04222   0.12708   0.11780   0.00030   0.11309   0.14953   2.98867   0.88177   0.28692   3.50057  
 56  0.0002  10545.812958  x:  0.00483   0.06169   0.01818   0.01374   0.00784   0.00000   0.00411   0.00110   0.00333   0.00699   0.00579   0.01692   0.03572   0.05523   0.20136   0.58484   0.09733   0.11148   0.03211   0.00328   0.02799   0.08807   0.02552   0.04222   0.12708   0.11780   0.00030   0.11309   0.14953   2.98867   0.88177   0.28692   3.50057  
check convergence!
