

TREE # 1

  0  0.0000  21922.977792  x:  0.00625   0.10409   0.03352   0.01485   0.01190   0.00456   0.00492   0.00281   0.00660   0.00924   0.01316   0.03136   0.04269   0.09990   0.22422   0.38255   0.12641   0.17326   0.03964   0.00342   0.03870   0.13201   0.03930   0.04321   0.15736   0.19121   0.00449   0.14220   0.19679   2.00000   0.90000   0.29673   1.19979  
  1 99.0000  21909.293560  x:  0.00932   0.10416   0.03256   0.01367   0.01078   0.00084   0.00259   0.00323   0.00498   0.00891   0.01320   0.03077   0.04240   0.09932   0.22406   0.38268   0.12596   0.17287   0.04031   0.00582   0.03975   0.13181   0.03847   0.04235   0.15660   0.19070   0.00462   0.14173   0.19638   2.00084   0.89609   0.30276   1.19881  
  2 2006.7806  21891.734403  x:  0.01526   0.10428   0.03056   0.01144   0.00875   0.00327   0.00066   0.00351   0.00270   0.00839   0.01338   0.02955   0.04179   0.09810   0.22368   0.38296   0.12501   0.17205   0.04159   0.01000   0.04190   0.13136   0.03673   0.04055   0.15495   0.18957   0.00480   0.14069   0.19549   2.00271   0.88758   0.31590   1.19668  
  3 6515.8811  21874.833299  x:  0.02260   0.10442   0.02806   0.00880   0.00643   0.00463   0.00325   0.00376   0.00098   0.00781   0.01359   0.02805   0.04105   0.09655   0.22320   0.38334   0.12379   0.17100   0.04315   0.01505   0.04460   0.13079   0.03458   0.03829   0.15284   0.18814   0.00500   0.13936   0.19436   2.00511   0.87672   0.33265   1.19396  
  4 32233.8521  21856.361844  x:  0.03263   0.10460   0.02464   0.00574   0.00406   0.00611   0.00495   0.00384   0.00558   0.00724   0.01387   0.02607   0.04006   0.09438   0.22251   0.38388   0.12207   0.16950   0.04520   0.02168   0.04836   0.12999   0.03163   0.03518   0.14982   0.18608   0.00522   0.13747   0.19275   2.00859   0.86113   0.35669   1.19003  
  5 33413.3540  21827.671648  x:  0.04411   0.10468   0.02145   0.01385   0.01739   0.00717   0.00616   0.00149   0.00720   0.00942   0.01406   0.02517   0.03945   0.09153   0.22136   0.38495   0.11944   0.16722   0.04663   0.02667   0.05325   0.12879   0.02895   0.03201   0.14494   0.18271   0.00484   0.13449   0.19022   2.01487   0.83526   0.39651   1.18340  
  6 7457.4649  21817.286641  x:  0.04525   0.10458   0.02355   0.01821   0.02057   0.00768   0.00657   0.01395   0.00780   0.01076   0.01410   0.02746   0.04048   0.09103   0.22078   0.38601   0.11820   0.16612   0.04497   0.02264   0.05465   0.12837   0.03110   0.03356   0.14213   0.18074   0.00429   0.13300   0.18894   2.01995   0.81796   0.42315   1.17878  
  7 4348.3965  21769.151729  x:  0.03454   0.10437   0.03456   0.01966   0.01356   0.00587   0.00540   0.00856   0.00671   0.00991   0.01440   0.03576   0.04526   0.09326   0.22023   0.38939   0.11705   0.16498   0.03674   0.00000   0.05410   0.12864   0.04193   0.04328   0.13753   0.17753   0.00507   0.13149   0.18745   2.03352   0.77983   0.48220   1.16815  
  8 3754.8987  21757.020970  x:  0.01964   0.10461   0.04105   0.02049   0.01161   0.00582   0.00533   0.00681   0.00663   0.01093   0.01445   0.03976   0.04808   0.09660   0.22080   0.39170   0.11814   0.16580   0.03245   0.00818   0.05237   0.12996   0.04794   0.04939   0.13762   0.17808   0.00879   0.13287   0.18825   2.04127   0.76548   0.50509   1.16374  
  9 2375.5168  21749.727993  x:  0.00767   0.10696   0.03915   0.01503   0.01513   0.00544   0.00505   0.00739   0.00635   0.00983   0.01480   0.03596   0.04757   0.10081   0.22343   0.39501   0.12168   0.16879   0.03775   0.00763   0.04946   0.13292   0.04555   0.04826   0.14175   0.18163   0.00700   0.13674   0.19116   2.05027   0.75946   0.51675   1.16113  
 10 846.6804  21743.242624  x:  0.00591   0.11295   0.03889   0.02026   0.01110   0.00545   0.00506   0.00720   0.00639   0.01542   0.01394   0.03423   0.04859   0.10889   0.23002   0.40197   0.12929   0.17556   0.04773   0.00678   0.04401   0.13914   0.04454   0.04894   0.15130   0.18986   0.00871   0.14535   0.19812   2.06875   0.75547   0.52869   1.15770  
 11 758.1108  21738.020634  x:  0.00928   0.11751   0.04054   0.02135   0.01220   0.00575   0.00533   0.00745   0.00671   0.00890   0.01560   0.03703   0.04979   0.11486   0.23626   0.40870   0.13564   0.18158   0.05073   0.00739   0.04208   0.14445   0.04635   0.05119   0.15945   0.19715   0.00819   0.15223   0.20445   2.08681   0.75407   0.53667   1.15488  
 12 1174.5797  21733.657797  x:  0.01283   0.12037   0.04092   0.01660   0.01494   0.00591   0.00543   0.00738   0.00678   0.01344   0.01510   0.04088   0.04997   0.11770   0.24321   0.41694   0.14112   0.18760   0.04554   0.00760   0.04609   0.14929   0.04833   0.05226   0.16679   0.20434   0.00431   0.15760   0.21110   2.11004   0.75475   0.54336   1.15181  
 13 923.2720  21728.600111  x:  0.01179   0.12076   0.03699   0.01940   0.01358   0.00584   0.00537   0.00788   0.00675   0.01187   0.01308   0.03901   0.04879   0.11537   0.25113   0.42824   0.14491   0.19345   0.03478   0.00615   0.05384   0.15266   0.04645   0.04875   0.17219   0.21116   0.00786   0.16117   0.21847   2.14448   0.75788   0.55011   1.14770  
 14 871.6955  21724.617022  x:  0.01058   0.11870   0.03784   0.02206   0.01165   0.00571   0.00533   0.00772   0.00672   0.01246   0.02160   0.03639   0.04893   0.10955   0.25676   0.43942   0.14448   0.19625   0.03270   0.00645   0.05512   0.15193   0.04607   0.04777   0.17180   0.21417   0.00459   0.15985   0.22260   2.18341   0.76314   0.55482   1.14333  
 15 826.4684  21705.702567  x:  0.00979   0.10806   0.04859   0.02049   0.01291   0.00585   0.00541   0.00740   0.00680   0.01151   0.01388   0.03184   0.05109   0.08414   0.27629   0.48701   0.13604   0.20305   0.04149   0.00735   0.04980   0.14300   0.04886   0.05029   0.16144   0.22035   0.00344   0.14889   0.23502   2.36224   0.78945   0.57235   1.12342  
 16 2072.6642  21696.833885  x:  0.00970   0.10680   0.04496   0.01609   0.01562   0.00578   0.00537   0.00788   0.00674   0.01379   0.01922   0.04094   0.04932   0.08910   0.27930   0.50782   0.12840   0.20169   0.04460   0.00564   0.04677   0.13825   0.04630   0.04945   0.15373   0.21683   0.01507   0.14398   0.23473   2.46506   0.80506   0.58027   1.11162  
 17 1881.2081  21680.823873  x:  0.00740   0.11028   0.03516   0.02077   0.01174   0.00573   0.00528   0.00727   0.00664   0.01160   0.01410   0.04856   0.04714   0.11261   0.27491   0.53318   0.11570   0.19479   0.04382   0.00747   0.04596   0.13374   0.04289   0.04876   0.14308   0.20490   0.00475   0.13703   0.22525   2.63254   0.83000   0.59142   1.09153  
 18 2782.6940  21670.070712  x:  0.01070   0.11661   0.04049   0.01866   0.01407   0.00581   0.00539   0.00769   0.00676   0.01223   0.01506   0.03162   0.04979   0.12499   0.26106   0.53812   0.11225   0.18704   0.04100   0.00696   0.04994   0.13671   0.04852   0.05159   0.14367   0.19300   0.00788   0.14056   0.21160   2.74841   0.84580   0.59701   1.07601  
 19 1660.5923  21656.587789  x:  0.00891   0.12091   0.04332   0.01933   0.01284   0.00570   0.00529   0.00732   0.00665   0.01174   0.01464   0.03999   0.04945   0.10843   0.22638   0.51663   0.12418   0.17558   0.04237   0.00715   0.04930   0.14741   0.04515   0.04553   0.15910   0.18015   0.00635   0.15531   0.18713   2.90775   0.86177   0.60223   1.04992  
 20 1079.8754  21650.870593  x:  0.01105   0.11581   0.03305   0.01888   0.01324   0.00568   0.00527   0.00747   0.00662   0.01203   0.01471   0.03716   0.04587   0.10549   0.21647   0.48689   0.13239   0.17248   0.03836   0.00727   0.04096   0.14582   0.04710   0.05534   0.16003   0.18553   0.00633   0.15385   0.18805   2.97811   0.86385   0.60173   1.03393  
 21 648.7110  21641.877069  x:  0.01127   0.10739   0.04039   0.01883   0.01308   0.00565   0.00525   0.00737   0.00660   0.01176   0.01459   0.03707   0.04907   0.11191   0.21148   0.42149   0.14215   0.16909   0.04064   0.00670   0.04722   0.13942   0.04183   0.05173   0.15582   0.19889   0.00646   0.14457   0.19914   3.09256   0.86298   0.59656   1.00328  
 22 1010.4515  21639.727449  x:  0.01024   0.11286   0.03829   0.01896   0.01290   0.00562   0.00523   0.00727   0.00658   0.01166   0.01469   0.03754   0.04678   0.10993   0.21975   0.40207   0.13835   0.17015   0.04198   0.00686   0.04735   0.14010   0.05022   0.04630   0.15384   0.19643   0.00629   0.14564   0.20069   3.12123   0.85933   0.59211   0.99162  
 23 392.5160  21638.420613  x:  0.01027   0.11711   0.03856   0.01861   0.01305   0.00561   0.00521   0.00731   0.00656   0.01171   0.01461   0.03747   0.04912   0.10778   0.22875   0.39072   0.13283   0.17271   0.04017   0.00699   0.04552   0.14193   0.04501   0.04947   0.15342   0.19132   0.00608   0.14856   0.19984   3.13832   0.85364   0.58644   0.98051  
 24 280.3373  21637.727226  x:  0.01024   0.11289   0.03920   0.01897   0.01287   0.00561   0.00522   0.00728   0.00657   0.01163   0.01472   0.03748   0.04473   0.10850   0.23119   0.38895   0.13082   0.17603   0.04180   0.00694   0.04781   0.14283   0.04444   0.05170   0.15540   0.18885   0.00617   0.14937   0.19753   3.14706   0.84483   0.57846   0.96757  
 25 121.6759  21636.203933  x:  0.01125   0.10442   0.03680   0.01862   0.01297   0.00561   0.00520   0.00732   0.00653   0.01170   0.01471   0.03714   0.04980   0.11039   0.23237   0.38929   0.12877   0.18269   0.04212   0.00703   0.04686   0.14315   0.04611   0.04880   0.15873   0.18631   0.00634   0.14932   0.19299   3.16618   0.82059   0.55669   0.93268  
 26 332.4811  21633.220578  x:  0.01289   0.11171   0.03987   0.01813   0.01304   0.00559   0.00517   0.00733   0.00647   0.01190   0.01445   0.03607   0.04556   0.11049   0.22642   0.39566   0.12932   0.18675   0.03871   0.00736   0.04241   0.14041   0.04396   0.04442   0.15687   0.18950   0.00647   0.14533   0.19153   3.20294   0.76865   0.50946   0.85640  
 27 467.5478  21631.396041  x:  0.01197   0.11860   0.03635   0.01828   0.01287   0.00558   0.00515   0.00733   0.00644   0.01176   0.01488   0.03672   0.04832   0.10825   0.22215   0.40044   0.13013   0.18439   0.04225   0.00710   0.04887   0.13982   0.04418   0.04831   0.15403   0.19191   0.00672   0.14400   0.19329   3.22550   0.73674   0.47938   0.80743  
 28 941.7417  21630.738441  x:  0.01241   0.11580   0.03644   0.01825   0.01284   0.00558   0.00514   0.00733   0.00643   0.01178   0.01484   0.03663   0.04796   0.10849   0.22338   0.40270   0.13119   0.17332   0.04220   0.00715   0.04842   0.14246   0.04391   0.04768   0.15178   0.19085   0.00619   0.14907   0.19822   3.23265   0.72730   0.46968   0.78715  
 29 160.1934  21630.570381  x:  0.01236   0.11619   0.03636   0.01822   0.01286   0.00558   0.00514   0.00733   0.00643   0.01179   0.01485   0.03659   0.04800   0.10860   0.22632   0.40304   0.13438   0.16962   0.04218   0.00719   0.04835   0.14127   0.04386   0.04779   0.15459   0.18920   0.00644   0.14620   0.19728   3.23311   0.72950   0.46964   0.77678  
 30 37.4443  21628.866059  x:  0.01246   0.11551   0.03632   0.01818   0.01286   0.00557   0.00513   0.00732   0.00642   0.01177   0.01487   0.03630   0.04801   0.10898   0.23172   0.40184   0.14255   0.16986   0.04246   0.00713   0.04938   0.14168   0.04356   0.04770   0.14613   0.19243   0.00663   0.14897   0.18746   3.22725   0.78526   0.48749   0.64507  
 31 57.5666  21627.678054  x:  0.01261   0.11558   0.03619   0.01813   0.01285   0.00557   0.00513   0.00730   0.00641   0.01177   0.01490   0.03628   0.04803   0.10885   0.22919   0.40057   0.13827   0.17045   0.04263   0.00716   0.04922   0.14188   0.04355   0.04753   0.14975   0.19133   0.00662   0.14774   0.19101   3.22277   0.82521   0.50104   0.55201  
 32 602.0588  21627.670609  x:  0.01262   0.11558   0.03618   0.01813   0.01285   0.00557   0.00513   0.00730   0.00641   0.01177   0.01490   0.03626   0.04802   0.10888   0.22902   0.40060   0.13894   0.17093   0.04264   0.00718   0.04925   0.14172   0.04355   0.04752   0.14942   0.19037   0.00659   0.14783   0.19161   3.22281   0.82538   0.50109   0.55170  
 33  5.2878  21624.298463  x:  0.01332   0.11538   0.03557   0.01724   0.01285   0.00528   0.00504   0.00635   0.00636   0.01136   0.01496   0.03577   0.04787   0.10841   0.23295   0.41075   0.13817   0.17683   0.04353   0.00713   0.04823   0.16548   0.04239   0.04630   0.14794   0.19102   0.00724   0.13523   0.19803   3.27498   0.83985   0.52024   0.57167  
 34  0.4963  21611.062065  x:  0.01546   0.11770   0.03305   0.01436   0.01257   0.00423   0.00472   0.00273   0.00615   0.00958   0.01473   0.03380   0.04748   0.10783   0.24968   0.44811   0.12641   0.19313   0.04520   0.00660   0.05169   0.14814   0.03962   0.04257   0.16309   0.20092   0.00511   0.15009   0.21624   3.46789   0.89173   0.59293   0.64549  
 35 381.5216  21608.495308  x:  0.01814   0.11673   0.03198   0.01475   0.01202   0.00341   0.00450   0.00391   0.00607   0.01043   0.01542   0.03184   0.04642   0.10513   0.24765   0.44509   0.13394   0.18558   0.04610   0.00725   0.05330   0.14282   0.03927   0.04288   0.15627   0.20154   0.00553   0.15161   0.21011   3.62666   0.94583   0.62012   0.58784  
 36  0.1334  21608.097269  x:  0.01853   0.11645   0.03357   0.01454   0.01152   0.00305   0.00437   0.00313   0.00601   0.01038   0.01528   0.03301   0.04681   0.10522   0.24579   0.44415   0.13365   0.18401   0.04557   0.00750   0.05293   0.14370   0.04063   0.04418   0.15606   0.20073   0.00550   0.15073   0.20985   3.67132   0.94969   0.62787   0.59241  
 37  0.0734  21608.002264  x:  0.01862   0.11666   0.03354   0.01443   0.01170   0.00286   0.00431   0.00345   0.00600   0.01011   0.01520   0.03350   0.04718   0.10586   0.24494   0.44389   0.13182   0.18430   0.04519   0.00779   0.05256   0.14450   0.04035   0.04391   0.15761   0.20017   0.00551   0.15034   0.21067   3.68775   0.94368   0.62846   0.60432  
 38  0.0233  21607.968838  x:  0.01868   0.11688   0.03330   0.01457   0.01161   0.00270   0.00422   0.00335   0.00600   0.01013   0.01526   0.03339   0.04726   0.10630   0.24571   0.44497   0.13205   0.18500   0.04485   0.00811   0.05238   0.14506   0.04019   0.04372   0.15769   0.20042   0.00556   0.15035   0.21056   3.69248   0.93498   0.62572   0.60511  
 39  0.0060  21607.921232  x:  0.01854   0.11667   0.03351   0.01460   0.01182   0.00268   0.00409   0.00337   0.00607   0.01032   0.01517   0.03311   0.04691   0.10599   0.24594   0.44486   0.13252   0.18552   0.04462   0.00870   0.05218   0.14414   0.04057   0.04404   0.15750   0.20054   0.00557   0.15058   0.21044   3.67835   0.91731   0.62854   0.63509  
 40  0.0108  21607.798525  x:  0.01836   0.11631   0.03337   0.01475   0.01191   0.00276   0.00375   0.00331   0.00626   0.01004   0.01527   0.03365   0.04721   0.10513   0.24472   0.44272   0.13177   0.18377   0.04513   0.00945   0.05255   0.14461   0.03976   0.04351   0.15682   0.20004   0.00548   0.15029   0.21020   3.66559   0.88969   0.65274   0.70006  
 41  0.0160  21607.586531  x:  0.01838   0.11698   0.03331   0.01461   0.01186   0.00294   0.00335   0.00336   0.00656   0.01005   0.01522   0.03323   0.04754   0.10679   0.24507   0.44435   0.13196   0.18389   0.04529   0.00943   0.05281   0.14518   0.04065   0.04407   0.15795   0.20041   0.00560   0.15048   0.21098   3.67179   0.83882   0.70034   0.82695  
 42  0.0502  21607.364287  x:  0.01884   0.11730   0.03326   0.01439   0.01134   0.00310   0.00344   0.00336   0.00663   0.01034   0.01526   0.03303   0.04719   0.10714   0.24601   0.44604   0.13263   0.18521   0.04517   0.00773   0.05274   0.14480   0.04058   0.04405   0.15840   0.20062   0.00571   0.15049   0.21110   3.69930   0.82561   0.74266   0.92484  
 43  0.0640  21607.252203  x:  0.01888   0.11711   0.03330   0.01436   0.01129   0.00311   0.00336   0.00336   0.00674   0.01034   0.01526   0.03319   0.04699   0.10652   0.24604   0.44580   0.13266   0.18545   0.04496   0.00754   0.05254   0.14454   0.04029   0.04386   0.15803   0.20054   0.00563   0.15046   0.21085   3.70101   0.78831   0.76634   1.02013  
 44  0.1567  21606.964928  x:  0.01885   0.11589   0.03356   0.01441   0.01177   0.00276   0.00381   0.00343   0.00662   0.00991   0.01519   0.03372   0.04670   0.10385   0.24557   0.44320   0.13222   0.18525   0.04440   0.00753   0.05180   0.14432   0.03972   0.04330   0.15572   0.20014   0.00506   0.15036   0.20924   3.68772   0.76372   0.77977   1.12912  
 45  0.0598  21606.610658  x:  0.01882   0.11661   0.03330   0.01495   0.01185   0.00251   0.00423   0.00336   0.00658   0.01023   0.01537   0.03300   0.04755   0.10643   0.24540   0.44438   0.13147   0.18462   0.04524   0.00762   0.05239   0.14509   0.04055   0.04397   0.15766   0.20041   0.00576   0.15026   0.21070   3.68162   0.72342   0.85460   1.37174  
 46  0.0951  21606.482485  x:  0.01877   0.11695   0.03326   0.01491   0.01193   0.00251   0.00442   0.00333   0.00646   0.01031   0.01531   0.03303   0.04761   0.10710   0.24559   0.44502   0.13185   0.18441   0.04551   0.00790   0.05279   0.14509   0.04063   0.04412   0.15814   0.20059   0.00583   0.15036   0.21102   3.67779   0.73793   0.86877   1.39682  
 47  0.0514  21606.220851  x:  0.01879   0.11727   0.03332   0.01435   0.01203   0.00268   0.00479   0.00331   0.00630   0.01021   0.01505   0.03360   0.04699   0.10658   0.24628   0.44596   0.13364   0.18455   0.04548   0.00821   0.05331   0.14457   0.04016   0.04388   0.15767   0.20083   0.00530   0.15073   0.21055   3.67790   0.70572   0.98005   1.71271  
 48  0.2122  21606.046689  x:  0.01869   0.11661   0.03330   0.01470   0.01128   0.00275   0.00489   0.00336   0.00595   0.01013   0.01539   0.03317   0.04676   0.10491   0.24496   0.44407   0.13177   0.18475   0.04466   0.00865   0.05236   0.14444   0.04001   0.04344   0.15707   0.19997   0.00544   0.15035   0.21019   3.68967   0.69970   1.06373   1.94548  
 49  0.1217  21605.909323  x:  0.01840   0.11667   0.03340   0.01385   0.01165   0.00278   0.00476   0.00345   0.00560   0.01011   0.01513   0.03331   0.04763   0.10656   0.24625   0.44525   0.13244   0.18513   0.04458   0.00875   0.05204   0.14528   0.04041   0.04415   0.15721   0.20095   0.00577   0.15047   0.21063   3.69445   0.68930   1.13716   2.16832  
 50  0.0875  21605.676185  x:  0.01829   0.11706   0.03336   0.01494   0.01137   0.00283   0.00419   0.00341   0.00521   0.01028   0.01518   0.03336   0.04732   0.10727   0.24645   0.44569   0.13278   0.18488   0.04550   0.00867   0.05259   0.14457   0.04036   0.04393   0.15824   0.20094   0.00519   0.15044   0.21115   3.68269   0.66993   1.22929   2.50305  
 51  0.1058  21605.581611  x:  0.01853   0.11698   0.03333   0.01482   0.01167   0.00284   0.00385   0.00336   0.00523   0.01024   0.01523   0.03332   0.04699   0.10627   0.24588   0.44522   0.13252   0.18465   0.04547   0.00830   0.05270   0.14456   0.04024   0.04374   0.15786   0.20054   0.00536   0.15045   0.21078   3.68375   0.67641   1.22319   2.51681  
 52  0.0168  21605.487085  x:  0.01891   0.11678   0.03334   0.01454   0.01207   0.00281   0.00380   0.00333   0.00524   0.01014   0.01529   0.03324   0.04678   0.10501   0.24516   0.44475   0.13206   0.18455   0.04505   0.00796   0.05262   0.14480   0.04015   0.04366   0.15716   0.20015   0.00566   0.15051   0.21031   3.68977   0.65941   1.27343   2.72275  
 53  0.2229  21605.288261  x:  0.01979   0.11659   0.03377   0.01487   0.01232   0.00291   0.00415   0.00349   0.00582   0.00993   0.01518   0.03354   0.04749   0.10577   0.24582   0.44620   0.13233   0.18555   0.04386   0.00771   0.05226   0.14521   0.04042   0.04433   0.15670   0.20097   0.00516   0.15089   0.21034   3.70192   0.64631   1.33178   3.02159  
 54  0.0912  21605.075194  x:  0.01936   0.11680   0.03299   0.01469   0.01189   0.00280   0.00407   0.00323   0.00603   0.01047   0.01518   0.03328   0.04728   0.10663   0.24614   0.44658   0.13233   0.18513   0.04473   0.00847   0.05239   0.14453   0.04015   0.04345   0.15801   0.20080   0.00552   0.15012   0.21120   3.70985   0.62724   1.49347   3.63116  
 55  0.2538  21604.962196  x:  0.01845   0.11702   0.03336   0.01446   0.01145   0.00285   0.00403   0.00337   0.00620   0.01017   0.01525   0.03318   0.04689   0.10604   0.24610   0.44640   0.13258   0.18484   0.04528   0.00861   0.05245   0.14494   0.04020   0.04380   0.15795   0.20063   0.00551   0.15050   0.21088   3.70759   0.63074   1.58927   3.97542  
 56  0.2076  21604.911020  x:  0.01824   0.11702   0.03353   0.01435   0.01140   0.00287   0.00399   0.00345   0.00624   0.01003   0.01525   0.03326   0.04693   0.10578   0.24603   0.44641   0.13253   0.18496   0.04518   0.00847   0.05243   0.14510   0.04028   0.04400   0.15760   0.20069   0.00536   0.15073   0.21067   3.70853   0.61759   1.71958   4.45131  
 57  0.5451  21604.846528  x:  0.01848   0.11672   0.03317   0.01418   0.01164   0.00275   0.00405   0.00338   0.00626   0.01028   0.01515   0.03356   0.04749   0.10601   0.24573   0.44586   0.13187   0.18538   0.04457   0.00804   0.05240   0.14460   0.04024   0.04369   0.15702   0.20086   0.00524   0.15051   0.21074   3.70320   0.61196   1.92273   5.18704  
 58  0.2543  21604.788556  x:  0.01859   0.11699   0.03357   0.01470   0.01163   0.00274   0.00404   0.00337   0.00612   0.01007   0.01524   0.03313   0.04697   0.10617   0.24609   0.44657   0.13287   0.18504   0.04504   0.00819   0.05252   0.14517   0.04015   0.04392   0.15789   0.20085   0.00549   0.15065   0.21095   3.70359   0.60747   2.16518   6.01309  
 59  0.3388  21604.765190  x:  0.01873   0.11700   0.03323   0.01447   0.01167   0.00281   0.00408   0.00339   0.00604   0.01018   0.01523   0.03337   0.04704   0.10585   0.24595   0.44645   0.13229   0.18492   0.04497   0.00830   0.05242   0.14487   0.04038   0.04385   0.15759   0.20066   0.00527   0.15057   0.21080   3.71206   0.60296   2.39360   6.79265  
 60  0.4023  21604.759012  x:  0.01873   0.11687   0.03341   0.01448   0.01168   0.00281   0.00408   0.00337   0.00603   0.01017   0.01521   0.03333   0.04715   0.10597   0.24600   0.44644   0.13239   0.18514   0.04487   0.00828   0.05239   0.14491   0.04015   0.04383   0.15750   0.20079   0.00537   0.15058   0.21080   3.71297   0.60304   2.50842   7.18226  
 61  0.2539  21604.756590  x:  0.01869   0.11687   0.03342   0.01451   0.01167   0.00281   0.00407   0.00337   0.00605   0.01015   0.01521   0.03329   0.04714   0.10601   0.24600   0.44650   0.13246   0.18517   0.04487   0.00827   0.05241   0.14498   0.04016   0.04383   0.15754   0.20083   0.00539   0.15059   0.21084   3.71329   0.60008   2.61999   7.57280  
 62  0.3994  21604.755402  x:  0.01865   0.11693   0.03333   0.01453   0.01167   0.00280   0.00406   0.00338   0.00608   0.01015   0.01522   0.03329   0.04708   0.10598   0.24597   0.44651   0.13244   0.18509   0.04491   0.00827   0.05243   0.14497   0.04028   0.04385   0.15761   0.20078   0.00534   0.15058   0.21085   3.71294   0.59987   2.68752   7.80597  
 63  0.1973  21604.755264  x:  0.01865   0.11692   0.03337   0.01451   0.01167   0.00280   0.00406   0.00338   0.00609   0.01016   0.01522   0.03331   0.04709   0.10596   0.24598   0.44650   0.13242   0.18508   0.04491   0.00827   0.05242   0.14494   0.04023   0.04385   0.15758   0.20077   0.00535   0.15059   0.21084   3.71296   0.59960   2.70772   7.87641  
 64  0.0667  21604.755256  x:  0.01865   0.11692   0.03337   0.01451   0.01167   0.00280   0.00406   0.00338   0.00609   0.01016   0.01522   0.03331   0.04710   0.10597   0.24599   0.44649   0.13243   0.18508   0.04490   0.00827   0.05241   0.14495   0.04023   0.04384   0.15758   0.20078   0.00535   0.15059   0.21084   3.71293   0.59958   2.71240   7.89264  
 65  0.0132  21604.755255  x:  0.01866   0.11692   0.03337   0.01451   0.01167   0.00280   0.00406   0.00338   0.00609   0.01016   0.01522   0.03331   0.04710   0.10597   0.24599   0.44649   0.13242   0.18508   0.04491   0.00827   0.05241   0.14495   0.04023   0.04385   0.15758   0.20078   0.00535   0.15059   0.21084   3.71286   0.59955   2.71433   7.89957  
 66  0.0036  21604.755253  x:  0.01866   0.11692   0.03337   0.01450   0.01167   0.00280   0.00406   0.00338   0.00609   0.01016   0.01522   0.03331   0.04710   0.10597   0.24598   0.44649   0.13242   0.18508   0.04490   0.00827   0.05242   0.14495   0.04023   0.04384   0.15758   0.20078   0.00535   0.15059   0.21084   3.71283   0.59954   2.71368   7.89795  
 67  0.0006  21604.755252  x:  0.01866   0.11692   0.03337   0.01451   0.01167   0.00280   0.00406   0.00338   0.00609   0.01016   0.01522   0.03331   0.04710   0.10597   0.24599   0.44649   0.13243   0.18508   0.04490   0.00827   0.05242   0.14495   0.04023   0.04384   0.15758   0.20078   0.00535   0.15059   0.21084   3.71284   0.59952   2.71297   7.89662  
 68  0.0005  21604.755251  x:  0.01866   0.11692   0.03337   0.01451   0.01167   0.00280   0.00406   0.00338   0.00609   0.01016   0.01522   0.03331   0.04710   0.10597   0.24599   0.44649   0.13242   0.18508   0.04490   0.00827   0.05241   0.14495   0.04023   0.04385   0.15758   0.20078   0.00535   0.15059   0.21084   3.71289   0.59949   2.71396   7.90066  
 69  0.0028  21604.755251  x:  0.01866   0.11692   0.03337   0.01451   0.01167   0.00280   0.00406   0.00338   0.00609   0.01016   0.01522   0.03331   0.04710   0.10597   0.24599   0.44649   0.13242   0.18508   0.04490   0.00827   0.05241   0.14495   0.04023   0.04384   0.15758   0.20078   0.00535   0.15059   0.21084   3.71291   0.59949   2.71427   7.90177  
 70  0.0011  21604.755251  x:  0.01866   0.11692   0.03337   0.01451   0.01167   0.00280   0.00406   0.00338   0.00609   0.01016   0.01522   0.03331   0.04710   0.10597   0.24599   0.44649   0.13242   0.18508   0.04490   0.00827   0.05241   0.14495   0.04023   0.04384   0.15758   0.20078   0.00535   0.15059   0.21084   3.71291   0.59949   2.71436   7.90209  
 71  0.0003  21604.755251  x:  0.01866   0.11692   0.03337   0.01451   0.01167   0.00280   0.00406   0.00338   0.00609   0.01016   0.01522   0.03331   0.04710   0.10597   0.24599   0.44649   0.13242   0.18508   0.04490   0.00827   0.05241   0.14495   0.04023   0.04384   0.15758   0.20078   0.00535   0.15059   0.21084   3.71291   0.59949   2.71435   7.90205  
 72  0.0000  21604.755251  x:  0.01866   0.11692   0.03337   0.01451   0.01167   0.00280   0.00406   0.00338   0.00609   0.01016   0.01522   0.03331   0.04710   0.10597   0.24599   0.44649   0.13242   0.18508   0.04490   0.00827   0.05241   0.14495   0.04023   0.04384   0.15758   0.20078   0.00535   0.15059   0.21084   3.71291   0.59949   2.71440   7.90220  