

Model 0: one-ratio

TREE # 1

  0  0.0000   3642.167516  x:  0.00888   0.08893   0.01256   0.00545   0.03367   0.00000   0.01145   0.00660   0.00981   0.02474   0.03602   0.10713   0.19319   0.17680   0.18148   0.01657   0.00158   0.03546   0.13213   0.04060   0.05172   0.11390   0.18901   0.01940   0.08475   0.16519   2.00000   0.40000  
  1 99.0000   3642.166517  x:  0.00888   0.08893   0.01256   0.00546   0.03367   0.00000   0.01145   0.00660   0.00981   0.02474   0.03602   0.10713   0.19319   0.17680   0.18148   0.01657   0.00158   0.03546   0.13213   0.04060   0.05172   0.11390   0.18901   0.01940   0.08475   0.16519   2.00000   0.40000  
  2 607.6541   3635.555026  x:  0.00538   0.08866   0.01147   0.00484   0.03318   0.00000   0.00135   0.00944   0.00000   0.02499   0.03587   0.10758   0.19352   0.17709   0.18178   0.02008   0.00150   0.03591   0.13265   0.04056   0.05127   0.11374   0.18925   0.01756   0.08583   0.16594   2.00140   0.39807  
  3 1026.3918   3635.029800  x:  0.00495   0.08863   0.01135   0.00482   0.03313   0.00000   0.00000   0.00974   0.00000   0.02503   0.03585   0.10764   0.19356   0.17713   0.18182   0.02048   0.00148   0.03597   0.13272   0.04055   0.05121   0.11372   0.18928   0.01733   0.08597   0.16604   2.00158   0.39783  
  4 57033.7229   3634.487098  x:  0.00195   0.08841   0.01126   0.00588   0.03209   0.00000   0.00000   0.00676   0.00000   0.02524   0.03571   0.10839   0.19429   0.17768   0.18237   0.02407   0.00192   0.03664   0.13361   0.04051   0.05053   0.11346   0.18973   0.01470   0.08799   0.16744   2.00431   0.39416  
  5 141.4168   3633.638865  x:  0.00264   0.08852   0.01420   0.00717   0.03162   0.00000   0.00000   0.00739   0.00000   0.02521   0.03557   0.10991   0.19627   0.17898   0.18366   0.02406   0.00000   0.03749   0.13550   0.04054   0.04939   0.11294   0.19078   0.01074   0.09261   0.17073   2.01114   0.38529  
  6 152.8881   3632.515148  x:  0.00408   0.08879   0.01883   0.00629   0.03140   0.00000   0.00000   0.00817   0.00000   0.02520   0.03523   0.11297   0.20047   0.18172   0.18640   0.02263   0.00373   0.03947   0.13940   0.04064   0.04726   0.11190   0.19311   0.00417   0.10228   0.17774   2.02599   0.36619  
  7 903.9426   3630.902670  x:  0.00260   0.08894   0.01363   0.00814   0.03222   0.00000   0.00000   0.00882   0.00000   0.02621   0.03474   0.11612   0.20623   0.18552   0.19020   0.01812   0.00372   0.03972   0.14407   0.04107   0.04657   0.11073   0.19631   0.01101   0.11431   0.18826   2.05041   0.33750  
  8 300.1289   3630.359933  x:  0.00768   0.08969   0.01024   0.00869   0.03436   0.00000   0.00000   0.00876   0.00000   0.02479   0.03575   0.11490   0.20771   0.18649   0.19117   0.02234   0.00381   0.03694   0.14378   0.04133   0.04976   0.11110   0.19698   0.01103   0.11153   0.19093   2.06514   0.32729  
  9 116.0355   3629.279116  x:  0.00321   0.09004   0.01220   0.00994   0.03608   0.00000   0.00000   0.00940   0.00000   0.02298   0.03808   0.10999   0.20796   0.18720   0.19187   0.01902   0.00461   0.03221   0.14008   0.04105   0.05615   0.11317   0.19718   0.00924   0.09578   0.19296   2.10217   0.31278  
 10 140.3202   3628.235445  x:  0.00455   0.09067   0.01636   0.01071   0.03229   0.00000   0.00000   0.00996   0.00000   0.02939   0.03506   0.10624   0.20697   0.18710   0.19177   0.02163   0.00477   0.04010   0.13596   0.03964   0.05257   0.11560   0.19640   0.01346   0.08318   0.19223   2.15210   0.30716  
 11 151.1462   3625.943843  x:  0.00653   0.09102   0.00931   0.01328   0.02870   0.00000   0.00000   0.01080   0.00000   0.01972   0.03051   0.10457   0.20302   0.18550   0.19017   0.01830   0.00503   0.04441   0.13027   0.04137   0.04092   0.11694   0.19384   0.01073   0.07799   0.18479   2.26550   0.31752  
 12 216.1077   3619.247931  x:  0.00637   0.09068   0.01530   0.01872   0.04384   0.00000   0.00000   0.01350   0.00000   0.02410   0.04218   0.10703   0.18895   0.17914   0.18378   0.02186   0.00803   0.03461   0.11805   0.04898   0.03506   0.11640   0.18589   0.01593   0.08939   0.15751   2.65998   0.37226  
 13 769.1634   3616.496359  x:  0.00807   0.09003   0.01144   0.02117   0.03482   0.00000   0.00000   0.01456   0.00000   0.02917   0.03664   0.10948   0.18649   0.17724   0.18188   0.01873   0.00861   0.03692   0.12303   0.04284   0.05772   0.11460   0.18477   0.01207   0.09581   0.15157   2.82843   0.39938  
 14 721.5518   3615.762590  x:  0.00736   0.08971   0.01605   0.02086   0.03246   0.00000   0.00000   0.01471   0.00000   0.02327   0.03518   0.10981   0.18977   0.17785   0.18249   0.02133   0.00898   0.03466   0.13085   0.03743   0.05943   0.11350   0.18717   0.01631   0.09464   0.15827   2.87235   0.40781  
 15 193.0349   3614.665394  x:  0.00758   0.08946   0.01287   0.02030   0.03519   0.00000   0.00000   0.01426   0.00000   0.02848   0.03681   0.10865   0.19921   0.18006   0.18470   0.01962   0.00877   0.03172   0.14712   0.03612   0.05512   0.11168   0.19344   0.01369   0.08739   0.17648   2.94219   0.42237  
 16 196.8507   3614.151596  x:  0.00661   0.08983   0.01366   0.01914   0.03602   0.00000   0.00000   0.01380   0.00000   0.02618   0.03826   0.10772   0.20334   0.18131   0.18595   0.02010   0.00809   0.03683   0.14843   0.04583   0.05784   0.11247   0.19586   0.01418   0.08695   0.18490   2.97886   0.42566  
 17 108.5754   3611.425840  x:  0.00323   0.09233   0.01342   0.01107   0.03235   0.00000   0.00000   0.01024   0.00000   0.02813   0.03536   0.10513   0.21366   0.18585   0.19052   0.02092   0.00505   0.03386   0.12066   0.04202   0.05745   0.11786   0.19996   0.01078   0.09976   0.20861   3.16548   0.41869  
 18 123.0017   3610.291299  x:  0.00197   0.09008   0.01203   0.00721   0.03814   0.00000   0.00000   0.00839   0.00000   0.02598   0.03945   0.11074   0.20942   0.18508   0.18976   0.02098   0.00293   0.04125   0.12802   0.03652   0.05737   0.11483   0.19690   0.01008   0.10041   0.20213   3.24672   0.40756  
 19 158.2189   3609.827193  x:  0.00184   0.08926   0.01288   0.00548   0.03401   0.00000   0.00000   0.00771   0.00000   0.02734   0.03717   0.11284   0.20650   0.18446   0.18915   0.02157   0.00253   0.03676   0.13507   0.04114   0.05573   0.11256   0.19551   0.01051   0.10038   0.19628   3.28070   0.40103  
 20 161.4204   3609.808683  x:  0.00157   0.09063   0.01297   0.00543   0.03446   0.00000   0.00000   0.00767   0.00000   0.02733   0.03663   0.11022   0.20691   0.18467   0.18936   0.02160   0.00247   0.03681   0.13616   0.04104   0.05568   0.11355   0.19659   0.01047   0.10113   0.19475   3.28210   0.40074  
 21  9.0420   3609.805534  x:  0.00159   0.09068   0.01291   0.00542   0.03400   0.00000   0.00000   0.00768   0.00000   0.02731   0.03732   0.10994   0.20724   0.18479   0.18948   0.02158   0.00245   0.03684   0.13626   0.04097   0.05561   0.11373   0.19706   0.01049   0.10122   0.19431   3.28238   0.40068  
 22  4.7414   3609.794391  x:  0.00156   0.08972   0.01293   0.00542   0.03421   0.00000   0.00000   0.00768   0.00000   0.02730   0.03699   0.11072   0.20918   0.18544   0.19013   0.02164   0.00241   0.03683   0.13598   0.04099   0.05563   0.11390   0.19942   0.01058   0.10089   0.19241   3.28338   0.40066  
 23  3.1764   3609.706605  x:  0.00080   0.09596   0.01287   0.00560   0.03405   0.00000   0.00000   0.00780   0.00000   0.02727   0.03698   0.11316   0.21196   0.18594   0.19063   0.02174   0.00243   0.03701   0.13555   0.04103   0.05552   0.10978   0.19985   0.01073   0.09994   0.19013   3.29189   0.40035  
 24  1.6579   3608.969860  x:  0.00000   0.09381   0.01263   0.00644   0.03355   0.00000   0.00000   0.00836   0.00000   0.02727   0.03660   0.11190   0.21458   0.18551   0.19020   0.02239   0.00264   0.03690   0.13806   0.04115   0.05472   0.10888   0.19501   0.01050   0.10069   0.18657   3.33228   0.39823  
 25 18.9897   3608.357679  x:  0.00000   0.09783   0.01169   0.00775   0.03275   0.00000   0.00000   0.00922   0.00000   0.02742   0.03608   0.11992   0.19732   0.18528   0.18998   0.02323   0.00276   0.03609   0.14262   0.04130   0.05359   0.11958   0.20620   0.00986   0.10077   0.18628   3.39344   0.39515  
 26 73.0514   3608.291636  x:  0.00000   0.09622   0.01168   0.00788   0.03269   0.00000   0.00000   0.00930   0.00000   0.02739   0.03602   0.11758   0.19263   0.18553   0.19023   0.02334   0.00271   0.03649   0.14207   0.04132   0.05347   0.11450   0.21060   0.00977   0.10111   0.18693   3.39952   0.39478  
 27 18.7517   3607.871268  x:  0.00000   0.09508   0.01136   0.00807   0.03259   0.00000   0.00000   0.00993   0.00000   0.02699   0.03583   0.11676   0.19911   0.17096   0.17568   0.02446   0.00261   0.03709   0.14150   0.04101   0.05234   0.11352   0.21357   0.00901   0.10208   0.18757   3.48467   0.39086  
 28  0.4550   3605.834525  x:  0.00000   0.08885   0.00979   0.00889   0.03223   0.00000   0.00000   0.01301   0.00000   0.02484   0.03503   0.11224   0.20544   0.18891   0.19372   0.03001   0.00260   0.03903   0.14145   0.03912   0.04750   0.11090   0.19384   0.00675   0.10257   0.18338   3.91946   0.38146  
 29 95.5442   3605.644065  x:  0.00000   0.08891   0.01171   0.01006   0.03244   0.00000   0.00000   0.01354   0.00000   0.02502   0.03537   0.11196   0.20411   0.18694   0.19176   0.02922   0.00320   0.03809   0.14109   0.04126   0.04898   0.11310   0.19619   0.00798   0.10036   0.18845   4.03725   0.38925  
 30  0.0948   3605.615056  x:  0.00000   0.08948   0.01059   0.01039   0.03267   0.00000   0.00000   0.01357   0.00000   0.02558   0.03540   0.11236   0.20392   0.18647   0.19129   0.02825   0.00316   0.03821   0.14059   0.04103   0.04893   0.11307   0.19693   0.00739   0.10061   0.18814   4.08480   0.39011  
 31  0.0419   3605.611480  x:  0.00000   0.08954   0.01080   0.01041   0.03257   0.00000   0.00000   0.01351   0.00000   0.02548   0.03536   0.11227   0.20405   0.18670   0.19152   0.02786   0.00315   0.03827   0.14051   0.04071   0.04892   0.11273   0.19644   0.00765   0.10081   0.18709   4.09509   0.38946  
 32  0.0094   3605.611220  x:  0.00000   0.08946   0.01078   0.01039   0.03259   0.00000   0.00000   0.01345   0.00000   0.02541   0.03537   0.11222   0.20411   0.18680   0.19162   0.02773   0.00312   0.03823   0.14049   0.04076   0.04894   0.11278   0.19637   0.00764   0.10078   0.18731   4.09501   0.38964  
 33  0.0003   3605.611189  x:  0.00000   0.08951   0.01080   0.01037   0.03258   0.00000   0.00000   0.01343   0.00000   0.02543   0.03536   0.11224   0.20410   0.18678   0.19160   0.02774   0.00311   0.03824   0.14050   0.04077   0.04891   0.11279   0.19645   0.00764   0.10077   0.18733   4.09496   0.38958  
 34  0.0001   3605.611185  x:  0.00000   0.08949   0.01079   0.01037   0.03259   0.00000   0.00000   0.01342   0.00000   0.02543   0.03537   0.11224   0.20410   0.18678   0.19160   0.02775   0.00310   0.03824   0.14050   0.04076   0.04892   0.11278   0.19643   0.00764   0.10077   0.18732   4.09557   0.38958  
 35  0.0004   3605.611185  x:  0.00000   0.08949   0.01079   0.01037   0.03259   0.00000   0.00000   0.01342   0.00000   0.02543   0.03537   0.11223   0.20410   0.18678   0.19160   0.02775   0.00310   0.03824   0.14050   0.04076   0.04892   0.11278   0.19643   0.00764   0.10077   0.18732   4.09568   0.38960  
 36  0.0001   3605.611185  x:  0.00000   0.08949   0.01079   0.01037   0.03259   0.00000   0.00000   0.01342   0.00000   0.02543   0.03537   0.11224   0.20410   0.18678   0.19160   0.02775   0.00311   0.03824   0.14050   0.04076   0.04892   0.11279   0.19643   0.00764   0.10077   0.18732   4.09565   0.38960  
 37  0.0000   3605.611185  x:  0.00000   0.08949   0.01079   0.01037   0.03259   0.00000   0.00000   0.01342   0.00000   0.02543   0.03537   0.11224   0.20410   0.18678   0.19160   0.02775   0.00311   0.03824   0.14050   0.04076   0.04892   0.11278   0.19643   0.00764   0.10077   0.18732   4.09564   0.38959  

Model 1: NearlyNeutral

TREE # 1

  0  0.0000   3623.109444  x:  0.01178   0.09009   0.01452   0.00516   0.03017   0.00000   0.01408   0.00470   0.00859   0.02561   0.03485   0.10959   0.19512   0.22879   0.13081   0.01310   0.00000   0.03511   0.13102   0.04030   0.05144   0.11360   0.19029   0.02304   0.08568   0.16496   4.09564   0.85883   0.52974  
  1 99.0000   3623.107830  x:  0.01178   0.09009   0.01451   0.00516   0.03017   0.00000   0.01408   0.00470   0.00859   0.02561   0.03485   0.10959   0.19512   0.22879   0.13081   0.01310   0.00001   0.03511   0.13102   0.04030   0.05144   0.11360   0.19029   0.02304   0.08568   0.16496   4.09564   0.85883   0.52974  
  2 771.9080   3623.104348  x:  0.01178   0.09009   0.01451   0.00516   0.03017   0.00000   0.01407   0.00471   0.00859   0.02561   0.03485   0.10959   0.19512   0.22879   0.13081   0.01311   0.00000   0.03511   0.13102   0.04030   0.05144   0.11360   0.19029   0.02304   0.08568   0.16496   4.09564   0.85883   0.52973  
  3 786.6933   3616.738830  x:  0.00775   0.08978   0.01255   0.00518   0.03072   0.00000   0.00447   0.00500   0.00000   0.02567   0.03493   0.10983   0.19533   0.22911   0.13112   0.01735   0.00009   0.03558   0.13170   0.04028   0.05108   0.11355   0.19052   0.02072   0.08655   0.16571   4.09575   0.85939   0.52640  
  4 2653.7485   3616.738830  x:  0.00775   0.08978   0.01255   0.00518   0.03072   0.00000   0.00447   0.00500   0.00000   0.02567   0.03493   0.10983   0.19533   0.22911   0.13112   0.01735   0.00009   0.03558   0.13170   0.04028   0.05108   0.11355   0.19052   0.02072   0.08655   0.16571   4.09575   0.85939   0.52640  
  5 68017085313.9596   3612.465840  x:  0.00634   0.08968   0.01197   0.00911   0.03098   0.00000   0.00000   0.01252   0.00000   0.02571   0.03501   0.10994   0.19543   0.22924   0.13125   0.01934   0.00435   0.03599   0.13198   0.04028   0.05095   0.11353   0.19066   0.01987   0.08694   0.16601   4.09578   0.85963   0.52499  
  6 730.6418   3610.891052  x:  0.00000   0.08928   0.00956   0.01108   0.03205   0.00000   0.00000   0.01190   0.00000   0.02566   0.03520   0.11043   0.19596   0.22988   0.13190   0.02535   0.00245   0.03652   0.13329   0.04027   0.05029   0.11343   0.19112   0.01532   0.08866   0.16762   4.09594   0.86081   0.51785  
  7 184.7158   3609.057983  x:  0.00050   0.08976   0.01218   0.00558   0.03386   0.00000   0.00000   0.01114   0.00000   0.02489   0.03573   0.11173   0.19830   0.23193   0.13395   0.03303   0.00645   0.03812   0.13690   0.04033   0.04882   0.11328   0.19265   0.00611   0.09446   0.17248   4.09644   0.86457   0.49461  
  8 220.5787   3606.335579  x:  0.00510   0.09076   0.01592   0.01115   0.03494   0.00000   0.00000   0.00885   0.00000   0.02447   0.03640   0.11359   0.20215   0.23517   0.13718   0.03522   0.00557   0.03919   0.14211   0.04054   0.04724   0.11310   0.19500   0.00000   0.10380   0.18044   4.09729   0.87061   0.45524  
  9 497.1489   3599.060067  x:  0.00538   0.09215   0.01655   0.00971   0.03568   0.00000   0.00000   0.01245   0.00000   0.02459   0.03693   0.11754   0.21085   0.24269   0.14470   0.03561   0.00000   0.04050   0.15376   0.04108   0.04456   0.11271   0.20052   0.00385   0.12571   0.19992   4.09937   0.88470   0.35744  
 10 1280.2280   3596.536130  x:  0.00000   0.09210   0.01159   0.01052   0.03351   0.00000   0.00000   0.00728   0.00000   0.02558   0.03613   0.11849   0.21458   0.24616   0.14817   0.02838   0.00868   0.04027   0.15801   0.04135   0.04548   0.11267   0.20320   0.00373   0.13291   0.20897   4.10052   0.88924   0.30008  
 11 922.6321   3595.364132  x:  0.00000   0.09186   0.00930   0.00960   0.03232   0.00000   0.00000   0.00866   0.00000   0.02574   0.03552   0.11806   0.21497   0.24669   0.14870   0.02496   0.00778   0.03902   0.15784   0.04129   0.04665   0.11270   0.20346   0.00000   0.13174   0.21033   4.10081   0.88771   0.28336  
 12 429.4865   3591.979301  x:  0.00000   0.08976   0.01555   0.01050   0.03200   0.00000   0.00000   0.00837   0.00000   0.02340   0.03395   0.11299   0.21193   0.24597   0.14799   0.03317   0.00699   0.03192   0.14879   0.03923   0.05181   0.11332   0.20162   0.00301   0.11214   0.21088   4.10200   0.85754   0.20669  
 13 249.1936   3590.682681  x:  0.00000   0.08869   0.00672   0.01076   0.03459   0.00000   0.00000   0.00811   0.00000   0.02690   0.03555   0.11211   0.20994   0.24541   0.14743   0.03910   0.00587   0.03740   0.14663   0.03904   0.04685   0.11347   0.20037   0.00499   0.10800   0.20946   4.10231   0.83592   0.18742  
 14 170.2243   3589.906645  x:  0.00000   0.08745   0.00837   0.01063   0.03281   0.00000   0.00000   0.00830   0.00000   0.02193   0.03592   0.11611   0.20893   0.24665   0.14866   0.03518   0.00585   0.04279   0.15068   0.04170   0.04218   0.11246   0.20085   0.00378   0.11612   0.21034   4.10287   0.81016   0.16648  
 15 101.4498   3589.483413  x:  0.00000   0.08779   0.00932   0.01044   0.03334   0.00000   0.00000   0.00833   0.00000   0.02732   0.03497   0.11914   0.20933   0.24835   0.15036   0.03422   0.00620   0.03901   0.15519   0.04163   0.04662   0.11131   0.20217   0.00289   0.12482   0.21244   4.10341   0.79158   0.15626  
 16 99.9657   3589.365345  x:  0.00000   0.08850   0.00757   0.01051   0.03317   0.00000   0.00000   0.00822   0.00000   0.02478   0.03472   0.11943   0.21015   0.24925   0.15127   0.03497   0.00642   0.03602   0.15673   0.04040   0.04861   0.11145   0.20305   0.00300   0.12719   0.21395   4.10369   0.78609   0.15550  
 17 57.6008   3589.318029  x:  0.00000   0.08997   0.00782   0.01045   0.03331   0.00000   0.00000   0.00823   0.00000   0.02498   0.03643   0.11797   0.21249   0.25098   0.15300   0.03423   0.00656   0.03560   0.15781   0.03895   0.04811   0.11363   0.20490   0.00284   0.12623   0.21773   4.10438   0.78319   0.15447  
 18 15.6371   3589.289600  x:  0.00000   0.09049   0.00787   0.01048   0.03340   0.00000   0.00000   0.00823   0.00000   0.02502   0.03493   0.11714   0.21438   0.25234   0.15435   0.03415   0.00655   0.03605   0.15834   0.04027   0.04837   0.11494   0.20632   0.00286   0.12502   0.22091   4.10511   0.78137   0.15443  
 19 21.0132   3589.278704  x:  0.00000   0.08936   0.00786   0.01048   0.03277   0.00000   0.00000   0.00823   0.00000   0.02508   0.03559   0.11801   0.21509   0.25285   0.15487   0.03428   0.00653   0.03619   0.15796   0.04073   0.04871   0.11403   0.20676   0.00289   0.12423   0.22266   4.10601   0.78082   0.15476  
 20  6.1002   3589.269903  x:  0.00000   0.08871   0.00791   0.01047   0.03358   0.00000   0.00000   0.00825   0.00000   0.02499   0.03521   0.11884   0.21539   0.25311   0.15512   0.03397   0.00657   0.03623   0.15743   0.04010   0.04849   0.11310   0.20690   0.00286   0.12376   0.22393   4.10713   0.78047   0.15481  
 21  8.0961   3589.225491  x:  0.00000   0.09156   0.00791   0.01048   0.03200   0.00000   0.00000   0.00826   0.00000   0.02540   0.03428   0.11981   0.21438   0.25266   0.15468   0.03408   0.00660   0.03628   0.15469   0.03936   0.04764   0.11155   0.20568   0.00267   0.12398   0.22694   4.11527   0.77940   0.15495  
 22  4.7791   3589.133270  x:  0.00000   0.09470   0.00766   0.01044   0.03419   0.00000   0.00000   0.00833   0.00000   0.02478   0.03608   0.11992   0.21206   0.25137   0.15338   0.03327   0.00668   0.03662   0.15086   0.04145   0.04895   0.11094   0.20327   0.00237   0.12473   0.23092   4.13307   0.77746   0.15500  
 23 35.6315   3588.605007  x:  0.00000   0.08632   0.00860   0.01047   0.03277   0.00000   0.00000   0.00871   0.00000   0.02498   0.03500   0.11412   0.20344   0.24516   0.14718   0.03239   0.00633   0.03798   0.14661   0.03860   0.05073   0.11927   0.19572   0.00173   0.12715   0.23857   4.23498   0.76758   0.15808  
 24 53.2851   3587.798279  x:  0.00000   0.08568   0.00878   0.01049   0.03350   0.00000   0.00000   0.00908   0.00000   0.02610   0.03543   0.11333   0.20177   0.24151   0.14352   0.03111   0.00667   0.02922   0.15245   0.04373   0.04222   0.11819   0.19583   0.00238   0.12054   0.23146   4.38712   0.75382   0.16085  
 25 145.7687   3586.387377  x:  0.00000   0.09395   0.00935   0.01083   0.03331   0.00000   0.00000   0.00990   0.00000   0.02527   0.03574   0.11648   0.20538   0.23952   0.14154   0.02946   0.00515   0.03707   0.16442   0.04028   0.04923   0.11188   0.20133   0.00466   0.10563   0.20800   4.66494   0.72916   0.16447  
 26 493.7462   3585.997406  x:  0.00000   0.09308   0.00942   0.01081   0.03334   0.00000   0.00000   0.01010   0.00000   0.02542   0.03579   0.11723   0.21257   0.24715   0.14917   0.02926   0.00487   0.03690   0.15031   0.04052   0.04899   0.11529   0.20518   0.00477   0.10897   0.19397   4.73802   0.72248   0.16480  
 27 92.6849   3585.988143  x:  0.00000   0.09291   0.00950   0.01082   0.03333   0.00000   0.00000   0.01010   0.00000   0.02541   0.03579   0.11556   0.21160   0.24872   0.15074   0.02920   0.00488   0.03700   0.15063   0.04052   0.04896   0.11396   0.20398   0.00480   0.10899   0.19374   4.73669   0.72236   0.16484  
 28  2.8889   3585.958588  x:  0.00000   0.09324   0.00939   0.01083   0.03335   0.00000   0.00000   0.01013   0.00000   0.02543   0.03581   0.11820   0.20895   0.25119   0.15321   0.02924   0.00489   0.03673   0.15158   0.04054   0.04900   0.11600   0.20143   0.00497   0.10763   0.19334   4.72397   0.72219   0.16501  
 29  4.0109   3584.697184  x:  0.00000   0.09311   0.00972   0.01105   0.03331   0.00000   0.00000   0.01151   0.00000   0.02544   0.03596   0.11508   0.20179   0.24546   0.14749   0.02809   0.00335   0.03694   0.14481   0.04075   0.04892   0.11551   0.20773   0.00630   0.10084   0.18562   4.13782   0.70395   0.16265  
 30 18.8492   3584.639668  x:  0.00000   0.09311   0.00975   0.01105   0.03330   0.00000   0.00000   0.01155   0.00000   0.02544   0.03596   0.11505   0.20803   0.24438   0.14641   0.02793   0.00343   0.03682   0.14524   0.04075   0.04891   0.11550   0.20086   0.00637   0.10047   0.18499   4.10973   0.70273   0.16217  
 31 35.0261   3584.456763  x:  0.00000   0.09263   0.00851   0.01063   0.03299   0.00000   0.00000   0.01276   0.00000   0.02539   0.03581   0.11518   0.20861   0.24500   0.14705   0.02808   0.00284   0.03731   0.14324   0.04056   0.04954   0.11615   0.20062   0.00739   0.10231   0.19282   4.19169   0.67956   0.15060  
 32  0.0751   3584.440949  x:  0.00000   0.09287   0.00881   0.01047   0.03310   0.00000   0.00000   0.01312   0.00000   0.02554   0.03588   0.11561   0.20842   0.24503   0.14707   0.02787   0.00317   0.03717   0.14525   0.04063   0.04961   0.11611   0.20127   0.00799   0.10285   0.19047   4.17873   0.67602   0.14965  
 33  0.0132   3584.439184  x:  0.00000   0.09283   0.00893   0.01042   0.03310   0.00000   0.00000   0.01332   0.00000   0.02556   0.03588   0.11552   0.20852   0.24513   0.14717   0.02793   0.00324   0.03708   0.14473   0.04067   0.04960   0.11611   0.20125   0.00806   0.10206   0.19039   4.18074   0.67613   0.14933  
 34  0.0019   3584.438567  x:  0.00000   0.09286   0.00889   0.01041   0.03309   0.00000   0.00000   0.01348   0.00000   0.02557   0.03589   0.11553   0.20850   0.24514   0.14718   0.02786   0.00326   0.03715   0.14469   0.04068   0.04956   0.11613   0.20116   0.00793   0.10239   0.19070   4.17884   0.67687   0.14973  
 35  0.0016   3584.438487  x:  0.00000   0.09284   0.00886   0.01044   0.03308   0.00000   0.00000   0.01350   0.00000   0.02554   0.03587   0.11552   0.20847   0.24507   0.14712   0.02789   0.00325   0.03713   0.14478   0.04066   0.04958   0.11611   0.20117   0.00794   0.10235   0.19054   4.18005   0.67701   0.14976  
 36  0.0011   3584.438478  x:  0.00000   0.09284   0.00886   0.01047   0.03308   0.00000   0.00000   0.01350   0.00000   0.02555   0.03587   0.11552   0.20848   0.24509   0.14713   0.02788   0.00326   0.03712   0.14477   0.04066   0.04959   0.11611   0.20118   0.00794   0.10234   0.19057   4.17959   0.67698   0.14976  
 37  0.0004   3584.438478  x:  0.00000   0.09284   0.00886   0.01047   0.03308   0.00000   0.00000   0.01351   0.00000   0.02555   0.03587   0.11552   0.20848   0.24509   0.14713   0.02788   0.00326   0.03712   0.14477   0.04066   0.04959   0.11611   0.20118   0.00793   0.10235   0.19057   4.17972   0.67695   0.14975  
 38  0.0001   3584.438478  x:  0.00000   0.09284   0.00886   0.01047   0.03308   0.00000   0.00000   0.01351   0.00000   0.02555   0.03587   0.11552   0.20848   0.24509   0.14713   0.02788   0.00326   0.03712   0.14477   0.04066   0.04958   0.11612   0.20118   0.00793   0.10235   0.19057   4.17973   0.67694   0.14975  
 39  0.0000   3584.438478  x:  0.00000   0.09284   0.00886   0.01047   0.03308   0.00000   0.00000   0.01351   0.00000   0.02555   0.03587   0.11552   0.20848   0.24509   0.14713   0.02788   0.00326   0.03712   0.14477   0.04066   0.04959   0.11612   0.20118   0.00793   0.10235   0.19057   4.17972   0.67694   0.14975  
 40  0.0000   3584.438478  x:  0.00000   0.09284   0.00886   0.01047   0.03308   0.00000   0.00000   0.01351   0.00000   0.02555   0.03587   0.11552   0.20848   0.24509   0.14713   0.02788   0.00326   0.03712   0.14477   0.04066   0.04959   0.11612   0.20118   0.00793   0.10235   0.19057   4.17972   0.67694   0.14975  
 41  0.0000   3584.438478  x:  0.00000   0.09284   0.00886   0.01047   0.03308   0.00000   0.00000   0.01351   0.00000   0.02555   0.03587   0.11552   0.20848   0.24509   0.14713   0.02788   0.00326   0.03712   0.14477   0.04066   0.04959   0.11612   0.20118   0.00793   0.10235   0.19057   4.17972   0.67694   0.14975  
 42  0.0000   3584.438478  x:  0.00000   0.09284   0.00886   0.01047   0.03308   0.00000   0.00000   0.01351   0.00000   0.02555   0.03587   0.11552   0.20848   0.24509   0.14713   0.02788   0.00326   0.03712   0.14477   0.04066   0.04959   0.11612   0.20118   0.00793   0.10235   0.19057   4.17972   0.67694   0.14975  
 43  0.0000   3584.438478  x:  0.00000   0.09284   0.00886   0.01047   0.03308   0.00000   0.00000   0.01351   0.00000   0.02555   0.03587   0.11552   0.20848   0.24509   0.14713   0.02788   0.00326   0.03712   0.14477   0.04066   0.04959   0.11612   0.20118   0.00793   0.10235   0.19057   4.17972   0.67694   0.14975  
check convergence!


Model 2: PositiveSelection

TREE # 1

  0  0.0000   3652.799607  x:  0.03203   0.08092   0.01389   0.01542   0.02585   0.00000   0.00998   0.01970   0.01850   0.04081   0.04753   0.09702   0.15781   0.15044   0.15321   0.03324   0.02320   0.05155   0.12033   0.04392   0.05930   0.09940   0.16458   0.03473   0.07113   0.15194   4.17972   0.82553   0.10815   0.24961   2.84567  
  1 99.0000   3652.797997  x:  0.03203   0.08092   0.01389   0.01542   0.02585   0.00000   0.00998   0.01970   0.01850   0.04081   0.04753   0.09702   0.15781   0.15044   0.15321   0.03324   0.02320   0.05155   0.12033   0.04392   0.05930   0.09940   0.16458   0.03473   0.07113   0.15194   4.17972   0.82553   0.10815   0.24961   2.84567  
  2 524.4589   3643.751996  x:  0.02662   0.08213   0.01298   0.01564   0.02724   0.00000   0.00000   0.02153   0.00701   0.03871   0.04643   0.09902   0.16082   0.15318   0.15594   0.03232   0.01860   0.05000   0.12249   0.04373   0.05869   0.10112   0.16706   0.03228   0.07352   0.15399   4.17987   0.82685   0.10820   0.24800   2.84484  
  3 3391.9977   3639.484393  x:  0.02289   0.08298   0.01233   0.01606   0.02800   0.00000   0.00000   0.02298   0.00000   0.03721   0.04566   0.10044   0.16290   0.15507   0.15784   0.03164   0.01535   0.04891   0.12401   0.04360   0.05826   0.10232   0.16877   0.03059   0.07519   0.15541   4.17996   0.82771   0.10824   0.24694   2.84429  
  4 72018.2818   3637.241676  x:  0.01325   0.08386   0.01529   0.01506   0.01596   0.00000   0.00000   0.01891   0.00000   0.03885   0.04842   0.10190   0.17001   0.16158   0.16435   0.03863   0.01729   0.04825   0.12698   0.04310   0.05797   0.10451   0.17507   0.02624   0.07752   0.16054   4.18069   0.83395   0.10851   0.23960   2.84032  
  5 184.4367   3634.594293  x:  0.00239   0.08394   0.02346   0.01742   0.02440   0.00000   0.00000   0.01514   0.00000   0.04772   0.05484   0.10156   0.18272   0.17318   0.17595   0.05459   0.02889   0.04943   0.13035   0.04269   0.05869   0.10679   0.18662   0.02071   0.07901   0.17022   4.18251   0.84932   0.10919   0.22185   2.83052  
  6 222.3449   3632.325277  x:  0.01602   0.08688   0.02027   0.00851   0.02672   0.00000   0.00000   0.01840   0.00000   0.05139   0.05532   0.10221   0.19674   0.18578   0.18855   0.06319   0.03571   0.05016   0.13456   0.04497   0.06060   0.11028   0.19887   0.02013   0.08360   0.18151   4.18506   0.87081   0.11021   0.19820   2.81676  
  7 198.3159   3631.099823  x:  0.02303   0.08836   0.01494   0.01689   0.02701   0.00000   0.00000   0.01225   0.00000   0.05097   0.05343   0.10329   0.20247   0.19108   0.19385   0.06164   0.03908   0.05119   0.13621   0.04700   0.06235   0.11188   0.20432   0.02294   0.08564   0.18728   4.18701   0.88718   0.11109   0.18182   2.80620  
  8 214.9507   3628.255971  x:  0.01429   0.08828   0.01348   0.01000   0.02622   0.00000   0.00000   0.00862   0.00000   0.04411   0.04834   0.10831   0.20049   0.19066   0.19343   0.03696   0.05075   0.05616   0.13496   0.04846   0.06600   0.11176   0.20613   0.03175   0.08101   0.19263   4.19282   0.93539   0.11446   0.14313   2.77445  
  9 131.5917   3627.288220  x:  0.01745   0.09305   0.02033   0.00992   0.02628   0.00000   0.00000   0.00583   0.00000   0.04135   0.04760   0.10976   0.19561   0.18663   0.18940   0.03616   0.04940   0.04858   0.13626   0.04411   0.05907   0.11300   0.20100   0.02446   0.08584   0.18954   4.19668   0.96640   0.11839   0.13744   2.75188  
 10 76.5530   3625.501861  x:  0.01221   0.09815   0.00776   0.00807   0.02658   0.00000   0.00000   0.00563   0.00000   0.04544   0.04327   0.10965   0.18776   0.17956   0.18233   0.04172   0.05517   0.04040   0.14053   0.04687   0.05440   0.11655   0.19149   0.01767   0.09945   0.18264   4.20508   1.03374   0.12796   0.13670   2.70137  
 11 155.2152   3621.161996  x:  0.01067   0.10503   0.02098   0.01025   0.02582   0.00000   0.00000   0.00986   0.00000   0.03769   0.03650   0.11682   0.18327   0.17286   0.17563   0.04110   0.06588   0.04554   0.15253   0.06005   0.06802   0.12738   0.17932   0.01528   0.12549   0.17113   4.23175   1.24766   0.15946   0.15170   2.53846  
 12 288.4608   3606.264709  x:  0.00986   0.08663   0.00699   0.00834   0.02581   0.00000   0.00000   0.00722   0.00000   0.03222   0.06931   0.11199   0.18692   0.16989   0.17266   0.02431   0.04530   0.05626   0.15603   0.03319   0.07210   0.12605   0.16871   0.00332   0.11405   0.15421   4.31388   1.90670   0.25788   0.22853   2.03202  
 13 767.4842   3597.694764  x:  0.00173   0.07717   0.01253   0.00543   0.02408   0.00000   0.00000   0.00556   0.00000   0.03148   0.05245   0.10278   0.18497   0.16791   0.17068   0.03782   0.01349   0.04011   0.14138   0.03930   0.05154   0.11020   0.16878   0.03353   0.08888   0.15507   4.36641   2.32968   0.32069   0.27012   1.70567  
 14 1434.3360   3595.366814  x:  0.00172   0.08136   0.01347   0.00634   0.02251   0.00000   0.00000   0.00616   0.00000   0.03683   0.03499   0.09844   0.18210   0.16753   0.17030   0.03495   0.01115   0.03882   0.12996   0.04094   0.04679   0.10184   0.17356   0.01924   0.07516   0.15892   4.37864   2.42990   0.33556   0.26940   1.62767  
 15 454.4250   3594.570369  x:  0.00104   0.08312   0.01208   0.00689   0.02271   0.00000   0.00000   0.00765   0.00000   0.03054   0.04037   0.09616   0.17644   0.16548   0.16825   0.03623   0.01092   0.03520   0.11873   0.03786   0.04327   0.09624   0.17716   0.01795   0.07784   0.16477   4.38273   2.46608   0.34121   0.25643   1.59814  
 16 117.9276   3594.425959  x:  0.00119   0.08103   0.01242   0.00685   0.02260   0.00000   0.00000   0.00758   0.00000   0.03246   0.04158   0.09586   0.17443   0.16430   0.16707   0.03746   0.00676   0.03597   0.11826   0.03767   0.04446   0.09680   0.17644   0.01742   0.07792   0.16534   4.38323   2.47176   0.34247   0.25118   1.59254  
 17 53.2043   3594.372214  x:  0.00141   0.07855   0.01240   0.00699   0.02259   0.00000   0.00000   0.00782   0.00000   0.03204   0.04080   0.09612   0.17423   0.16416   0.16693   0.03805   0.00694   0.03600   0.12054   0.03599   0.04293   0.09828   0.17550   0.01770   0.07681   0.16500   4.38311   2.47301   0.34351   0.24813   1.58951  
 18 21.8318   3594.349828  x:  0.00150   0.07814   0.01237   0.00702   0.02262   0.00000   0.00000   0.00785   0.00000   0.03162   0.04158   0.09573   0.17467   0.16439   0.16716   0.03782   0.00707   0.03452   0.12189   0.03703   0.04302   0.09824   0.17466   0.01742   0.07552   0.16418   4.38271   2.47239   0.34464   0.24670   1.58721  
 19 12.5287   3594.284443  x:  0.00105   0.08100   0.01248   0.00706   0.02253   0.00000   0.00000   0.00801   0.00000   0.03240   0.04184   0.09418   0.17672   0.16562   0.16839   0.03724   0.00647   0.03471   0.12344   0.03567   0.04290   0.09623   0.17219   0.01882   0.07516   0.16091   4.38034   2.46665   0.35038   0.24332   1.57687  
 20 12.9512   3594.032743  x:  0.00058   0.07941   0.01153   0.00683   0.02280   0.00000   0.00000   0.00762   0.00000   0.02836   0.04116   0.09502   0.18003   0.16785   0.17061   0.03924   0.00495   0.03822   0.11976   0.03733   0.04151   0.09451   0.16899   0.01727   0.07528   0.15402   4.36975   2.43962   0.37550   0.23619   1.53278  
 21 38.4658   3593.175344  x:  0.00045   0.07357   0.01208   0.00690   0.02253   0.00000   0.00000   0.00777   0.00000   0.03216   0.03939   0.10257   0.18548   0.17249   0.17526   0.03403   0.00544   0.03201   0.11031   0.03562   0.04234   0.09709   0.16885   0.01835   0.07952   0.14498   4.33293   2.34490   0.46277   0.21689   1.38025  
 22 228.8856   3592.017864  x:  0.00000   0.07615   0.01154   0.00686   0.02271   0.00000   0.00000   0.00767   0.00000   0.03124   0.03977   0.10331   0.18428   0.17230   0.17507   0.03276   0.00489   0.03258   0.11187   0.03572   0.04230   0.09993   0.17169   0.01879   0.07850   0.14713   4.30484   2.27256   0.52931   0.20398   1.26426  
 23 524.8450   3591.501424  x:  0.00000   0.07072   0.01189   0.00669   0.02267   0.00000   0.00000   0.00733   0.00000   0.02952   0.03705   0.10167   0.18476   0.17147   0.17423   0.03122   0.00467   0.03184   0.11796   0.03443   0.04495   0.08943   0.17093   0.01699   0.08305   0.15490   4.28216   2.21446   0.58298   0.19466   1.17153  
 24 358.8673   3591.462264  x:  0.00000   0.07048   0.01211   0.00675   0.02261   0.00000   0.00000   0.00741   0.00000   0.03048   0.03775   0.10236   0.18577   0.17138   0.17414   0.03015   0.00476   0.03266   0.11819   0.03565   0.04297   0.08878   0.16927   0.01682   0.08371   0.15696   4.28047   2.21046   0.58687   0.19406   1.16530  
 25 41.3927   3591.433933  x:  0.00000   0.07108   0.01188   0.00675   0.02265   0.00000   0.00000   0.00741   0.00000   0.03026   0.03763   0.10343   0.18757   0.17105   0.17381   0.03054   0.00491   0.03243   0.11726   0.03522   0.04369   0.08933   0.16584   0.01672   0.08305   0.15985   4.27903   2.20772   0.59000   0.19369   1.16132  
 26 15.9737   3591.372452  x:  0.00000   0.07034   0.01235   0.00675   0.02258   0.00000   0.00000   0.00739   0.00000   0.02982   0.03706   0.09875   0.18991   0.17068   0.17345   0.02958   0.00480   0.03223   0.11621   0.03538   0.04361   0.09181   0.16530   0.01650   0.08421   0.16098   4.27525   2.20507   0.59684   0.19300   1.16006  
 27  2.9899   3588.798829  x:  0.00000   0.07758   0.01092   0.00902   0.02456   0.00000   0.00000   0.00891   0.00000   0.02869   0.03559   0.10879   0.22740   0.16114   0.16391   0.03244   0.00274   0.03345   0.12463   0.03803   0.04504   0.09549   0.19193   0.01423   0.08971   0.16545   4.11751   2.13206   0.87105   0.16181   1.17977  
 28 21.4219   3586.353468  x:  0.00000   0.08252   0.01064   0.01113   0.02643   0.00000   0.00000   0.01018   0.00000   0.02706   0.03329   0.11110   0.20994   0.19346   0.19623   0.03240   0.00244   0.03517   0.13074   0.04094   0.04800   0.10341   0.19164   0.01194   0.09647   0.17990   3.96830   2.06331   1.12990   0.13768   1.19977  
 29 221.8028   3585.102515  x:  0.00000   0.08720   0.00999   0.01199   0.02792   0.00000   0.00000   0.01149   0.00000   0.02597   0.03326   0.11345   0.21273   0.19814   0.20091   0.03199   0.00332   0.03648   0.13897   0.04235   0.05031   0.10995   0.19501   0.00636   0.10440   0.18340   4.12004   1.97396   0.70630   0.14891   1.02967  
 30  2.4392   3584.715649  x:  0.00000   0.09027   0.00941   0.01135   0.02936   0.00000   0.00000   0.01200   0.00000   0.02461   0.03432   0.11631   0.21227   0.19812   0.20088   0.02845   0.00247   0.03599   0.14234   0.04166   0.04969   0.11309   0.19796   0.00732   0.10428   0.18659   4.33712   1.90032   0.73743   0.15422   1.00436  
 31  0.6962   3584.698337  x:  0.00000   0.09034   0.00939   0.01131   0.02942   0.00000   0.00000   0.01202   0.00000   0.02463   0.03440   0.11630   0.21223   0.19803   0.20080   0.02839   0.00254   0.03602   0.14242   0.04163   0.04970   0.11318   0.19804   0.00732   0.10426   0.18665   4.33250   1.89808   0.73816   0.15397   1.00000  
 32  0.4715   3584.519989  x:  0.00000   0.09224   0.00912   0.01047   0.03114   0.00000   0.00000   0.01269   0.00000   0.02528   0.03553   0.11629   0.20938   0.19556   0.19833   0.02798   0.00176   0.03632   0.14473   0.04089   0.04920   0.11553   0.19932   0.00775   0.10388   0.18875   4.16965   1.85438   0.74056   0.14894   1.00000  
 33  0.3712   3584.478197  x:  0.00000   0.09245   0.00884   0.01038   0.03173   0.00000   0.00000   0.01284   0.00000   0.02562   0.03568   0.11572   0.20887   0.19512   0.19789   0.02810   0.00274   0.03701   0.14479   0.04087   0.04954   0.11586   0.20030   0.00820   0.10319   0.18966   4.19971   1.83389   0.75845   0.14391   1.00000  
 34  0.1289   3584.447197  x:  0.00000   0.09268   0.00866   0.01046   0.03237   0.00000   0.00000   0.01311   0.00000   0.02548   0.03560   0.11572   0.20828   0.19511   0.19788   0.02775   0.00320   0.03716   0.14490   0.04072   0.04967   0.11621   0.20113   0.00862   0.10246   0.19068   4.16208   1.85572   0.72110   0.14972   1.00000  
 35  0.1244   3584.441201  x:  0.00000   0.09292   0.00895   0.01032   0.03264   0.00000   0.00000   0.01324   0.00000   0.02560   0.03574   0.11564   0.20829   0.19494   0.19770   0.02786   0.00334   0.03714   0.14489   0.04059   0.04957   0.11626   0.20138   0.00781   0.10238   0.19088   4.16979   1.85368   0.71566   0.15011   1.00000  
 36  0.0202   3584.439095  x:  0.00000   0.09291   0.00882   0.01043   0.03297   0.00000   0.00000   0.01337   0.00000   0.02559   0.03603   0.11552   0.20840   0.19475   0.19752   0.02786   0.00327   0.03719   0.14488   0.04063   0.04965   0.11626   0.20137   0.00789   0.10231   0.19081   4.18237   1.85258   0.71161   0.14971   1.00000  
 37  0.0139   3584.438583  x:  0.00000   0.09293   0.00887   0.01048   0.03311   0.00000   0.00000   0.01344   0.00000   0.02552   0.03588   0.11551   0.20849   0.19464   0.19741   0.02791   0.00328   0.03712   0.14488   0.04067   0.04958   0.11620   0.20120   0.00794   0.10239   0.19059   4.18073   1.85082   0.71214   0.14976   1.00000  
 38  0.0025   3584.438500  x:  0.00000   0.09286   0.00886   0.01047   0.03311   0.00000   0.00000   0.01348   0.00000   0.02555   0.03585   0.11553   0.20851   0.19470   0.19747   0.02785   0.00327   0.03712   0.14479   0.04066   0.04959   0.11613   0.20118   0.00792   0.10235   0.19056   4.17984   1.85136   0.71258   0.14973   1.00000  
 39  0.0012   3584.438483  x:  0.00000   0.09283   0.00887   0.01046   0.03310   0.00000   0.00000   0.01349   0.00000   0.02556   0.03588   0.11553   0.20849   0.19474   0.19751   0.02789   0.00326   0.03712   0.14477   0.04066   0.04959   0.11611   0.20117   0.00794   0.10235   0.19056   4.17953   1.85144   0.71260   0.14976   1.00000  
 40  0.0004   3584.438479  x:  0.00000   0.09284   0.00886   0.01047   0.03309   0.00000   0.00000   0.01350   0.00000   0.02554   0.03588   0.11552   0.20847   0.19473   0.19750   0.02789   0.00326   0.03712   0.14477   0.04066   0.04958   0.11611   0.20118   0.00793   0.10235   0.19057   4.17967   1.85144   0.71268   0.14975   1.00000  
 41  0.0001   3584.438478  x:  0.00000   0.09284   0.00886   0.01047   0.03308   0.00000   0.00000   0.01350   0.00000   0.02555   0.03587   0.11552   0.20847   0.19473   0.19750   0.02788   0.00326   0.03712   0.14477   0.04066   0.04958   0.11611   0.20118   0.00793   0.10235   0.19057   4.17978   1.85144   0.71267   0.14975   1.00000  
 42  0.0001   3584.438478  x:  0.00000   0.09284   0.00886   0.01047   0.03308   0.00000   0.00000   0.01351   0.00000   0.02555   0.03587   0.11552   0.20848   0.19473   0.19750   0.02788   0.00326   0.03712   0.14477   0.04066   0.04958   0.11611   0.20118   0.00793   0.10235   0.19057   4.17975   1.85142   0.71266   0.14975   1.00000  
 43  0.0001   3584.438478  x:  0.00000   0.09284   0.00886   0.01047   0.03308   0.00000   0.00000   0.01351   0.00000   0.02555   0.03587   0.11552   0.20848   0.19473   0.19750   0.02788   0.00326   0.03712   0.14477   0.04066   0.04959   0.11612   0.20118   0.00793   0.10235   0.19057   4.17972   1.85142   0.71265   0.14975   1.00000  
 44  0.0000   3584.438478  x:  0.00000   0.09284   0.00886   0.01047   0.03308   0.00000   0.00000   0.01351   0.00000   0.02555   0.03587   0.11552   0.20848   0.19473   0.19750   0.02788   0.00326   0.03712   0.14477   0.04066   0.04959   0.11612   0.20118   0.00793   0.10235   0.19057   4.17972   1.85142   0.71265   0.14975   1.00000  

Model 7: beta

TREE # 1

  0  0.0000   3599.576325  x:  0.01442   0.09310   0.01149   0.00503   0.02967   0.00151   0.01188   0.00971   0.00657   0.02607   0.03841   0.10819   0.19054   0.14811   0.21289   0.01373   0.00000   0.03652   0.13181   0.03967   0.04662   0.11279   0.18919   0.01986   0.08540   0.15965   4.17972   0.96572   1.85115  
  1 99.0000   3597.733834  x:  0.01375   0.09301   0.01130   0.00634   0.02975   0.00000   0.01053   0.01007   0.00535   0.02604   0.03830   0.10826   0.19062   0.14818   0.21297   0.01478   0.00053   0.03663   0.13191   0.03970   0.04669   0.11280   0.18926   0.01957   0.08555   0.15981   4.17972   0.96573   1.85113  
  2 613.7176   3593.301063  x:  0.01094   0.09268   0.01058   0.00740   0.03014   0.00000   0.00466   0.01143   0.00000   0.02591   0.03783   0.10852   0.19092   0.14848   0.21327   0.01775   0.00437   0.03687   0.13232   0.03982   0.04693   0.11282   0.18951   0.01836   0.08616   0.16045   4.17969   0.96577   1.85103  
  3 2505.8448   3591.420517  x:  0.00905   0.09247   0.01025   0.00748   0.03050   0.00000   0.00000   0.01212   0.00000   0.02581   0.03754   0.10869   0.19113   0.14868   0.21347   0.01877   0.00443   0.03683   0.13260   0.03988   0.04708   0.11283   0.18965   0.01749   0.08654   0.16091   4.17967   0.96580   1.85096  
  4 1432.2241   3590.873867  x:  0.00355   0.09198   0.01119   0.00851   0.03081   0.00000   0.00000   0.00816   0.00000   0.02557   0.03697   0.10932   0.19218   0.14950   0.21429   0.01943   0.00538   0.03686   0.13362   0.03999   0.04744   0.11289   0.19023   0.01485   0.08834   0.16288   4.17959   0.96590   1.85066  
  5 196.4642   3590.664424  x:  0.00167   0.09210   0.01440   0.00949   0.02948   0.00000   0.00000   0.00936   0.00000   0.02568   0.03710   0.10989   0.19402   0.15065   0.21543   0.01739   0.00604   0.03711   0.13485   0.03987   0.04750   0.11303   0.19107   0.01304   0.09105   0.16572   4.17946   0.96601   1.85018  
  6 77.6407   3590.389116  x:  0.00321   0.09297   0.01631   0.00815   0.02721   0.00000   0.00000   0.00900   0.00000   0.02660   0.03708   0.11079   0.19887   0.15349   0.21828   0.01962   0.00500   0.03757   0.13769   0.03966   0.04752   0.11339   0.19312   0.01043   0.09721   0.17283   4.17913   0.96628   1.84889  
  7 74.3410   3590.194540  x:  0.00371   0.09361   0.01299   0.00840   0.02889   0.00000   0.00000   0.00896   0.00000   0.02707   0.03685   0.11123   0.20331   0.15612   0.22091   0.01744   0.00484   0.03757   0.13991   0.03974   0.04747   0.11372   0.19503   0.01056   0.10173   0.17947   4.17874   0.96663   1.84738  
  8 71.9131   3590.155851  x:  0.00344   0.09374   0.01363   0.00808   0.03014   0.00000   0.00000   0.00894   0.00000   0.02535   0.03750   0.11115   0.20452   0.15692   0.22170   0.01757   0.00449   0.03706   0.13992   0.03998   0.04745   0.11384   0.19559   0.01119   0.10068   0.18150   4.17848   0.96691   1.84627  
  9 20.1084   3590.126021  x:  0.00268   0.09374   0.01342   0.00777   0.02937   0.00000   0.00000   0.00893   0.00000   0.02610   0.03797   0.11090   0.20558   0.15767   0.22246   0.01740   0.00408   0.03669   0.13948   0.04008   0.04747   0.11398   0.19607   0.01119   0.09799   0.18340   4.17803   0.96741   1.84437  
 10 17.8959   3590.110620  x:  0.00311   0.09377   0.01378   0.00795   0.02991   0.00000   0.00000   0.00893   0.00000   0.02651   0.03675   0.11086   0.20614   0.15809   0.22288   0.01738   0.00412   0.03710   0.13912   0.03981   0.04758   0.11405   0.19621   0.01084   0.09666   0.18445   4.17745   0.96803   1.84193  
 11 10.4426   3590.073790  x:  0.00326   0.09369   0.01340   0.00852   0.02857   0.00000   0.00000   0.00895   0.00000   0.02549   0.03633   0.11091   0.20691   0.15877   0.22356   0.01760   0.00416   0.03798   0.13830   0.03964   0.04770   0.11407   0.19631   0.01211   0.09573   0.18623   4.17551   0.97004   1.83368  
 12 16.1179   3590.003296  x:  0.00362   0.09367   0.01388   0.00934   0.02950   0.00000   0.00000   0.00898   0.00000   0.02699   0.03901   0.11099   0.20734   0.15934   0.22412   0.01833   0.00402   0.03806   0.13714   0.04017   0.04751   0.11392   0.19627   0.01311   0.09572   0.18769   4.17128   0.97422   1.81575  
 13 44.5635   3589.812257  x:  0.00448   0.09402   0.01294   0.01018   0.02934   0.00000   0.00000   0.00898   0.00000   0.02557   0.03914   0.11079   0.20585   0.15882   0.22360   0.01806   0.00218   0.03694   0.13639   0.04080   0.04702   0.11361   0.19605   0.01004   0.09748   0.18569   4.16029   0.98441   1.76911  
 14 69.7849   3589.753201  x:  0.00353   0.09402   0.01363   0.00990   0.02951   0.00000   0.00000   0.00899   0.00000   0.02634   0.03791   0.11085   0.20520   0.15837   0.22316   0.01841   0.00115   0.03781   0.13713   0.04024   0.04738   0.11382   0.19626   0.01196   0.09848   0.18451   4.15663   0.98727   1.75362  
 15 92.0212   3589.726537  x:  0.00371   0.09421   0.01345   0.00997   0.02962   0.00000   0.00000   0.00899   0.00000   0.02616   0.03870   0.11113   0.20591   0.15797   0.22276   0.01835   0.00104   0.03895   0.14072   0.04001   0.04836   0.11472   0.19783   0.01182   0.09742   0.18335   4.15442   0.98652   1.74458  
 16 13.7666   3589.697329  x:  0.00375   0.09433   0.01362   0.01020   0.02938   0.00000   0.00000   0.00901   0.00000   0.02636   0.03806   0.11136   0.20697   0.15771   0.22250   0.01854   0.00122   0.03698   0.14329   0.04041   0.04713   0.11514   0.19964   0.01250   0.09678   0.18244   4.15172   0.98419   1.73362  
 17 23.2341   3589.156206  x:  0.00184   0.09415   0.01329   0.00927   0.03010   0.00000   0.00000   0.00927   0.00000   0.02628   0.03790   0.10889   0.21870   0.15736   0.22215   0.01906   0.00180   0.04161   0.13592   0.04175   0.04390   0.11160   0.21384   0.01183   0.09859   0.17396   4.09705   0.91584   1.51368  
 18 29.2168   3588.668690  x:  0.00161   0.09437   0.01311   0.00920   0.03007   0.00000   0.00000   0.00951   0.00000   0.02658   0.03708   0.11063   0.22167   0.15778   0.22257   0.01945   0.00306   0.03623   0.13275   0.03957   0.05387   0.11177   0.21635   0.01220   0.10010   0.17256   4.04693   0.85003   1.31188  
 19 397.2152   3587.864502  x:  0.00074   0.09481   0.01222   0.00849   0.03082   0.00000   0.00000   0.00987   0.00000   0.02645   0.03714   0.11550   0.21532   0.15903   0.22382   0.01998   0.00431   0.03740   0.13633   0.03842   0.04948   0.11715   0.20665   0.01144   0.09992   0.17820   3.97221   0.74636   1.01086  
 20 498.3616   3587.785247  x:  0.00079   0.09447   0.01243   0.00847   0.03069   0.00000   0.00000   0.00991   0.00000   0.02663   0.03632   0.11364   0.21416   0.15920   0.22399   0.02002   0.00433   0.03797   0.13760   0.04273   0.05045   0.11561   0.20589   0.01163   0.09991   0.17915   3.96410   0.73150   0.97872  
 21 113.3001   3587.564185  x:  0.00055   0.09320   0.01240   0.00881   0.03082   0.00000   0.00000   0.01003   0.00000   0.02644   0.03666   0.10587   0.21177   0.15966   0.22445   0.02052   0.00425   0.03758   0.14078   0.03970   0.05041   0.10808   0.20677   0.01136   0.09985   0.18104   3.94321   0.68193   0.89781  
 22 97.0519   3586.697552  x:  0.00000   0.09321   0.01163   0.00952   0.03103   0.00000   0.00000   0.01031   0.00000   0.02625   0.03672   0.10947   0.21203   0.15986   0.22464   0.02147   0.00331   0.03766   0.13854   0.03995   0.05076   0.10837   0.21332   0.01077   0.09987   0.18021   3.89347   0.54971   0.70821  
 23 178.1231   3586.572068  x:  0.00000   0.09456   0.01165   0.00984   0.03106   0.00000   0.00000   0.01039   0.00000   0.02621   0.03664   0.10422   0.21774   0.16048   0.22527   0.02193   0.00316   0.03709   0.13791   0.03989   0.05096   0.11391   0.20959   0.01065   0.10046   0.17741   3.88024   0.51440   0.65882  
 24 108.7170   3586.543082  x:  0.00000   0.09362   0.01162   0.00988   0.03108   0.00000   0.00000   0.01041   0.00000   0.02618   0.03667   0.10573   0.22163   0.16084   0.22563   0.02198   0.00309   0.03712   0.13861   0.03991   0.05091   0.11181   0.20599   0.01078   0.10008   0.17559   3.87731   0.50710   0.64924  
 25 18.2338   3586.437506  x:  0.00000   0.10203   0.01128   0.01004   0.03115   0.00000   0.00000   0.01053   0.00000   0.02619   0.03650   0.10677   0.22232   0.15922   0.22401   0.02240   0.00306   0.03734   0.13874   0.04001   0.05093   0.10943   0.20514   0.01071   0.09976   0.17662   3.86508   0.48857   0.63327  
 26  2.0532   3585.483392  x:  0.00000   0.09524   0.01014   0.01055   0.03187   0.00000   0.00000   0.01127   0.00000   0.02588   0.03586   0.10747   0.22132   0.15326   0.21805   0.02438   0.00255   0.03728   0.13932   0.04022   0.05089   0.11099   0.20514   0.00900   0.10077   0.18388   3.78444   0.38259   0.56356  
 27 42.5028   3585.406313  x:  0.00000   0.09622   0.01005   0.01059   0.03193   0.00000   0.00000   0.01134   0.00000   0.02589   0.03583   0.10787   0.21855   0.15990   0.22469   0.02455   0.00250   0.03734   0.13984   0.04028   0.05089   0.11096   0.20582   0.00918   0.10074   0.18035   3.77851   0.37280   0.55694  
 28 19.3896   3584.844645  x:  0.00000   0.09535   0.00879   0.01089   0.03274   0.00000   0.00000   0.01222   0.00000   0.02564   0.03529   0.11078   0.21623   0.16068   0.22547   0.02656   0.00238   0.03743   0.14112   0.04050   0.05083   0.11223   0.20630   0.00765   0.10193   0.18426   4.17863   0.33904   0.48320  
 29  1.8854   3584.632061  x:  0.00000   0.09296   0.00853   0.01088   0.03324   0.00000   0.00000   0.01290   0.00000   0.02548   0.03522   0.11316   0.21015   0.16362   0.22841   0.02763   0.00286   0.03732   0.14363   0.04074   0.05001   0.11488   0.20166   0.00712   0.10251   0.18731   4.16924   0.40380   0.58708  
 30  0.3042   3584.589332  x:  0.00000   0.09198   0.00958   0.01060   0.03311   0.00000   0.00000   0.01318   0.00000   0.02556   0.03553   0.11459   0.20719   0.16279   0.22757   0.02782   0.00325   0.03731   0.14440   0.04063   0.04954   0.11568   0.19990   0.00781   0.10237   0.18976   4.15466   0.38951   0.56624  
 31  0.0497   3584.586842  x:  0.00000   0.09197   0.00936   0.01048   0.03300   0.00000   0.00000   0.01336   0.00000   0.02553   0.03580   0.11486   0.20759   0.16251   0.22730   0.02788   0.00322   0.03731   0.14429   0.04067   0.04950   0.11566   0.20027   0.00778   0.10236   0.18994   4.15127   0.38802   0.56698  
 32  0.0039   3584.586571  x:  0.00000   0.09209   0.00943   0.01044   0.03294   0.00000   0.00000   0.01344   0.00000   0.02554   0.03577   0.11487   0.20773   0.16258   0.22737   0.02789   0.00320   0.03730   0.14426   0.04068   0.04953   0.11559   0.20047   0.00775   0.10239   0.18981   4.15230   0.38838   0.56695  
 33  0.0011   3584.586539  x:  0.00000   0.09208   0.00941   0.01044   0.03295   0.00000   0.00000   0.01347   0.00000   0.02554   0.03574   0.11485   0.20768   0.16260   0.22738   0.02789   0.00320   0.03730   0.14429   0.04067   0.04952   0.11559   0.20040   0.00776   0.10240   0.18981   4.15191   0.38822   0.56643  
 34  0.0007   3584.586535  x:  0.00000   0.09207   0.00941   0.01044   0.03295   0.00000   0.00000   0.01348   0.00000   0.02554   0.03575   0.11484   0.20769   0.16259   0.22738   0.02789   0.00320   0.03730   0.14428   0.04068   0.04953   0.11559   0.20039   0.00776   0.10240   0.18981   4.15187   0.38826   0.56656  
 35  0.0001   3584.586535  x:  0.00000   0.09207   0.00941   0.01045   0.03295   0.00000   0.00000   0.01348   0.00000   0.02554   0.03575   0.11484   0.20769   0.16259   0.22738   0.02789   0.00320   0.03730   0.14428   0.04067   0.04953   0.11559   0.20040   0.00776   0.10239   0.18981   4.15185   0.38825   0.56653  
 36  0.0000   3584.586535  x:  0.00000   0.09207   0.00941   0.01045   0.03295   0.00000   0.00000   0.01348   0.00000   0.02554   0.03575   0.11484   0.20769   0.16259   0.22738   0.02789   0.00320   0.03730   0.14428   0.04067   0.04953   0.11559   0.20040   0.00776   0.10239   0.18981   4.15184   0.38824   0.56653  
 37  0.0000   3584.586535  x:  0.00000   0.09207   0.00941   0.01045   0.03295   0.00000   0.00000   0.01348   0.00000   0.02554   0.03575   0.11484   0.20769   0.16259   0.22738   0.02789   0.00320   0.03730   0.14428   0.04067   0.04953   0.11559   0.20040   0.00776   0.10239   0.18981   4.15185   0.38825   0.56653  
 38  0.0000   3584.586535  x:  0.00000   0.09207   0.00941   0.01045   0.03295   0.00000   0.00000   0.01348   0.00000   0.02554   0.03575   0.11484   0.20769   0.16259   0.22738   0.02789   0.00320   0.03730   0.14428   0.04067   0.04953   0.11559   0.20040   0.00776   0.10239   0.18981   4.15185   0.38825   0.56653  
 39  0.0000   3584.586535  x:  0.00000   0.09207   0.00941   0.01045   0.03295   0.00000   0.00000   0.01348   0.00000   0.02554   0.03575   0.11484   0.20769   0.16259   0.22738   0.02789   0.00320   0.03730   0.14428   0.04067   0.04953   0.11559   0.20040   0.00776   0.10239   0.18981   4.15185   0.38825   0.56653  

Model 8: beta&w>1

TREE # 1

  0  0.0000   3613.543384  x:  0.01342   0.09259   0.00999   0.01889   0.02793   0.00000   0.01585   0.02229   0.02226   0.02867   0.03947   0.10940   0.18204   0.15225   0.17327   0.02086   0.00591   0.04580   0.11474   0.05168   0.04883   0.10532   0.16646   0.02645   0.07919   0.14740   4.15185   0.90000   0.73792   1.81797   2.44073  
  1 99.0000   3613.541980  x:  0.01342   0.09259   0.00999   0.01889   0.02793   0.00000   0.01585   0.02229   0.02225   0.02867   0.03947   0.10940   0.18204   0.15225   0.17327   0.02086   0.00591   0.04580   0.11474   0.05168   0.04883   0.10532   0.16646   0.02645   0.07919   0.14740   4.15185   0.90000   0.73792   1.81797   2.44073  
  2 507.8301   3602.119745  x:  0.00904   0.09232   0.01065   0.01756   0.02991   0.00000   0.00000   0.02232   0.00481   0.02791   0.03884   0.10990   0.18348   0.15433   0.17535   0.02069   0.00762   0.04396   0.11721   0.04934   0.04849   0.10616   0.16881   0.02311   0.08115   0.14968   4.15190   0.90567   0.73859   1.81773   2.44001  
  3 2025.4896   3599.964538  x:  0.00703   0.09224   0.01139   0.01719   0.03062   0.00000   0.00000   0.02197   0.00000   0.02758   0.03863   0.11018   0.18404   0.15516   0.17618   0.02036   0.00931   0.04331   0.11825   0.04837   0.04836   0.10653   0.16978   0.02181   0.08198   0.15055   4.15192   0.90761   0.73882   1.81765   2.43976  
  4 4663.3035   3597.679067  x:  0.00966   0.09202   0.00768   0.02522   0.02465   0.00000   0.00000   0.03468   0.00000   0.03013   0.03791   0.11078   0.19551   0.16926   0.19028   0.02324   0.00000   0.03058   0.13172   0.03795   0.04643   0.11115   0.18458   0.00129   0.09300   0.16718   4.15238   0.95458   0.74457   1.81555   2.43394  
  5 165.5275   3596.698758  x:  0.01222   0.09180   0.00557   0.02439   0.02453   0.00000   0.00000   0.03620   0.00000   0.03033   0.03737   0.11031   0.19862   0.17293   0.19396   0.02557   0.00130   0.03039   0.13454   0.03775   0.04651   0.11217   0.18836   0.00665   0.09639   0.17232   4.15251   0.96959   0.74693   1.81461   2.43206  
  6 229.9792   3596.250459  x:  0.01608   0.09147   0.00996   0.02124   0.02623   0.00000   0.00000   0.03492   0.00000   0.02964   0.03742   0.10929   0.20009   0.17448   0.19551   0.02551   0.00086   0.03341   0.13429   0.04166   0.04725   0.11195   0.18945   0.00565   0.09607   0.17513   4.15256   0.97920   0.74994   1.81328   2.43057  
  7 117.9001   3596.063724  x:  0.01721   0.09071   0.00781   0.01975   0.02617   0.00000   0.00000   0.03388   0.00000   0.02947   0.03744   0.10826   0.20044   0.17476   0.19578   0.02379   0.00228   0.03535   0.13301   0.04370   0.04736   0.11118   0.18931   0.00378   0.09488   0.17627   4.15255   0.98358   0.75258   1.81205   2.42965  
  8 88.9815   3595.920365  x:  0.01586   0.08952   0.00725   0.01962   0.02675   0.00000   0.00000   0.03316   0.00000   0.02896   0.03766   0.10732   0.20027   0.17454   0.19557   0.02086   0.00096   0.03607   0.13094   0.04415   0.04687   0.10985   0.18862   0.00435   0.09365   0.17724   4.15248   0.98685   0.75629   1.81025   2.42858  
  9 65.8712   3595.559107  x:  0.01271   0.08593   0.00837   0.02066   0.02468   0.00000   0.00000   0.03035   0.00000   0.02815   0.03824   0.10454   0.19902   0.17298   0.19401   0.02356   0.00113   0.03565   0.12354   0.04215   0.04491   0.10500   0.18546   0.00437   0.08952   0.17971   4.15216   0.99504   0.77080   1.80305   2.42474  
 10 74.0377   3595.293356  x:  0.01246   0.08593   0.00741   0.01980   0.02919   0.00000   0.00000   0.03072   0.00000   0.03079   0.03652   0.10395   0.19785   0.17122   0.19225   0.02564   0.00086   0.03511   0.12124   0.04095   0.04709   0.10361   0.18306   0.00375   0.09020   0.18070   4.15166   0.99721   0.78704   1.79456   2.42078  
 11 56.4657   3594.422877  x:  0.01263   0.08897   0.00837   0.01538   0.02494   0.00000   0.00000   0.03139   0.00000   0.03140   0.03452   0.10521   0.19607   0.16800   0.18905   0.02422   0.00088   0.03479   0.12244   0.03971   0.05204   0.10462   0.17950   0.00339   0.09697   0.18349   4.15006   0.99999   0.83495   1.76899   2.40902  
 12 140.9938   3594.422877  x:  0.01263   0.08897   0.00837   0.01538   0.02494   0.00000   0.00000   0.03139   0.00000   0.03140   0.03452   0.10521   0.19607   0.16800   0.18905   0.02422   0.00088   0.03479   0.12244   0.03971   0.05204   0.10462   0.17950   0.00339   0.09697   0.18349   4.15006   0.99999   0.83495   1.76899   2.40902  
 13 235.7556   3590.534685  x:  0.00000   0.08854   0.01032   0.00733   0.03194   0.00000   0.00000   0.01595   0.00000   0.02651   0.03427   0.10706   0.19659   0.16945   0.19049   0.02572   0.01295   0.03749   0.12598   0.03987   0.05045   0.10654   0.18191   0.00959   0.09860   0.18407   4.14995   0.99560   0.83577   1.76832   2.40902  
 14 315.6896   3589.943250  x:  0.00000   0.08860   0.01060   0.00949   0.03366   0.00000   0.00000   0.01029   0.00000   0.02487   0.03446   0.10802   0.19709   0.17037   0.19141   0.02628   0.01072   0.03765   0.12799   0.03997   0.04966   0.10761   0.18320   0.00970   0.09889   0.18431   4.14988   0.99306   0.83631   1.76789   2.40900  
 15 173.4156   3589.455326  x:  0.00000   0.08874   0.01015   0.00648   0.03654   0.00000   0.00000   0.01021   0.00000   0.02231   0.03475   0.11018   0.19832   0.17267   0.19371   0.02737   0.00631   0.03790   0.13280   0.04019   0.04802   0.11011   0.18640   0.01006   0.09961   0.18488   4.14971   0.98718   0.83768   1.76679   2.40891  
 16 112.7294   3589.025505  x:  0.00000   0.08886   0.00960   0.00904   0.03980   0.00000   0.00000   0.01309   0.00000   0.02125   0.03527   0.11322   0.20010   0.17610   0.19714   0.02873   0.00646   0.03867   0.13965   0.04051   0.04626   0.11364   0.19123   0.01194   0.10095   0.18574   4.14947   0.97907   0.83979   1.76510   2.40870  
 17 168.8891   3588.694615  x:  0.00000   0.08951   0.00861   0.00864   0.03734   0.00000   0.00000   0.01252   0.00000   0.02717   0.03592   0.11583   0.20236   0.18016   0.20120   0.02833   0.00722   0.03788   0.14612   0.04102   0.04696   0.11681   0.19660   0.01110   0.10188   0.18668   4.14920   0.97156   0.84260   1.76293   2.40819  
 18 98.0876   3588.589531  x:  0.00000   0.09030   0.01076   0.00864   0.03457   0.00000   0.00000   0.01263   0.00000   0.02605   0.03566   0.11646   0.20362   0.18213   0.20317   0.02761   0.00806   0.03687   0.14789   0.04113   0.04857   0.11759   0.19889   0.01000   0.10214   0.18728   4.14908   0.96931   0.84432   1.76163   2.40768  
 19 56.8338   3588.551594  x:  0.00000   0.09084   0.00924   0.00871   0.03369   0.00000   0.00000   0.01255   0.00000   0.02500   0.03525   0.11627   0.20449   0.18329   0.20433   0.02733   0.00847   0.03627   0.14799   0.04101   0.04959   0.11757   0.19999   0.00979   0.10232   0.18783   4.14902   0.96903   0.84570   1.76061   2.40714  
 20 32.2105   3588.477291  x:  0.00000   0.09282   0.00966   0.00873   0.03569   0.00000   0.00000   0.01266   0.00000   0.02558   0.03524   0.11481   0.20754   0.18698   0.20802   0.02751   0.00821   0.03532   0.14596   0.04022   0.05123   0.11647   0.20281   0.00998   0.10284   0.19010   4.14878   0.97042   0.85162   1.75620   2.40455  
 21 23.4060   3588.414022  x:  0.00000   0.09281   0.00970   0.00870   0.03457   0.00000   0.00000   0.01261   0.00000   0.02544   0.03625   0.11415   0.20978   0.18953   0.21057   0.02776   0.00811   0.03802   0.14387   0.04106   0.04892   0.11592   0.20429   0.00981   0.10308   0.19213   4.14850   0.97178   0.85926   1.75042   2.40111  
 22 27.9384   3588.316541  x:  0.00000   0.08948   0.00997   0.00878   0.03511   0.00000   0.00000   0.01267   0.00000   0.02573   0.03323   0.11577   0.21029   0.18997   0.21101   0.02648   0.00809   0.03765   0.14270   0.04232   0.04807   0.11610   0.20347   0.00940   0.10298   0.19381   4.14789   0.97266   0.87523   1.73790   2.39368  
 23 26.3511   3588.143944  x:  0.00000   0.08606   0.00984   0.00873   0.03491   0.00000   0.00000   0.01270   0.00000   0.02542   0.03654   0.11836   0.20944   0.18863   0.20967   0.02866   0.00817   0.03570   0.14262   0.04136   0.04972   0.11686   0.20073   0.00969   0.10280   0.19547   4.14670   0.97404   0.90624   1.71310   2.37886  
 24 94.4679   3588.012994  x:  0.00000   0.09109   0.00980   0.00880   0.03509   0.00000   0.00000   0.01274   0.00000   0.02551   0.03608   0.11734   0.20734   0.18597   0.20701   0.02701   0.00785   0.03818   0.14523   0.03960   0.05061   0.11757   0.19903   0.01003   0.10296   0.19432   4.14576   0.97489   0.92977   1.69323   2.36666  
 25 71.1084   3587.986687  x:  0.00000   0.09260   0.00981   0.00880   0.03505   0.00000   0.00000   0.01273   0.00000   0.02554   0.03563   0.11622   0.20685   0.18525   0.20629   0.02821   0.00804   0.03731   0.14600   0.04122   0.04988   0.11728   0.19943   0.00985   0.10296   0.19316   4.14556   0.97518   0.93410   1.68884   2.36372  
 26 32.4327   3587.976195  x:  0.00000   0.09229   0.00983   0.00880   0.03508   0.00000   0.00000   0.01272   0.00000   0.02545   0.03614   0.11535   0.20672   0.18496   0.20600   0.02735   0.00802   0.03660   0.14630   0.04130   0.04921   0.11681   0.20053   0.01020   0.10303   0.19172   4.14547   0.97536   0.93505   1.68658   2.36184  
 27 11.1957   3587.963377  x:  0.00000   0.09118   0.00989   0.00879   0.03507   0.00000   0.00000   0.01270   0.00000   0.02545   0.03575   0.11457   0.20670   0.18469   0.20573   0.02793   0.00795   0.03715   0.14650   0.04057   0.04944   0.11632   0.20240   0.00999   0.10283   0.18925   4.14534   0.97566   0.93517   1.68314   2.35857  
 28 12.6402   3587.952056  x:  0.00000   0.09107   0.00991   0.00880   0.03507   0.00000   0.00000   0.01271   0.00000   0.02548   0.03589   0.11527   0.20677   0.18468   0.20573   0.02780   0.00758   0.03774   0.14613   0.04153   0.05038   0.11653   0.20326   0.01078   0.10270   0.18770   4.14520   0.97600   0.93380   1.67922   2.35444  
 29 10.2794   3587.899185  x:  0.00000   0.09282   0.00958   0.00879   0.03544   0.00000   0.00000   0.01272   0.00000   0.02535   0.03613   0.11941   0.20725   0.18521   0.20625   0.02761   0.00797   0.03715   0.14398   0.04108   0.04940   0.11806   0.20434   0.00986   0.10161   0.18362   4.14450   0.97642   0.92445   1.65917   2.33271  
 30 24.5019   3587.743119  x:  0.00000   0.09377   0.00993   0.00882   0.03297   0.00000   0.00000   0.01258   0.00000   0.02581   0.03423   0.12066   0.20809   0.18646   0.20750   0.02902   0.00679   0.03567   0.14203   0.03886   0.04786   0.11912   0.20298   0.01415   0.10235   0.18088   4.14232   0.97363   0.89339   1.59728   2.26523  
 31 72.6319   3585.944038  x:  0.00000   0.09179   0.00914   0.00931   0.03342   0.00000   0.00000   0.01297   0.00000   0.02617   0.03542   0.11433   0.21413   0.19689   0.21794   0.02809   0.00568   0.03603   0.13599   0.04089   0.05012   0.12236   0.18635   0.01143   0.10404   0.16801   4.11985   0.94058   0.56924   0.95758   1.56687  
 32 543.5593   3585.071771  x:  0.00000   0.09191   0.00889   0.00949   0.03228   0.00000   0.00000   0.01300   0.00000   0.02631   0.03478   0.12202   0.21289   0.19381   0.21485   0.02833   0.00413   0.03594   0.14369   0.04039   0.04916   0.11729   0.19718   0.01153   0.10170   0.18021   4.10846   0.93813   0.39860   0.62505   1.20075  
 33 618.5824   3585.041484  x:  0.00000   0.09157   0.00894   0.00949   0.03230   0.00000   0.00000   0.01299   0.00000   0.02629   0.03476   0.12088   0.21264   0.19289   0.21393   0.02836   0.00408   0.03566   0.14280   0.04036   0.04920   0.12157   0.19890   0.01099   0.10388   0.18139   4.10814   0.93877   0.39262   0.61388   1.18716  
 34 34.6871   3585.011695  x:  0.00000   0.09206   0.00887   0.00953   0.03224   0.00000   0.00000   0.01304   0.00000   0.02638   0.03483   0.12006   0.21488   0.19086   0.21190   0.02825   0.00412   0.03561   0.14046   0.04039   0.04942   0.12202   0.20030   0.01155   0.10037   0.18251   4.11001   0.93422   0.39379   0.62496   1.16409  
 35  1.6369   3584.895688  x:  0.00000   0.09347   0.00855   0.00964   0.03216   0.00000   0.00000   0.01315   0.00000   0.02660   0.03510   0.12192   0.21724   0.18766   0.20870   0.02830   0.00397   0.03599   0.13669   0.04055   0.04992   0.11776   0.20234   0.01028   0.10534   0.18329   4.11778   0.92257   0.39919   0.67191   1.07226  
 36 38.7342   3584.784967  x:  0.00000   0.09334   0.00852   0.00970   0.03208   0.00000   0.00000   0.01318   0.00000   0.02658   0.03511   0.12118   0.21350   0.18980   0.21084   0.02832   0.00375   0.03573   0.13844   0.04050   0.04984   0.11890   0.20199   0.01056   0.10311   0.18321   4.12406   0.91916   0.40352   0.70967   1.00000  
 37 73.4823   3584.781204  x:  0.00000   0.09344   0.00851   0.00972   0.03208   0.00000   0.00000   0.01319   0.00000   0.02658   0.03513   0.12111   0.21153   0.18997   0.21101   0.02834   0.00371   0.03580   0.13750   0.04051   0.04989   0.11857   0.20259   0.01051   0.10302   0.18359   4.12510   0.91843   0.40431   0.71099   1.00150  
 38  0.3942   3584.557856  x:  0.00000   0.09198   0.00923   0.01003   0.03276   0.00000   0.00000   0.01322   0.00000   0.02581   0.03550   0.11715   0.20876   0.18646   0.20750   0.02807   0.00248   0.03673   0.14490   0.04065   0.04938   0.11741   0.20165   0.00782   0.10274   0.18908   4.19185   0.92824   0.45214   0.79247   1.11278  
 39  2.9584   3584.529501  x:  0.00000   0.09172   0.00939   0.01015   0.03292   0.00000   0.00000   0.01332   0.00000   0.02562   0.03562   0.11587   0.20759   0.18552   0.20656   0.02792   0.00297   0.03707   0.14518   0.04070   0.04937   0.11642   0.20097   0.00742   0.10240   0.18999   4.12865   0.92981   0.44582   0.79409   1.12607  
 40  0.2077   3584.518590  x:  0.00000   0.09197   0.00937   0.01028   0.03296   0.00000   0.00000   0.01343   0.00000   0.02556   0.03572   0.11514   0.20757   0.18491   0.20595   0.02786   0.00344   0.03719   0.14490   0.04071   0.04947   0.11586   0.20071   0.00749   0.10233   0.19031   4.16827   0.92712   0.44412   0.79725   1.10704  
 41  0.1131   3584.513794  x:  0.00000   0.09228   0.00934   0.01042   0.03300   0.00000   0.00000   0.01349   0.00000   0.02553   0.03581   0.11468   0.20780   0.18437   0.20541   0.02789   0.00326   0.03725   0.14451   0.04070   0.04958   0.11555   0.20053   0.00790   0.10235   0.19020   4.15366   0.92457   0.45180   0.82002   1.08991  
 42  0.0443   3584.511052  x:  0.00000   0.09237   0.00931   0.01051   0.03302   0.00000   0.00000   0.01351   0.00000   0.02552   0.03583   0.11464   0.20779   0.18462   0.20566   0.02793   0.00307   0.03726   0.14416   0.04070   0.04961   0.11548   0.20034   0.00799   0.10237   0.18990   4.16116   0.92367   0.45521   0.83709   1.10806  
 43  0.0294   3584.507236  x:  0.00000   0.09249   0.00923   0.01061   0.03295   0.00000   0.00000   0.01353   0.00000   0.02557   0.03581   0.11513   0.20792   0.18497   0.20601   0.02794   0.00327   0.03710   0.14401   0.04069   0.04962   0.11580   0.20068   0.00772   0.10242   0.18974   4.15865   0.92017   0.47487   0.88983   1.12517  
 44  0.0444   3584.498943  x:  0.00000   0.09246   0.00921   0.01056   0.03283   0.00000   0.00000   0.01353   0.00000   0.02579   0.03575   0.11545   0.20837   0.18409   0.20513   0.02783   0.00323   0.03715   0.14260   0.04075   0.04966   0.11522   0.20142   0.00743   0.10206   0.19003   4.16096   0.90140   0.49238   0.97954   1.08540  
 45  0.0252   3584.480209  x:  0.00000   0.09230   0.00920   0.01043   0.03271   0.00000   0.00000   0.01351   0.00000   0.02594   0.03566   0.11546   0.20838   0.18363   0.20467   0.02775   0.00326   0.03713   0.14221   0.04079   0.04965   0.11500   0.20180   0.00777   0.10177   0.19050   4.16224   0.87028   0.53774   1.17001   1.08531  
 46  0.1508   3584.461323  x:  0.00000   0.09215   0.00927   0.01025   0.03291   0.00000   0.00000   0.01346   0.00000   0.02570   0.03570   0.11502   0.20800   0.18448   0.20553   0.02785   0.00329   0.03715   0.14419   0.04072   0.04955   0.11575   0.20095   0.00815   0.10220   0.19050   4.16239   0.84224   0.56068   1.31530   1.05845  
 47  0.1254   3584.452296  x:  0.00000   0.09213   0.00932   0.01024   0.03305   0.00000   0.00000   0.01344   0.00000   0.02551   0.03576   0.11482   0.20777   0.18503   0.20608   0.02793   0.00327   0.03719   0.14534   0.04068   0.04951   0.11614   0.20040   0.00818   0.10252   0.19029   4.16143   0.84620   0.54326   1.27464   1.05240  
 48  0.0918   3584.443171  x:  0.00000   0.09251   0.00923   0.01048   0.03315   0.00000   0.00000   0.01347   0.00000   0.02538   0.03590   0.11510   0.20802   0.18530   0.20635   0.02799   0.00317   0.03718   0.14515   0.04067   0.04957   0.11604   0.20040   0.00743   0.10273   0.18972   4.16104   0.82579   0.54923   1.37050   1.03144  
 49  0.0589   3584.438524  x:  0.00000   0.09231   0.00928   0.01058   0.03296   0.00000   0.00000   0.01352   0.00000   0.02554   0.03578   0.11529   0.20791   0.18494   0.20598   0.02792   0.00323   0.03718   0.14481   0.04067   0.04951   0.11596   0.20078   0.00781   0.10244   0.18997   4.15988   0.81242   0.55299   1.43633   1.00718  
 50  0.0488   3584.435990  x:  0.00000   0.09217   0.00930   0.01062   0.03288   0.00000   0.00000   0.01354   0.00000   0.02563   0.03572   0.11529   0.20788   0.18472   0.20577   0.02788   0.00326   0.03718   0.14469   0.04068   0.04948   0.11593   0.20093   0.00800   0.10231   0.19017   4.15983   0.80934   0.55501   1.46455   1.01537  
 51  0.0536   3584.423150  x:  0.00000   0.09219   0.00921   0.01051   0.03307   0.00000   0.00000   0.01355   0.00000   0.02571   0.03576   0.11432   0.20830   0.18491   0.20596   0.02787   0.00324   0.03722   0.14422   0.04072   0.04966   0.11583   0.20030   0.00773   0.10248   0.19044   4.15878   0.79147   0.57979   1.64506   1.00000  
 52  0.0407   3584.414291  x:  0.00000   0.09228   0.00921   0.01042   0.03308   0.00000   0.00000   0.01352   0.00000   0.02565   0.03579   0.11448   0.20822   0.18495   0.20600   0.02789   0.00323   0.03721   0.14427   0.04071   0.04966   0.11579   0.20030   0.00768   0.10254   0.19034   4.15878   0.77709   0.61069   1.82546   1.00000  
 53  0.2543   3584.384162  x:  0.00000   0.09293   0.00925   0.00989   0.03302   0.00000   0.00000   0.01331   0.00000   0.02524   0.03596   0.11623   0.20754   0.18511   0.20617   0.02802   0.00320   0.03704   0.14488   0.04062   0.04954   0.11568   0.20095   0.00764   0.10268   0.18948   4.16376   0.76272   0.74645   2.45774   1.00000  
 54  0.8481   3584.374925  x:  0.00000   0.09268   0.00920   0.01012   0.03300   0.00000   0.00000   0.01338   0.00000   0.02539   0.03588   0.11576   0.20779   0.18495   0.20601   0.02795   0.00323   0.03712   0.14457   0.04066   0.04953   0.11580   0.20103   0.00779   0.10242   0.18982   4.16151   0.75055   0.78689   2.69438   1.00000  
 55  0.2824   3584.364367  x:  0.00000   0.09218   0.00914   0.01063   0.03296   0.00000   0.00000   0.01354   0.00000   0.02569   0.03571   0.11477   0.20826   0.18472   0.20578   0.02783   0.00326   0.03726   0.14414   0.04072   0.04954   0.11598   0.20098   0.00801   0.10206   0.19046   4.15659   0.75129   0.80823   2.82339   1.00000  
 56  0.1606   3584.355144  x:  0.00000   0.09243   0.00914   0.01066   0.03303   0.00000   0.00000   0.01356   0.00000   0.02562   0.03580   0.11507   0.20818   0.18521   0.20628   0.02792   0.00324   0.03711   0.14478   0.04070   0.04958   0.11594   0.20068   0.00781   0.10252   0.19036   4.16219   0.73705   0.90093   3.33999   1.00000  
 57  0.2414   3584.346026  x:  0.00000   0.09280   0.00914   0.01038   0.03306   0.00000   0.00000   0.01348   0.00000   0.02543   0.03592   0.11573   0.20793   0.18552   0.20659   0.02801   0.00320   0.03701   0.14528   0.04064   0.04959   0.11596   0.20067   0.00761   0.10281   0.18996   4.16767   0.73494   0.98367   3.80156   1.00000  
 58  0.2036   3584.341245  x:  0.00000   0.09268   0.00909   0.01040   0.03303   0.00000   0.00000   0.01349   0.00000   0.02549   0.03587   0.11553   0.20809   0.18532   0.20640   0.02795   0.00323   0.03708   0.14495   0.04066   0.04956   0.11605   0.20090   0.00776   0.10252   0.19013   4.16658   0.72534   1.07505   4.31696   1.00000  
 59  0.4980   3584.338812  x:  0.00000   0.09241   0.00906   0.01049   0.03301   0.00000   0.00000   0.01351   0.00000   0.02563   0.03577   0.11504   0.20832   0.18499   0.20608   0.02786   0.00327   0.03719   0.14435   0.04070   0.04956   0.11601   0.20107   0.00798   0.10218   0.19047   4.16272   0.72463   1.12187   4.58545   1.00000  
 60  0.1803   3584.337233  x:  0.00000   0.09260   0.00906   0.01046   0.03305   0.00000   0.00000   0.01350   0.00000   0.02556   0.03583   0.11528   0.20823   0.18524   0.20633   0.02791   0.00325   0.03711   0.14466   0.04068   0.04958   0.11597   0.20091   0.00785   0.10244   0.19035   4.16617   0.71937   1.20702   5.06524   1.00000  
 61  0.2465   3584.336741  x:  0.00000   0.09263   0.00906   0.01045   0.03305   0.00000   0.00000   0.01349   0.00000   0.02554   0.03585   0.11536   0.20819   0.18530   0.20639   0.02793   0.00324   0.03710   0.14478   0.04067   0.04958   0.11601   0.20089   0.00781   0.10248   0.19029   4.16687   0.71983   1.22788   5.18338   1.00000  
 62  0.1038   3584.336530  x:  0.00000   0.09259   0.00905   0.01046   0.03303   0.00000   0.00000   0.01350   0.00000   0.02556   0.03583   0.11532   0.20824   0.18524   0.20634   0.02791   0.00325   0.03712   0.14470   0.04068   0.04957   0.11604   0.20097   0.00786   0.10239   0.19033   4.16656   0.71758   1.27478   5.44934   1.00000  
 63  0.1924   3584.336518  x:  0.00000   0.09260   0.00905   0.01046   0.03304   0.00000   0.00000   0.01350   0.00000   0.02556   0.03583   0.11532   0.20823   0.18525   0.20634   0.02791   0.00325   0.03712   0.14470   0.04068   0.04957   0.11602   0.20096   0.00786   0.10240   0.19034   4.16664   0.71751   1.28102   5.48512   1.00000  
 64  0.0279   3584.336518  x:  0.00000   0.09260   0.00905   0.01046   0.03304   0.00000   0.00000   0.01350   0.00000   0.02556   0.03583   0.11532   0.20823   0.18525   0.20634   0.02791   0.00325   0.03712   0.14470   0.04068   0.04957   0.11602   0.20096   0.00785   0.10240   0.19034   4.16669   0.71742   1.28286   5.49572   1.00000  
 65  0.0099   3584.336518  x:  0.00000   0.09260   0.00905   0.01046   0.03304   0.00000   0.00000   0.01350   0.00000   0.02556   0.03583   0.11532   0.20824   0.18525   0.20634   0.02791   0.00325   0.03712   0.14470   0.04068   0.04957   0.11603   0.20096   0.00785   0.10240   0.19034   4.16668   0.71742   1.28258   5.49464   1.00000  
 66  0.0003   3584.336518  x:  0.00000   0.09260   0.00905   0.01046   0.03304   0.00000   0.00000   0.01350   0.00000   0.02556   0.03583   0.11532   0.20824   0.18525   0.20634   0.02791   0.00325   0.03712   0.14470   0.04068   0.04957   0.11602   0.20096   0.00785   0.10240   0.19034   4.16669   0.71741   1.28246   5.49411   1.00000  
 67  0.0004   3584.336518  x:  0.00000   0.09260   0.00905   0.01046   0.03304   0.00000   0.00000   0.01350   0.00000   0.02556   0.03583   0.11532   0.20824   0.18525   0.20634   0.02791   0.00325   0.03712   0.14470   0.04068   0.04957   0.11602   0.20096   0.00786   0.10240   0.19034   4.16669   0.71741   1.28246   5.49416   1.00000  
 68  0.0001   3584.336518  x:  0.00000   0.09260   0.00905   0.01046   0.03304   0.00000   0.00000   0.01350   0.00000   0.02556   0.03583   0.11532   0.20824   0.18525   0.20634   0.02791   0.00325   0.03712   0.14470   0.04068   0.04957   0.11602   0.20096   0.00786   0.10240   0.19034   4.16669   0.71741   1.28247   5.49421   1.00000  