

TREE # 1

  0  0.0000   6769.688864  x:  0.02382   0.01430   0.07366   0.02278   0.00000   0.16782   0.03528   0.04154   0.07562   0.02794   1.10486   0.06178   0.05795   0.08906   0.14819   0.20879   0.08612   0.06851   0.10379   0.04499   0.10883   0.11977   0.03892   0.04469   0.11118   0.18967   0.05346   0.10953   0.17947   2.00000   0.90000   0.29673   1.19979  
  1 99.0000   6769.679747  x:  0.02382   0.01431   0.07366   0.02278   0.00000   0.16782   0.03528   0.04154   0.07561   0.02794   1.10486   0.06178   0.05795   0.08906   0.14819   0.20879   0.08612   0.06851   0.10379   0.04499   0.10883   0.11977   0.03892   0.04469   0.11118   0.18967   0.05346   0.10953   0.17947   2.00000   0.90000   0.29673   1.19979  
  2 1794.3695   6677.207724  x:  0.03403   0.00689   0.06657   0.01284   0.00000   0.13826   0.00000   0.01029   0.04209   0.01739   1.12038   0.05327   0.05609   0.09582   0.16305   0.24153   0.08765   0.08074   0.12548   0.06185   0.12673   0.13900   0.05785   0.06485   0.15132   0.21155   0.05480   0.11865   0.20566   2.00114   0.88906   0.30302   1.19857  
  3 1602.2583   6644.152902  x:  0.01981   0.00809   0.06402   0.02326   0.00000   0.10524   0.00000   0.00078   0.00663   0.03938   1.13851   0.05160   0.05943   0.09786   0.17595   0.26291   0.08679   0.08318   0.13191   0.06148   0.13338   0.14655   0.04640   0.05207   0.16753   0.22631   0.04877   0.12350   0.22276   2.00263   0.88172   0.31082   1.19732  
  4 988.1399   6640.521093  x:  0.01804   0.00819   0.06362   0.02450   0.00000   0.10042   0.00000   0.00210   0.00176   0.04208   1.14115   0.05130   0.05984   0.09819   0.17783   0.26611   0.08669   0.08360   0.13297   0.06156   0.13444   0.14773   0.04506   0.05058   0.17006   0.22851   0.04796   0.12424   0.22531   2.00284   0.88064   0.31194   1.19714  
  5 8557.7925   6617.375709  x:  0.00000   0.00921   0.05961   0.03646   0.00000   0.04315   0.00000   0.00828   0.01578   0.06739   1.17301   0.04879   0.06402   0.10137   0.19870   0.30169   0.08528   0.08727   0.14390   0.06034   0.14512   0.15979   0.03011   0.03465   0.19565   0.25276   0.03782   0.13193   0.25331   2.00553   0.86925   0.32490   1.19513  
  6 1393.2908   6609.270274  x:  0.01464   0.00724   0.06112   0.04093   0.00000   0.01500   0.00000   0.00890   0.01694   0.07733   1.19448   0.05395   0.06524   0.09945   0.20498   0.31272   0.08379   0.08296   0.14322   0.04931   0.14303   0.15773   0.03152   0.03967   0.19095   0.25924   0.03060   0.13244   0.26002   2.00768   0.86829   0.33251   1.19428  
  7 523.5311   6600.529876  x:  0.00294   0.00827   0.06344   0.03956   0.00000   0.01913   0.00000   0.00947   0.01806   0.08487   1.26084   0.06668   0.06435   0.09491   0.22072   0.33716   0.08303   0.07557   0.13724   0.02640   0.13915   0.15289   0.04765   0.05563   0.17725   0.27700   0.01493   0.13371   0.27679   2.01446   0.86921   0.35430   1.19214  
  8 307.6677   6587.757936  x:  0.02617   0.00561   0.06652   0.02824   0.00000   0.04772   0.00000   0.01005   0.01936   0.08635   1.40766   0.08094   0.06233   0.09027   0.24476   0.37928   0.08749   0.07155   0.13506   0.01445   0.13694   0.14499   0.03757   0.04078   0.14950   0.31141   0.01481   0.13947   0.30563   2.03004   0.87859   0.39937   1.18831  
  9 582.0642   6569.837031  x:  0.01559   0.00711   0.07647   0.02309   0.00000   0.03772   0.00000   0.00949   0.01829   0.07629   1.65018   0.08708   0.06790   0.09139   0.25767   0.39505   0.10012   0.07497   0.11594   0.06133   0.13803   0.13121   0.03253   0.05107   0.09962   0.33906   0.04480   0.14290   0.31394   2.05748   0.91529   0.46909   1.18391  
 10 610.8057   6538.396181  x:  0.01682   0.00828   0.08473   0.05506   0.00000   0.02989   0.00000   0.00881   0.01698   0.04619   2.13564   0.07209   0.07973   0.11177   0.23886   0.35669   0.11172   0.08470   0.09292   0.05646   0.13510   0.13330   0.05876   0.02417   0.15901   0.32914   0.05862   0.12556   0.27319   2.11573   0.99999   0.60454   1.17554  
 11 634.7688   6538.396181  x:  0.01682   0.00828   0.08473   0.05506   0.00000   0.02989   0.00000   0.00881   0.01698   0.04619   2.13564   0.07209   0.07973   0.11177   0.23886   0.35669   0.11172   0.08470   0.09292   0.05646   0.13510   0.13330   0.05876   0.02417   0.15901   0.32914   0.05862   0.12556   0.27319   2.11573   0.99999   0.60454   1.17554  
 12 1052.3324   6446.857649  x:  0.05553   0.17505   0.08367   0.04096   0.00000   0.02475   0.00000   0.00166   0.00000   0.03254   2.14002   0.06578   0.07409   0.12067   0.24729   0.37120   0.11054   0.09277   0.12143   0.06844   0.14867   0.15005   0.07359   0.08310   0.18460   0.33449   0.06067   0.13229   0.28545   2.11657   0.98587   0.60397   1.17434  
 13 2089.1625   6438.417627  x:  0.06226   0.20405   0.08349   0.03850   0.00000   0.02386   0.00000   0.00043   0.00024   0.03016   2.14078   0.06468   0.07311   0.12222   0.24875   0.37372   0.11034   0.09417   0.12639   0.07053   0.15103   0.15296   0.07617   0.09335   0.18905   0.33542   0.06102   0.13346   0.28759   2.11671   0.98341   0.60387   1.17414  
 14 226927.7204   6430.825056  x:  0.07170   0.24566   0.08287   0.03432   0.00000   0.02261   0.00000   0.02124   0.00047   0.02644   2.14213   0.06286   0.07156   0.12452   0.25098   0.37795   0.11000   0.09650   0.13404   0.07384   0.15491   0.15774   0.08001   0.10807   0.19650   0.33705   0.06145   0.13546   0.29121   2.11697   0.97943   0.60380   1.17377  
 15 10076.5888   6402.945528  x:  0.05401   0.24020   0.06152   0.00000   0.00000   0.03065   0.00000   0.02061   0.00046   0.01962   2.15761   0.04932   0.06589   0.12850   0.25753   0.41359   0.10753   0.11375   0.16194   0.09026   0.18252   0.19130   0.08392   0.10067   0.25756   0.35478   0.05490   0.15434   0.32450   2.12011   0.95392   0.61009   1.16989  
 16 390.6635   6379.347480  x:  0.02196   0.23275   0.02712   0.03053   0.00000   0.04033   0.00000   0.01993   0.00044   0.01472   2.18724   0.03072   0.06438   0.13810   0.26991   0.47935   0.10241   0.14317   0.21189   0.11775   0.23123   0.25051   0.09038   0.08866   0.36703   0.38713   0.04111   0.18766   0.38491   2.12631   0.90866   0.62161   1.16307  
 17 1699.0008   6370.233580  x:  0.00698   0.23044   0.04232   0.03288   0.00000   0.02709   0.00000   0.01993   0.00044   0.05091   2.20747   0.06089   0.06876   0.14758   0.27862   0.51332   0.09809   0.14977   0.23228   0.12190   0.24830   0.27179   0.09089   0.08750   0.41560   0.40293   0.02814   0.19830   0.41298   2.13106   0.89055   0.62925   1.16013  
 18 549.1620   6364.681672  x:  0.00222   0.22446   0.07038   0.03311   0.00000   0.01544   0.00000   0.01961   0.00043   0.02657   2.23400   0.07330   0.07887   0.15577   0.28975   0.54063   0.09468   0.14124   0.23916   0.10798   0.24756   0.27209   0.08714   0.09402   0.44099   0.41420   0.01049   0.19600   0.42939   2.13792   0.88447   0.64021   1.15834  
 19 208.9969   6363.385346  x:  0.00182   0.22284   0.07860   0.03326   0.00781   0.02043   0.00000   0.01958   0.00043   0.02177   2.24501   0.07673   0.08179   0.15802   0.29420   0.55054   0.09407   0.13748   0.24102   0.10174   0.24609   0.27067   0.08570   0.09687   0.44896   0.41828   0.00501   0.19451   0.43482   2.14081   0.88323   0.64459   1.15781  
 20 468.4847   6358.199867  x:  0.01123   0.21738   0.08104   0.03301   0.00761   0.02067   0.00000   0.01964   0.00043   0.03236   2.29796   0.05865   0.08284   0.15775   0.31357   0.58707   0.09906   0.12130   0.24327   0.07193   0.23225   0.25405   0.08074   0.10835   0.46926   0.43386   0.00000   0.18594   0.45112   2.15484   0.88598   0.66464   1.15669  
 21 186.3942   6353.253904  x:  0.01447   0.21574   0.06615   0.03438   0.00631   0.02091   0.00000   0.01960   0.00043   0.02452   2.40355   0.08060   0.07208   0.15040   0.34243   0.63800   0.11677   0.11557   0.23869   0.04645   0.21429   0.22467   0.08243   0.11226   0.48972   0.46102   0.04090   0.18110   0.47089   2.18286   0.90335   0.69794   1.15786  
 22 203.0079   6347.727462  x:  0.00000   0.22440   0.06595   0.03346   0.00343   0.02397   0.00000   0.01977   0.00044   0.02629   2.50586   0.07767   0.08182   0.15064   0.35710   0.66146   0.11811   0.12345   0.22116   0.06056   0.21594   0.21172   0.09220   0.10408   0.48864   0.47811   0.04003   0.17737   0.46871   2.21008   0.92622   0.72568   1.16104  
 23 149.2494   6342.649965  x:  0.01335   0.22467   0.06545   0.03545   0.00000   0.02676   0.00000   0.01981   0.00044   0.02536   2.63656   0.08176   0.05739   0.15470   0.36273   0.67402   0.10325   0.12357   0.21319   0.07334   0.23046   0.21585   0.08546   0.09717   0.48016   0.48413   0.02927   0.18259   0.46012   2.24366   0.94365   0.75767   1.16418  
 24 230.8661   6335.276043  x:  0.05955   0.20630   0.04936   0.03229   0.00000   0.02433   0.00000   0.01973   0.00043   0.02462   2.96133   0.09308   0.09942   0.15836   0.34735   0.66811   0.09373   0.13630   0.22493   0.06861   0.27286   0.25537   0.06782   0.12035   0.45316   0.46534   0.03221   0.21230   0.44201   2.32358   0.95604   0.82186   1.17161  
 25 268.6957   6330.635736  x:  0.05064   0.19990   0.07546   0.03410   0.00000   0.02938   0.00000   0.01965   0.00043   0.02697   3.17568   0.08124   0.08593   0.16396   0.32106   0.63967   0.12016   0.15080   0.24216   0.04387   0.28897   0.28342   0.09199   0.13377   0.43870   0.43911   0.04368   0.22405   0.44051   2.37245   0.94080   0.84606   1.17854  
 26 231.0449   6327.580318  x:  0.01955   0.21134   0.07072   0.03382   0.00000   0.01701   0.00000   0.01972   0.00043   0.02624   3.30589   0.07800   0.08352   0.15900   0.30052   0.60709   0.12001   0.13173   0.26060   0.02956   0.28137   0.29232   0.08313   0.12369   0.43775   0.42478   0.04566   0.21828   0.44870   2.39811   0.91748   0.83982   1.18753  
 27 156.7629   6326.618395  x:  0.00715   0.21629   0.06874   0.03375   0.01008   0.01698   0.00000   0.01978   0.00043   0.02637   3.36443   0.07796   0.08306   0.15687   0.29177   0.59218   0.11924   0.12282   0.26925   0.02497   0.27704   0.29557   0.07846   0.11933   0.43746   0.41907   0.04622   0.21520   0.45238   2.40943   0.90729   0.83536   1.19220  
 28 795.5898   6323.480465  x:  0.01984   0.20732   0.07233   0.03403   0.00937   0.01743   0.00000   0.01956   0.00043   0.02582   3.53810   0.07842   0.08441   0.15472   0.27970   0.54159   0.12843   0.11305   0.31172   0.06293   0.23441   0.28523   0.08242   0.11870   0.45033   0.42366   0.04001   0.19147   0.47191   2.43458   0.87570   0.76450   1.22587  
 29 101.3990   6322.222988  x:  0.02139   0.20747   0.06379   0.03393   0.00522   0.02121   0.00000   0.01954   0.00043   0.02513   3.60845   0.08417   0.08236   0.15558   0.28675   0.52689   0.11985   0.13557   0.30950   0.05131   0.21658   0.28111   0.08190   0.11858   0.45695   0.42262   0.02510   0.19481   0.47246   2.43871   0.86303   0.71344   1.24755  
 30 74.4093   6321.485702  x:  0.02215   0.20696   0.06902   0.03378   0.00000   0.02601   0.00000   0.01953   0.00043   0.02625   3.64467   0.08084   0.08393   0.15711   0.29475   0.52605   0.10702   0.13151   0.29883   0.04846   0.21578   0.28298   0.08334   0.11907   0.46018   0.42300   0.03369   0.20492   0.46877   2.43611   0.85352   0.67771   1.26253  
 31 61.4988   6321.019685  x:  0.02376   0.20766   0.06860   0.03376   0.00000   0.02557   0.00000   0.01952   0.00043   0.02589   3.67531   0.08168   0.08345   0.15365   0.29969   0.53498   0.12189   0.12348   0.28212   0.04886   0.22494   0.28763   0.07767   0.11885   0.46002   0.42311   0.03203   0.20397   0.45755   2.42735   0.83533   0.64785   1.27703  
 32 35.5643   6320.894781  x:  0.02408   0.20651   0.06577   0.03372   0.00000   0.02402   0.00000   0.01948   0.00043   0.02557   3.68444   0.08297   0.08322   0.15344   0.29674   0.54053   0.11879   0.12258   0.27883   0.04872   0.22761   0.28626   0.08344   0.12096   0.45780   0.42282   0.03182   0.19819   0.45429   2.42050   0.82542   0.64404   1.28235  
 33 17.4595   6320.858879  x:  0.02436   0.20647   0.06559   0.03370   0.00208   0.02449   0.00000   0.01948   0.00043   0.02562   3.68754   0.08314   0.08332   0.15375   0.29533   0.54280   0.11769   0.12324   0.27799   0.04887   0.22843   0.28528   0.08364   0.12097   0.45675   0.42275   0.03233   0.19626   0.45338   2.41729   0.82194   0.64325   1.28463  
 34 34.4483   6320.732147  x:  0.02523   0.20706   0.06795   0.03364   0.00070   0.02440   0.00000   0.01949   0.00043   0.02589   3.69673   0.08137   0.08374   0.15596   0.29020   0.54958   0.11517   0.12873   0.27730   0.04963   0.22996   0.28103   0.07932   0.11893   0.45331   0.42263   0.03580   0.19210   0.45231   2.40585   0.81267   0.64274   1.29259  
 35 40.1643   6320.625638  x:  0.02466   0.20716   0.06771   0.03362   0.00000   0.02507   0.00000   0.01949   0.00043   0.02593   3.70092   0.08158   0.08363   0.15590   0.28861   0.55125   0.11535   0.12836   0.27789   0.05003   0.23053   0.27923   0.07910   0.11952   0.45185   0.42263   0.03497   0.19405   0.45343   2.39861   0.81240   0.64375   1.29824  
 36 13.8354   6320.111080  x:  0.02915   0.21038   0.06814   0.03345   0.00000   0.03052   0.00000   0.01954   0.00043   0.02614   3.73865   0.08285   0.08648   0.15453   0.29453   0.55062   0.11581   0.12587   0.28353   0.04427   0.23979   0.28128   0.08339   0.10713   0.45285   0.42183   0.03351   0.18810   0.45833   2.33267   0.81880   0.66033   1.35576  
 37 36.3484   6319.449931  x:  0.02618   0.20976   0.06919   0.03349   0.00000   0.02249   0.00000   0.01947   0.00043   0.02565   3.78764   0.07949   0.08524   0.15481   0.30388   0.54414   0.11601   0.12750   0.28702   0.04118   0.24617   0.28577   0.08392   0.10892   0.45935   0.42305   0.03524   0.18025   0.46154   2.25517   0.82395   0.68387   1.42814  
 38 97.5980   6319.084405  x:  0.02103   0.20801   0.06882   0.03384   0.00000   0.02641   0.00000   0.01945   0.00043   0.02635   3.81177   0.07986   0.08327   0.15603   0.31228   0.53608   0.11453   0.12849   0.28168   0.04420   0.24288   0.29087   0.07803   0.12026   0.46890   0.42639   0.03724   0.17589   0.45562   2.21938   0.82135   0.70361   1.47021  
 39 53.5452   6318.548010  x:  0.02651   0.21062   0.06937   0.03384   0.00000   0.02552   0.00000   0.01948   0.00043   0.02633   3.84239   0.07983   0.08508   0.15750   0.31415   0.53113   0.11690   0.12626   0.27100   0.04672   0.22181   0.29545   0.08283   0.11181   0.48430   0.42990   0.03563   0.19036   0.44199   2.19612   0.80210   0.73670   1.53342  
 40 27.5825   6315.224409  x:  0.01965   0.21935   0.07447   0.03355   0.00000   0.02565   0.00000   0.01943   0.00043   0.02674   3.99035   0.07392   0.08212   0.13648   0.26107   0.59720   0.11301   0.12354   0.24966   0.04835   0.17017   0.35792   0.08170   0.11077   0.51718   0.42057   0.03688   0.18002   0.43013   2.24745   0.79830   0.84024   1.97612  
 41 26.2357   6311.802610  x:  0.00398   0.22503   0.05702   0.03132   0.00000   0.02579   0.00000   0.01931   0.00043   0.02735   4.14678   0.07054   0.08069   0.20557   0.27004   0.63537   0.12211   0.11051   0.24384   0.04508   0.17354   0.37074   0.08255   0.10761   0.51339   0.42198   0.03559   0.17523   0.44411   2.33685   0.75560   0.95557   2.45945  
 42 143.0120   6309.796139  x:  0.00000   0.22645   0.05903   0.03129   0.00000   0.02589   0.00000   0.01926   0.00043   0.02750   4.19364   0.06877   0.07991   0.19693   0.28213   0.64043   0.12067   0.11160   0.24566   0.04411   0.18615   0.36342   0.08220   0.10773   0.51015   0.42660   0.03363   0.17699   0.45046   2.36778   0.73369   0.99270   2.60290  
 43 237.1889   6308.875789  x:  0.00216   0.22786   0.06008   0.03121   0.00000   0.02582   0.00000   0.01923   0.00043   0.02759   4.23574   0.06727   0.07992   0.19923   0.25622   0.63021   0.12117   0.10946   0.24477   0.03312   0.22472   0.32180   0.08259   0.10784   0.55078   0.44263   0.03340   0.17803   0.42996   2.39347   0.73694   1.01183   2.69381  
 44 29.4872   6307.973232  x:  0.00220   0.22839   0.05942   0.03129   0.00000   0.02577   0.00000   0.01916   0.00043   0.02769   4.28839   0.06688   0.07962   0.19807   0.26825   0.64020   0.12005   0.11010   0.23895   0.04676   0.23268   0.29397   0.08305   0.10785   0.57821   0.39239   0.03182   0.17793   0.43270   2.40395   0.74565   1.01400   2.67557  
 45  6.1351   6300.205557  x:  0.00000   0.23635   0.05942   0.03048   0.00000   0.02666   0.00000   0.01898   0.00043   0.02812   4.59538   0.06119   0.07950   0.19460   0.29504   0.66922   0.11550   0.11890   0.22716   0.05671   0.24047   0.27711   0.08883   0.10399   0.59149   0.43812   0.02143   0.18496   0.45719   2.44170   0.79248   0.99098   2.45026  
 46 21.4494   6300.205557  x:  0.00000   0.23635   0.05942   0.03048   0.00000   0.02666   0.00000   0.01898   0.00043   0.02812   4.59538   0.06119   0.07950   0.19460   0.29504   0.66922   0.11550   0.11890   0.22716   0.05671   0.24047   0.27711   0.08883   0.10399   0.59149   0.43812   0.02143   0.18496   0.45719   2.44170   0.79248   0.99098   2.45026  
 47  8.4309   6296.512057  x:  0.00004   0.23635   0.05939   0.03033   0.00000   0.02668   0.00000   0.01870   0.00782   0.02811   4.59540   0.06118   0.07949   0.19453   0.29508   0.66923   0.11550   0.11895   0.22719   0.05677   0.24048   0.27710   0.08885   0.10399   0.59149   0.43816   0.02144   0.18499   0.45721   2.44171   0.79248   0.99099   2.45026  
 48 3888.2311   6294.565705  x:  0.00142   0.23639   0.05811   0.02377   0.00000   0.02760   0.00000   0.00622   0.00786   0.02715   4.59615   0.06087   0.07902   0.19177   0.29675   0.66977   0.11510   0.12097   0.22846   0.05927   0.24127   0.27700   0.08940   0.10378   0.59126   0.44010   0.02195   0.18638   0.45820   2.44195   0.79237   0.99108   2.45031  
 49 190.7294   6293.646553  x:  0.00409   0.23644   0.05566   0.01175   0.00000   0.02867   0.00000   0.00834   0.00787   0.02606   4.59799   0.06033   0.07875   0.18541   0.30065   0.67103   0.11399   0.12541   0.23126   0.06473   0.24302   0.27666   0.09055   0.10327   0.59067   0.44461   0.02268   0.18952   0.46051   2.44258   0.79221   0.99126   2.45046  
 50 117.8500   6292.377764  x:  0.01065   0.23653   0.05174   0.01815   0.00000   0.02833   0.00000   0.00887   0.00786   0.02852   4.60583   0.05978   0.08557   0.16307   0.31582   0.67603   0.10849   0.14027   0.24095   0.08268   0.24937   0.27475   0.09413   0.10138   0.58819   0.46181   0.02217   0.20087   0.46936   2.44530   0.79158   0.99207   2.45110  
 51 88.9062   6291.974195  x:  0.00571   0.23562   0.06046   0.01871   0.00000   0.02629   0.00000   0.00893   0.00787   0.02369   4.61281   0.06195   0.08292   0.15795   0.32536   0.67942   0.10379   0.14255   0.24408   0.08510   0.25181   0.27197   0.09399   0.10143   0.58642   0.47160   0.01480   0.20420   0.47503   2.44762   0.78923   0.99365   2.45137  
 52 49.3521   6291.767195  x:  0.00184   0.23478   0.06474   0.01815   0.00000   0.02815   0.00000   0.00884   0.00786   0.02840   4.61837   0.06240   0.08094   0.15637   0.33189   0.68191   0.10139   0.14287   0.24601   0.08491   0.25323   0.26972   0.09351   0.10177   0.58517   0.47802   0.01031   0.20577   0.47904   2.44943   0.78734   0.99496   2.45157  
 53 85.0469   6291.554229  x:  0.00000   0.23390   0.06291   0.01845   0.00000   0.02911   0.00000   0.00890   0.00786   0.02776   4.62519   0.06048   0.08097   0.15813   0.33776   0.68465   0.10192   0.14176   0.24810   0.08203   0.25440   0.26723   0.09277   0.10256   0.58401   0.48331   0.01051   0.20633   0.48300   2.45158   0.78527   0.99653   2.45183  
 54 36.0300   6291.554229  x:  0.00000   0.23390   0.06291   0.01845   0.00000   0.02911   0.00000   0.00890   0.00786   0.02776   4.62519   0.06048   0.08097   0.15813   0.33776   0.68465   0.10192   0.14176   0.24810   0.08203   0.25440   0.26723   0.09277   0.10256   0.58401   0.48331   0.01051   0.20633   0.48300   2.45158   0.78527   0.99653   2.45183  
 55 78.8985   6291.501131  x:  0.00023   0.23390   0.06253   0.01771   0.00000   0.02888   0.00000   0.00747   0.00759   0.02749   4.62557   0.06052   0.08097   0.15830   0.33793   0.68477   0.10213   0.14175   0.24822   0.08188   0.25448   0.26716   0.09280   0.10259   0.58398   0.48344   0.01085   0.20632   0.48313   2.45169   0.78520   0.99661   2.45185  
 56 46.3504   6291.433895  x:  0.00131   0.23389   0.06062   0.01481   0.00000   0.02799   0.00000   0.00802   0.00790   0.02647   4.62761   0.06076   0.08110   0.15921   0.33883   0.68543   0.10322   0.14164   0.24880   0.08110   0.25490   0.26679   0.09289   0.10274   0.58381   0.48415   0.01250   0.20620   0.48381   2.45231   0.78489   0.99700   2.45196  
 57 34.0490   6291.349451  x:  0.00321   0.23383   0.05717   0.01578   0.00000   0.02827   0.00000   0.00833   0.00658   0.02697   4.63300   0.06124   0.08234   0.16166   0.34104   0.68708   0.10547   0.14121   0.25000   0.07904   0.25602   0.26587   0.09308   0.10304   0.58338   0.48594   0.01543   0.20581   0.48542   2.45394   0.78417   0.99801   2.45226  
 58 32.3998   6291.291548  x:  0.00441   0.23376   0.05490   0.01682   0.00000   0.02858   0.00000   0.00800   0.00791   0.02743   4.63739   0.06155   0.08323   0.16357   0.34278   0.68840   0.10708   0.14084   0.25085   0.07740   0.25693   0.26515   0.09321   0.10326   0.58303   0.48737   0.01736   0.20546   0.48667   2.45527   0.78358   0.99883   2.45250  
 59 146.8354   6290.957677  x:  0.00000   0.23267   0.06011   0.01685   0.00000   0.02897   0.00000   0.00808   0.00781   0.02574   4.68402   0.06034   0.08187   0.17847   0.35843   0.70059   0.11195   0.13536   0.25379   0.06309   0.26703   0.25924   0.09374   0.10447   0.58012   0.50143   0.01499   0.20078   0.49694   2.46938   0.77741   1.00779   2.45503  
 60 32.5283   6290.957677  x:  0.00000   0.23267   0.06011   0.01685   0.00000   0.02897   0.00000   0.00808   0.00781   0.02574   4.68402   0.06034   0.08187   0.17847   0.35843   0.70059   0.11195   0.13536   0.25379   0.06309   0.26703   0.25924   0.09374   0.10447   0.58012   0.50143   0.01499   0.20078   0.49694   2.46938   0.77741   1.00779   2.45503  
 61 59.6852   6290.892450  x:  0.00004   0.23273   0.05916   0.01612   0.00000   0.02862   0.00000   0.00669   0.00741   0.02752   4.68514   0.06078   0.08198   0.17655   0.35821   0.70059   0.11118   0.13592   0.25375   0.06439   0.26739   0.25950   0.09366   0.10434   0.58022   0.50150   0.01524   0.20138   0.49678   2.46968   0.77765   1.00784   2.45515  
 62 32.0448   6290.799170  x:  0.00012   0.23288   0.05729   0.01507   0.00000   0.02808   0.00000   0.00809   0.00774   0.02997   4.68765   0.06162   0.08227   0.17245   0.35772   0.70061   0.10953   0.13713   0.25364   0.06717   0.26815   0.26006   0.09348   0.10405   0.58046   0.50165   0.01569   0.20267   0.49644   2.47035   0.77819   1.00797   2.45541  
 63 82.7592   6290.650464  x:  0.00027   0.23330   0.05488   0.01663   0.00000   0.02851   0.00000   0.00765   0.00815   0.02711   4.69391   0.06264   0.08315   0.16401   0.35653   0.70065   0.10607   0.13991   0.25331   0.07292   0.26971   0.26122   0.09312   0.10355   0.58101   0.50181   0.01599   0.20538   0.49555   2.47201   0.77937   1.00831   2.45605  
 64 52.5902   6290.633170  x:  0.00028   0.23339   0.05534   0.01660   0.00000   0.02854   0.00000   0.00786   0.00722   0.02689   4.69527   0.06243   0.08307   0.16317   0.35631   0.70067   0.10570   0.14033   0.25321   0.07355   0.26985   0.26133   0.09309   0.10353   0.58111   0.50175   0.01571   0.20568   0.49537   2.47236   0.77954   1.00839   2.45618  
 65 31.5857   6290.532362  x:  0.00029   0.23417   0.06149   0.01546   0.00000   0.02856   0.00000   0.00772   0.00777   0.02683   4.70678   0.05974   0.08165   0.15890   0.35449   0.70076   0.10368   0.14332   0.25227   0.07697   0.27050   0.26186   0.09295   0.10369   0.58187   0.50095   0.01261   0.20737   0.49383   2.47535   0.78080   1.00912   2.45729  
 66 44.9405   6290.463951  x:  0.00066   0.23454   0.06341   0.01866   0.00000   0.02887   0.00000   0.00783   0.00776   0.02856   4.71907   0.06069   0.08178   0.15848   0.35284   0.70088   0.10341   0.14444   0.25163   0.07778   0.27026   0.26171   0.09296   0.10391   0.58253   0.49980   0.01128   0.20811   0.49261   2.47846   0.78161   1.00990   2.45844  
 67 29.2096   6289.694548  x:  0.00607   0.23718   0.06479   0.01489   0.00000   0.02697   0.00000   0.00769   0.00778   0.02622   4.87389   0.07511   0.08105   0.16339   0.33394   0.70261   0.10508   0.15009   0.24564   0.08009   0.26485   0.25810   0.09351   0.10611   0.59037   0.48540   0.00650   0.21399   0.47994   2.51701   0.78864   1.02004   2.47287  
 68 82.7309   6288.244108  x:  0.01116   0.23991   0.05616   0.01398   0.00000   0.03531   0.00000   0.00775   0.00771   0.02764   5.16598   0.06128   0.08386   0.17185   0.30378   0.70590   0.10485   0.14993   0.23753   0.08329   0.25619   0.25283   0.09400   0.10600   0.60398   0.46260   0.01442   0.22179   0.46199   2.58836   0.79733   1.03850   2.50013  
 69 345.4541   6287.751097  x:  0.01008   0.24033   0.05489   0.01615   0.00000   0.02589   0.00000   0.00772   0.00769   0.02697   5.25971   0.05677   0.08408   0.17282   0.29830   0.70695   0.10393   0.14680   0.23634   0.08385   0.25477   0.25245   0.09407   0.10460   0.60749   0.45836   0.01735   0.22161   0.45928   2.61039   0.79788   1.04363   2.50902  
 70 386.0227   6286.332586  x:  0.00000   0.23998   0.05904   0.01626   0.00000   0.02760   0.00000   0.00773   0.00772   0.02706   5.46545   0.06064   0.08081   0.16790   0.30262   0.70914   0.10155   0.13300   0.23898   0.08320   0.25669   0.25640   0.09427   0.09873   0.61181   0.46076   0.02114   0.21157   0.46436   2.65542   0.79206   1.05113   2.52934  
 71 245.2807   6283.810363  x:  0.00727   0.24070   0.05750   0.01636   0.00000   0.02782   0.00000   0.00785   0.00780   0.02771   6.01991   0.05710   0.08815   0.15308   0.34065   0.71632   0.12963   0.13912   0.25886   0.07781   0.26728   0.27078   0.10025   0.10748   0.61684   0.48538   0.01572   0.18512   0.49148   2.76886   0.77379   1.05954   2.58727  
 72 403.5151   6282.291437  x:  0.01422   0.23847   0.05933   0.01718   0.00000   0.02800   0.00000   0.00795   0.00791   0.02774   6.35953   0.05874   0.08283   0.17447   0.37608   0.72035   0.11360   0.15307   0.26878   0.07739   0.27643   0.27733   0.09082   0.11350   0.61315   0.51629   0.02220   0.21089   0.51666   2.82405   0.76243   1.04773   2.62743  
 73 208.4734   6281.846127  x:  0.00607   0.23573   0.05373   0.01619   0.00000   0.02811   0.00000   0.00794   0.00787   0.02781   6.45458   0.05680   0.08899   0.17878   0.38391   0.72139   0.10656   0.15666   0.26528   0.07149   0.27781   0.27621   0.09323   0.11297   0.61024   0.52533   0.00949   0.22002   0.52098   2.83198   0.75718   1.03792   2.64045  
 74 129.7332   6281.297346  x:  0.00000   0.23638   0.05662   0.01657   0.00000   0.02789   0.00000   0.00793   0.00789   0.02784   6.59549   0.05762   0.08686   0.17156   0.38375   0.72524   0.11427   0.16196   0.25458   0.05863   0.27888   0.26609   0.10602   0.10476   0.60052   0.53571   0.01793   0.23239   0.51786   2.81338   0.74815   0.99778   2.66707  
 75 50.2033   6280.441767  x:  0.01675   0.24285   0.05637   0.01655   0.00000   0.02794   0.00000   0.00790   0.00786   0.02792   6.80165   0.05669   0.08595   0.16434   0.37700   0.73213   0.11020   0.14831   0.24721   0.05115   0.28426   0.25426   0.10032   0.10490   0.58704   0.54625   0.01390   0.23014   0.50617   2.76749   0.73450   0.92986   2.70918  
 76 109.6630   6279.854436  x:  0.00652   0.24073   0.05596   0.01615   0.00000   0.02779   0.00000   0.00789   0.00786   0.02770   6.94397   0.05684   0.08806   0.17154   0.36840   0.73353   0.11400   0.14960   0.24552   0.06400   0.29335   0.25454   0.09200   0.11492   0.58116   0.54854   0.01610   0.21959   0.49965   2.72444   0.72910   0.88504   2.73912  
 77 110.4164   6279.493212  x:  0.00675   0.23765   0.05236   0.01730   0.00000   0.02804   0.00000   0.00790   0.00785   0.02776   7.03534   0.05630   0.08101   0.17640   0.36504   0.72981   0.10832   0.15923   0.25688   0.06628   0.29567   0.26043   0.09676   0.10578   0.58385   0.53655   0.01311   0.21201   0.50291   2.68021   0.72283   0.87331   2.75730  
 78 44.0108   6279.185613  x:  0.00722   0.23594   0.05710   0.01560   0.00000   0.02787   0.00000   0.00791   0.00790   0.02776   7.11710   0.05777   0.09154   0.17617   0.36512   0.72465   0.10258   0.16197   0.26679   0.06449   0.29319   0.26479   0.09978   0.10591   0.58852   0.52376   0.01622   0.21192   0.50872   2.63419   0.71901   0.87150   2.77317  
 79 81.9537   6278.735117  x:  0.00275   0.23487   0.05602   0.01686   0.00000   0.02800   0.00000   0.00793   0.00790   0.02796   7.23662   0.05739   0.08537   0.16923   0.37050   0.71613   0.10703   0.15799   0.27243   0.06088   0.28326   0.26788   0.09343   0.11671   0.59754   0.50987   0.01364   0.22193   0.51709   2.55943   0.71778   0.88213   2.79588  
 80 78.8436   6278.447206  x:  0.00497   0.23753   0.05645   0.01649   0.00000   0.02805   0.00000   0.00794   0.00791   0.02793   7.31462   0.05714   0.08817   0.17178   0.37743   0.71241   0.11518   0.15252   0.26756   0.07020   0.27739   0.26783   0.09182   0.10718   0.60258   0.51426   0.01034   0.22607   0.51797   2.50701   0.72583   0.89773   2.81122  
 81 53.3777   6278.321428  x:  0.00690   0.23884   0.05603   0.01678   0.00000   0.02809   0.00000   0.00795   0.00792   0.02794   7.35013   0.05718   0.08674   0.17352   0.37990   0.71227   0.11262   0.15094   0.26244   0.07324   0.27563   0.26703   0.09981   0.11056   0.60366   0.52085   0.01086   0.22329   0.51598   2.48260   0.73081   0.90820   2.81864  
 82 45.0352   6278.228809  x:  0.00693   0.23874   0.05596   0.01680   0.00000   0.02806   0.00000   0.00795   0.00792   0.02797   7.37656   0.05744   0.08687   0.17295   0.37933   0.71467   0.10856   0.15693   0.25673   0.06851   0.27531   0.26511   0.09590   0.11062   0.60250   0.52894   0.01363   0.21689   0.51214   2.46466   0.73267   0.91984   2.82498  
 83 23.1561   6278.184808  x:  0.00685   0.23683   0.05631   0.01674   0.00000   0.02812   0.00000   0.00796   0.00793   0.02801   7.39093   0.05759   0.08717   0.17305   0.37352   0.72125   0.10998   0.15561   0.26011   0.06474   0.28501   0.26772   0.09588   0.11086   0.59736   0.53352   0.01322   0.21965   0.50962   2.45778   0.73318   0.92847   2.83222  
 84  5.6078   6278.139266  x:  0.00388   0.24378   0.05587   0.01672   0.00000   0.02814   0.00000   0.00797   0.00793   0.02802   7.40882   0.05761   0.08723   0.17341   0.37234   0.72829   0.10957   0.15614   0.26497   0.06622   0.28750   0.25912   0.09582   0.11116   0.59079   0.53183   0.01253   0.21931   0.51271   2.45727   0.73388   0.93513   2.84980  
 85  3.2410   6277.918613  x:  0.00760   0.23023   0.05713   0.01674   0.00000   0.02824   0.00000   0.00797   0.00793   0.02799   7.50013   0.05834   0.08704   0.17344   0.37749   0.73969   0.10954   0.15460   0.25422   0.07429   0.29436   0.24729   0.09563   0.11135   0.57915   0.51736   0.01250   0.21685   0.51971   2.46732   0.72329   0.95896   2.95227  
 86  8.4823   6277.052597  x:  0.00459   0.23564   0.05613   0.01636   0.00000   0.02811   0.00000   0.00786   0.00780   0.02766   7.86939   0.05945   0.08530   0.17181   0.39164   0.74632   0.10534   0.14969   0.24003   0.06532   0.30617   0.26616   0.09240   0.10844   0.57728   0.49330   0.01415   0.20810   0.52351   2.51823   0.74073   1.02739   3.38061  
 87 46.5246   6275.812704  x:  0.00000   0.24124   0.05710   0.01618   0.00000   0.02836   0.00000   0.00785   0.00778   0.02762   8.19330   0.06127   0.08510   0.17227   0.38631   0.73855   0.10545   0.14546   0.24874   0.06941   0.29620   0.27517   0.09272   0.10790   0.58760   0.49911   0.01409   0.20663   0.51260   2.56352   0.71676   1.09259   3.75484  
 88 180.1347   6275.598726  x:  0.00000   0.22688   0.05837   0.01621   0.00000   0.02831   0.00000   0.00781   0.00774   0.02750   8.28433   0.06171   0.08433   0.16966   0.37512   0.73758   0.10493   0.14322   0.25830   0.06907   0.28914   0.26721   0.09241   0.10714   0.59856   0.50918   0.01244   0.20420   0.52200   2.57640   0.72415   1.10689   3.85927  
 89 56.9480   6275.559002  x:  0.00000   0.23070   0.05830   0.01620   0.00000   0.02838   0.00000   0.00782   0.00775   0.02755   8.30367   0.06188   0.08448   0.17016   0.36933   0.73745   0.10535   0.14316   0.25362   0.06829   0.29600   0.26429   0.09248   0.10731   0.61027   0.51157   0.01211   0.20394   0.53083   2.57816   0.72074   1.10929   3.87749  
 90  6.3955   6275.523625  x:  0.00000   0.22986   0.05843   0.01620   0.00000   0.02842   0.00000   0.00783   0.00776   0.02756   8.33324   0.06195   0.08453   0.17029   0.37500   0.74206   0.10525   0.14317   0.25638   0.06729   0.30289   0.25753   0.09265   0.10730   0.62443   0.51112   0.01251   0.20465   0.52435   2.57994   0.71939   1.11108   3.89812  
 91  3.2716   6274.249182  x:  0.00000   0.24644   0.06108   0.01622   0.00000   0.02997   0.00000   0.00794   0.00793   0.02800   9.58601   0.06438   0.08498   0.16952   0.36120   0.78363   0.10720   0.14293   0.26177   0.07440   0.25982   0.29086   0.09722   0.10577   0.64473   0.52605   0.01455   0.21381   0.51583   2.64172   0.67304   1.18541   4.59568  
 92  4.6745   6273.791995  x:  0.00000   0.24969   0.06177   0.01632   0.00000   0.03031   0.00000   0.00793   0.00794   0.02800  10.02155   0.06478   0.08425   0.16791   0.35789   0.72807   0.10809   0.14145   0.26882   0.07145   0.27949   0.27279   0.09712   0.10529   0.63080   0.53013   0.01550   0.21531   0.50539   2.66460   0.66589   1.21641   4.83204  
 93 58.7233   6273.213147  x:  0.00000   0.24367   0.06090   0.01635   0.00000   0.02953   0.00000   0.00803   0.00804   0.02824  11.23881   0.06412   0.08595   0.17132   0.36483   0.73693   0.10810   0.14681   0.25219   0.07261   0.28709   0.27147   0.09746   0.10841   0.63123   0.52941   0.01465   0.21657   0.50788   2.64981   0.68221   1.11234   4.65132  
 94  0.5757   6273.055821  x:  0.00000   0.24440   0.05982   0.01609   0.00000   0.02929   0.00000   0.00798   0.00796   0.02801  11.96719   0.06245   0.08580   0.17182   0.36122   0.74055   0.10701   0.14572   0.26069   0.07160   0.28768   0.27101   0.09574   0.10849   0.63324   0.52317   0.01440   0.21413   0.51276   2.65008   0.66464   1.07586   4.72972  
 95  0.5019   6273.005390  x:  0.00000   0.24792   0.06043   0.01639   0.00000   0.02990   0.00000   0.00796   0.00796   0.02811  12.43527   0.06397   0.08531   0.17026   0.36216   0.73695   0.10882   0.14465   0.26150   0.07133   0.28549   0.27209   0.09721   0.10706   0.63258   0.52996   0.01514   0.21625   0.50931   2.66193   0.66818   1.02807   4.47965  
 96  0.2078   6272.948887  x:  0.00000   0.24463   0.06072   0.01623   0.00000   0.02969   0.00000   0.00797   0.00796   0.02813  12.69995   0.06356   0.08571   0.17096   0.36259   0.73961   0.10788   0.14490   0.25955   0.07178   0.28620   0.27318   0.09703   0.10767   0.63521   0.52848   0.01502   0.21425   0.51099   2.66335   0.67289   0.98167   4.05368  
 97  0.1872   6272.940235  x:  0.00000   0.24500   0.06041   0.01620   0.00000   0.02955   0.00000   0.00797   0.00796   0.02809  12.72374   0.06328   0.08570   0.17121   0.36192   0.74041   0.10775   0.14511   0.26078   0.07166   0.28648   0.27258   0.09661   0.10788   0.63474   0.52682   0.01472   0.21436   0.51193   2.66036   0.67673   0.95346   3.88744  
 98  0.1809   6272.939429  x:  0.00000   0.24532   0.06030   0.01621   0.00000   0.02956   0.00000   0.00797   0.00796   0.02806  12.64088   0.06325   0.08563   0.17116   0.36147   0.73968   0.10790   0.14498   0.26126   0.07163   0.28633   0.27219   0.09656   0.10773   0.63420   0.52642   0.01470   0.21453   0.51147   2.66029   0.67760   0.95758   3.89509  
 99  0.0746   6272.939355  x:  0.00000   0.24522   0.06031   0.01621   0.00000   0.02957   0.00000   0.00797   0.00796   0.02806  12.62445   0.06326   0.08563   0.17114   0.36148   0.73969   0.10789   0.14496   0.26103   0.07164   0.28629   0.27224   0.09660   0.10770   0.63426   0.52646   0.01472   0.21451   0.51131   2.66060   0.67757   0.95691   3.89076  
100  0.0146   6272.939353  x:  0.00000   0.24523   0.06032   0.01621   0.00000   0.02956   0.00000   0.00797   0.00796   0.02806  12.62291   0.06326   0.08563   0.17115   0.36149   0.73969   0.10788   0.14496   0.26106   0.07165   0.28629   0.27227   0.09660   0.10771   0.63429   0.52648   0.01472   0.21449   0.51137   2.66065   0.67753   0.95707   3.89149  
101  0.0015   6272.939353  x:  0.00000   0.24523   0.06032   0.01621   0.00000   0.02956   0.00000   0.00797   0.00796   0.02806  12.62285   0.06326   0.08563   0.17115   0.36149   0.73969   0.10788   0.14496   0.26107   0.07165   0.28629   0.27227   0.09660   0.10771   0.63428   0.52649   0.01472   0.21449   0.51137   2.66065   0.67752   0.95708   3.89161  
102  0.0001   6272.939353  x:  0.00000   0.24523   0.06032   0.01621   0.00000   0.02956   0.00000   0.00797   0.00796   0.02806  12.62285   0.06326   0.08563   0.17115   0.36149   0.73969   0.10788   0.14496   0.26107   0.07165   0.28629   0.27227   0.09660   0.10771   0.63428   0.52649   0.01472   0.21449   0.51137   2.66065   0.67752   0.95708   3.89156  
103  0.0000   6272.939353  x:  0.00000   0.24523   0.06032   0.01621   0.00000   0.02956   0.00000   0.00797   0.00796   0.02806  12.62286   0.06326   0.08563   0.17115   0.36149   0.73969   0.10788   0.14496   0.26107   0.07165   0.28629   0.27227   0.09660   0.10771   0.63428   0.52649   0.01472   0.21449   0.51137   2.66065   0.67752   0.95708   3.89155  
104  0.0000   6272.939353  x:  0.00000   0.24523   0.06032   0.01621   0.00000   0.02956   0.00000   0.00797   0.00796   0.02806  12.62286   0.06326   0.08563   0.17115   0.36149   0.73969   0.10788   0.14496   0.26107   0.07165   0.28629   0.27227   0.09660   0.10771   0.63428   0.52649   0.01472   0.21449   0.51137   2.66065   0.67752   0.95708   3.89155  