

Model 0: one-ratio

TREE # 1

  0  0.0000  24940.271864  x:  0.00408   0.12367   0.03518   0.01721   0.01202   0.00387   0.00642   0.00290   0.00640   0.00958   0.01383   0.03185   0.04430   0.10779   0.30333   0.58768   0.15836   0.22160   0.03962   0.00120   0.04024   0.16675   0.04303   0.04271   0.18968   0.22089   0.00687   0.17352   0.23163   2.00000   0.40000  
  1 99.0000  24927.133292  x:  0.01177   0.12463   0.03537   0.01705   0.01175   0.00131   0.00583   0.00427   0.00583   0.01001   0.01455   0.03225   0.04520   0.10810   0.30386   0.58822   0.15876   0.22184   0.04216   0.01165   0.04310   0.16743   0.04286   0.04325   0.18981   0.22137   0.00862   0.17397   0.23193   2.00140   0.40244  
  2 2321.3423  24924.885701  x:  0.01416   0.12504   0.03544   0.01700   0.01168   0.00424   0.00582   0.00380   0.00582   0.01010   0.01481   0.03243   0.04563   0.10828   0.30413   0.58852   0.15898   0.22198   0.04302   0.01342   0.04430   0.16779   0.04278   0.04351   0.18985   0.22158   0.00903   0.17417   0.23208   2.00219   0.40376  
  3 2147.2123  24921.822809  x:  0.01718   0.12597   0.03552   0.01687   0.01156   0.00382   0.00628   0.00162   0.00628   0.01003   0.01504   0.03287   0.04669   0.10878   0.30483   0.58937   0.15961   0.22235   0.04429   0.01169   0.04690   0.16875   0.04258   0.04415   0.18992   0.22208   0.00904   0.17467   0.23247   2.00455   0.40758  
  4 925.9979  24914.168633  x:  0.02684   0.12930   0.03578   0.01643   0.01123   0.00320   0.00745   0.00371   0.00745   0.00977   0.01571   0.03435   0.05043   0.11063   0.30741   0.59252   0.16194   0.22372   0.04852   0.00398   0.05612   0.17227   0.04183   0.04638   0.19013   0.22392   0.00883   0.17646   0.23390   2.01339   0.42168  
  5 4182.9163  24911.181678  x:  0.02627   0.13043   0.03554   0.01658   0.01161   0.00315   0.00454   0.00356   0.00452   0.01003   0.01498   0.03428   0.05100   0.11145   0.30868   0.59432   0.16314   0.22441   0.04872   0.00335   0.05889   0.17391   0.04154   0.04680   0.19009   0.22492   0.00859   0.17737   0.23466   2.01895   0.42918  
  6 968.6888  24899.433427  x:  0.01379   0.13537   0.03372   0.01759   0.01323   0.00343   0.00616   0.00361   0.00637   0.01090   0.01111   0.03248   0.05128   0.11545   0.31543   0.60444   0.16944   0.22804   0.04639   0.00848   0.06934   0.18218   0.04022   0.04750   0.18946   0.23037   0.00749   0.18217   0.23876   2.05150   0.46980  
  7 1885.0566  24895.990913  x:  0.01119   0.13638   0.03359   0.01672   0.01092   0.00341   0.00642   0.00358   0.00589   0.00914   0.01803   0.03213   0.04967   0.11593   0.31764   0.60828   0.17107   0.22898   0.04558   0.00948   0.06802   0.18395   0.04040   0.04660   0.18885   0.23185   0.00759   0.18337   0.23994   2.06576   0.48285  
  8 1305.9938  24887.997892  x:  0.01554   0.13641   0.03503   0.01539   0.01102   0.00338   0.00404   0.00355   0.00853   0.01307   0.01813   0.03280   0.04296   0.11406   0.32193   0.61763   0.17258   0.22985   0.04496   0.00871   0.05111   0.18420   0.04243   0.04224   0.18644   0.23356   0.00848   0.18431   0.24156   2.10699   0.50734  
  9 1022.9803  24884.614528  x:  0.01775   0.13603   0.03561   0.01568   0.01142   0.00339   0.00712   0.00354   0.00561   0.01229   0.01674   0.03314   0.04102   0.11293   0.32365   0.62186   0.17289   0.23002   0.04471   0.00847   0.04348   0.18388   0.04325   0.04079   0.18540   0.23405   0.00869   0.18442   0.24209   2.12700   0.51737  
 10 3548.7995  24881.768991  x:  0.01873   0.13482   0.03570   0.01709   0.01120   0.00344   0.00616   0.00354   0.00642   0.00755   0.01523   0.03329   0.04255   0.11155   0.32432   0.62492   0.17227   0.22964   0.04432   0.00870   0.03980   0.18275   0.04348   0.04121   0.18488   0.23376   0.00844   0.18378   0.24197   2.14473   0.52212  
 11 1359.2435  24867.585180  x:  0.01893   0.12326   0.03470   0.02224   0.00798   0.00346   0.00628   0.00353   0.00633   0.01240   0.01682   0.03325   0.06088   0.10156   0.32509   0.64238   0.16442   0.22491   0.04065   0.00992   0.03328   0.17205   0.04271   0.04947   0.18341   0.22870   0.00623   0.17657   0.23881   2.26513   0.53594  
 12 1720.6415  24854.302897  x:  0.01855   0.11263   0.03523   0.01478   0.02134   0.00341   0.00639   0.00354   0.00650   0.01150   0.02036   0.03303   0.06575   0.09404   0.32451   0.65966   0.15575   0.21977   0.03853   0.00992   0.03682   0.16136   0.04160   0.05163   0.18284   0.22284   0.01004   0.16938   0.23507   2.39652   0.54355  
 13 4351.9658  24829.216248  x:  0.01810   0.10391   0.03778   0.00802   0.00995   0.00347   0.00670   0.00356   0.00579   0.00969   0.01441   0.03131   0.05311   0.09160   0.32185   0.68295   0.14453   0.21325   0.03972   0.00887   0.05209   0.14956   0.04048   0.04526   0.18345   0.21473   0.01327   0.16082   0.22931   2.59793   0.54515  
 14 4681.7984  24817.020323  x:  0.01823   0.10236   0.03933   0.02029   0.00977   0.00335   0.00672   0.00358   0.00591   0.00992   0.01541   0.03142   0.04167   0.09365   0.31965   0.69667   0.13902   0.21013   0.04189   0.00787   0.06174   0.14471   0.04047   0.04032   0.18422   0.21041   0.01374   0.15699   0.22593   2.72854   0.54317  
 15 9236.1117  24796.819287  x:  0.01653   0.12052   0.03561   0.01815   0.01188   0.00346   0.00662   0.00358   0.00595   0.00986   0.01615   0.03532   0.03980   0.11107   0.31529   0.70670   0.14312   0.21304   0.04727   0.00952   0.06056   0.15441   0.04454   0.04368   0.18631   0.21120   0.00000   0.16212   0.22446   2.89214   0.52839  
 16 2523.6611  24782.064663  x:  0.01259   0.14209   0.03125   0.01798   0.01119   0.00335   0.00654   0.00355   0.00589   0.01029   0.01570   0.03704   0.04386   0.12971   0.31063   0.71432   0.15086   0.21829   0.05163   0.00851   0.05633   0.16863   0.04715   0.04767   0.18874   0.21435   0.01211   0.17180   0.22522   3.06056   0.51054  
 17 7403.2163  24776.910076  x:  0.01457   0.14476   0.03561   0.01809   0.01170   0.00331   0.00657   0.00356   0.00592   0.01037   0.01597   0.02843   0.04716   0.12687   0.31024   0.71014   0.15810   0.22320   0.04794   0.00805   0.05590   0.17669   0.03914   0.04189   0.18978   0.21991   0.01081   0.17770   0.22898   3.10771   0.50383  
 18 1003.5847  24773.041622  x:  0.01595   0.14140   0.03615   0.01835   0.01108   0.00335   0.00660   0.00357   0.00585   0.01022   0.01571   0.03621   0.04562   0.11562   0.31136   0.69889   0.16760   0.22969   0.04167   0.00801   0.05783   0.18542   0.03787   0.04152   0.19085   0.22848   0.01004   0.18453   0.23569   3.14672   0.49811  
 19 703.3292  24771.619989  x:  0.01637   0.13839   0.03488   0.01857   0.01108   0.00333   0.00662   0.00357   0.00585   0.01014   0.01565   0.03241   0.04358   0.11128   0.31265   0.69011   0.17109   0.23207   0.04272   0.00769   0.05855   0.18784   0.04298   0.04479   0.19109   0.23225   0.00973   0.18658   0.23909   3.16134   0.49690  
 20 456.3638  24769.665637  x:  0.01358   0.13200   0.03494   0.01846   0.01120   0.00331   0.00656   0.00356   0.00586   0.01027   0.01568   0.03365   0.04521   0.11364   0.31694   0.66194   0.17289   0.23327   0.05305   0.00780   0.05767   0.18590   0.04248   0.04215   0.19058   0.23661   0.00943   0.18589   0.24469   3.18288   0.49949  
 21 227.1786  24768.077404  x:  0.01544   0.13255   0.03508   0.01843   0.01112   0.00332   0.00658   0.00357   0.00588   0.01019   0.01572   0.03317   0.04329   0.11884   0.32008   0.63191   0.17120   0.23206   0.04756   0.00772   0.05732   0.18256   0.03957   0.04602   0.18996   0.23642   0.00978   0.18353   0.24645   3.20044   0.50432  
 22 282.4659  24767.649926  x:  0.01595   0.13484   0.03451   0.01844   0.01117   0.00333   0.00660   0.00357   0.00587   0.01020   0.01573   0.03316   0.04473   0.11841   0.32012   0.62258   0.17019   0.23128   0.04526   0.00775   0.05788   0.18217   0.04238   0.04306   0.18995   0.23492   0.00980   0.18301   0.24529   3.20527   0.50623  
 23 207.2842  24767.456299  x:  0.01525   0.13766   0.03506   0.01843   0.01115   0.00332   0.00659   0.00357   0.00587   0.01021   0.01571   0.03320   0.04435   0.11516   0.31864   0.61756   0.16959   0.23066   0.04673   0.00784   0.05769   0.18308   0.04170   0.04356   0.19018   0.23251   0.00988   0.18339   0.24243   3.20750   0.50775  
 24 77.8435  24767.436573  x:  0.01541   0.13683   0.03442   0.01843   0.01115   0.00332   0.00659   0.00357   0.00587   0.01020   0.01572   0.03314   0.04429   0.11542   0.31756   0.61696   0.16994   0.23075   0.04673   0.00782   0.05760   0.18366   0.04151   0.04347   0.19026   0.23196   0.00987   0.18379   0.24132   3.20775   0.50811  
 25 19.2148  24767.428717  x:  0.01542   0.13638   0.03490   0.01843   0.01115   0.00332   0.00659   0.00357   0.00587   0.01020   0.01572   0.03319   0.04433   0.11567   0.31694   0.61671   0.17015   0.23081   0.04669   0.00783   0.05759   0.18392   0.04169   0.04353   0.19029   0.23176   0.00988   0.18396   0.24080   3.20785   0.50830  
 26 25.7761  24767.422768  x:  0.01543   0.13659   0.03486   0.01843   0.01115   0.00332   0.00659   0.00357   0.00587   0.01020   0.01572   0.03319   0.04433   0.11564   0.31563   0.61663   0.17047   0.23087   0.04670   0.00782   0.05761   0.18342   0.04169   0.04353   0.19017   0.23234   0.00990   0.18362   0.24092   3.20800   0.50852  
 27  3.1296  24767.345172  x:  0.01553   0.13627   0.03486   0.01841   0.01115   0.00332   0.00659   0.00357   0.00588   0.01020   0.01571   0.03318   0.04437   0.11562   0.31315   0.61677   0.16803   0.22893   0.04671   0.00781   0.05741   0.18472   0.04166   0.04354   0.19081   0.23207   0.00972   0.18498   0.24396   3.21058   0.50934  
 28  1.3657  24762.736546  x:  0.01701   0.13569   0.03486   0.01789   0.01142   0.00301   0.00624   0.00343   0.00596   0.00985   0.01490   0.03309   0.04738   0.11367   0.31362   0.63206   0.17983   0.23256   0.04605   0.00767   0.05610   0.18414   0.04125   0.04500   0.18545   0.21059   0.00855   0.17750   0.25707   3.36607   0.53394  
 29 13.8616  24757.301982  x:  0.01877   0.13494   0.03484   0.01722   0.01179   0.00262   0.00581   0.00327   0.00606   0.00945   0.01395   0.03298   0.05112   0.11153   0.32241   0.64963   0.16978   0.22720   0.04474   0.00683   0.05379   0.18084   0.04070   0.04683   0.18954   0.23170   0.00735   0.18445   0.23911   3.55209   0.56293  
 30 476.2197  24757.269768  x:  0.01879   0.13481   0.03484   0.01721   0.01179   0.00261   0.00581   0.00327   0.00606   0.00944   0.01394   0.03297   0.05113   0.11150   0.32225   0.64970   0.16821   0.22879   0.04475   0.00683   0.05370   0.18249   0.04067   0.04683   0.18897   0.23224   0.00745   0.18253   0.23893   3.55319   0.56311  
 31 19.2484  24757.266233  x:  0.01879   0.13484   0.03483   0.01721   0.01179   0.00261   0.00581   0.00327   0.00606   0.00944   0.01394   0.03297   0.05113   0.11151   0.32213   0.64970   0.16764   0.22988   0.04476   0.00683   0.05372   0.18216   0.04068   0.04683   0.18904   0.23211   0.00742   0.18291   0.23899   3.55332   0.56316  
 32  5.3822  24757.247090  x:  0.01879   0.13480   0.03484   0.01719   0.01179   0.00262   0.00580   0.00327   0.00606   0.00946   0.01397   0.03298   0.05105   0.11154   0.32212   0.64965   0.16782   0.23010   0.04475   0.00686   0.05353   0.18213   0.04070   0.04678   0.19134   0.23199   0.00745   0.18220   0.23911   3.55545   0.56326  
 33  0.1453  24756.178398  x:  0.01849   0.13256   0.03529   0.01644   0.01135   0.00277   0.00582   0.00329   0.00601   0.01006   0.01507   0.03304   0.04775   0.11227   0.32084   0.64614   0.16654   0.22893   0.04508   0.00822   0.05313   0.17947   0.04162   0.04461   0.18854   0.22992   0.00670   0.18101   0.24054   3.67538   0.56218  
 34 13.3671  24756.116753  x:  0.01864   0.13239   0.03512   0.01665   0.01143   0.00274   0.00597   0.00330   0.00587   0.00995   0.01494   0.03309   0.04843   0.11156   0.32071   0.64664   0.16634   0.22885   0.04502   0.00820   0.05399   0.17941   0.04130   0.04546   0.18883   0.22966   0.00670   0.18097   0.24006   3.69155   0.55961  
 35  0.0147  24756.113646  x:  0.01865   0.13242   0.03515   0.01666   0.01143   0.00272   0.00596   0.00330   0.00597   0.00994   0.01485   0.03308   0.04834   0.11162   0.32078   0.64715   0.16630   0.22887   0.04502   0.00816   0.05400   0.17940   0.04132   0.04537   0.18887   0.22970   0.00680   0.18097   0.24000   3.69377   0.55914  
 36  0.0023  24756.113426  x:  0.01863   0.13240   0.03515   0.01667   0.01144   0.00272   0.00596   0.00330   0.00595   0.00993   0.01485   0.03307   0.04833   0.11165   0.32079   0.64718   0.16630   0.22888   0.04502   0.00816   0.05398   0.17940   0.04132   0.04534   0.18886   0.22973   0.00685   0.18097   0.24002   3.69401   0.55913  
 37  0.0002  24756.113404  x:  0.01863   0.13240   0.03515   0.01667   0.01143   0.00272   0.00596   0.00330   0.00595   0.00994   0.01486   0.03307   0.04835   0.11163   0.32079   0.64716   0.16630   0.22887   0.04502   0.00815   0.05397   0.17940   0.04132   0.04534   0.18886   0.22973   0.00687   0.18097   0.24002   3.69406   0.55916  
 38  0.0001  24756.113404  x:  0.01863   0.13240   0.03515   0.01667   0.01143   0.00272   0.00596   0.00330   0.00595   0.00994   0.01485   0.03307   0.04835   0.11163   0.32079   0.64716   0.16630   0.22887   0.04502   0.00815   0.05397   0.17940   0.04132   0.04535   0.18886   0.22973   0.00687   0.18097   0.24002   3.69409   0.55916  
 39  0.0000  24756.113404  x:  0.01863   0.13240   0.03515   0.01667   0.01143   0.00272   0.00596   0.00330   0.00595   0.00994   0.01485   0.03307   0.04835   0.11163   0.32079   0.64716   0.16630   0.22887   0.04502   0.00815   0.05397   0.17940   0.04132   0.04535   0.18886   0.22973   0.00687   0.18097   0.24002   3.69409   0.55916  
 40  0.0000  24756.113404  x:  0.01863   0.13240   0.03515   0.01667   0.01143   0.00272   0.00596   0.00330   0.00595   0.00994   0.01485   0.03307   0.04835   0.11163   0.32079   0.64716   0.16630   0.22887   0.04502   0.00815   0.05397   0.17940   0.04132   0.04535   0.18886   0.22973   0.00687   0.18097   0.24002   3.69409   0.55916  
 41  0.0000  24756.113404  x:  0.01863   0.13240   0.03515   0.01667   0.01143   0.00272   0.00596   0.00330   0.00595   0.00994   0.01485   0.03307   0.04835   0.11163   0.32079   0.64716   0.16630   0.22887   0.04502   0.00815   0.05397   0.17940   0.04132   0.04535   0.18886   0.22973   0.00687   0.18097   0.24002   3.69409   0.55916  

Model 1: NearlyNeutral

TREE # 1

  0  0.0000  24585.466693  x:  0.00408   0.12367   0.03518   0.01721   0.01202   0.00387   0.00642   0.00290   0.00640   0.00958   0.01383   0.03185   0.04430   0.10779   0.30333   0.58768   0.15836   0.22160   0.03962   0.00120   0.04024   0.16675   0.04303   0.04271   0.18968   0.22089   0.00687   0.17352   0.23163   3.69409   0.50913   0.13125  
  1 99.0000  24577.918999  x:  0.00850   0.12439   0.03508   0.01674   0.01138   0.00134   0.00555   0.00368   0.00554   0.00957   0.01410   0.03187   0.04470   0.10780   0.30377   0.58837   0.15858   0.22184   0.04118   0.00792   0.04202   0.16727   0.04255   0.04290   0.18969   0.22116   0.00688   0.17374   0.23179   3.69412   0.50865   0.13311  
  2 1758.5858  24575.579579  x:  0.01145   0.12496   0.03497   0.01643   0.01101   0.00413   0.00536   0.00341   0.00535   0.00958   0.01432   0.03189   0.04505   0.10783   0.30416   0.58901   0.15878   0.22207   0.04223   0.01072   0.04334   0.16774   0.04216   0.04306   0.18968   0.22137   0.00667   0.17393   0.23193   3.69415   0.50819   0.13483  
  3 2043.2555  24572.837903  x:  0.01535   0.12616   0.03469   0.01603   0.01088   0.00372   0.00671   0.00167   0.00672   0.00965   0.01450   0.03203   0.04588   0.10800   0.30517   0.59078   0.15938   0.22272   0.04360   0.00933   0.04586   0.16895   0.04133   0.04348   0.18961   0.22183   0.00548   0.17438   0.23234   3.69422   0.50692   0.13948  
  4 824.3861  24569.468547  x:  0.02150   0.12826   0.03420   0.01549   0.01083   0.00343   0.00819   0.00381   0.00823   0.00977   0.01476   0.03230   0.04731   0.10834   0.30700   0.59403   0.16047   0.22393   0.04575   0.00598   0.05018   0.17114   0.03994   0.04424   0.18949   0.22268   0.00347   0.17524   0.23310   3.69437   0.50465   0.14786  
  5 3856.2762  24566.749604  x:  0.02384   0.12985   0.03395   0.01581   0.01127   0.00313   0.00544   0.00339   0.00541   0.00977   0.01470   0.03256   0.04823   0.10879   0.30870   0.59720   0.16154   0.22511   0.04656   0.00339   0.05327   0.17312   0.03926   0.04488   0.18941   0.22355   0.00317   0.17622   0.23398   3.69451   0.50277   0.15515  
  6 1276.3297  24561.544291  x:  0.01747   0.13396   0.03419   0.01897   0.01274   0.00339   0.00618   0.00349   0.00634   0.00973   0.01390   0.03329   0.04929   0.11106   0.31499   0.60964   0.16569   0.22977   0.04428   0.00531   0.05989   0.17992   0.03995   0.04669   0.18941   0.22736   0.00923   0.18071   0.23804   3.69509   0.49752   0.17857  
  7 738.8838  24560.058038  x:  0.01463   0.13524   0.03492   0.01635   0.01001   0.00344   0.00642   0.00343   0.00586   0.01031   0.01573   0.03319   0.04874   0.11200   0.31776   0.61527   0.16733   0.23173   0.04376   0.00621   0.05919   0.18205   0.04097   0.04667   0.18969   0.22912   0.00696   0.18216   0.23969   3.69538   0.49686   0.18483  
  8 551.3041  24559.156027  x:  0.01358   0.13621   0.03566   0.01537   0.01179   0.00353   0.00546   0.00339   0.00681   0.00969   0.01541   0.03315   0.04809   0.11272   0.32032   0.62062   0.16866   0.23343   0.04410   0.00708   0.05689   0.18345   0.04185   0.04624   0.19015   0.23072   0.00416   0.18331   0.24119   3.69567   0.49735   0.18806  
  9 516.5452  24558.484236  x:  0.01360   0.13699   0.03614   0.01600   0.01260   0.00356   0.00681   0.00339   0.00555   0.00974   0.01460   0.03314   0.04770   0.11326   0.32274   0.62584   0.16978   0.23495   0.04480   0.00742   0.05428   0.18450   0.04244   0.04575   0.19070   0.23220   0.00287   0.18441   0.24265   3.69596   0.49839   0.18983  
 10 661.5253  24557.230107  x:  0.01494   0.13841   0.03653   0.01823   0.01096   0.00353   0.00604   0.00343   0.00638   0.01069   0.01398   0.03316   0.04742   0.11415   0.32800   0.63758   0.17193   0.23811   0.04659   0.00701   0.04876   0.18638   0.04312   0.04480   0.19211   0.23526   0.00357   0.18685   0.24596   3.69667   0.50157   0.19179  
 11 744.5407  24556.547761  x:  0.01565   0.13886   0.03601   0.01725   0.01149   0.00347   0.00629   0.00346   0.00619   0.00908   0.01571   0.03336   0.04780   0.11437   0.33121   0.64555   0.17292   0.23988   0.04714   0.00652   0.04732   0.18729   0.04280   0.04482   0.19325   0.23698   0.00539   0.18820   0.24799   3.69720   0.50426   0.19163  
 12 504.4693  24555.880155  x:  0.01566   0.13882   0.03504   0.01556   0.01251   0.00346   0.00635   0.00346   0.00612   0.01106   0.01556   0.03359   0.04868   0.11427   0.33459   0.65519   0.17352   0.24152   0.04677   0.00631   0.04852   0.18801   0.04187   0.04555   0.19475   0.23859   0.00612   0.18921   0.24998   3.69789   0.50784   0.19030  
 13 486.5936  24555.000121  x:  0.01501   0.13832   0.03415   0.01597   0.01137   0.00349   0.00625   0.00344   0.00618   0.00974   0.01392   0.03361   0.04985   0.11387   0.33877   0.66880   0.17376   0.24333   0.04548   0.00630   0.05224   0.18864   0.04063   0.04684   0.19678   0.24032   0.00472   0.18992   0.25221   3.69895   0.51284   0.18798  
 14 648.2843  24554.759033  x:  0.01494   0.13803   0.03470   0.01733   0.01165   0.00348   0.00622   0.00344   0.00624   0.01006   0.01534   0.03346   0.04963   0.11367   0.33965   0.67332   0.17338   0.24350   0.04503   0.00634   0.05365   0.18848   0.04078   0.04694   0.19715   0.24044   0.00397   0.18975   0.25250   3.69936   0.51422   0.18741  
 15 309.0582  24554.445268  x:  0.01558   0.13734   0.03705   0.01687   0.01160   0.00346   0.00625   0.00345   0.00622   0.00999   0.01491   0.03305   0.04763   0.11318   0.33954   0.68112   0.17135   0.24253   0.04469   0.00599   0.05515   0.18711   0.04243   0.04595   0.19667   0.23924   0.00474   0.18850   0.25173   3.70033   0.51543   0.18760  
 16 148.9964  24554.051895  x:  0.01542   0.13619   0.03526   0.01691   0.01157   0.00348   0.00623   0.00344   0.00621   0.00999   0.01495   0.03417   0.04839   0.11227   0.33734   0.69303   0.16733   0.23990   0.04451   0.00631   0.05400   0.18409   0.04217   0.04500   0.19462   0.23615   0.00477   0.18579   0.24900   3.70220   0.51584   0.18937  
 17 143.7015  24553.993663  x:  0.01532   0.13628   0.03547   0.01688   0.01161   0.00348   0.00623   0.00344   0.00620   0.00999   0.01495   0.03296   0.04872   0.11251   0.33642   0.69500   0.16692   0.23947   0.04471   0.00635   0.05358   0.18386   0.04171   0.04598   0.19423   0.23562   0.00484   0.18555   0.24833   3.70274   0.51581   0.18952  
 18 77.7357  24553.965661  x:  0.01522   0.13673   0.03587   0.01688   0.01158   0.00348   0.00623   0.00344   0.00621   0.00999   0.01494   0.03361   0.04859   0.11307   0.33505   0.69617   0.16723   0.23931   0.04498   0.00635   0.05351   0.18429   0.04141   0.04663   0.19406   0.23542   0.00485   0.18582   0.24770   3.70351   0.51571   0.18923  
 19 33.5708  24553.936117  x:  0.01519   0.13735   0.03539   0.01690   0.01159   0.00347   0.00623   0.00344   0.00621   0.00999   0.01495   0.03333   0.04845   0.11357   0.33294   0.69753   0.16805   0.23924   0.04508   0.00633   0.05373   0.18517   0.04159   0.04602   0.19402   0.23538   0.00483   0.18642   0.24694   3.70490   0.51540   0.18870  
 20 39.2148  24553.926371  x:  0.01537   0.13718   0.03563   0.01688   0.01160   0.00347   0.00623   0.00344   0.00621   0.00999   0.01494   0.03337   0.04891   0.11305   0.33215   0.69795   0.16847   0.23924   0.04473   0.00633   0.05362   0.18534   0.04186   0.04603   0.19418   0.23560   0.00482   0.18656   0.24699   3.70613   0.51494   0.18854  
 21 16.1172  24553.915331  x:  0.01548   0.13680   0.03558   0.01690   0.01160   0.00348   0.00623   0.00344   0.00621   0.00999   0.01495   0.03335   0.04845   0.11245   0.33149   0.69836   0.16889   0.23923   0.04453   0.00633   0.05350   0.18531   0.04149   0.04613   0.19446   0.23597   0.00481   0.18657   0.24730   3.70823   0.51414   0.18839  
 22 24.0840  24553.878165  x:  0.01520   0.13602   0.03542   0.01692   0.01160   0.00347   0.00624   0.00344   0.00621   0.01000   0.01496   0.03340   0.04859   0.11306   0.33090   0.69926   0.16932   0.23892   0.04571   0.00630   0.05380   0.18461   0.04195   0.04629   0.19513   0.23688   0.00480   0.18616   0.24874   3.71782   0.51111   0.18734  
 23 27.4754  24553.838689  x:  0.01528   0.13642   0.03593   0.01689   0.01160   0.00348   0.00624   0.00344   0.00621   0.01000   0.01496   0.03337   0.04895   0.11393   0.33127   0.69995   0.16924   0.23871   0.04519   0.00632   0.05381   0.18435   0.04121   0.04563   0.19520   0.23714   0.00480   0.18606   0.24952   3.72879   0.50824   0.18614  
 24 78.6792  24553.772537  x:  0.01581   0.13772   0.03537   0.01693   0.01162   0.00348   0.00625   0.00345   0.00622   0.01001   0.01497   0.03342   0.04859   0.11437   0.33260   0.70085   0.16881   0.23861   0.04389   0.00632   0.05365   0.18455   0.04186   0.04632   0.19486   0.23694   0.00476   0.18629   0.24992   3.74781   0.50400   0.18414  
 25 173.5699  24553.704386  x:  0.01515   0.13834   0.03565   0.01693   0.01162   0.00348   0.00625   0.00345   0.00622   0.01001   0.01498   0.03342   0.04873   0.11262   0.33439   0.70136   0.16843   0.23921   0.04514   0.00635   0.05383   0.18565   0.04171   0.04617   0.19433   0.23608   0.00478   0.18703   0.24869   3.76824   0.50117   0.18262  
 26 117.0020  24553.640480  x:  0.01552   0.13586   0.03561   0.01692   0.01161   0.00348   0.00624   0.00345   0.00622   0.01001   0.01497   0.03341   0.04869   0.11355   0.33502   0.70096   0.16868   0.24070   0.04483   0.00636   0.05363   0.18615   0.04170   0.04617   0.19468   0.23561   0.00484   0.18708   0.24648   3.78844   0.50225   0.18337  
 27 58.2647  24553.552581  x:  0.01532   0.13758   0.03557   0.01690   0.01160   0.00347   0.00623   0.00344   0.00620   0.01000   0.01495   0.03338   0.04863   0.11310   0.33339   0.69948   0.16830   0.24116   0.04480   0.00637   0.05362   0.18466   0.04168   0.04612   0.19524   0.23647   0.00486   0.18590   0.24670   3.81754   0.50814   0.18610  
 28 63.3683  24553.538600  x:  0.01537   0.13707   0.03557   0.01690   0.01159   0.00347   0.00623   0.00344   0.00620   0.00999   0.01495   0.03336   0.04861   0.11310   0.33306   0.69919   0.16801   0.24003   0.04481   0.00637   0.05360   0.18526   0.04166   0.04610   0.19441   0.23616   0.00473   0.18664   0.24786   3.82223   0.50946   0.18659  
 29 24.3670  24553.537761  x:  0.01537   0.13709   0.03557   0.01690   0.01159   0.00347   0.00623   0.00344   0.00620   0.00999   0.01495   0.03336   0.04861   0.11309   0.33321   0.69919   0.16846   0.23961   0.04481   0.00638   0.05359   0.18526   0.04166   0.04610   0.19451   0.23592   0.00473   0.18652   0.24786   3.82250   0.50957   0.18665  
 30  2.5238  24553.537627  x:  0.01537   0.13709   0.03557   0.01690   0.01159   0.00347   0.00623   0.00344   0.00620   0.00999   0.01495   0.03336   0.04861   0.11309   0.33326   0.69919   0.16850   0.23947   0.04481   0.00637   0.05360   0.18522   0.04166   0.04610   0.19448   0.23606   0.00473   0.18657   0.24776   3.82253   0.50958   0.18665  
 31  0.6498  24553.533534  x:  0.01540   0.13708   0.03557   0.01689   0.01159   0.00346   0.00622   0.00344   0.00619   0.00999   0.01495   0.03336   0.04861   0.11309   0.33333   0.69928   0.16831   0.23925   0.04481   0.00638   0.05352   0.18598   0.04165   0.04610   0.19454   0.23645   0.00478   0.18586   0.24772   3.82259   0.50960   0.18665  
 32  0.0788  24553.320960  x:  0.01699   0.13767   0.03557   0.01672   0.01142   0.00297   0.00578   0.00329   0.00579   0.00999   0.01501   0.03339   0.04877   0.11341   0.33492   0.70420   0.16862   0.24036   0.04514   0.00698   0.05348   0.18631   0.04160   0.04613   0.19587   0.23672   0.00403   0.18751   0.24879   3.82538   0.50943   0.18840  
 33  0.8099  24553.316762  x:  0.01703   0.13763   0.03557   0.01672   0.01142   0.00296   0.00577   0.00328   0.00579   0.00999   0.01501   0.03338   0.04877   0.11340   0.33498   0.70432   0.16912   0.24071   0.04515   0.00698   0.05356   0.18618   0.04159   0.04612   0.19494   0.23682   0.00404   0.18717   0.24890   3.82544   0.50947   0.18833  
 34  6.8321  24553.278387  x:  0.01722   0.13756   0.03556   0.01675   0.01152   0.00272   0.00604   0.00330   0.00603   0.01000   0.01499   0.03339   0.04878   0.11335   0.33478   0.70393   0.16904   0.24043   0.04500   0.00737   0.05371   0.18601   0.04159   0.04614   0.19483   0.23676   0.00417   0.18715   0.24865   3.82498   0.50946   0.18828  
 35  0.0008  24553.274961  x:  0.01709   0.13746   0.03556   0.01680   0.01151   0.00274   0.00600   0.00331   0.00598   0.01000   0.01498   0.03339   0.04875   0.11332   0.33451   0.70316   0.16895   0.24032   0.04490   0.00756   0.05368   0.18590   0.04160   0.04613   0.19477   0.23659   0.00429   0.18705   0.24853   3.82441   0.50945   0.18801  
 36  0.0010  24553.274829  x:  0.01709   0.13747   0.03556   0.01678   0.01149   0.00274   0.00600   0.00332   0.00599   0.01000   0.01499   0.03339   0.04875   0.11333   0.33454   0.70318   0.16896   0.24035   0.04491   0.00759   0.05367   0.18592   0.04161   0.04613   0.19478   0.23660   0.00426   0.18705   0.24855   3.82446   0.50944   0.18803  
 37  0.0001  24553.274821  x:  0.01709   0.13748   0.03556   0.01678   0.01149   0.00274   0.00600   0.00332   0.00599   0.01000   0.01499   0.03339   0.04875   0.11333   0.33455   0.70321   0.16896   0.24035   0.04491   0.00759   0.05367   0.18592   0.04161   0.04613   0.19479   0.23661   0.00426   0.18706   0.24856   3.82448   0.50944   0.18804  
 38  0.0000  24553.274821  x:  0.01710   0.13748   0.03556   0.01678   0.01149   0.00274   0.00600   0.00332   0.00599   0.01000   0.01499   0.03339   0.04875   0.11333   0.33455   0.70321   0.16896   0.24035   0.04491   0.00759   0.05367   0.18592   0.04161   0.04613   0.19479   0.23661   0.00426   0.18706   0.24856   3.82448   0.50944   0.18804  
 39  0.0000  24553.274821  x:  0.01709   0.13748   0.03556   0.01678   0.01149   0.00274   0.00600   0.00332   0.00599   0.01000   0.01499   0.03339   0.04875   0.11333   0.33455   0.70321   0.16896   0.24035   0.04491   0.00759   0.05367   0.18592   0.04161   0.04613   0.19479   0.23661   0.00426   0.18706   0.24856   3.82448   0.50944   0.18804  
 40  0.0000  24553.274821  x:  0.01709   0.13748   0.03556   0.01678   0.01149   0.00274   0.00600   0.00332   0.00599   0.01000   0.01499   0.03339   0.04875   0.11333   0.33455   0.70321   0.16896   0.24035   0.04491   0.00759   0.05367   0.18592   0.04161   0.04613   0.19479   0.23661   0.00426   0.18706   0.24856   3.82448   0.50944   0.18804  
 41  0.0000  24553.274821  x:  0.01709   0.13748   0.03556   0.01678   0.01149   0.00274   0.00600   0.00332   0.00599   0.01000   0.01499   0.03339   0.04875   0.11333   0.33455   0.70321   0.16896   0.24035   0.04491   0.00759   0.05367   0.18592   0.04161   0.04613   0.19479   0.23661   0.00426   0.18706   0.24856   3.82448   0.50944   0.18804  
 42  0.0000  24553.274821  x:  0.01709   0.13748   0.03556   0.01678   0.01149   0.00274   0.00600   0.00332   0.00599   0.01000   0.01499   0.03339   0.04875   0.11333   0.33455   0.70321   0.16896   0.24035   0.04491   0.00759   0.05367   0.18592   0.04161   0.04613   0.19479   0.23661   0.00426   0.18706   0.24856   3.82448   0.50944   0.18804  

Model 2: PositiveSelection

TREE # 1

  0  0.0000  24629.675944  x:  0.00408   0.12367   0.03518   0.01721   0.01202   0.00387   0.00642   0.00290   0.00640   0.00958   0.01383   0.03185   0.04430   0.10779   0.30333   0.58768   0.15836   0.22160   0.03962   0.00120   0.04024   0.16675   0.04303   0.04271   0.18968   0.22089   0.00687   0.17352   0.23163   3.82448   0.91827   0.57566   0.25513   2.18071  
  1 99.0000  24619.836425  x:  0.00952   0.12485   0.03543   0.01705   0.01163   0.00139   0.00579   0.00415   0.00579   0.00993   0.01449   0.03224   0.04510   0.10814   0.30417   0.58873   0.15895   0.22222   0.04172   0.01066   0.04265   0.16767   0.04284   0.04330   0.19001   0.22153   0.00755   0.17412   0.23213   3.82458   0.91870   0.57568   0.25447   2.18028  
  2 2034.3669  24617.701384  x:  0.01195   0.12555   0.03557   0.01700   0.01150   0.00429   0.00578   0.00369   0.00577   0.01005   0.01481   0.03248   0.04560   0.10840   0.30472   0.58945   0.15936   0.22265   0.04269   0.01286   0.04391   0.16828   0.04274   0.04367   0.19022   0.22193   0.00765   0.17450   0.23246   3.82466   0.91899   0.57570   0.25404   2.17998  
  3 1934.2110  24614.976861  x:  0.01554   0.12719   0.03582   0.01693   0.01143   0.00381   0.00640   0.00168   0.00641   0.01007   0.01513   0.03306   0.04678   0.10915   0.30621   0.59145   0.16050   0.22385   0.04425   0.01148   0.04649   0.16989   0.04258   0.04456   0.19077   0.22292   0.00721   0.17548   0.23339   3.82486   0.91978   0.57576   0.25293   2.17917  
  4 866.0318  24609.146653  x:  0.02603   0.13244   0.03658   0.01679   0.01132   0.00318   0.00778   0.00395   0.00781   0.01009   0.01599   0.03485   0.05049   0.11162   0.31108   0.59808   0.16425   0.22780   0.04885   0.00561   0.05454   0.17517   0.04207   0.04737   0.19255   0.22619   0.00572   0.17871   0.23645   3.82552   0.92236   0.57595   0.24928   2.17647  
  5 3894.9645  24607.026509  x:  0.02686   0.13440   0.03662   0.01695   0.01162   0.00307   0.00513   0.00380   0.00509   0.01013   0.01549   0.03502   0.05123   0.11278   0.31349   0.60163   0.16611   0.22981   0.04933   0.00438   0.05700   0.17760   0.04200   0.04809   0.19342   0.22790   0.00575   0.18039   0.23811   3.82587   0.92370   0.57609   0.24752   2.17502  
  6 924.0883  24596.742637  x:  0.01604   0.14670   0.03564   0.01836   0.01339   0.00342   0.00636   0.00375   0.00671   0.01040   0.01073   0.03354   0.05214   0.12113   0.33223   0.63053   0.18028   0.24546   0.04585   0.00674   0.06880   0.19536   0.04218   0.05043   0.20000   0.24155   0.00849   0.19351   0.25150   3.82879   0.93450   0.57734   0.23405   2.16314  
  7 1026.3928  24593.701578  x:  0.01223   0.15045   0.03560   0.01787   0.01199   0.00343   0.00680   0.00370   0.00629   0.01040   0.01737   0.03352   0.05163   0.12342   0.33922   0.64197   0.18500   0.25097   0.04482   0.00749   0.06999   0.20095   0.04245   0.05037   0.20225   0.24640   0.00746   0.19780   0.25629   3.82997   0.93872   0.57795   0.22943   2.15835  
  8 1638.0188  24590.462984  x:  0.01317   0.15227   0.03686   0.01648   0.01076   0.00351   0.00476   0.00369   0.00819   0.01052   0.01651   0.03527   0.04930   0.12323   0.34740   0.65774   0.18840   0.25614   0.04613   0.00816   0.06155   0.20388   0.04334   0.04785   0.20420   0.25109   0.00176   0.20078   0.26117   3.83172   0.94437   0.57922   0.22573   2.15143  
  9 587.2681  24588.690612  x:  0.01431   0.15292   0.03756   0.01638   0.01119   0.00353   0.00696   0.00370   0.00610   0.01051   0.01574   0.03613   0.04823   0.12273   0.35218   0.66754   0.19001   0.25895   0.04711   0.00835   0.05584   0.20509   0.04388   0.04646   0.20528   0.25364   0.00000   0.20235   0.26399   3.83284   0.94788   0.58007   0.22383   2.14704  
 10 1894.7163  24586.842077  x:  0.01646   0.15250   0.03800   0.01807   0.01293   0.00345   0.00656   0.00375   0.00663   0.01031   0.01652   0.03627   0.04839   0.12119   0.35768   0.68060   0.19079   0.26159   0.04846   0.00771   0.04860   0.20521   0.04445   0.04573   0.20646   0.25601   0.00464   0.20376   0.26723   3.83445   0.95266   0.58142   0.22240   2.14086  
 11 894.7403  24585.556248  x:  0.01675   0.15006   0.03739   0.01774   0.00954   0.00344   0.00679   0.00376   0.00633   0.01113   0.01586   0.03467   0.05089   0.11914   0.36077   0.69192   0.18927   0.26201   0.04826   0.00753   0.04746   0.20339   0.04442   0.04769   0.20730   0.25631   0.00578   0.20299   0.26844   3.83607   0.95703   0.58300   0.22322   2.13483  
 12 392.3600  24582.742053  x:  0.01643   0.14283   0.03611   0.01618   0.01278   0.00349   0.00654   0.00374   0.00659   0.01002   0.01633   0.03199   0.05633   0.11403   0.36744   0.72132   0.18390   0.26181   0.04689   0.00808   0.04884   0.19768   0.04380   0.05261   0.20928   0.25591   0.00362   0.19955   0.27025   3.84051   0.96872   0.58741   0.22662   2.11846  
 13 1064.0013  24580.647624  x:  0.01598   0.13818   0.03781   0.01973   0.01266   0.00348   0.00655   0.00374   0.00663   0.01225   0.01647   0.03663   0.05371   0.11268   0.37059   0.74499   0.17839   0.26026   0.04593   0.00797   0.05409   0.19290   0.04270   0.05108   0.21009   0.25411   0.00354   0.19625   0.27004   3.84462   0.97924   0.59149   0.23032   2.10362  
 14 667.7541  24579.708628  x:  0.01613   0.13719   0.03861   0.01873   0.01176   0.00348   0.00665   0.00375   0.00649   0.00940   0.01619   0.03743   0.05132   0.11323   0.37105   0.75482   0.17598   0.25927   0.04589   0.00774   0.05645   0.19114   0.04265   0.04942   0.21002   0.25296   0.00462   0.19500   0.26940   3.84658   0.98418   0.59340   0.23199   2.09666  
 15 835.2257  24578.990721  x:  0.01651   0.13782   0.03881   0.01608   0.01221   0.00345   0.00671   0.00376   0.00645   0.01086   0.01616   0.03582   0.04908   0.11502   0.37018   0.76254   0.17404   0.25809   0.04623   0.00736   0.05780   0.19019   0.04329   0.04764   0.20934   0.25156   0.00565   0.19418   0.26808   3.84851   0.98900   0.59522   0.23333   2.08993  
 16 541.1717  24577.939291  x:  0.01675   0.14148   0.03778   0.01883   0.01212   0.00342   0.00661   0.00376   0.00654   0.01059   0.01633   0.03187   0.04847   0.11951   0.36614   0.77309   0.17161   0.25573   0.04698   0.00737   0.05778   0.18996   0.04500   0.04611   0.20702   0.24869   0.00461   0.19338   0.26438   3.85216   0.99803   0.59851   0.23498   2.07747  
 17 411.8471  24576.439865  x:  0.01526   0.14824   0.03542   0.01762   0.01217   0.00348   0.00661   0.00373   0.00650   0.01051   0.01618   0.03605   0.05188   0.12517   0.35707   0.78634   0.16940   0.25205   0.04703   0.00795   0.05522   0.19119   0.04547   0.04768   0.20261   0.24423   0.00498   0.19329   0.25779   3.85853   1.01372   0.60398   0.23638   2.05607  
 18 481.8594  24574.975257  x:  0.01537   0.15070   0.03973   0.01758   0.01212   0.00346   0.00658   0.00372   0.00647   0.01048   0.01612   0.03463   0.05033   0.12085   0.34542   0.79266   0.17156   0.24991   0.04585   0.00798   0.05408   0.19445   0.03883   0.05033   0.19994   0.24211   0.00496   0.19466   0.25252   3.86664   1.03372   0.61046   0.23490   2.02927  
 19 266.8256  24572.614070  x:  0.01688   0.14838   0.03679   0.01769   0.01198   0.00343   0.00654   0.00372   0.00642   0.01040   0.01602   0.03478   0.04793   0.10940   0.32773   0.79612   0.17719   0.24755   0.04423   0.00763   0.05565   0.19907   0.04454   0.04925   0.19832   0.24114   0.00490   0.19654   0.24709   3.88153   1.07045   0.62207   0.23066   1.98018  
 20 525.9143  24569.755716  x:  0.01703   0.13955   0.03693   0.01703   0.01194   0.00341   0.00649   0.00369   0.00635   0.01033   0.01585   0.03412   0.05445   0.11155   0.31644   0.78972   0.18169   0.24503   0.04543   0.00754   0.05634   0.19776   0.04214   0.04016   0.19974   0.24250   0.00463   0.19526   0.24744   3.90125   1.11893   0.63739   0.22639   1.91477  
 21 509.4557  24563.810018  x:  0.01790   0.12411   0.03769   0.01715   0.01173   0.00337   0.00640   0.00366   0.00627   0.01019   0.01563   0.03404   0.04928   0.12458   0.30421   0.76769   0.18642   0.23922   0.04889   0.00734   0.05464   0.18972   0.04362   0.04885   0.20297   0.24533   0.00418   0.18983   0.25219   3.94489   1.22601   0.67160   0.22083   1.76913  
 22 1402.0048  24557.279239  x:  0.01943   0.13423   0.02744   0.01719   0.01149   0.00331   0.00627   0.00363   0.00616   0.01003   0.01539   0.03352   0.04562   0.11881   0.31378   0.73589   0.18044   0.23314   0.04440   0.00705   0.05454   0.18108   0.03658   0.04748   0.20109   0.24321   0.00361   0.18458   0.25622   3.99120   1.33913   0.70939   0.22740   1.61170  
 23 1087.4308  24553.570090  x:  0.01803   0.14219   0.03623   0.01663   0.01146   0.00332   0.00624   0.00359   0.00608   0.00995   0.01521   0.03320   0.04872   0.11332   0.32290   0.71504   0.17447   0.23002   0.04150   0.00740   0.05496   0.17753   0.04185   0.04644   0.19819   0.24015   0.00360   0.18227   0.25676   4.01964   1.40879   0.73305   0.23315   1.51398  
 24 2495.9735  24552.636460  x:  0.01564   0.13751   0.03586   0.01663   0.01143   0.00332   0.00623   0.00356   0.00607   0.00993   0.01516   0.03309   0.04852   0.11214   0.32939   0.70909   0.17014   0.23312   0.04781   0.00753   0.05502   0.18369   0.04140   0.04642   0.19424   0.23578   0.00355   0.18575   0.25030   4.02592   1.42524   0.73988   0.23584   1.48902  
 25 235.8270  24552.466921  x:  0.01727   0.13559   0.03577   0.01662   0.01142   0.00331   0.00622   0.00358   0.00608   0.00992   0.01518   0.03304   0.04847   0.11318   0.33100   0.70789   0.16889   0.23549   0.04446   0.00748   0.05464   0.18529   0.04139   0.04631   0.19350   0.23454   0.00360   0.18645   0.24745   4.02646   1.42770   0.74174   0.23565   1.48418  
 26 81.7504  24552.409467  x:  0.01700   0.13622   0.03577   0.01661   0.01142   0.00331   0.00622   0.00357   0.00607   0.00992   0.01516   0.03303   0.04846   0.11299   0.33087   0.70739   0.16769   0.23908   0.04484   0.00749   0.05473   0.18396   0.04137   0.04632   0.19446   0.23451   0.00377   0.18513   0.24522   4.02489   1.42708   0.74430   0.23360   1.48139  
 27 20.9999  24552.259144  x:  0.01713   0.13634   0.03576   0.01662   0.01142   0.00331   0.00622   0.00357   0.00607   0.00992   0.01517   0.03304   0.04850   0.11297   0.32793   0.70631   0.16255   0.24311   0.04482   0.00745   0.05484   0.18438   0.04137   0.04635   0.19312   0.23624   0.00355   0.18657   0.24845   4.01243   1.41746   0.76092   0.23156   1.46841  
 28 17.9577  24551.667067  x:  0.01714   0.13659   0.03591   0.01664   0.01145   0.00332   0.00623   0.00358   0.00609   0.00995   0.01518   0.03312   0.04864   0.11324   0.32870   0.70310   0.16819   0.24263   0.04508   0.00754   0.05463   0.18574   0.04154   0.04642   0.19581   0.23201   0.00376   0.18485   0.24898   3.95628   1.37395   0.83411   0.22250   1.41304  
 29 83.8645  24551.529847  x:  0.01712   0.13645   0.03591   0.01663   0.01145   0.00332   0.00623   0.00357   0.00609   0.00994   0.01516   0.03309   0.04866   0.11309   0.33037   0.70233   0.16782   0.23888   0.04500   0.00748   0.05496   0.18453   0.04152   0.04641   0.19441   0.23480   0.00377   0.18634   0.24646   3.94269   1.36443   0.85091   0.21657   1.40052  
 30 117.0010  24551.526624  x:  0.01712   0.13642   0.03590   0.01663   0.01144   0.00331   0.00623   0.00357   0.00608   0.00994   0.01516   0.03308   0.04865   0.11307   0.33042   0.70230   0.16768   0.23873   0.04499   0.00747   0.05492   0.18505   0.04151   0.04640   0.19423   0.23508   0.00382   0.18557   0.24647   3.94151   1.36493   0.85126   0.21645   1.40049  
 31  4.3351  24551.419257  x:  0.01708   0.13639   0.03587   0.01662   0.01144   0.00330   0.00622   0.00357   0.00608   0.00994   0.01515   0.03307   0.04863   0.11298   0.33030   0.70099   0.16757   0.23862   0.04500   0.00746   0.05486   0.18467   0.04150   0.04638   0.19436   0.23482   0.00382   0.18589   0.24623   3.88195   1.39895   0.86184   0.21918   1.40590  
 32  7.3531  24551.418519  x:  0.01707   0.13636   0.03587   0.01662   0.01144   0.00330   0.00622   0.00357   0.00608   0.00994   0.01515   0.03307   0.04863   0.11297   0.33034   0.70099   0.16770   0.23871   0.04500   0.00746   0.05490   0.18455   0.04150   0.04637   0.19398   0.23465   0.00382   0.18583   0.24636   3.88173   1.39927   0.86221   0.21904   1.40613  
 33  2.2719  24551.390596  x:  0.01703   0.13661   0.03591   0.01663   0.01144   0.00329   0.00621   0.00356   0.00607   0.00994   0.01514   0.03309   0.04863   0.11286   0.33118   0.70070   0.16672   0.23849   0.04497   0.00748   0.05474   0.18527   0.04152   0.04637   0.19491   0.23303   0.00376   0.18616   0.24747   3.88167   1.41433   0.88925   0.21736   1.42237  
 34  2.4497  24551.140169  x:  0.01665   0.13835   0.03642   0.01676   0.01151   0.00319   0.00618   0.00352   0.00607   0.01001   0.01519   0.03340   0.04886   0.11309   0.33774   0.69840   0.16834   0.24316   0.04511   0.00750   0.05417   0.18712   0.04202   0.04651   0.19519   0.23673   0.00393   0.18794   0.24922   3.88211   1.54854   1.13511   0.21984   1.56833  
 35 164.5659  24550.424074  x:  0.01620   0.14157   0.03613   0.01704   0.01155   0.00245   0.00580   0.00320   0.00587   0.01012   0.01488   0.03406   0.04905   0.11391   0.34639   0.71418   0.17216   0.24719   0.04490   0.00731   0.05209   0.19054   0.04220   0.04618   0.19730   0.24134   0.00441   0.19116   0.25407   3.89962   1.77445   1.46840   0.21457   1.67274  
 36  0.2962  24549.835942  x:  0.01605   0.14223   0.03618   0.01702   0.01155   0.00224   0.00574   0.00308   0.00592   0.01010   0.01487   0.03399   0.04912   0.11372   0.34925   0.71432   0.17199   0.24816   0.04484   0.00758   0.05174   0.19086   0.04222   0.04620   0.19748   0.24157   0.00447   0.19153   0.25461   3.90950   2.11798   1.97445   0.21274   1.89274  
 37  0.6814  24548.112555  x:  0.01691   0.13860   0.03526   0.01672   0.01146   0.00240   0.00593   0.00305   0.00617   0.00993   0.01499   0.03299   0.04889   0.11315   0.33959   0.71139   0.16942   0.24137   0.04451   0.00858   0.05366   0.18591   0.04123   0.04635   0.19525   0.23751   0.00426   0.18744   0.24949   3.94310   2.84260   2.79905   0.20493   2.25415  
 38  0.7840  24547.657303  x:  0.01726   0.13752   0.03519   0.01670   0.01146   0.00257   0.00601   0.00315   0.00614   0.00993   0.01503   0.03297   0.04874   0.11318   0.33534   0.70974   0.16907   0.23963   0.04455   0.00853   0.05413   0.18508   0.04116   0.04634   0.19480   0.23646   0.00416   0.18659   0.24825   3.92960   2.81631   2.69217   0.20342   2.20122  
 39  0.2380  24547.351574  x:  0.01749   0.13859   0.03588   0.01692   0.01153   0.00278   0.00607   0.00333   0.00589   0.01007   0.01503   0.03369   0.04873   0.11391   0.33554   0.71193   0.17117   0.24200   0.04476   0.00814   0.05384   0.18761   0.04181   0.04637   0.19589   0.23829   0.00419   0.18845   0.25013   3.89513   3.03798   2.96521   0.19538   2.34449  
 40  0.2845  24547.219627  x:  0.01720   0.13881   0.03603   0.01677   0.01146   0.00278   0.00598   0.00340   0.00607   0.01000   0.01499   0.03353   0.04888   0.11334   0.33810   0.71151   0.17039   0.24228   0.04480   0.00764   0.05333   0.18744   0.04179   0.04624   0.19589   0.23789   0.00417   0.18845   0.25045   3.90143   3.19823   3.11495   0.19863   2.50447  
 41  0.1477  24547.125257  x:  0.01669   0.13831   0.03568   0.01675   0.01146   0.00275   0.00598   0.00336   0.00594   0.00996   0.01497   0.03318   0.04881   0.11317   0.33718   0.70945   0.16946   0.24084   0.04474   0.00738   0.05362   0.18617   0.04149   0.04623   0.19530   0.23696   0.00427   0.18750   0.24935   3.89869   3.23446   3.17160   0.19363   2.60135  
 42  0.0537  24547.062593  x:  0.01666   0.13877   0.03567   0.01689   0.01152   0.00276   0.00601   0.00331   0.00596   0.01002   0.01504   0.03349   0.04872   0.11374   0.33675   0.71207   0.17067   0.24160   0.04477   0.00748   0.05376   0.18713   0.04166   0.04635   0.19587   0.23788   0.00429   0.18822   0.25010   3.90670   3.16265   3.09760   0.19496   2.65871  
 43  0.0617  24547.053153  x:  0.01704   0.13877   0.03582   0.01682   0.01150   0.00277   0.00600   0.00332   0.00603   0.01001   0.01502   0.03349   0.04884   0.11354   0.33735   0.71253   0.17076   0.24183   0.04478   0.00764   0.05360   0.18726   0.04169   0.04633   0.19608   0.23798   0.00425   0.18837   0.25041   3.90493   3.18048   3.12596   0.19416   2.68894  
 44  0.0343  24547.051527  x:  0.01712   0.13878   0.03583   0.01682   0.01149   0.00275   0.00601   0.00332   0.00598   0.01001   0.01501   0.03346   0.04885   0.11354   0.33749   0.71223   0.17061   0.24177   0.04476   0.00776   0.05365   0.18719   0.04168   0.04633   0.19600   0.23786   0.00425   0.18831   0.25033   3.90485   3.18363   3.12664   0.19423   2.69471  
 45  0.0051  24547.051402  x:  0.01711   0.13879   0.03581   0.01683   0.01149   0.00275   0.00601   0.00332   0.00600   0.01001   0.01501   0.03347   0.04883   0.11357   0.33742   0.71221   0.17062   0.24177   0.04476   0.00778   0.05366   0.18720   0.04168   0.04633   0.19599   0.23786   0.00425   0.18831   0.25031   3.90470   3.18694   3.13002   0.19419   2.69629  
 46  0.0048  24547.051397  x:  0.01710   0.13878   0.03581   0.01683   0.01149   0.00274   0.00601   0.00332   0.00600   0.01001   0.01501   0.03347   0.04883   0.11356   0.33741   0.71221   0.17063   0.24177   0.04476   0.00778   0.05366   0.18720   0.04168   0.04633   0.19599   0.23787   0.00425   0.18831   0.25031   3.90465   3.18742   3.13057   0.19420   2.69670  
 47  0.0008  24547.051397  x:  0.01710   0.13878   0.03581   0.01683   0.01149   0.00274   0.00601   0.00333   0.00600   0.01001   0.01501   0.03347   0.04883   0.11356   0.33741   0.71221   0.17063   0.24177   0.04476   0.00778   0.05366   0.18720   0.04168   0.04633   0.19599   0.23787   0.00425   0.18831   0.25031   3.90464   3.18725   3.13037   0.19420   2.69665  
 48  0.0002  24547.051397  x:  0.01710   0.13878   0.03581   0.01683   0.01149   0.00274   0.00601   0.00333   0.00600   0.01001   0.01501   0.03347   0.04883   0.11356   0.33741   0.71221   0.17063   0.24177   0.04476   0.00778   0.05366   0.18720   0.04168   0.04633   0.19599   0.23787   0.00425   0.18831   0.25031   3.90465   3.18725   3.13037   0.19420   2.69665  
 49  0.0000  24547.051397  x:  0.01710   0.13878   0.03581   0.01683   0.01149   0.00274   0.00601   0.00333   0.00600   0.01001   0.01501   0.03347   0.04883   0.11356   0.33741   0.71221   0.17063   0.24177   0.04476   0.00778   0.05366   0.18720   0.04168   0.04633   0.19599   0.23787   0.00425   0.18831   0.25031   3.90465   3.18725   3.13037   0.19420   2.69665  
 50  0.0000  24547.051397  x:  0.01710   0.13878   0.03581   0.01683   0.01149   0.00274   0.00601   0.00333   0.00600   0.01001   0.01501   0.03347   0.04883   0.11356   0.33741   0.71221   0.17063   0.24177   0.04476   0.00778   0.05366   0.18720   0.04168   0.04633   0.19599   0.23787   0.00425   0.18831   0.25031   3.90465   3.18725   3.13037   0.19420   2.69665  
check convergence!


Model 7: beta

TREE # 1

  0  0.0000  24758.485336  x:  0.00408   0.12367   0.03518   0.01721   0.01202   0.00387   0.00642   0.00290   0.00640   0.00958   0.01383   0.03185   0.04430   0.10779   0.30333   0.58768   0.15836   0.22160   0.03962   0.00120   0.04024   0.16675   0.04303   0.04271   0.18968   0.22089   0.00687   0.17352   0.23163   3.90465   0.74676   1.92879  
  1 99.0000  24751.260022  x:  0.00800   0.12409   0.03488   0.01649   0.01115   0.00130   0.00533   0.00327   0.00533   0.00926   0.01376   0.03157   0.04439   0.10757   0.30360   0.58826   0.15841   0.22161   0.04079   0.00710   0.04155   0.16705   0.04234   0.04261   0.18951   0.22097   0.00644   0.17353   0.23162   3.90447   0.74881   1.92793  
  2 1800.6080  24748.623970  x:  0.01123   0.12447   0.03455   0.01587   0.01049   0.00419   0.00497   0.00312   0.00496   0.00907   0.01376   0.03129   0.04448   0.10734   0.30389   0.58892   0.15848   0.22163   0.04174   0.01007   0.04275   0.16737   0.04162   0.04250   0.18929   0.22101   0.00581   0.17353   0.23161   3.90427   0.75115   1.92695  
  3 2089.9059  24742.934458  x:  0.01911   0.12572   0.03316   0.01430   0.00988   0.00365   0.00833   0.00167   0.00839   0.00933   0.01372   0.03045   0.04495   0.10639   0.30513   0.59212   0.15882   0.22172   0.04378   0.00778   0.04684   0.16882   0.03874   0.04217   0.18818   0.22103   0.00230   0.17344   0.23156   3.90328   0.76263   1.92213  
  4 1005.0457  24739.994643  x:  0.02370   0.12654   0.03226   0.01367   0.00988   0.00344   0.00898   0.00465   0.00905   0.00947   0.01373   0.03000   0.04528   0.10575   0.30603   0.59452   0.15909   0.22180   0.04488   0.00541   0.04959   0.16987   0.03690   0.04201   0.18734   0.22105   0.00032   0.17344   0.23156   3.90254   0.77126   1.91849  
  5 4044.3284  24735.028098  x:  0.02622   0.12713   0.03168   0.01392   0.01039   0.00312   0.00741   0.00416   0.00745   0.00947   0.01378   0.02985   0.04555   0.10527   0.30684   0.59681   0.15934   0.22189   0.04532   0.00322   0.05175   0.17081   0.03572   0.04201   0.18657   0.22107   0.00000   0.17356   0.23165   3.90183   0.77952   1.91499  
  6 2641.9588  24735.028098  x:  0.02622   0.12713   0.03168   0.01392   0.01039   0.00312   0.00741   0.00416   0.00745   0.00947   0.01378   0.02985   0.04555   0.10527   0.30684   0.59681   0.15934   0.22189   0.04532   0.00322   0.05175   0.17081   0.03572   0.04201   0.18657   0.22107   0.00000   0.17356   0.23165   3.90183   0.77952   1.91499  
  7 2086.7477  24731.972768  x:  0.02513   0.12707   0.03191   0.01462   0.01056   0.00182   0.00559   0.00225   0.00559   0.00930   0.01380   0.03011   0.04553   0.10531   0.30696   0.59730   0.15940   0.22192   0.04490   0.00526   0.05175   0.17094   0.03621   0.04219   0.18645   0.22113   0.00093   0.17373   0.23177   3.90167   0.78129   1.91420  
  8 1084.6510  24730.018538  x:  0.02344   0.12698   0.03225   0.01549   0.01076   0.00306   0.00417   0.00304   0.00412   0.00915   0.01386   0.03047   0.04550   0.10539   0.30716   0.59809   0.15950   0.22197   0.04422   0.00735   0.05169   0.17113   0.03692   0.04245   0.18626   0.22120   0.00257   0.17398   0.23194   3.90141   0.78414   1.91294  
  9 1414.0607  24724.554507  x:  0.01595   0.12663   0.03368   0.01818   0.01115   0.00199   0.00645   0.00418   0.00660   0.00891   0.01401   0.03190   0.04534   0.10573   0.30812   0.60184   0.15995   0.22220   0.04118   0.01319   0.05114   0.17204   0.03988   0.04351   0.18533   0.22149   0.00832   0.17490   0.23262   3.90016   0.79771   1.90689  
 10 1530.9134  24721.507978  x:  0.01256   0.12658   0.03430   0.01795   0.01081   0.00395   0.00712   0.00199   0.00717   0.00934   0.01404   0.03226   0.04525   0.10591   0.30883   0.60439   0.16027   0.22238   0.03979   0.01298   0.05052   0.17261   0.04100   0.04387   0.18475   0.22164   0.00911   0.17524   0.23292   3.89931   0.80690   1.90277  
 11 1689.9717  24709.078669  x:  0.00200   0.12684   0.03630   0.01458   0.00916   0.00250   0.00586   0.00291   0.00541   0.01094   0.01391   0.03288   0.04495   0.10660   0.31197   0.61534   0.16164   0.22319   0.03549   0.00762   0.04779   0.17500   0.04425   0.04480   0.18245   0.22226   0.00806   0.17630   0.23400   3.89564   0.84627   1.88502  
 12 3789.7128  24662.747038  x:  0.01362   0.13217   0.04303   0.01449   0.01796   0.00215   0.00267   0.00305   0.00737   0.00397   0.01437   0.03421   0.04517   0.10913   0.32764   0.66649   0.16775   0.22694   0.03447   0.00205   0.03991   0.18572   0.05327   0.04688   0.17326   0.22583   0.00648   0.18156   0.23913   3.87835   1.02933   1.80172  
 13 3887.8442  24642.705718  x:  0.02168   0.13526   0.04532   0.01447   0.01958   0.00200   0.00735   0.00369   0.00315   0.01217   0.01461   0.03416   0.04568   0.11038   0.33609   0.69417   0.17101   0.22902   0.03576   0.00372   0.03748   0.19136   0.05601   0.04728   0.16905   0.22793   0.00408   0.18429   0.24189   3.86889   1.12869   1.75627  
 14 21397.0672  24632.609785  x:  0.02393   0.13650   0.04347   0.01383   0.01319   0.00240   0.00365   0.00425   0.00763   0.01592   0.01462   0.03288   0.04661   0.11073   0.33952   0.70609   0.17229   0.23002   0.03799   0.00805   0.04033   0.19338   0.05305   0.04613   0.16901   0.22910   0.00089   0.18524   0.24309   3.86459   1.17240   1.73579  
 15 5681.9296  24625.621299  x:  0.02411   0.13707   0.03993   0.01442   0.00634   0.00263   0.00586   0.00439   0.00612   0.01220   0.01461   0.03164   0.04770   0.11084   0.34137   0.71348   0.17293   0.23073   0.04029   0.00989   0.04516   0.19414   0.04781   0.04455   0.17077   0.23003   0.00000   0.18577   0.24396   3.86167   1.20071   1.72206  
 16 3903.1613  24625.621299  x:  0.02411   0.13707   0.03993   0.01442   0.00634   0.00263   0.00586   0.00439   0.00612   0.01220   0.01461   0.03164   0.04770   0.11084   0.34137   0.71348   0.17293   0.23073   0.04029   0.00989   0.04516   0.19414   0.04781   0.04455   0.17077   0.23003   0.00000   0.18577   0.24396   3.86167   1.20071   1.72206  
 17 2202.7147  24621.883037  x:  0.02342   0.13691   0.03929   0.01544   0.01167   0.00286   0.00591   0.00245   0.00584   0.01074   0.01466   0.03200   0.04776   0.11085   0.34117   0.71336   0.17282   0.23075   0.04039   0.00954   0.04604   0.19385   0.04692   0.04453   0.17154   0.23010   0.00100   0.18583   0.24406   3.86157   1.20101   1.72168  
 18 1279.2836  24620.917867  x:  0.02263   0.13674   0.03857   0.01611   0.01294   0.00253   0.00592   0.00424   0.00583   0.00976   0.01470   0.03228   0.04783   0.11085   0.34094   0.71323   0.17270   0.23078   0.04052   0.00917   0.04700   0.19350   0.04595   0.04452   0.17244   0.23019   0.00249   0.18587   0.24416   3.86145   1.20137   1.72123  
 19 790.3461  24618.970579  x:  0.01957   0.13604   0.03585   0.01761   0.01162   0.00308   0.00586   0.00310   0.00613   0.00835   0.01484   0.03307   0.04808   0.11087   0.33998   0.71266   0.17217   0.23092   0.04109   0.00774   0.05063   0.19206   0.04227   0.04459   0.17609   0.23057   0.00711   0.18589   0.24448   3.86093   1.20292   1.71930  
 20 677.7552  24618.421987  x:  0.01848   0.13578   0.03502   0.01757   0.01168   0.00211   0.00592   0.00292   0.00580   0.00955   0.01481   0.03323   0.04813   0.11091   0.33952   0.71238   0.17192   0.23100   0.04148   0.00733   0.05193   0.19136   0.04105   0.04471   0.17774   0.23076   0.00744   0.18577   0.24455   3.86067   1.20371   1.71832  
 21 588.1314  24617.891944  x:  0.01720   0.13544   0.03418   0.01718   0.01196   0.00301   0.00597   0.00325   0.00554   0.01105   0.01476   0.03332   0.04815   0.11099   0.33887   0.71195   0.17156   0.23111   0.04210   0.00698   0.05350   0.19035   0.03970   0.04494   0.18000   0.23104   0.00700   0.18554   0.24460   3.86028   1.20486   1.71687  
 22 930.4410  24616.947200  x:  0.01534   0.13485   0.03347   0.01582   0.01189   0.00278   0.00572   0.00341   0.00692   0.01000   0.01464   0.03311   0.04813   0.11125   0.33728   0.71088   0.17070   0.23140   0.04387   0.00708   0.05612   0.18794   0.03813   0.04563   0.18510   0.23173   0.00407   0.18486   0.24464   3.85927   1.20782   1.71317  
 23 547.6220  24616.486410  x:  0.01503   0.13462   0.03369   0.01582   0.01159   0.00273   0.00605   0.00341   0.00544   0.00913   0.01468   0.03291   0.04813   0.11142   0.33633   0.71019   0.17017   0.23159   0.04494   0.00738   0.05698   0.18653   0.03816   0.04598   0.18788   0.23213   0.00309   0.18454   0.24468   3.85861   1.20973   1.71074  
 24 570.2701  24615.213476  x:  0.01643   0.13425   0.03626   0.01829   0.01154   0.00278   0.00561   0.00337   0.00600   0.00989   0.01502   0.03229   0.04817   0.11210   0.33271   0.70738   0.16824   0.23240   0.04853   0.00841   0.05750   0.18142   0.04129   0.04683   0.19698   0.23359   0.00380   0.18376   0.24501   3.85591   1.21751   1.70081  
 25 504.7512  24614.571966  x:  0.01710   0.13416   0.03681   0.01662   0.01175   0.00279   0.00719   0.00331   0.00629   0.00986   0.01463   0.03264   0.04808   0.11235   0.33069   0.70556   0.16728   0.23298   0.04872   0.00685   0.05586   0.17906   0.04269   0.04633   0.20071   0.23430   0.00492   0.18354   0.24523   3.85406   1.22271   1.69405  
 26 461.1487  24613.975445  x:  0.01749   0.13412   0.03678   0.01516   0.01190   0.00280   0.00563   0.00328   0.00584   0.00972   0.01445   0.03310   0.04803   0.11247   0.32892   0.70384   0.16650   0.23356   0.04811   0.00572   0.05392   0.17730   0.04341   0.04558   0.20332   0.23488   0.00564   0.18343   0.24541   3.85226   1.22774   1.68748  
 27 943.2754  24612.122500  x:  0.01735   0.13424   0.03403   0.01656   0.01178   0.00278   0.00594   0.00333   0.00597   0.00976   0.01547   0.03433   0.04830   0.11234   0.32343   0.69753   0.16444   0.23574   0.04255   0.00865   0.04686   0.17387   0.04217   0.04239   0.20784   0.23654   0.00493   0.18334   0.24583   3.84532   1.24667   1.66227  
 28 635.1736  24609.930671  x:  0.01955   0.13527   0.03439   0.01807   0.01170   0.00281   0.00589   0.00336   0.00599   0.00971   0.01136   0.03139   0.04834   0.11199   0.31907   0.68988   0.16336   0.23816   0.03887   0.00778   0.04725   0.17550   0.04006   0.04537   0.20606   0.23727   0.00452   0.18392   0.24604   3.83604   1.27088   1.62886  
 29 567.9894  24606.714979  x:  0.02316   0.13703   0.03579   0.01721   0.01189   0.00277   0.00602   0.00337   0.00602   0.00976   0.01625   0.02866   0.04825   0.11146   0.31300   0.67745   0.16213   0.24191   0.03554   0.00665   0.05078   0.17978   0.03777   0.05035   0.20105   0.23802   0.00488   0.18509   0.24632   3.82046   1.31096   1.57290  
 30 2751.1497  24604.030481  x:  0.02363   0.13796   0.03604   0.01506   0.01198   0.00284   0.00597   0.00331   0.00596   0.00992   0.01504   0.03502   0.04838   0.11133   0.31039   0.66783   0.16212   0.24433   0.03861   0.01002   0.05552   0.18454   0.03926   0.05018   0.19491   0.23798   0.00582   0.18615   0.24646   3.80703   1.34423   1.52503  
 31 1618.6364  24602.436646  x:  0.02048   0.13769   0.03546   0.01770   0.01162   0.00282   0.00604   0.00343   0.00610   0.00986   0.01538   0.03623   0.04872   0.11180   0.31146   0.66341   0.16304   0.24485   0.04295   0.00644   0.05667   0.18712   0.04180   0.04641   0.19083   0.23726   0.00393   0.18642   0.24639   3.79906   1.36255   1.49703  
 32 1047.1826  24601.563895  x:  0.01715   0.13695   0.03522   0.01664   0.01190   0.00282   0.00603   0.00337   0.00605   0.00991   0.01518   0.03231   0.04868   0.11255   0.31463   0.66213   0.16437   0.24418   0.04657   0.00774   0.05601   0.18791   0.04268   0.04394   0.18888   0.23645   0.00510   0.18655   0.24643   3.79422   1.37208   1.48048  
 33 592.8797  24600.575963  x:  0.01559   0.13517   0.03618   0.01694   0.01191   0.00283   0.00605   0.00336   0.00606   0.00992   0.01535   0.03356   0.04861   0.11409   0.32609   0.66486   0.16805   0.24015   0.04945   0.00767   0.05182   0.18616   0.04020   0.04817   0.18915   0.23426   0.00547   0.18587   0.24641   3.78712   1.38046   1.45794  
 34 230.4822  24599.688892  x:  0.01932   0.13456   0.03457   0.01683   0.01192   0.00283   0.00605   0.00338   0.00607   0.00994   0.01533   0.03331   0.04892   0.11390   0.33906   0.67093   0.17187   0.23482   0.04578   0.00782   0.05482   0.18428   0.04158   0.04628   0.19221   0.23267   0.00521   0.18522   0.24649   3.77938   1.38490   1.43475  
 35 248.0604  24599.463229  x:  0.01752   0.13527   0.03705   0.01682   0.01191   0.00284   0.00605   0.00338   0.00607   0.00996   0.01531   0.03367   0.04873   0.11337   0.34062   0.67406   0.17230   0.23374   0.04370   0.00791   0.05561   0.18441   0.04210   0.04588   0.19300   0.23326   0.00526   0.18549   0.24665   3.77671   1.38384   1.42746  
 36 130.0654  24598.153253  x:  0.01702   0.14437   0.03621   0.01687   0.01191   0.00284   0.00607   0.00340   0.00609   0.00998   0.01536   0.03351   0.04878   0.10777   0.33878   0.70054   0.17147   0.23062   0.04565   0.00768   0.05399   0.18810   0.04159   0.04636   0.19561   0.24142   0.00502   0.18913   0.24811   3.75701   1.36458   1.37633  
 37 153.0362  24596.470548  x:  0.01753   0.13964   0.03467   0.01680   0.01192   0.00285   0.00608   0.00341   0.00611   0.01000   0.01539   0.03356   0.05058   0.11972   0.33082   0.73122   0.17044   0.23359   0.04436   0.00783   0.05440   0.18939   0.04294   0.04758   0.19474   0.24418   0.00493   0.18956   0.24946   3.72938   1.32999   1.30539  
 38 312.1301  24595.642889  x:  0.01988   0.13569   0.03702   0.01701   0.01187   0.00285   0.00608   0.00341   0.00610   0.00999   0.01533   0.03371   0.04709   0.11882   0.32766   0.74080   0.16998   0.23695   0.04524   0.00771   0.05456   0.18796   0.03977   0.04496   0.19380   0.24164   0.00492   0.18820   0.24957   3.71568   1.30975   1.27009  
 39 419.8082  24593.891413  x:  0.01877   0.12850   0.03582   0.01688   0.01193   0.00284   0.00607   0.00339   0.00609   0.00998   0.01532   0.03344   0.04813   0.10926   0.32285   0.75261   0.16858   0.24499   0.04444   0.00804   0.05477   0.18353   0.04247   0.04745   0.19198   0.23289   0.00525   0.18446   0.24898   3.68621   1.26191   1.19373  
 40 687.9690  24590.421626  x:  0.01983   0.13834   0.03889   0.01627   0.01200   0.00284   0.00608   0.00339   0.00608   0.00998   0.01518   0.03334   0.05934   0.11028   0.32212   0.75144   0.16239   0.25490   0.04476   0.00808   0.05466   0.17889   0.03855   0.04479   0.19291   0.22166   0.00537   0.18217   0.24615   3.62467   1.15071   1.03241  
 41 608.2326  24583.939461  x:  0.01737   0.15310   0.03499   0.01674   0.01193   0.00283   0.00603   0.00336   0.00605   0.00994   0.01505   0.03327   0.04904   0.11618   0.32345   0.74096   0.15286   0.26704   0.04240   0.00838   0.05436   0.17580   0.04124   0.04723   0.19655   0.21269   0.00544   0.18199   0.24256   3.52084   0.95916   0.75883  
 42 3040.2965  24579.985677  x:  0.01915   0.14326   0.03627   0.01651   0.01189   0.00283   0.00604   0.00337   0.00605   0.00993   0.01495   0.03315   0.05238   0.11370   0.32438   0.72755   0.15355   0.26734   0.04200   0.00810   0.05287   0.18066   0.04012   0.04672   0.20015   0.22710   0.00505   0.18588   0.24500   3.45709   0.83825   0.58935  
 43 1385.7984  24579.784594  x:  0.01911   0.14459   0.03619   0.01651   0.01188   0.00283   0.00604   0.00337   0.00605   0.00993   0.01494   0.03314   0.05232   0.11385   0.32047   0.72615   0.16005   0.26267   0.04199   0.00811   0.05312   0.17875   0.04011   0.04676   0.19929   0.22630   0.00500   0.18431   0.24833   3.45279   0.83146   0.58043  
 44 57.9576  24579.750053  x:  0.01918   0.14403   0.03620   0.01650   0.01188   0.00283   0.00603   0.00337   0.00605   0.00992   0.01493   0.03313   0.05233   0.11377   0.31914   0.72583   0.15944   0.25938   0.04202   0.00813   0.05298   0.17928   0.04006   0.04672   0.19947   0.22480   0.00498   0.18496   0.24751   3.45100   0.83042   0.57945  
 45 15.4171  24579.665831  x:  0.01913   0.14409   0.03615   0.01650   0.01192   0.00283   0.00603   0.00336   0.00604   0.00991   0.01493   0.03311   0.05228   0.11371   0.31849   0.72507   0.15972   0.25768   0.04200   0.00809   0.05321   0.17796   0.04002   0.04672   0.19829   0.22661   0.00533   0.18262   0.24329   3.44028   0.82864   0.58073  
 46  6.7372  24578.875056  x:  0.01924   0.14306   0.03613   0.01650   0.01188   0.00283   0.00603   0.00337   0.00604   0.00991   0.01492   0.03310   0.05215   0.11364   0.31804   0.71781   0.16416   0.25822   0.04198   0.00804   0.05278   0.17963   0.04007   0.04673   0.20045   0.22667   0.00503   0.18752   0.24309   3.33447   0.81265   0.59694  
 47 48.8560  24578.720812  x:  0.01921   0.14286   0.03609   0.01650   0.01188   0.00282   0.00603   0.00336   0.00604   0.00991   0.01491   0.03309   0.05211   0.11359   0.31867   0.71641   0.16051   0.25658   0.04202   0.00802   0.05285   0.17955   0.04004   0.04672   0.19942   0.22749   0.00507   0.18426   0.24760   3.31544   0.80942   0.59965  
 48 90.0171  24578.426135  x:  0.01914   0.14267   0.03606   0.01650   0.01181   0.00282   0.00603   0.00338   0.00604   0.00991   0.01490   0.03306   0.05206   0.11353   0.31900   0.71590   0.15843   0.25563   0.04206   0.00795   0.05396   0.17315   0.04001   0.04680   0.19578   0.22900   0.00459   0.18938   0.24876   3.31640   0.80122   0.59486  
 49  3.5441  24564.835908  x:  0.01926   0.14217   0.03537   0.01644   0.01160   0.00277   0.00599   0.00333   0.00597   0.00988   0.01470   0.03284   0.05048   0.11387   0.31835   0.70130   0.15831   0.25572   0.04090   0.00783   0.05271   0.17546   0.03994   0.04704   0.19922   0.23210   0.00438   0.18863   0.24755   3.40879   0.50251   0.40720  
 50 61.5574  24560.280382  x:  0.01864   0.13565   0.03540   0.01663   0.01146   0.00274   0.00598   0.00331   0.00596   0.00994   0.01475   0.03304   0.04923   0.11307   0.32553   0.68298   0.16850   0.23744   0.04304   0.00757   0.05271   0.18293   0.04078   0.04637   0.19725   0.23985   0.00441   0.18764   0.24936   3.66943   0.56710   0.47168  
 51  0.4515  24559.374404  x:  0.01739   0.13679   0.03540   0.01680   0.01148   0.00273   0.00601   0.00332   0.00599   0.01001   0.01492   0.03332   0.04846   0.11337   0.33327   0.69558   0.16900   0.23867   0.04471   0.00757   0.05370   0.18553   0.04158   0.04608   0.19444   0.23691   0.00465   0.18637   0.24751   3.74212   0.50568   0.40382  
 52  0.1459  24559.341697  x:  0.01730   0.13721   0.03552   0.01682   0.01151   0.00274   0.00601   0.00333   0.00600   0.01002   0.01498   0.03340   0.04872   0.11347   0.33379   0.69794   0.16894   0.23953   0.04492   0.00766   0.05386   0.18554   0.04166   0.04611   0.19435   0.23633   0.00470   0.18646   0.24750   3.74974   0.51202   0.40437  
 53  0.0169  24559.338976  x:  0.01731   0.13727   0.03559   0.01682   0.01152   0.00274   0.00601   0.00333   0.00600   0.01002   0.01501   0.03344   0.04889   0.11349   0.33375   0.69856   0.16904   0.23961   0.04499   0.00770   0.05390   0.18547   0.04167   0.04612   0.19442   0.23625   0.00470   0.18660   0.24767   3.75398   0.51291   0.40621  
 54  0.0061  24559.338845  x:  0.01731   0.13728   0.03558   0.01683   0.01152   0.00274   0.00601   0.00333   0.00600   0.01002   0.01502   0.03345   0.04886   0.11350   0.33376   0.69844   0.16908   0.23956   0.04501   0.00771   0.05390   0.18547   0.04168   0.04612   0.19448   0.23629   0.00470   0.18666   0.24771   3.75522   0.51257   0.40571  
 55  0.0015  24559.338844  x:  0.01731   0.13727   0.03558   0.01683   0.01153   0.00274   0.00601   0.00333   0.00600   0.01002   0.01502   0.03344   0.04886   0.11350   0.33375   0.69844   0.16908   0.23956   0.04500   0.00771   0.05390   0.18547   0.04168   0.04612   0.19447   0.23630   0.00470   0.18666   0.24770   3.75525   0.51260   0.40574  
 56  0.0001  24559.338844  x:  0.01731   0.13727   0.03558   0.01683   0.01153   0.00274   0.00601   0.00333   0.00600   0.01002   0.01502   0.03344   0.04886   0.11350   0.33375   0.69844   0.16908   0.23956   0.04500   0.00771   0.05390   0.18547   0.04168   0.04612   0.19447   0.23629   0.00470   0.18666   0.24770   3.75525   0.51259   0.40573  
 57  0.0000  24559.338844  x:  0.01731   0.13727   0.03558   0.01683   0.01153   0.00274   0.00601   0.00333   0.00600   0.01002   0.01502   0.03344   0.04886   0.11350   0.33375   0.69844   0.16908   0.23956   0.04500   0.00771   0.05390   0.18547   0.04168   0.04612   0.19447   0.23629   0.00470   0.18666   0.24770   3.75524   0.51259   0.40573  
 58  0.0000  24559.338844  x:  0.01731   0.13727   0.03558   0.01683   0.01153   0.00274   0.00601   0.00333   0.00600   0.01002   0.01502   0.03344   0.04886   0.11350   0.33375   0.69844   0.16908   0.23956   0.04500   0.00771   0.05390   0.18547   0.04168   0.04612   0.19447   0.23629   0.00470   0.18666   0.24770   3.75524   0.51259   0.40573  

Model 8: beta&w>1

TREE # 1

  0  0.0000  24703.186878  x:  0.00408   0.12367   0.03518   0.01721   0.01202   0.00387   0.00642   0.00290   0.00640   0.00958   0.01383   0.03185   0.04430   0.10779   0.30333   0.58768   0.15836   0.22160   0.03962   0.00120   0.04024   0.16675   0.04303   0.04271   0.18968   0.22089   0.00687   0.17352   0.23163   3.75524   0.90000   0.76687   1.93569   2.47532  
  1 99.0000  24696.056395  x:  0.00764   0.12425   0.03496   0.01652   0.01111   0.00133   0.00534   0.00330   0.00533   0.00927   0.01378   0.03162   0.04439   0.10761   0.30375   0.58844   0.15858   0.22178   0.04075   0.00743   0.04160   0.16717   0.04236   0.04269   0.18961   0.22108   0.00656   0.17364   0.23172   3.75526   0.90100   0.76852   1.93507   2.47487  
  2 1800.0976  24693.559050  x:  0.01054   0.12481   0.03473   0.01595   0.01046   0.00420   0.00502   0.00313   0.00500   0.00910   0.01380   0.03140   0.04450   0.10745   0.30420   0.58929   0.15883   0.22198   0.04165   0.01046   0.04281   0.16761   0.04170   0.04269   0.18953   0.22125   0.00607   0.17375   0.23181   3.75527   0.90209   0.77034   1.93439   2.47437  
  3 2018.0215  24687.943692  x:  0.01841   0.12706   0.03372   0.01451   0.00987   0.00369   0.00831   0.00168   0.00839   0.00944   0.01388   0.03085   0.04510   0.10683   0.30637   0.59355   0.16014   0.22304   0.04391   0.00862   0.04708   0.16974   0.03901   0.04280   0.18904   0.22191   0.00311   0.17426   0.23234   3.75532   0.90755   0.77960   1.93089   2.47192  
  4 976.3640  24684.768282  x:  0.02375   0.12881   0.03297   0.01384   0.00985   0.00348   0.00910   0.00488   0.00920   0.00962   0.01394   0.03052   0.04558   0.10637   0.30816   0.59716   0.16124   0.22393   0.04537   0.00627   0.05035   0.17150   0.03704   0.04295   0.18864   0.22246   0.00114   0.17474   0.23282   3.75537   0.91213   0.78749   1.92791   2.46985  
  5 4226.0883  24676.643127  x:  0.03042   0.13182   0.03195   0.01444   0.01107   0.00272   0.00524   0.00372   0.00522   0.00952   0.01406   0.03040   0.04642   0.10572   0.31171   0.60456   0.16346   0.22573   0.04680   0.00119   0.05583   0.17491   0.03439   0.04348   0.18783   0.22361   0.00015   0.17594   0.23399   3.75544   0.92132   0.80382   1.92169   2.46565  
  6 2696.9569  24655.900940  x:  0.02918   0.13971   0.03127   0.02259   0.01577   0.00304   0.00714   0.00425   0.00695   0.00961   0.01422   0.03255   0.04816   0.10487   0.32460   0.63398   0.17166   0.23243   0.04250   0.00199   0.06916   0.18683   0.03364   0.04655   0.18474   0.22839   0.01370   0.18179   0.23948   3.75555   0.95574   0.87006   1.89617   2.44930  
  7 1968.8957  24640.554969  x:  0.02117   0.14279   0.03325   0.01568   0.00676   0.00306   0.00593   0.00391   0.00651   0.01001   0.01446   0.03229   0.04759   0.10551   0.33266   0.65435   0.17626   0.23627   0.03805   0.00305   0.07095   0.19290   0.03734   0.04743   0.18301   0.23145   0.00891   0.18426   0.24251   3.75534   0.97053   0.91804   1.87720   2.43850  
  8 2336.1480  24630.752988  x:  0.01540   0.14432   0.03514   0.01068   0.01395   0.00347   0.00666   0.00349   0.00559   0.00923   0.01420   0.03170   0.04667   0.10631   0.33874   0.67126   0.17912   0.23875   0.03631   0.00618   0.06899   0.19640   0.03991   0.04683   0.18181   0.23366   0.00000   0.18551   0.24451   3.75499   0.97453   0.95953   1.86042   2.42968  
  9 3186.6868  24630.752988  x:  0.01540   0.14432   0.03514   0.01068   0.01395   0.00347   0.00666   0.00349   0.00559   0.00923   0.01420   0.03170   0.04667   0.10631   0.33874   0.67126   0.17912   0.23875   0.03631   0.00618   0.06899   0.19640   0.03991   0.04683   0.18181   0.23366   0.00000   0.18551   0.24451   3.75499   0.97453   0.95953   1.86042   2.42968  
 10 2903.6447  24626.130012  x:  0.01575   0.14385   0.03509   0.01455   0.01213   0.00126   0.00526   0.00256   0.00576   0.00952   0.01418   0.03172   0.04678   0.10643   0.33851   0.67146   0.17870   0.23845   0.03720   0.00653   0.06742   0.19572   0.03973   0.04639   0.18197   0.23352   0.00092   0.18545   0.24448   3.75491   0.97069   0.96080   1.85973   2.42962  
 11 1127.7368  24621.731291  x:  0.01635   0.14298   0.03497   0.02016   0.00925   0.00366   0.00389   0.00261   0.00594   0.00991   0.01423   0.03175   0.04692   0.10666   0.33808   0.67184   0.17791   0.23788   0.03880   0.00707   0.06452   0.19444   0.03942   0.04561   0.18227   0.23324   0.00279   0.18532   0.24442   3.75477   0.96377   0.96320   1.85842   2.42948  
 12 3189.7616  24618.653848  x:  0.01685   0.14196   0.03486   0.02237   0.00874   0.00339   0.00751   0.00489   0.00570   0.00984   0.01432   0.03187   0.04691   0.10698   0.33759   0.67234   0.17702   0.23726   0.04041   0.00736   0.06122   0.19299   0.03919   0.04488   0.18268   0.23295   0.00438   0.18511   0.24433   3.75461   0.95651   0.96614   1.85683   2.42928  
 13 1717.6233  24612.983608  x:  0.01741   0.13980   0.03473   0.01951   0.01280   0.00372   0.00831   0.00205   0.00540   0.00914   0.01458   0.03231   0.04665   0.10779   0.33661   0.67360   0.17521   0.23602   0.04319   0.00730   0.05460   0.18999   0.03910   0.04388   0.18378   0.23241   0.00602   0.18459   0.24413   3.75428   0.94298   0.97289   1.85318   2.42868  
 14 1402.5276  24610.142826  x:  0.01753   0.13837   0.03471   0.01624   0.01440   0.00313   0.00577   0.00424   0.00578   0.00912   0.01467   0.03255   0.04653   0.10839   0.33599   0.67457   0.17404   0.23526   0.04472   0.00722   0.05057   0.18805   0.03923   0.04352   0.18465   0.23211   0.00633   0.18421   0.24400   3.75406   0.93481   0.97773   1.85056   2.42816  
 15 2524.6022  24608.442673  x:  0.01689   0.13736   0.03487   0.01291   0.01090   0.00299   0.00593   0.00365   0.00593   0.01032   0.01446   0.03246   0.04676   0.10899   0.33559   0.67574   0.17327   0.23485   0.04487   0.00737   0.04914   0.18681   0.03981   0.04413   0.18575   0.23207   0.00469   0.18389   0.24395   3.75391   0.93104   0.98263   1.84792   2.42734  
 16 684.5638  24606.211983  x:  0.01459   0.13556   0.03567   0.01351   0.01076   0.00321   0.00592   0.00380   0.00464   0.00757   0.01420   0.03238   0.04779   0.11045   0.33489   0.67935   0.17187   0.23436   0.04337   0.00812   0.05000   0.18468   0.04146   0.04659   0.18905   0.23238   0.00000   0.18336   0.24408   3.75365   0.92884   0.99642   1.84049   2.42441  
 17 470.7508  24606.211983  x:  0.01459   0.13556   0.03567   0.01351   0.01076   0.00321   0.00592   0.00380   0.00464   0.00757   0.01420   0.03238   0.04779   0.11045   0.33489   0.67935   0.17187   0.23436   0.04337   0.00812   0.05000   0.18468   0.04146   0.04659   0.18905   0.23238   0.00000   0.18336   0.24408   3.75365   0.92884   0.99642   1.84049   2.42441  
 18 2136.6456  24604.888559  x:  0.01487   0.13561   0.03561   0.01458   0.01096   0.00220   0.00579   0.00280   0.00622   0.00934   0.01431   0.03239   0.04776   0.11043   0.33489   0.67953   0.17185   0.23438   0.04348   0.00818   0.05020   0.18467   0.04128   0.04640   0.18914   0.23241   0.00081   0.18348   0.24416   3.75364   0.92903   0.99710   1.84011   2.42423  
 19 778.7535  24604.133451  x:  0.01534   0.13571   0.03551   0.01607   0.01121   0.00318   0.00573   0.00336   0.00667   0.01078   0.01449   0.03241   0.04769   0.11041   0.33489   0.67989   0.17182   0.23441   0.04365   0.00823   0.05056   0.18466   0.04096   0.04607   0.18931   0.23246   0.00279   0.18368   0.24431   3.75363   0.92937   0.99841   1.83939   2.42387  
 20 677.6855  24603.440365  x:  0.01601   0.13586   0.03537   0.01740   0.01131   0.00222   0.00584   0.00332   0.00556   0.01081   0.01465   0.03246   0.04757   0.11039   0.33489   0.68051   0.17179   0.23448   0.04388   0.00815   0.05112   0.18465   0.04054   0.04560   0.18960   0.23257   0.00508   0.18394   0.24452   3.75362   0.92990   1.00069   1.83812   2.42327  
 21 584.9203  24602.976327  x:  0.01654   0.13601   0.03525   0.01773   0.01120   0.00258   0.00585   0.00235   0.00570   0.01003   0.01469   0.03250   0.04744   0.11039   0.33490   0.68121   0.17176   0.23457   0.04402   0.00790   0.05162   0.18464   0.04020   0.04524   0.18991   0.23269   0.00601   0.18412   0.24468   3.75360   0.93042   1.00323   1.83671   2.42260  
 22 560.0624  24601.657397  x:  0.01815   0.13649   0.03487   0.01783   0.01074   0.00216   0.00574   0.00301   0.00767   0.00782   0.01465   0.03263   0.04701   0.11040   0.33494   0.68374   0.17166   0.23488   0.04438   0.00694   0.05328   0.18462   0.03922   0.04414   0.19103   0.23314   0.00738   0.18465   0.24522   3.75351   0.93223   1.01252   1.83153   2.42016  
 23 1337.9656  24593.920471  x:  0.02503   0.13902   0.03331   0.01320   0.00974   0.00250   0.00595   0.00315   0.00638   0.01074   0.01396   0.03325   0.04501   0.11064   0.33515   0.69929   0.17111   0.23682   0.04528   0.00263   0.06181   0.18451   0.03546   0.03977   0.19755   0.23589   0.00537   0.18711   0.24803   3.75298   0.94243   1.07005   1.79939   2.40510  
 24 1803.4257  24586.567559  x:  0.02773   0.14094   0.03332   0.01625   0.01387   0.00291   0.00517   0.00342   0.00547   0.01000   0.01480   0.03341   0.04513   0.11115   0.33516   0.71704   0.17043   0.23890   0.04446   0.01064   0.06815   0.18423   0.03648   0.04031   0.20391   0.23896   0.00000   0.18942   0.25088   3.75231   0.95146   1.13729   1.76155   2.38760  
 25 3279.4242  24580.439803  x:  0.02328   0.14114   0.03503   0.01888   0.00947   0.00296   0.01078   0.00350   0.00587   0.01014   0.01517   0.03275   0.04777   0.11193   0.33499   0.73136   0.16986   0.24038   0.04120   0.01037   0.06677   0.18379   0.04206   0.04598   0.20704   0.24079   0.00005   0.19114   0.25309   3.75168   0.95286   1.19446   1.72885   2.37284  
 26 2517.4492  24573.252931  x:  0.01662   0.14074   0.03702   0.01826   0.00959   0.00270   0.00500   0.00328   0.00594   0.01023   0.01490   0.03243   0.05049   0.11282   0.33484   0.74493   0.16937   0.24171   0.03793   0.00723   0.06190   0.18336   0.04717   0.05155   0.20871   0.24217   0.00320   0.19258   0.25502   3.75103   0.95014   1.25088   1.69623   2.35832  
 27 4226.7527  24570.683959  x:  0.01447   0.14034   0.03746   0.01620   0.01440   0.00256   0.00735   0.00322   0.00659   0.01012   0.01479   0.03298   0.05074   0.11315   0.33496   0.75025   0.16928   0.24213   0.03872   0.00664   0.05707   0.18332   0.04666   0.05161   0.20787   0.24234   0.00503   0.19272   0.25542   3.75074   0.94478   1.27611   1.68121   2.35177  
 28 1803.7929  24565.988268  x:  0.01454   0.13956   0.03719   0.01608   0.01101   0.00261   0.00688   0.00326   0.00649   0.01054   0.01554   0.03400   0.04983   0.11353   0.33571   0.75767   0.16950   0.24260   0.04465   0.01056   0.04616   0.18389   0.04151   0.04775   0.20370   0.24194   0.00496   0.19183   0.25509   3.75026   0.92927   1.31871   1.65501   2.34047  
 29 1577.6157  24565.293690  x:  0.01536   0.13936   0.03679   0.01869   0.01165   0.00275   0.00673   0.00334   0.00613   0.01023   0.01459   0.03358   0.04955   0.11365   0.33625   0.75758   0.16991   0.24262   0.04556   0.00856   0.04694   0.18485   0.04176   0.04737   0.20186   0.24142   0.00324   0.19111   0.25448   3.75030   0.92517   1.32503   1.65053   2.33835  
 30 396.9349  24564.435471  x:  0.01667   0.13903   0.03606   0.01786   0.01165   0.00272   0.00671   0.00334   0.00624   0.01040   0.01624   0.03282   0.04911   0.11399   0.33774   0.75509   0.17117   0.24261   0.04609   0.00884   0.05286   0.18762   0.04408   0.04801   0.19770   0.24017   0.00373   0.18966   0.25301   3.75061   0.91805   1.33289   1.64380   2.33467  
 31 309.5516  24564.266912  x:  0.01655   0.13907   0.03630   0.01760   0.01146   0.00271   0.00676   0.00333   0.00630   0.01048   0.01468   0.03337   0.04933   0.11419   0.33833   0.75379   0.17169   0.24267   0.04568   0.00938   0.05403   0.18837   0.04393   0.04807   0.19672   0.23991   0.00406   0.18940   0.25264   3.75080   0.91710   1.33423   1.64218   2.33351  
 32 190.0472  24563.990381  x:  0.01574   0.13956   0.03741   0.01793   0.01139   0.00273   0.00680   0.00334   0.00626   0.01044   0.01546   0.03500   0.05027   0.11478   0.34021   0.74909   0.17333   0.24296   0.04387   0.00922   0.05487   0.19006   0.04201   0.04784   0.19478   0.23950   0.00386   0.18906   0.25182   3.75154   0.91704   1.33610   1.63837   2.33001  
 33 139.9129  24563.367017  x:  0.01691   0.14133   0.03748   0.01767   0.01153   0.00269   0.00681   0.00332   0.00630   0.01046   0.01522   0.03180   0.05030   0.11548   0.34541   0.73461   0.17743   0.24357   0.04243   0.00941   0.05273   0.19327   0.04119   0.04852   0.19118   0.23888   0.00412   0.18886   0.25010   3.75395   0.91955   1.33933   1.62803   2.31953  
 34 195.5150  24562.931662  x:  0.01735   0.14180   0.03582   0.01767   0.01153   0.00269   0.00675   0.00331   0.00631   0.01045   0.01527   0.03434   0.04911   0.11499   0.34849   0.72280   0.17937   0.24339   0.04356   0.00925   0.05107   0.19416   0.04347   0.04854   0.19020   0.23857   0.00421   0.18886   0.24924   3.75604   0.92142   1.34105   1.61966   2.31069  
 35 295.1359  24562.258930  x:  0.01333   0.13950   0.03653   0.01783   0.01137   0.00268   0.00676   0.00330   0.00628   0.01039   0.01521   0.03315   0.04908   0.11304   0.34980   0.70322   0.17854   0.24125   0.04676   0.00913   0.05233   0.19133   0.04403   0.04598   0.19332   0.23838   0.00410   0.18890   0.24920   3.75996   0.92196   1.34195   1.60498   2.29457  
 36 207.1418  24561.828711  x:  0.01564   0.13785   0.03743   0.01760   0.01150   0.00269   0.00669   0.00330   0.00626   0.01040   0.01520   0.03356   0.05032   0.11255   0.34816   0.69076   0.17607   0.23921   0.04711   0.00896   0.05264   0.18794   0.04252   0.04901   0.19584   0.23813   0.00402   0.18862   0.24961   3.76298   0.92103   1.34128   1.59414   2.28219  
 37 243.6526  24561.525430  x:  0.01635   0.13729   0.03533   0.01771   0.01138   0.00269   0.00673   0.00330   0.00623   0.01038   0.01515   0.03332   0.04865   0.11350   0.34450   0.68398   0.17366   0.23815   0.04323   0.00927   0.05243   0.18602   0.04211   0.04841   0.19638   0.23785   0.00393   0.18818   0.25004   3.76556   0.92014   1.33924   1.58547   2.27162  
 38 164.4879  24561.189246  x:  0.01787   0.13827   0.03748   0.01754   0.01139   0.00268   0.00672   0.00329   0.00622   0.01037   0.01515   0.03338   0.04927   0.11483   0.33834   0.67950   0.17142   0.23801   0.04217   0.00932   0.05181   0.18563   0.04409   0.04599   0.19458   0.23718   0.00393   0.18735   0.25003   3.76914   0.92038   1.33467   1.57426   2.25685  
 39 157.0525  24560.339752  x:  0.01552   0.14041   0.03502   0.01749   0.01134   0.00266   0.00667   0.00327   0.00619   0.01030   0.01506   0.03310   0.05028   0.11450   0.32356   0.67371   0.16846   0.23952   0.04545   0.00907   0.05224   0.18743   0.04255   0.04752   0.18857   0.23533   0.00388   0.18546   0.24893   3.77894   0.92237   1.32002   1.54449   2.21617  
 40 283.5083  24559.613717  x:  0.01532   0.13825   0.03818   0.01769   0.01120   0.00265   0.00667   0.00326   0.00618   0.01027   0.01503   0.03320   0.04506   0.11162   0.31930   0.67390   0.16926   0.24105   0.04540   0.00900   0.05238   0.18818   0.04184   0.04909   0.18769   0.23413   0.00390   0.18513   0.24699   3.78794   0.92153   1.30432   1.51738   2.17809  
 41 280.3845  24556.155329  x:  0.01916   0.12602   0.03673   0.01735   0.01117   0.00265   0.00669   0.00325   0.00611   0.01025   0.01496   0.03289   0.04945   0.10080   0.31382   0.68131   0.17527   0.24637   0.04096   0.00943   0.05195   0.18887   0.04291   0.04655   0.19047   0.23006   0.00371   0.18539   0.23824   3.83100   0.91290   1.22627   1.38799   1.99500  
 42 977.7705  24550.729021  x:  0.01792   0.12803   0.03589   0.01759   0.01100   0.00270   0.00673   0.00329   0.00600   0.01024   0.01502   0.03313   0.04866   0.11736   0.32016   0.69620   0.17684   0.24650   0.04364   0.00947   0.05479   0.18506   0.04338   0.04782   0.19814   0.22952   0.00309   0.18637   0.23406   3.89879   0.89511   1.10061   1.18408   1.70492  
 43 1690.3794  24549.395854  x:  0.01755   0.13742   0.03643   0.01759   0.01099   0.00275   0.00675   0.00332   0.00592   0.01021   0.01504   0.03319   0.04876   0.10991   0.32512   0.70011   0.17203   0.24321   0.04189   0.00956   0.05569   0.18571   0.04355   0.04789   0.19676   0.23417   0.00252   0.18700   0.24227   3.91567   0.88875   1.06818   1.13206   1.63109  
 44 665.2381  24549.292283  x:  0.01778   0.13445   0.03647   0.01757   0.01101   0.00276   0.00674   0.00332   0.00590   0.01019   0.01505   0.03320   0.04875   0.11058   0.32587   0.70036   0.17087   0.24308   0.04217   0.00954   0.05566   0.18736   0.04353   0.04789   0.19513   0.23587   0.00234   0.18752   0.24616   3.91659   0.88891   1.06547   1.12780   1.62543  
 45 58.0618  24549.284633  x:  0.01780   0.13467   0.03647   0.01758   0.01102   0.00277   0.00675   0.00333   0.00589   0.01019   0.01506   0.03322   0.04878   0.11066   0.32572   0.70020   0.17130   0.24449   0.04219   0.00955   0.05573   0.18726   0.04356   0.04790   0.19553   0.23559   0.00230   0.18765   0.24718   3.91533   0.88864   1.06484   1.12667   1.62559  
 46  4.9426  24549.229559  x:  0.01780   0.13485   0.03648   0.01758   0.01103   0.00277   0.00675   0.00333   0.00590   0.01019   0.01507   0.03325   0.04880   0.11075   0.32652   0.69998   0.16825   0.24775   0.04225   0.00950   0.05570   0.18835   0.04353   0.04791   0.19615   0.23695   0.00233   0.18865   0.24576   3.89938   0.88927   1.05829   1.11422   1.62964  
 47  7.6609  24549.037625  x:  0.01772   0.13446   0.03640   0.01751   0.01103   0.00274   0.00674   0.00331   0.00595   0.01019   0.01505   0.03322   0.04872   0.11072   0.32814   0.70096   0.16791   0.24691   0.04247   0.00935   0.05584   0.18534   0.04337   0.04769   0.19426   0.23591   0.00264   0.18518   0.24649   3.84234   0.89425   1.03518   1.06974   1.64447  
 48 65.2643  24548.948190  x:  0.01780   0.13494   0.03639   0.01748   0.01106   0.00276   0.00674   0.00332   0.00593   0.01017   0.01506   0.03327   0.04875   0.11097   0.32694   0.70117   0.17004   0.24365   0.04256   0.00931   0.05579   0.18696   0.04332   0.04767   0.19538   0.23548   0.00248   0.18808   0.24724   3.81578   0.89548   1.02424   1.04876   1.65169  
 49 121.8874  24548.942757  x:  0.01782   0.13501   0.03639   0.01748   0.01106   0.00275   0.00674   0.00332   0.00594   0.01018   0.01507   0.03328   0.04877   0.11103   0.32663   0.70114   0.17060   0.24352   0.04257   0.00930   0.05576   0.18724   0.04332   0.04767   0.19579   0.23652   0.00253   0.18750   0.24721   3.81481   0.89541   1.02362   1.04760   1.65224  
 50  7.8356  24548.883218  x:  0.01784   0.13515   0.03639   0.01746   0.01108   0.00276   0.00673   0.00333   0.00593   0.01016   0.01507   0.03330   0.04878   0.11115   0.32670   0.70188   0.17176   0.24395   0.04264   0.00922   0.05618   0.18483   0.04332   0.04762   0.19418   0.23891   0.00244   0.18954   0.24692   3.81916   0.89595   1.01827   1.03801   1.66010  
 51  2.2778  24547.715172  x:  0.01783   0.13812   0.03616   0.01713   0.01134   0.00275   0.00656   0.00332   0.00604   0.01007   0.01511   0.03354   0.04886   0.11305   0.33490   0.71749   0.16968   0.24292   0.04389   0.00860   0.05577   0.18726   0.04243   0.04694   0.19739   0.23908   0.00313   0.18889   0.25156   3.91175   0.90932   0.91503   0.85297   1.81361  
 52 75.9564  24544.835836  x:  0.01763   0.14192   0.03568   0.01667   0.01176   0.00277   0.00604   0.00332   0.00610   0.00993   0.01514   0.03380   0.04900   0.11528   0.34379   0.73300   0.16941   0.24100   0.04541   0.00767   0.05570   0.18707   0.04135   0.04598   0.19964   0.24111   0.00426   0.18990   0.25474   3.85971   0.90813   0.79830   0.83019   1.77992  
 53  1.6356  24544.273597  x:  0.01748   0.14063   0.03565   0.01661   0.01163   0.00276   0.00597   0.00333   0.00605   0.00995   0.01506   0.03367   0.04891   0.11478   0.34141   0.72385   0.17023   0.24178   0.04532   0.00742   0.05487   0.18696   0.04126   0.04592   0.19795   0.23997   0.00450   0.18928   0.25240   3.84930   0.91062   0.71483   0.72534   1.76595  
 54  0.2019  24544.076802  x:  0.01713   0.13894   0.03579   0.01674   0.01147   0.00275   0.00597   0.00333   0.00599   0.01002   0.01500   0.03350   0.04884   0.11370   0.33768   0.71068   0.17095   0.24169   0.04485   0.00766   0.05378   0.18728   0.04155   0.04626   0.19571   0.23794   0.00451   0.18814   0.24977   3.86667   0.91128   0.72062   0.72806   1.77971  
 55  0.0343  24544.064863  x:  0.01707   0.13875   0.03583   0.01682   0.01147   0.00275   0.00604   0.00334   0.00600   0.01002   0.01502   0.03351   0.04885   0.11364   0.33738   0.71103   0.17068   0.24147   0.04479   0.00784   0.05379   0.18711   0.04166   0.04635   0.19570   0.23783   0.00439   0.18804   0.24974   3.86627   0.91257   0.70998   0.71642   1.79271  
 56  0.0191  24544.061159  x:  0.01704   0.13869   0.03583   0.01687   0.01153   0.00275   0.00600   0.00333   0.00601   0.01002   0.01503   0.03352   0.04888   0.11369   0.33749   0.71154   0.17069   0.24149   0.04480   0.00793   0.05381   0.18702   0.04170   0.04637   0.19574   0.23789   0.00433   0.18809   0.24973   3.86363   0.91442   0.70760   0.70782   1.80901  
 57  0.0108  24544.059077  x:  0.01707   0.13878   0.03582   0.01688   0.01150   0.00274   0.00602   0.00332   0.00600   0.01002   0.01503   0.03351   0.04888   0.11371   0.33765   0.71144   0.17081   0.24153   0.04484   0.00789   0.05380   0.18713   0.04166   0.04635   0.19574   0.23793   0.00439   0.18814   0.24980   3.86458   0.91657   0.70523   0.70218   1.82503  
 58  0.0088  24544.058570  x:  0.01708   0.13877   0.03583   0.01685   0.01150   0.00275   0.00601   0.00333   0.00600   0.01002   0.01503   0.03351   0.04887   0.11369   0.33753   0.71133   0.17079   0.24153   0.04481   0.00787   0.05381   0.18711   0.04167   0.04635   0.19576   0.23791   0.00440   0.18812   0.24976   3.86470   0.91740   0.70207   0.69680   1.82863  
 59  0.0064  24544.058513  x:  0.01707   0.13876   0.03583   0.01685   0.01150   0.00275   0.00601   0.00333   0.00600   0.01002   0.01503   0.03351   0.04887   0.11368   0.33748   0.71134   0.17078   0.24153   0.04480   0.00788   0.05382   0.18710   0.04168   0.04636   0.19577   0.23789   0.00439   0.18811   0.24973   3.86474   0.91741   0.70246   0.69754   1.82782  
 60  0.0009  24544.058509  x:  0.01707   0.13876   0.03583   0.01685   0.01150   0.00275   0.00601   0.00333   0.00600   0.01002   0.01503   0.03351   0.04887   0.11368   0.33749   0.71134   0.17078   0.24153   0.04480   0.00788   0.05382   0.18710   0.04168   0.04636   0.19577   0.23790   0.00438   0.18811   0.24974   3.86473   0.91741   0.70246   0.69747   1.82767  
 61  0.0002  24544.058509  x:  0.01707   0.13876   0.03583   0.01685   0.01150   0.00275   0.00601   0.00333   0.00600   0.01002   0.01503   0.03351   0.04887   0.11368   0.33749   0.71134   0.17078   0.24154   0.04480   0.00788   0.05382   0.18710   0.04168   0.04636   0.19577   0.23790   0.00438   0.18811   0.24974   3.86476   0.91741   0.70247   0.69750   1.82762  
 62  0.0001  24544.058509  x:  0.01707   0.13876   0.03583   0.01685   0.01150   0.00275   0.00601   0.00333   0.00600   0.01002   0.01503   0.03351   0.04887   0.11368   0.33749   0.71134   0.17078   0.24154   0.04480   0.00788   0.05382   0.18710   0.04168   0.04636   0.19577   0.23790   0.00438   0.18811   0.24974   3.86476   0.91741   0.70247   0.69750   1.82762  
 63  0.0000  24544.058509  x:  0.01707   0.13876   0.03583   0.01685   0.01150   0.00275   0.00601   0.00333   0.00600   0.01002   0.01503   0.03351   0.04887   0.11368   0.33749   0.71134   0.17078   0.24154   0.04480   0.00788   0.05382   0.18710   0.04168   0.04636   0.19577   0.23790   0.00438   0.18811   0.24974   3.86476   0.91741   0.70247   0.69750   1.82762  
 64  0.0000  24544.058509  x:  0.01707   0.13876   0.03583   0.01685   0.01150   0.00275   0.00601   0.00333   0.00600   0.01002   0.01503   0.03351   0.04887   0.11368   0.33749   0.71134   0.17078   0.24154   0.04480   0.00788   0.05382   0.18710   0.04168   0.04636   0.19577   0.23790   0.00438   0.18811   0.24974   3.86476   0.91741   0.70247   0.69750   1.82763  
 65  0.0000  24544.058509  x:  0.01707   0.13876   0.03583   0.01685   0.01150   0.00275   0.00601   0.00333   0.00600   0.01002   0.01503   0.03351   0.04887   0.11368   0.33749   0.71134   0.17078   0.24154   0.04480   0.00788   0.05382   0.18710   0.04168   0.04636   0.19577   0.23790   0.00438   0.18811   0.24974   3.86476   0.91741   0.70247   0.69750   1.82763  
 66  0.0000  24544.058509  x:  0.01707   0.13876   0.03583   0.01685   0.01150   0.00275   0.00601   0.00333   0.00600   0.01002   0.01503   0.03351   0.04887   0.11368   0.33749   0.71134   0.17078   0.24154   0.04480   0.00788   0.05382   0.18710   0.04168   0.04636   0.19577   0.23790   0.00438   0.18811   0.24974   3.86476   0.91741   0.70247   0.69750   1.82763  
 67  0.0000  24544.058509  x:  0.01707   0.13876   0.03583   0.01685   0.01150   0.00275   0.00601   0.00333   0.00600   0.01002   0.01503   0.03351   0.04887   0.11368   0.33749   0.71134   0.17078   0.24154   0.04480   0.00788   0.05382   0.18710   0.04168   0.04636   0.19577   0.23790   0.00438   0.18811   0.24974   3.86476   0.91741   0.70247   0.69750   1.82763  
 68  0.0000  24544.058509  x:  0.01707   0.13876   0.03583   0.01685   0.01150   0.00275   0.00601   0.00333   0.00600   0.01002   0.01503   0.03351   0.04887   0.11368   0.33749   0.71134   0.17078   0.24154   0.04480   0.00788   0.05382   0.18710   0.04168   0.04636   0.19577   0.23790   0.00438   0.18811   0.24974   3.86476   0.91741   0.70247   0.69750   1.82763  
 69  0.0000  24544.058509  x:  0.01707   0.13876   0.03583   0.01685   0.01150   0.00275   0.00601   0.00333   0.00600   0.01002   0.01503   0.03351   0.04887   0.11368   0.33749   0.71134   0.17078   0.24154   0.04480   0.00788   0.05382   0.18710   0.04168   0.04636   0.19577   0.23790   0.00438   0.18811   0.24974   3.86476   0.91741   0.70247   0.69750   1.82763  
 70  0.0144  24544.058509  x:  0.01707   0.13876   0.03583   0.01685   0.01150   0.00275   0.00601   0.00333   0.00600   0.01002   0.01503   0.03351   0.04887   0.11368   0.33749   0.71134   0.17078   0.24154   0.04480   0.00788   0.05382   0.18710   0.04168   0.04636   0.19577   0.23790   0.00438   0.18811   0.24974   3.86476   0.91741   0.70247   0.69750   1.82763  
check convergence!
