

TREE # 1

  0  0.0000   1128.419880  x:  0.00114   0.00100   0.00180   0.00000   0.00000   0.00000   0.00000   0.00000   0.00000   0.00000   0.00295   0.00000   0.00000   0.02475   0.00066   0.00212   0.00453   0.00137   0.00090   0.00007   0.00000   0.00159   0.00000   0.00000   0.01021   0.00353   0.00317   0.00000   0.00000  
  1 99.0000   1128.413550  x:  0.00114   0.00101   0.00180   0.00000   0.00000   0.00000   0.00000   0.00000   0.00000   0.00000   0.00295   0.00000   0.00000   0.02475   0.00066   0.00212   0.00453   0.00137   0.00091   0.00007   0.00000   0.00159   0.00000   0.00000   0.01021   0.00353   0.00317   0.00000   0.00000  
  2 1657.3857   1128.309734  x:  0.00112   0.00100   0.00174   0.00000   0.00000   0.00000   0.00000   0.00000   0.00000   0.00000   0.00295   0.00000   0.00000   0.02474   0.00060   0.00214   0.00454   0.00134   0.00094   0.00000   0.00000   0.00153   0.00000   0.00000   0.01022   0.00352   0.00317   0.00000   0.00000  
  3 1682.0973   1127.536960  x:  0.00095   0.00095   0.00115   0.00000   0.00000   0.00000   0.00000   0.00000   0.00000   0.00000   0.00294   0.00000   0.00000   0.02472   0.00000   0.00233   0.00459   0.00112   0.00132   0.00000   0.00000   0.00093   0.00000   0.00000   0.01030   0.00341   0.00312   0.00000   0.00000  
  4 85956.6079   1126.844198  x:  0.00089   0.00096   0.00022   0.00000   0.00000   0.00000   0.00000   0.00000   0.00000   0.00000   0.00292   0.00000   0.00000   0.02468   0.00000   0.00263   0.00450   0.00101   0.00129   0.00000   0.00000   0.00000   0.00000   0.00000   0.01042   0.00325   0.00304   0.00000   0.00000  
  5 2276.1810   1126.767112  x:  0.00089   0.00096   0.00000   0.00000   0.00000   0.00000   0.00000   0.00000   0.00000   0.00000   0.00292   0.00000   0.00000   0.02467   0.00000   0.00262   0.00448   0.00101   0.00130   0.00000   0.00000   0.00000   0.00000   0.00000   0.01044   0.00324   0.00304   0.00000   0.00000  
  6 2511.3140   1126.755137  x:  0.00101   0.00097   0.00000   0.00000   0.00000   0.00000   0.00000   0.00000   0.00000   0.00000   0.00295   0.00000   0.00000   0.02428   0.00000   0.00262   0.00459   0.00094   0.00127   0.00000   0.00000   0.00000   0.00000   0.00000   0.01107   0.00341   0.00315   0.00000   0.00000  
  7 35.5370   1126.752425  x:  0.00092   0.00098   0.00000   0.00000   0.00000   0.00000   0.00000   0.00000   0.00000   0.00000   0.00294   0.00000   0.00000   0.02412   0.00000   0.00265   0.00465   0.00106   0.00127   0.00000   0.00000   0.00000   0.00000   0.00000   0.01116   0.00344   0.00314   0.00000   0.00000  
  8 27.3038   1126.744547  x:  0.00099   0.00100   0.00000   0.00000   0.00000   0.00000   0.00000   0.00000   0.00000   0.00000   0.00288   0.00000   0.00000   0.02336   0.00000   0.00261   0.00473   0.00105   0.00125   0.00000   0.00000   0.00000   0.00000   0.00000   0.01101   0.00338   0.00295   0.00000   0.00000  
  9 15.4305   1126.738947  x:  0.00096   0.00102   0.00000   0.00000   0.00000   0.00000   0.00000   0.00000   0.00000   0.00000   0.00296   0.00000   0.00000   0.02291   0.00000   0.00264   0.00460   0.00104   0.00125   0.00000   0.00000   0.00000   0.00000   0.00000   0.01085   0.00336   0.00316   0.00000   0.00000  
 10 27.3802   1126.714481  x:  0.00094   0.00113   0.00000   0.00000   0.00000   0.00000   0.00000   0.00000   0.00000   0.00000   0.00266   0.00000   0.00000   0.02307   0.00000   0.00269   0.00424   0.00101   0.00125   0.00000   0.00000   0.00000   0.00000   0.00000   0.01081   0.00376   0.00307   0.00000   0.00000  
 11  3.5426   1126.630847  x:  0.00118   0.00158   0.00000   0.00000   0.00000   0.00000   0.00000   0.00000   0.00000   0.00000   0.00336   0.00000   0.00000   0.02418   0.00000   0.00266   0.00441   0.00127   0.00104   0.00000   0.00000   0.00000   0.00000   0.00000   0.01089   0.00347   0.00286   0.00000   0.00000  
 12 28.3314   1126.616199  x:  0.00125   0.00166   0.00000   0.00000   0.00000   0.00000   0.00000   0.00000   0.00000   0.00000   0.00306   0.00000   0.00000   0.02437   0.00000   0.00263   0.00460   0.00135   0.00099   0.00000   0.00000   0.00000   0.00000   0.00000   0.01091   0.00318   0.00309   0.00000   0.00000  
 13 49.5682   1125.911031  x:  0.00023   0.00138   0.00000   0.00000   0.00000   0.00000   0.00000   0.00000   0.00000   0.00000   0.00289   0.00000   0.00000   0.02376   0.00000   0.00362   0.00449   0.00000   0.00267   0.00000   0.00000   0.00000   0.00000   0.00000   0.01140   0.00284   0.00289   0.00000   0.00000  
 14  0.0075   1125.831925  x:  0.00000   0.00139   0.00000   0.00000   0.00000   0.00000   0.00000   0.00000   0.00000   0.00000   0.00286   0.00000   0.00000   0.02370   0.00000   0.00375   0.00452   0.00000   0.00291   0.00000   0.00000   0.00000   0.00000   0.00000   0.01149   0.00279   0.00286   0.00000   0.00000  
 15  0.0042   1125.546388  x:  0.00000   0.00266   0.00000   0.00000   0.00000   0.00000   0.00000   0.00000   0.00000   0.00000   0.00266   0.00000   0.00000   0.02376   0.00000   0.00291   0.00585   0.00000   0.00253   0.00000   0.00000   0.00000   0.00000   0.00000   0.01196   0.00263   0.00287   0.00000   0.00000  
 16  0.0015   1125.527205  x:  0.00000   0.00276   0.00000   0.00000   0.00000   0.00000   0.00000   0.00000   0.00000   0.00000   0.00291   0.00000   0.00000   0.02369   0.00000   0.00297   0.00587   0.00000   0.00285   0.00000   0.00000   0.00000   0.00000   0.00000   0.01175   0.00296   0.00288   0.00000   0.00000  
 17  0.0006   1125.525063  x:  0.00000   0.00284   0.00000   0.00000   0.00000   0.00000   0.00000   0.00000   0.00000   0.00000   0.00290   0.00000   0.00000   0.02369   0.00000   0.00288   0.00582   0.00000   0.00290   0.00000   0.00000   0.00000   0.00000   0.00000   0.01155   0.00287   0.00289   0.00000   0.00000  
 18  0.0002   1125.524842  x:  0.00000   0.00287   0.00000   0.00000   0.00000   0.00000   0.00000   0.00000   0.00000   0.00000   0.00287   0.00000   0.00000   0.02369   0.00000   0.00287   0.00580   0.00000   0.00290   0.00000   0.00000   0.00000   0.00000   0.00000   0.01158   0.00290   0.00289   0.00000   0.00000  
 19  0.0000   1125.524795  x:  0.00000   0.00288   0.00000   0.00000   0.00000   0.00000   0.00000   0.00000   0.00000   0.00000   0.00288   0.00000   0.00000   0.02368   0.00000   0.00289   0.00579   0.00000   0.00289   0.00000   0.00000   0.00000   0.00000   0.00000   0.01160   0.00289   0.00289   0.00000   0.00000  
 20  0.0000   1125.524793  x:  0.00000   0.00289   0.00000   0.00000   0.00000   0.00000   0.00000   0.00000   0.00000   0.00000   0.00288   0.00000   0.00000   0.02368   0.00000   0.00289   0.00579   0.00000   0.00289   0.00000   0.00000   0.00000   0.00000   0.00000   0.01159   0.00289   0.00289   0.00000   0.00000  
 21  0.0000   1125.524793  x:  0.00000   0.00289   0.00000   0.00000   0.00000   0.00000   0.00000   0.00000   0.00000   0.00000   0.00288   0.00000   0.00000   0.02368   0.00000   0.00289   0.00579   0.00000   0.00289   0.00000   0.00000   0.00000   0.00000   0.00000   0.01159   0.00289   0.00289   0.00000   0.00000  