

Model 0: one-ratio

TREE # 1

  0  0.0000  12374.176089  x:  0.13950   0.02578   0.01427   0.02931   0.01354   0.02222   0.00564   0.00623   0.01554   0.01911   0.01937   0.03779   0.11819   0.27163   0.15119   0.13481   0.03853   0.00523   0.01997   0.17256   0.08663   0.05619   0.13502   0.13852   0.00000   0.12690   0.16467   2.00000   0.40000  
  1 99.0000  12359.788878  x:  0.14073   0.02782   0.01430   0.02777   0.00957   0.02012   0.00054   0.00100   0.01198   0.01869   0.01996   0.03744   0.11845   0.27286   0.15177   0.13516   0.04025   0.00827   0.02163   0.17396   0.08678   0.05609   0.13546   0.13876   0.00740   0.12648   0.16566   2.00033   0.40298  
  2 1840.7595  12357.320341  x:  0.14140   0.02886   0.01434   0.02695   0.00757   0.01905   0.00221   0.00026   0.01019   0.01851   0.02025   0.03725   0.11859   0.27357   0.15210   0.13536   0.04113   0.00898   0.02242   0.17476   0.08686   0.05602   0.13569   0.13887   0.00833   0.12617   0.16617   2.00053   0.40469  
  3 1660.0218  12353.685049  x:  0.14276   0.03097   0.01441   0.02529   0.00360   0.01690   0.00413   0.00165   0.00664   0.01815   0.02084   0.03686   0.11888   0.27503   0.15278   0.13576   0.04292   0.01038   0.02399   0.17639   0.08703   0.05589   0.13615   0.13908   0.01022   0.12553   0.16721   2.00093   0.40819  
  4 8551.9439  12346.527386  x:  0.14637   0.03581   0.01477   0.02137   0.00227   0.01268   0.00188   0.00086   0.00260   0.01779   0.02208   0.03584   0.11962   0.27923   0.15468   0.13690   0.04720   0.00990   0.02717   0.18098   0.08750   0.05551   0.13728   0.13955   0.00510   0.12346   0.16999   2.00213   0.41825  
  5 1217.2607  12338.735604  x:  0.15231   0.04356   0.01540   0.01545   0.00293   0.00719   0.00128   0.00076   0.00640   0.01718   0.02402   0.03426   0.12084   0.28623   0.15784   0.13877   0.05419   0.01104   0.03234   0.18859   0.08825   0.05490   0.13916   0.14038   0.00246   0.12020   0.17469   2.00417   0.43507  
  6 3047.7454  12330.694686  x:  0.16054   0.05246   0.01684   0.01207   0.00789   0.01553   0.00186   0.00113   0.00536   0.01719   0.02582   0.03264   0.12243   0.29687   0.16248   0.14144   0.06286   0.01148   0.03768   0.19976   0.08924   0.05409   0.14163   0.14151   0.00241   0.11555   0.18170   2.00751   0.46077  
  7 2111.7679  12324.661497  x:  0.16527   0.05459   0.01792   0.01933   0.00319   0.01913   0.00087   0.00070   0.00798   0.01809   0.02534   0.03289   0.12317   0.30485   0.16560   0.14309   0.06605   0.00846   0.03767   0.20742   0.08970   0.05369   0.14276   0.14206   0.00124   0.11255   0.18648   2.01050   0.48034  
  8 1370.8440  12319.731142  x:  0.16885   0.05187   0.01685   0.02739   0.00719   0.01491   0.00192   0.00113   0.00602   0.01926   0.02299   0.03429   0.12345   0.31389   0.16862   0.14441   0.06570   0.00450   0.03344   0.21510   0.08985   0.05351   0.14323   0.14244   0.00441   0.11010   0.19130   2.01466   0.50299  
  9 1256.5508  12312.650538  x:  0.17065   0.03839   0.00979   0.02507   0.00639   0.01469   0.00185   0.00107   0.00590   0.01813   0.01832   0.03678   0.12282   0.32737   0.17180   0.14497   0.05735   0.01148   0.02170   0.22421   0.08929   0.05372   0.14276   0.14289   0.00290   0.10848   0.19672   2.02296   0.53811  
 10 890.3725  12310.056384  x:  0.16972   0.03089   0.01639   0.02021   0.00519   0.01477   0.00185   0.00101   0.00621   0.01775   0.02014   0.03726   0.12223   0.33301   0.17200   0.14414   0.05034   0.00913   0.01913   0.22628   0.08863   0.05399   0.14221   0.14255   0.00392   0.10948   0.19754   2.02840   0.55411  
 11 639.6325  12308.512318  x:  0.16676   0.02917   0.01351   0.01987   0.00488   0.01500   0.00183   0.00100   0.00637   0.01869   0.02279   0.03537   0.12190   0.33625   0.16993   0.14162   0.04237   0.00737   0.02557   0.22394   0.08766   0.05428   0.14165   0.14167   0.00433   0.11282   0.19506   2.03592   0.56614  
 12 281.7130  12307.543111  x:  0.16405   0.03211   0.01588   0.02195   0.00570   0.01458   0.00186   0.00104   0.00602   0.01738   0.02205   0.03506   0.12172   0.33802   0.16714   0.13883   0.03871   0.01067   0.02717   0.21935   0.08694   0.05439   0.14052   0.14080   0.00336   0.11598   0.19133   2.04448   0.57521  
 13 285.6534  12306.135590  x:  0.16003   0.03758   0.01498   0.02005   0.00501   0.01508   0.00182   0.00100   0.00638   0.01817   0.01930   0.03564   0.12136   0.33970   0.16206   0.13445   0.03958   0.00821   0.02407   0.20965   0.08630   0.05440   0.13798   0.13903   0.00404   0.12023   0.18419   2.06135   0.58847  
 14 348.7263  12305.044394  x:  0.15719   0.03441   0.01448   0.02116   0.00536   0.01492   0.00183   0.00102   0.00623   0.01847   0.02419   0.03606   0.12036   0.33942   0.15851   0.13248   0.04688   0.00932   0.02360   0.20066   0.08681   0.05439   0.13680   0.13827   0.00374   0.12059   0.17858   2.08161   0.59817  
 15 255.5864  12304.077863  x:  0.15558   0.03061   0.01513   0.02095   0.00532   0.01495   0.00182   0.00101   0.00625   0.01628   0.01938   0.03545   0.11977   0.33683   0.15775   0.13375   0.05040   0.00871   0.02729   0.19531   0.08778   0.05448   0.13744   0.13864   0.00386   0.11746   0.17655   2.10569   0.60367  
 16 231.4077  12302.323778  x:  0.15381   0.03050   0.01655   0.02055   0.00531   0.01469   0.00186   0.00102   0.00615   0.02359   0.01735   0.03501   0.11983   0.32919   0.15904   0.13883   0.04915   0.01036   0.02821   0.18952   0.08909   0.05464   0.13921   0.14028   0.00366   0.11012   0.17668   2.16192   0.61092  
 17 428.9771  12297.996055  x:  0.15163   0.03546   0.01474   0.02060   0.00516   0.01492   0.00186   0.00102   0.00629   0.01783   0.02249   0.03504   0.12079   0.31133   0.16306   0.14995   0.04246   0.00857   0.02431   0.18179   0.09062   0.05477   0.14243   0.14352   0.00435   0.09753   0.17973   2.29494   0.62431  
 18 1411.2532  12289.842733  x:  0.15911   0.03276   0.01457   0.02087   0.00529   0.01499   0.00180   0.00100   0.00626   0.01794   0.02177   0.03988   0.12169   0.28657   0.16713   0.15323   0.04645   0.00846   0.02440   0.19962   0.08365   0.05349   0.14179   0.14299   0.00320   0.12720   0.19070   2.57794   0.63687  
 19 786.5749  12287.641160  x:  0.16106   0.03209   0.01495   0.02143   0.00528   0.01486   0.00184   0.00102   0.00623   0.01798   0.02143   0.02934   0.12158   0.29348   0.16487   0.14465   0.04656   0.00865   0.02199   0.20790   0.08689   0.05534   0.13924   0.14035   0.00338   0.12562   0.18964   2.64841   0.63382  
 20 505.3273  12285.053031  x:  0.16290   0.03224   0.01470   0.02100   0.00528   0.01495   0.00183   0.00101   0.00626   0.01800   0.02162   0.03687   0.12161   0.31204   0.16096   0.12986   0.04492   0.00866   0.02378   0.21904   0.09138   0.05601   0.13628   0.13667   0.00358   0.11723   0.18599   2.73977   0.62596  
 21 783.2843  12284.249191  x:  0.16247   0.03228   0.01471   0.02101   0.00526   0.01493   0.00183   0.00101   0.00626   0.01796   0.02163   0.03616   0.12167   0.32726   0.16293   0.13214   0.04474   0.00853   0.02346   0.21748   0.08506   0.05041   0.13855   0.13923   0.00365   0.11713   0.18478   2.76789   0.62073  
 22 170.5178  12283.949419  x:  0.16228   0.03254   0.01468   0.02100   0.00526   0.01494   0.00182   0.00101   0.00626   0.01791   0.02171   0.03640   0.12178   0.33562   0.16456   0.13555   0.04470   0.00844   0.02336   0.21512   0.08523   0.05516   0.13996   0.14071   0.00360   0.11915   0.18522   2.77900   0.61810  
 23 125.9783  12283.916446  x:  0.16253   0.03254   0.01467   0.02100   0.00526   0.01494   0.00182   0.00101   0.00626   0.01790   0.02173   0.03643   0.12183   0.33689   0.16457   0.13633   0.04449   0.00845   0.02339   0.21416   0.08729   0.05421   0.13970   0.14028   0.00357   0.11994   0.18626   2.78022   0.61772  
 24 24.9749  12283.912545  x:  0.16286   0.03250   0.01467   0.02100   0.00526   0.01494   0.00182   0.00101   0.00626   0.01790   0.02172   0.03642   0.12186   0.33707   0.16419   0.13632   0.04446   0.00847   0.02346   0.21368   0.08696   0.05430   0.13931   0.13983   0.00356   0.11983   0.18710   2.78038   0.61766  
 25  5.7788  12283.909589  x:  0.16325   0.03247   0.01466   0.02100   0.00526   0.01494   0.00182   0.00101   0.00626   0.01790   0.02172   0.03642   0.12189   0.33707   0.16368   0.13606   0.04439   0.00844   0.02343   0.21350   0.08702   0.05430   0.13956   0.14056   0.00356   0.11985   0.18739   2.78054   0.61771  
 26  0.8751  12283.653026  x:  0.17000   0.03234   0.01471   0.02099   0.00516   0.01498   0.00175   0.00100   0.00632   0.01792   0.02174   0.03630   0.12300   0.33721   0.15976   0.13974   0.04368   0.00851   0.02348   0.21389   0.08716   0.05421   0.14306   0.13737   0.00359   0.11912   0.18330   2.79533   0.62266  
 27  0.9387  12281.960350  x:  0.16983   0.03617   0.01548   0.02065   0.00455   0.01546   0.00118   0.00093   0.00677   0.01799   0.02186   0.03498   0.12326   0.33900   0.16250   0.14375   0.04866   0.00817   0.02764   0.21542   0.08818   0.05374   0.13285   0.14375   0.00335   0.11366   0.18420   2.89333   0.65581  
 28 58.6118  12281.530088  x:  0.16578   0.03748   0.01567   0.02057   0.00439   0.01557   0.00103   0.00092   0.00688   0.01802   0.02186   0.03453   0.12262   0.33925   0.16544   0.13931   0.05075   0.00806   0.02769   0.21422   0.08848   0.05367   0.14136   0.14087   0.00322   0.11283   0.18903   2.91844   0.66440  
 29 115.9581  12281.528862  x:  0.16620   0.03742   0.01567   0.02057   0.00439   0.01557   0.00103   0.00092   0.00688   0.01802   0.02186   0.03453   0.12280   0.33921   0.16598   0.13899   0.05068   0.00806   0.02770   0.21395   0.08847   0.05367   0.14131   0.14088   0.00322   0.11285   0.18893   2.91852   0.66443  
 30  2.8244  12281.528246  x:  0.16632   0.03745   0.01566   0.02057   0.00439   0.01557   0.00103   0.00092   0.00688   0.01802   0.02186   0.03453   0.12231   0.33921   0.16605   0.13897   0.05065   0.00806   0.02770   0.21392   0.08847   0.05367   0.14130   0.14088   0.00322   0.11286   0.18891   2.91863   0.66447  
 31  0.1437  12281.348600  x:  0.16576   0.03610   0.01511   0.02087   0.00465   0.01477   0.00118   0.00104   0.00669   0.01805   0.02193   0.03493   0.12245   0.34006   0.16632   0.13917   0.04915   0.00829   0.02626   0.21414   0.08822   0.05376   0.14109   0.14093   0.00279   0.11350   0.18934   2.95147   0.67774  
 32  0.5301  12281.342230  x:  0.16606   0.03615   0.01514   0.02074   0.00454   0.01473   0.00116   0.00107   0.00676   0.01802   0.02191   0.03492   0.12264   0.34004   0.16620   0.13927   0.04907   0.00837   0.02626   0.21457   0.08821   0.05375   0.14105   0.14092   0.00301   0.11357   0.18935   2.95358   0.67917  
 33  0.0025  12281.341115  x:  0.16612   0.03614   0.01515   0.02071   0.00458   0.01469   0.00112   0.00107   0.00674   0.01803   0.02190   0.03492   0.12270   0.34005   0.16617   0.13927   0.04905   0.00832   0.02626   0.21467   0.08821   0.05375   0.14103   0.14091   0.00298   0.11359   0.18934   2.95314   0.67930  
 34  0.0007  12281.340142  x:  0.16611   0.03619   0.01517   0.02070   0.00459   0.01467   0.00113   0.00111   0.00676   0.01804   0.02189   0.03490   0.12262   0.34009   0.16620   0.13918   0.04910   0.00830   0.02631   0.21470   0.08821   0.05375   0.14106   0.14088   0.00297   0.11359   0.18938   2.95108   0.67899  
 35  0.0015  12281.340012  x:  0.16606   0.03615   0.01515   0.02072   0.00458   0.01469   0.00113   0.00112   0.00677   0.01803   0.02190   0.03491   0.12265   0.34013   0.16620   0.13921   0.04909   0.00832   0.02629   0.21463   0.08821   0.05375   0.14104   0.14090   0.00297   0.11358   0.18936   2.95109   0.67890  
 36  0.0001  12281.340003  x:  0.16607   0.03616   0.01515   0.02072   0.00458   0.01469   0.00113   0.00112   0.00676   0.01803   0.02190   0.03491   0.12265   0.34009   0.16620   0.13921   0.04909   0.00832   0.02629   0.21462   0.08821   0.05375   0.14105   0.14090   0.00297   0.11358   0.18936   2.95143   0.67888  
 37  0.0002  12281.340003  x:  0.16607   0.03616   0.01515   0.02072   0.00458   0.01470   0.00113   0.00112   0.00676   0.01803   0.02190   0.03491   0.12265   0.34009   0.16620   0.13922   0.04909   0.00832   0.02629   0.21462   0.08821   0.05375   0.14105   0.14090   0.00297   0.11358   0.18936   2.95149   0.67888  
 38  0.0001  12281.340003  x:  0.16606   0.03616   0.01515   0.02072   0.00458   0.01470   0.00113   0.00112   0.00676   0.01803   0.02190   0.03491   0.12265   0.34009   0.16620   0.13922   0.04909   0.00832   0.02629   0.21462   0.08821   0.05375   0.14105   0.14090   0.00297   0.11358   0.18936   2.95149   0.67888  
 39  0.0000  12281.340003  x:  0.16607   0.03616   0.01515   0.02072   0.00458   0.01470   0.00113   0.00112   0.00676   0.01803   0.02190   0.03491   0.12265   0.34009   0.16620   0.13921   0.04909   0.00832   0.02629   0.21462   0.08821   0.05375   0.14105   0.14090   0.00297   0.11358   0.18936   2.95147   0.67889  
 40  0.0000  12281.340003  x:  0.16607   0.03616   0.01515   0.02072   0.00458   0.01470   0.00113   0.00112   0.00676   0.01803   0.02190   0.03491   0.12265   0.34009   0.16620   0.13921   0.04909   0.00832   0.02629   0.21462   0.08821   0.05375   0.14105   0.14090   0.00297   0.11358   0.18936   2.95148   0.67889  

Model 1: NearlyNeutral

TREE # 1

  0  0.0000  12305.936444  x:  0.15140   0.02733   0.00709   0.02946   0.00496   0.01535   0.00146   0.00181   0.00757   0.01853   0.01478   0.03855   0.12646   0.29325   0.16185   0.13830   0.03410   0.00265   0.01505   0.18393   0.08447   0.05662   0.14617   0.14832   0.00000   0.12917   0.17431   2.95148   0.87929   0.27339  
  1 99.0000  12301.390732  x:  0.15173   0.02783   0.00902   0.02860   0.00454   0.01502   0.00051   0.00036   0.00703   0.01825   0.01575   0.03817   0.12632   0.29362   0.16184   0.13825   0.03485   0.00490   0.01606   0.18438   0.08447   0.05638   0.14608   0.14811   0.00157   0.12873   0.17452   2.95141   0.87716   0.27468  
  2 1367.2684  12292.792014  x:  0.15332   0.03021   0.01729   0.02453   0.00286   0.01353   0.00188   0.00350   0.00469   0.01695   0.02015   0.03634   0.12565   0.29543   0.16176   0.13798   0.03838   0.01398   0.02068   0.18654   0.08450   0.05524   0.14562   0.14708   0.00748   0.12658   0.17549   2.95109   0.86697   0.28089  
  3 4885.0379  12278.943895  x:  0.15738   0.03562   0.02307   0.01384   0.01442   0.01256   0.00109   0.00430   0.01233   0.01582   0.02687   0.03143   0.12382   0.30087   0.16164   0.13739   0.04663   0.01582   0.02822   0.19273   0.08480   0.05236   0.14367   0.14350   0.00263   0.11975   0.17784   2.95012   0.83768   0.29874  
  4 1457.7100  12271.086028  x:  0.15874   0.03694   0.02296   0.01289   0.01246   0.01317   0.00299   0.00271   0.01074   0.01608   0.02784   0.03046   0.12315   0.30305   0.16165   0.13723   0.04902   0.01396   0.02961   0.19508   0.08500   0.05160   0.14282   0.14214   0.00000   0.11731   0.17876   2.94973   0.82651   0.30524  
  5 1858.0344  12271.086028  x:  0.15874   0.03694   0.02296   0.01289   0.01246   0.01317   0.00299   0.00271   0.01074   0.01608   0.02784   0.03046   0.12315   0.30305   0.16165   0.13723   0.04902   0.01396   0.02961   0.19508   0.08500   0.05160   0.14282   0.14214   0.00000   0.11731   0.17876   2.94973   0.82651   0.30524  
  6 4079.8162  12266.873652  x:  0.15882   0.03679   0.02219   0.01414   0.01026   0.01343   0.00072   0.00056   0.00934   0.01633   0.02734   0.03076   0.12309   0.30336   0.16167   0.13724   0.04897   0.01315   0.02921   0.19535   0.08505   0.05166   0.14269   0.14200   0.00058   0.11716   0.17891   2.94968   0.82517   0.30584  
  7 1232.0332  12263.112868  x:  0.15898   0.03647   0.02059   0.01644   0.00589   0.01392   0.00016   0.00161   0.00672   0.01680   0.02630   0.03137   0.12295   0.30400   0.16173   0.13725   0.04888   0.01149   0.02838   0.19592   0.08517   0.05179   0.14242   0.14173   0.00151   0.11683   0.17921   2.94957   0.82237   0.30708  
  8 1809.4182  12261.153942  x:  0.15909   0.03625   0.01953   0.01798   0.00301   0.01424   0.00052   0.00174   0.00501   0.01712   0.02561   0.03177   0.12286   0.30443   0.16177   0.13726   0.04882   0.01038   0.02782   0.19630   0.08525   0.05188   0.14224   0.14154   0.00212   0.11661   0.17941   2.94949   0.82050   0.30791  
  9 23285.9058  12255.086522  x:  0.16003   0.03481   0.01183   0.02446   0.00521   0.01520   0.00072   0.00207   0.00727   0.01878   0.02070   0.03421   0.12214   0.30796   0.16207   0.13733   0.04833   0.00318   0.02402   0.19939   0.08583   0.05250   0.14090   0.14017   0.00267   0.11468   0.18096   2.94888   0.80526   0.31439  
 10 740.8037  12247.056180  x:  0.16293   0.03244   0.00690   0.02600   0.00575   0.01290   0.00080   0.00224   0.00854   0.01744   0.01451   0.03774   0.12035   0.31755   0.16302   0.13744   0.04752   0.01481   0.01994   0.20761   0.08722   0.05366   0.13865   0.13804   0.00376   0.11017   0.18508   2.94722   0.76493   0.32992  
 11 837.2692  12239.113772  x:  0.16538   0.03156   0.01411   0.02527   0.00603   0.01363   0.00080   0.00219   0.00777   0.01706   0.01564   0.03930   0.11915   0.32545   0.16384   0.13764   0.04699   0.01524   0.01849   0.21412   0.08823   0.05436   0.13719   0.13638   0.00000   0.10699   0.18824   2.94585   0.73225   0.34139  
 12 1813.4841  12233.373247  x:  0.16825   0.03322   0.01308   0.01592   0.00538   0.01476   0.00074   0.00213   0.00790   0.01753   0.02494   0.03599   0.11887   0.33412   0.16490   0.13811   0.04713   0.01147   0.02393   0.22047   0.08891   0.05438   0.13726   0.13574   0.00576   0.10655   0.19145   2.94432   0.69706   0.34993  
 13 1180.5014  12231.619576  x:  0.16927   0.03628   0.01099   0.01705   0.00530   0.01202   0.00071   0.00202   0.00687   0.01725   0.02579   0.03189   0.12014   0.33734   0.16559   0.13861   0.04766   0.01105   0.02964   0.22133   0.08867   0.05354   0.13920   0.13753   0.00173   0.10961   0.19181   2.94369   0.68454   0.34705  
 14 365.4245  12230.061781  x:  0.17025   0.03964   0.01236   0.02044   0.00476   0.01520   0.00074   0.00215   0.00918   0.01753   0.02424   0.02953   0.12224   0.34098   0.16653   0.13937   0.04838   0.01193   0.03473   0.22110   0.08818   0.05250   0.14205   0.14067   0.00257   0.11507   0.19186   2.94291   0.67014   0.33913  
 15 485.0261  12228.083609  x:  0.17102   0.04164   0.01350   0.01968   0.00735   0.01556   0.00083   0.00226   0.00558   0.01817   0.02105   0.03218   0.12515   0.34550   0.16785   0.14050   0.04889   0.01134   0.03625   0.21961   0.08775   0.05192   0.14543   0.14503   0.00420   0.12230   0.19156   2.94181   0.65140   0.32393  
 16 568.3928  12224.757342  x:  0.17194   0.04268   0.01423   0.01531   0.00462   0.01284   0.00070   0.00205   0.00836   0.01820   0.01753   0.03818   0.12998   0.35325   0.17016   0.14247   0.04923   0.00921   0.03481   0.21643   0.08737   0.05178   0.15068   0.15223   0.00305   0.13350   0.19083   2.93981   0.61814   0.29379  
 17 1464.5642  12220.051752  x:  0.17242   0.03878   0.01141   0.01706   0.00486   0.01548   0.00071   0.00203   0.00802   0.01643   0.02506   0.03940   0.13430   0.36202   0.17264   0.14445   0.04847   0.01093   0.02710   0.21236   0.08802   0.05359   0.15493   0.15865   0.00000   0.14150   0.19016   2.93722   0.57636   0.25069  
 18 1042.1743  12217.563860  x:  0.17270   0.03531   0.01392   0.01937   0.00527   0.01050   0.00077   0.00217   0.00852   0.01985   0.02547   0.03442   0.13481   0.36560   0.17333   0.14481   0.04777   0.01078   0.02451   0.21121   0.08895   0.05480   0.15528   0.15871   0.00000   0.13993   0.19054   2.93574   0.55363   0.22433  
 19 782.2889  12214.899029  x:  0.17322   0.03198   0.01402   0.01618   0.00503   0.01305   0.00071   0.00204   0.00765   0.01853   0.01995   0.02813   0.13398   0.36879   0.17352   0.14452   0.04685   0.00966   0.02510   0.21093   0.09020   0.05561   0.15410   0.15570   0.00000   0.13245   0.19140   2.93381   0.52475   0.18847  
 20 868.4855  12213.134816  x:  0.17390   0.03426   0.01406   0.01806   0.00520   0.01226   0.00074   0.00209   0.00794   0.01593   0.02036   0.03326   0.13201   0.36879   0.17263   0.14328   0.04671   0.00933   0.03100   0.21197   0.09025   0.05430   0.15162   0.15060   0.00000   0.12319   0.19217   2.93249   0.50557   0.16296  
 21 543.3072  12212.913257  x:  0.17397   0.03552   0.01362   0.01782   0.00510   0.01290   0.00073   0.00207   0.00794   0.01836   0.02072   0.03409   0.13153   0.36810   0.17227   0.14290   0.04682   0.00989   0.03116   0.21208   0.08983   0.05371   0.15091   0.14975   0.00000   0.12230   0.19208   2.93226   0.50208   0.15879  
 22 231.2018  12212.702778  x:  0.17362   0.03910   0.01369   0.01764   0.00509   0.01269   0.00073   0.00206   0.00790   0.01776   0.02071   0.03329   0.12993   0.36388   0.17088   0.14169   0.04733   0.00988   0.02912   0.21222   0.08800   0.05214   0.14867   0.14818   0.00000   0.12325   0.19126   2.93205   0.49864   0.15602  
 23 74.7808  12212.659423  x:  0.17328   0.03883   0.01369   0.01765   0.00509   0.01271   0.00073   0.00206   0.00790   0.01778   0.02071   0.03333   0.12945   0.36242   0.17053   0.14145   0.04734   0.00989   0.02936   0.21222   0.08785   0.05238   0.14835   0.14801   0.00094   0.12376   0.19097   2.93201   0.49784   0.15564  
 24 62.8978  12212.496433  x:  0.17147   0.03759   0.01371   0.01769   0.00509   0.01275   0.00073   0.00206   0.00789   0.01782   0.02073   0.03353   0.12702   0.35449   0.16875   0.14023   0.04739   0.00994   0.03050   0.21217   0.08711   0.05347   0.14671   0.14726   0.00017   0.12628   0.18926   2.93177   0.49350   0.15357  
 25 149.9481  12212.435686  x:  0.17078   0.03759   0.01374   0.01766   0.00509   0.01274   0.00073   0.00206   0.00789   0.01782   0.02076   0.03350   0.12781   0.34913   0.16913   0.14124   0.04837   0.00988   0.03036   0.21153   0.08890   0.05239   0.14789   0.14838   0.00025   0.12523   0.18901   2.93165   0.49156   0.15338  
 26 26.4108  12212.425985  x:  0.17083   0.03791   0.01375   0.01765   0.00509   0.01274   0.00073   0.00206   0.00789   0.01782   0.02074   0.03348   0.12838   0.34802   0.16950   0.14168   0.04825   0.00987   0.03029   0.21148   0.08831   0.05320   0.14828   0.14853   0.00026   0.12483   0.18932   2.93161   0.49125   0.15337  
 27 13.1153  12212.423043  x:  0.17099   0.03763   0.01375   0.01766   0.00509   0.01274   0.00073   0.00206   0.00789   0.01782   0.02076   0.03348   0.12860   0.34770   0.16974   0.14182   0.04814   0.00987   0.03032   0.21155   0.08782   0.05288   0.14835   0.14844   0.00025   0.12484   0.18963   2.93158   0.49116   0.15334  
 28  5.4382  12212.413903  x:  0.17210   0.03750   0.01374   0.01767   0.00509   0.01275   0.00073   0.00206   0.00789   0.01782   0.02078   0.03351   0.12902   0.34718   0.17033   0.14174   0.04825   0.00990   0.03028   0.21203   0.08834   0.05301   0.14801   0.14785   0.00019   0.12546   0.19061   2.93141   0.49109   0.15312  
 29  2.6773  12212.316068  x:  0.17472   0.03776   0.01374   0.01773   0.00506   0.01277   0.00073   0.00203   0.00786   0.01783   0.02079   0.03354   0.12849   0.34652   0.17108   0.13964   0.04457   0.00974   0.03016   0.21356   0.08912   0.05267   0.14782   0.15006   0.00027   0.12494   0.19075   2.92932   0.49026   0.15318  
 30  2.1950  12211.813430  x:  0.18270   0.03612   0.01373   0.01810   0.00490   0.01292   0.00071   0.00191   0.00772   0.01793   0.02093   0.03378   0.12554   0.34690   0.17261   0.13487   0.04923   0.00913   0.02956   0.21714   0.08686   0.05362   0.14828   0.15476   0.00052   0.12173   0.18853   2.91830   0.48504   0.15394  
 31 22.5949  12208.559413  x:  0.18051   0.03597   0.01412   0.02023   0.00395   0.01396   0.00064   0.00110   0.00679   0.01845   0.02175   0.03479   0.12480   0.35612   0.17611   0.14196   0.04608   0.00754   0.02737   0.22298   0.09007   0.05407   0.14828   0.13864   0.00158   0.11635   0.18529   2.84919   0.44918   0.16119  
 32 59.2274  12208.118296  x:  0.17534   0.03612   0.01415   0.02055   0.00382   0.01412   0.00063   0.00099   0.00667   0.01849   0.02191   0.03496   0.12563   0.35765   0.17140   0.14178   0.04765   0.00715   0.02753   0.22363   0.09021   0.05431   0.14309   0.14326   0.00147   0.11505   0.19519   2.84048   0.44418   0.16156  
 33 64.7414  12208.110219  x:  0.17528   0.03619   0.01414   0.02055   0.00381   0.01412   0.00063   0.00099   0.00667   0.01849   0.02193   0.03497   0.12506   0.35763   0.17065   0.14151   0.04765   0.00713   0.02732   0.22395   0.09023   0.05431   0.14442   0.14296   0.00145   0.11513   0.19598   2.84139   0.44406   0.16146  
 34  7.1278  12208.055801  x:  0.17586   0.03616   0.01414   0.02059   0.00381   0.01414   0.00063   0.00098   0.00666   0.01850   0.02197   0.03501   0.12448   0.35779   0.16922   0.14462   0.04760   0.00710   0.02709   0.22728   0.09031   0.05430   0.14419   0.14362   0.00145   0.11524   0.19550   2.86806   0.44244   0.16060  
 35  4.7102  12207.945946  x:  0.17567   0.03589   0.01420   0.02065   0.00380   0.01419   0.00063   0.00096   0.00662   0.01851   0.02202   0.03501   0.12641   0.35826   0.16987   0.14139   0.04770   0.00704   0.02720   0.22538   0.09035   0.05432   0.14403   0.14264   0.00149   0.11464   0.19563   2.92417   0.43795   0.16023  
 36 60.6723  12207.938007  x:  0.17560   0.03605   0.01420   0.02065   0.00380   0.01420   0.00063   0.00096   0.00662   0.01851   0.02202   0.03503   0.12512   0.35832   0.17096   0.14167   0.04769   0.00703   0.02724   0.22462   0.09036   0.05434   0.14394   0.14278   0.00147   0.11466   0.19613   2.92817   0.43760   0.16020  
 37 16.8898  12207.922030  x:  0.17393   0.03617   0.01423   0.02067   0.00385   0.01422   0.00064   0.00098   0.00663   0.01850   0.02206   0.03503   0.12522   0.35850   0.17259   0.14081   0.04806   0.00707   0.02703   0.22646   0.09042   0.05434   0.14423   0.14294   0.00147   0.11485   0.19609   2.92821   0.43710   0.15975  
 38  0.1027  12207.626971  x:  0.17569   0.03538   0.01477   0.02107   0.00489   0.01470   0.00077   0.00133   0.00677   0.01832   0.02271   0.03530   0.12606   0.36137   0.17120   0.14260   0.04757   0.00799   0.02613   0.22456   0.09072   0.05476   0.14481   0.14408   0.00128   0.11631   0.19673   2.92721   0.42370   0.15529  
 39  2.2416  12207.584284  x:  0.17576   0.03497   0.01511   0.02116   0.00471   0.01489   0.00081   0.00113   0.00689   0.01824   0.02256   0.03561   0.12642   0.36225   0.17201   0.14259   0.04748   0.00812   0.02556   0.22450   0.09075   0.05494   0.14555   0.14481   0.00123   0.11719   0.19591   2.92428   0.41936   0.15241  
 40  0.0059  12207.549027  x:  0.17543   0.03524   0.01564   0.02097   0.00458   0.01496   0.00097   0.00113   0.00702   0.01826   0.02218   0.03569   0.12595   0.36193   0.17163   0.14246   0.04749   0.00810   0.02621   0.22480   0.09073   0.05489   0.14505   0.14411   0.00126   0.11618   0.19609   2.92400   0.42183   0.15345  
 41  0.0013  12207.530920  x:  0.17579   0.03523   0.01552   0.02088   0.00460   0.01490   0.00108   0.00114   0.00675   0.01828   0.02253   0.03558   0.12628   0.36175   0.17160   0.14254   0.04753   0.00801   0.02577   0.22441   0.09070   0.05483   0.14519   0.14447   0.00124   0.11690   0.19626   2.92553   0.42225   0.15377  
 42  0.0011  12207.527263  x:  0.17564   0.03512   0.01534   0.02099   0.00458   0.01488   0.00113   0.00114   0.00684   0.01829   0.02259   0.03550   0.12623   0.36184   0.17171   0.14257   0.04751   0.00808   0.02596   0.22456   0.09073   0.05487   0.14526   0.14446   0.00125   0.11668   0.19615   2.92490   0.42146   0.15340  
 43  0.0007  12207.526865  x:  0.17565   0.03519   0.01528   0.02100   0.00459   0.01488   0.00114   0.00113   0.00683   0.01827   0.02249   0.03554   0.12619   0.36184   0.17167   0.14254   0.04751   0.00806   0.02590   0.22454   0.09072   0.05486   0.14521   0.14441   0.00125   0.11670   0.19615   2.92488   0.42169   0.15352  
 44  0.0002  12207.526857  x:  0.17566   0.03517   0.01527   0.02100   0.00459   0.01487   0.00114   0.00114   0.00684   0.01827   0.02249   0.03555   0.12620   0.36184   0.17167   0.14254   0.04751   0.00806   0.02590   0.22454   0.09072   0.05486   0.14522   0.14442   0.00125   0.11671   0.19616   2.92496   0.42168   0.15352  
 45  0.0001  12207.526856  x:  0.17566   0.03517   0.01527   0.02100   0.00459   0.01487   0.00114   0.00113   0.00684   0.01827   0.02249   0.03555   0.12621   0.36184   0.17167   0.14254   0.04751   0.00806   0.02590   0.22454   0.09072   0.05486   0.14522   0.14442   0.00125   0.11670   0.19616   2.92496   0.42167   0.15351  

Model 2: PositiveSelection

TREE # 1

  0  0.0000  12261.901227  x:  0.14066   0.02863   0.00745   0.02815   0.00537   0.01978   0.00706   0.00992   0.01524   0.02165   0.01450   0.03804   0.11842   0.27730   0.15786   0.13589   0.03799   0.00719   0.02226   0.17124   0.08239   0.05924   0.13410   0.14482   0.00000   0.11797   0.16275   2.92496   1.13559   0.52284   0.46449   2.44668  
  1 99.0000  12246.686643  x:  0.14222   0.03010   0.01212   0.02675   0.00407   0.01774   0.00044   0.00294   0.01087   0.02031   0.01729   0.03761   0.11868   0.27885   0.15831   0.13624   0.03981   0.00869   0.02362   0.17310   0.08294   0.05885   0.13461   0.14472   0.00140   0.11786   0.16405   2.92507   1.13579   0.52279   0.46364   2.44654  
  2 1496.7725  12244.280600  x:  0.14278   0.03060   0.01325   0.02623   0.00392   0.01708   0.00122   0.00067   0.00946   0.01989   0.01812   0.03743   0.11878   0.27942   0.15847   0.13637   0.04044   0.00906   0.02407   0.17378   0.08314   0.05871   0.13479   0.14467   0.00164   0.11780   0.16452   2.92511   1.13587   0.52278   0.46332   2.44649  
  3 2321.2673  12241.468892  x:  0.14500   0.03239   0.01541   0.02408   0.00469   0.01496   0.00217   0.00252   0.00505   0.01851   0.02057   0.03665   0.11917   0.28180   0.15914   0.13690   0.04280   0.00976   0.02563   0.17657   0.08395   0.05814   0.13550   0.14446   0.00152   0.11755   0.16640   2.92528   1.13619   0.52271   0.46197   2.44626  
  4 1025.3044  12238.337811  x:  0.14788   0.03427   0.01476   0.02149   0.00576   0.01375   0.00205   0.00239   0.00639   0.01759   0.02210   0.03564   0.11971   0.28517   0.16008   0.13764   0.04552   0.00943   0.02711   0.18040   0.08503   0.05742   0.13640   0.14414   0.00000   0.11717   0.16896   2.92552   1.13665   0.52261   0.45999   2.44594  
  5 790.7882  12235.166534  x:  0.15308   0.03628   0.01152   0.01963   0.00234   0.01598   0.00203   0.00245   0.00579   0.01835   0.02188   0.03462   0.12071   0.29211   0.16197   0.13912   0.04933   0.00884   0.02835   0.18787   0.08695   0.05632   0.13803   0.14359   0.00103   0.11674   0.17410   2.92607   1.13767   0.52239   0.45565   2.44522  
  6 929.1692  12232.507042  x:  0.15908   0.03760   0.00890   0.02018   0.00508   0.01982   0.00157   0.00178   0.00426   0.02042   0.02008   0.03425   0.12188   0.30089   0.16433   0.14093   0.05278   0.00826   0.02871   0.19694   0.08914   0.05524   0.13994   0.14303   0.00353   0.11638   0.18040   2.92680   1.13899   0.52210   0.44991   2.44429  
  7 1679.0857  12229.169518  x:  0.16717   0.03769   0.01411   0.02530   0.00519   0.02250   0.00237   0.00283   0.00718   0.02261   0.01736   0.03561   0.12352   0.31430   0.16786   0.14358   0.05552   0.00791   0.02759   0.20996   0.09197   0.05433   0.14262   0.14256   0.00589   0.11607   0.18943   2.92797   1.14110   0.52162   0.44057   2.44278  
  8 1224.7521  12226.127128  x:  0.17274   0.03330   0.01318   0.03110   0.00446   0.01948   0.00188   0.00217   0.00488   0.02228   0.01569   0.03875   0.12512   0.32826   0.17132   0.14599   0.05208   0.00610   0.02317   0.22124   0.09363   0.05530   0.14489   0.14314   0.00000   0.11633   0.19699   2.92940   1.14355   0.52105   0.42920   2.44096  
  9 653.5711  12224.208991  x:  0.17551   0.02891   0.01052   0.03290   0.00443   0.01602   0.00192   0.00226   0.00558   0.02068   0.01789   0.04064   0.12632   0.33883   0.17366   0.14745   0.04660   0.01024   0.02035   0.22818   0.09392   0.05684   0.14650   0.14439   0.00172   0.11745   0.20165   2.93067   1.14565   0.52055   0.41915   2.43938  
 10 714.2547  12222.282170  x:  0.17606   0.02612   0.01257   0.02809   0.00477   0.02041   0.00206   0.00242   0.00569   0.01996   0.02083   0.04026   0.12803   0.35171   0.17552   0.14812   0.03562   0.00893   0.02117   0.23221   0.09196   0.05944   0.14802   0.14717   0.00112   0.11996   0.20374   2.93277   1.14891   0.51974   0.40269   2.43680  
 11 343.2254  12220.847181  x:  0.17569   0.02939   0.01305   0.02575   0.00469   0.01693   0.00202   0.00235   0.00559   0.02198   0.01633   0.03879   0.12953   0.36224   0.17600   0.14761   0.03041   0.00787   0.02299   0.23133   0.08929   0.06064   0.14856   0.14995   0.00253   0.12243   0.20237   2.93510   1.15236   0.51892   0.38481   2.43388  
 12 320.7712  12218.113375  x:  0.17417   0.03582   0.01167   0.03128   0.00454   0.01871   0.00199   0.00235   0.00562   0.02110   0.01957   0.03747   0.13133   0.38344   0.17513   0.14485   0.03353   0.00912   0.02271   0.22229   0.08436   0.06062   0.14778   0.15525   0.00095   0.12619   0.19447   2.94118   1.16108   0.51700   0.33932   2.42595  
 13 379.5210  12216.905303  x:  0.17315   0.02981   0.01241   0.02788   0.00470   0.01826   0.00201   0.00236   0.00567   0.02002   0.01799   0.03977   0.13022   0.39052   0.17422   0.14367   0.03890   0.00734   0.02184   0.21706   0.08676   0.05965   0.14694   0.15501   0.00240   0.12539   0.19112   2.94467   1.16564   0.51638   0.31611   2.42086  
 14 306.3711  12216.626311  x:  0.17285   0.02870   0.01263   0.02758   0.00463   0.01832   0.00201   0.00235   0.00555   0.02226   0.01794   0.03926   0.12942   0.39028   0.17386   0.14355   0.03876   0.00927   0.02291   0.21614   0.08892   0.05907   0.14676   0.15336   0.00116   0.12355   0.19109   2.94606   1.16711   0.51652   0.30944   2.41841  
 15 143.6411  12216.196115  x:  0.17257   0.02990   0.01228   0.02887   0.00461   0.01794   0.00199   0.00233   0.00560   0.02104   0.01852   0.03763   0.12782   0.38665   0.17314   0.14379   0.03616   0.00806   0.02333   0.21565   0.09290   0.05809   0.14617   0.14858   0.00210   0.11937   0.19262   2.94915   1.16989   0.51736   0.29803   2.41246  
 16 145.5071  12215.995186  x:  0.17314   0.03133   0.01249   0.02780   0.00464   0.01860   0.00199   0.00232   0.00553   0.02009   0.01756   0.03910   0.12718   0.38275   0.17282   0.14411   0.03570   0.00932   0.02178   0.21666   0.09155   0.05807   0.14579   0.14681   0.00155   0.11860   0.19405   2.95160   1.17170   0.51852   0.29231   2.40722  
 17 89.1569  12215.759178  x:  0.17401   0.03126   0.01242   0.02753   0.00463   0.01801   0.00200   0.00234   0.00560   0.02184   0.01882   0.04002   0.12654   0.37713   0.17251   0.14456   0.03599   0.00835   0.02124   0.21867   0.08826   0.05847   0.14552   0.14574   0.00187   0.11914   0.19584   2.95526   1.17417   0.52053   0.28571   2.39911  
 18 153.1876  12215.538612  x:  0.17471   0.02960   0.01233   0.02844   0.00461   0.01808   0.00198   0.00231   0.00555   0.02074   0.01805   0.03857   0.12632   0.37187   0.17237   0.14491   0.03662   0.00854   0.02323   0.22092   0.08578   0.05904   0.14571   0.14631   0.00160   0.12059   0.19706   2.95935   1.17672   0.52308   0.28020   2.38973  
 19 165.6865  12215.179115  x:  0.17515   0.02960   0.01271   0.02804   0.00462   0.01813   0.00199   0.00232   0.00553   0.02107   0.01797   0.03602   0.12815   0.36597   0.17280   0.14494   0.03697   0.00855   0.02053   0.22367   0.08906   0.05928   0.14603   0.15125   0.00143   0.12362   0.19647   2.96819   1.18142   0.52950   0.27457   2.36854  
 20 95.5015  12214.748145  x:  0.17499   0.03065   0.01223   0.02852   0.00462   0.01820   0.00198   0.00232   0.00559   0.02094   0.01835   0.04017   0.13051   0.36170   0.17357   0.14475   0.03643   0.00810   0.02280   0.22582   0.09273   0.05835   0.14708   0.15589   0.00156   0.12512   0.19492   2.98018   1.18741   0.53868   0.26978   2.33929  
 21 241.8863  12211.138062  x:  0.17175   0.02848   0.01262   0.02752   0.00460   0.01769   0.00193   0.00223   0.00543   0.02058   0.01810   0.03761   0.13731   0.36415   0.18074   0.14359   0.03615   0.00767   0.02076   0.22547   0.08489   0.04960   0.15189   0.15597   0.00286   0.10897   0.18528   3.08335   1.23479   0.62197   0.25250   2.08271  
 22 246.6815  12208.737699  x:  0.17072   0.02983   0.01263   0.02722   0.00460   0.01774   0.00190   0.00220   0.00541   0.02060   0.01797   0.03753   0.13382   0.36984   0.17994   0.14065   0.03834   0.00779   0.02156   0.22126   0.08612   0.06402   0.14898   0.14725   0.00288   0.11020   0.18423   3.15690   1.26791   0.68229   0.24196   1.89781  
 23 1099.4986  12207.671521  x:  0.17068   0.03002   0.01263   0.02707   0.00457   0.01759   0.00187   0.00216   0.00532   0.02035   0.01800   0.03732   0.12686   0.37390   0.17469   0.13887   0.03686   0.00803   0.02186   0.21727   0.08718   0.05705   0.14383   0.14267   0.00220   0.11974   0.18904   3.18761   1.28107   0.70857   0.23803   1.81834  
 24 530.2585  12207.572717  x:  0.17097   0.03020   0.01260   0.02704   0.00457   0.01758   0.00187   0.00216   0.00533   0.02034   0.01801   0.03737   0.12478   0.37454   0.17064   0.13976   0.03680   0.00790   0.02196   0.21618   0.08694   0.05736   0.14298   0.14598   0.00225   0.11765   0.19170   3.18921   1.28085   0.71172   0.23738   1.81046  
 25 43.1633  12207.515517  x:  0.17084   0.03008   0.01262   0.02705   0.00457   0.01758   0.00187   0.00216   0.00533   0.02036   0.01802   0.03736   0.12671   0.37481   0.16709   0.14312   0.03687   0.00795   0.02182   0.21589   0.08702   0.05735   0.14482   0.14509   0.00221   0.11824   0.19145   3.18540   1.27541   0.71606   0.23557   1.80438  
 26 12.2795  12206.882142  x:  0.17238   0.03017   0.01269   0.02699   0.00458   0.01754   0.00185   0.00213   0.00534   0.02032   0.01810   0.03737   0.12596   0.37616   0.16693   0.14711   0.03653   0.00808   0.02259   0.22065   0.08694   0.05715   0.13694   0.14532   0.00241   0.11750   0.18572   3.12281   1.19258   0.77448   0.20951   1.73192  
 27 32.8196  12206.343145  x:  0.17184   0.03060   0.01275   0.02694   0.00460   0.01755   0.00184   0.00211   0.00536   0.02036   0.01821   0.03744   0.12496   0.37633   0.16989   0.14118   0.03697   0.00793   0.02208   0.21856   0.08707   0.05725   0.14485   0.14621   0.00231   0.11816   0.18963   3.06806   1.12042   0.82514   0.18670   1.66938  
 28 300.7195  12206.325319  x:  0.17146   0.03050   0.01276   0.02694   0.00460   0.01755   0.00184   0.00211   0.00537   0.02037   0.01821   0.03744   0.12669   0.37625   0.17073   0.14141   0.03715   0.00794   0.02224   0.21749   0.08707   0.05729   0.14387   0.14631   0.00227   0.11816   0.19124   3.06633   1.11820   0.82667   0.18599   1.66743  
 29 18.0279  12206.289336  x:  0.17349   0.03055   0.01278   0.02691   0.00461   0.01755   0.00183   0.00210   0.00537   0.02036   0.01826   0.03747   0.12555   0.37589   0.17261   0.14374   0.03687   0.00792   0.02232   0.21574   0.08721   0.05735   0.14443   0.14676   0.00226   0.11843   0.19127   3.06535   1.11795   0.82619   0.18627   1.66687  
 30  0.7549  12204.725253  x:  0.19294   0.02979   0.01435   0.02434   0.00463   0.01608   0.00137   0.00143   0.00527   0.01932   0.01982   0.03671   0.13271   0.37000   0.16807   0.13574   0.03645   0.00822   0.02393   0.21516   0.08839   0.05649   0.14352   0.14496   0.00207   0.11686   0.19102   3.02762   1.11432   0.79830   0.20184   1.64981  
 31  5.0274  12203.096516  x:  0.17803   0.03350   0.01607   0.02138   0.00466   0.01477   0.00092   0.00078   0.00520   0.01841   0.02140   0.03586   0.12744   0.36633   0.17214   0.14238   0.04307   0.00859   0.02515   0.22367   0.09009   0.05562   0.14548   0.14505   0.00172   0.11707   0.19605   2.99014   1.11076   0.77001   0.21686   1.63295  
 32 97.8620  12202.996026  x:  0.17824   0.03359   0.01609   0.02127   0.00467   0.01478   0.00094   0.00082   0.00531   0.01841   0.02152   0.03589   0.12760   0.36624   0.17252   0.14285   0.04356   0.00858   0.02530   0.22439   0.09046   0.05568   0.14577   0.14528   0.00156   0.11735   0.19667   3.04509   1.06248   0.77971   0.21264   1.65100  
 33  1.5308  12202.657826  x:  0.17680   0.03446   0.01570   0.02057   0.00465   0.01502   0.00126   0.00136   0.00630   0.01839   0.02194   0.03556   0.12699   0.36547   0.17307   0.14351   0.04560   0.00846   0.02578   0.22659   0.09110   0.05521   0.14618   0.14524   0.00085   0.11725   0.19772   3.02246   1.04812   0.69677   0.21964   1.62077  
 34  0.2774  12202.558072  x:  0.17847   0.03483   0.01536   0.02101   0.00462   0.01489   0.00114   0.00119   0.00680   0.01831   0.02248   0.03552   0.12700   0.36781   0.17249   0.14334   0.04660   0.00840   0.02613   0.22707   0.09148   0.05517   0.14588   0.14507   0.00026   0.11757   0.19810   3.02859   1.04655   0.69319   0.21623   1.64444  
 35  0.0325  12202.550349  x:  0.17857   0.03485   0.01535   0.02108   0.00460   0.01490   0.00113   0.00114   0.00686   0.01833   0.02265   0.03560   0.12725   0.36804   0.17285   0.14331   0.04686   0.00835   0.02613   0.22742   0.09143   0.05516   0.14611   0.14529   0.00043   0.11744   0.19815   3.03434   1.01383   0.62854   0.21775   1.61948  
 36  0.1003  12202.545701  x:  0.17822   0.03487   0.01536   0.02103   0.00458   0.01491   0.00114   0.00112   0.00688   0.01833   0.02281   0.03567   0.12700   0.36794   0.17280   0.14350   0.04709   0.00836   0.02610   0.22729   0.09138   0.05526   0.14600   0.14512   0.00059   0.11747   0.19830   3.02858   0.99840   0.60480   0.21804   1.61823  
 37  0.0277  12202.539271  x:  0.17799   0.03472   0.01534   0.02100   0.00454   0.01487   0.00115   0.00111   0.00687   0.01831   0.02292   0.03564   0.12696   0.36753   0.17277   0.14349   0.04704   0.00845   0.02600   0.22700   0.09128   0.05527   0.14596   0.14508   0.00040   0.11748   0.19822   3.02733   0.93780   0.48142   0.22118   1.58761  
 38  0.0623  12202.533558  x:  0.17832   0.03475   0.01539   0.02100   0.00455   0.01491   0.00115   0.00115   0.00682   0.01831   0.02278   0.03555   0.12702   0.36764   0.17251   0.14334   0.04677   0.00842   0.02608   0.22683   0.09142   0.05519   0.14584   0.14512   0.00043   0.11761   0.19805   3.02929   0.88070   0.34846   0.22384   1.56737  
 39  0.0658  12202.532429  x:  0.17827   0.03479   0.01535   0.02104   0.00456   0.01490   0.00114   0.00114   0.00685   0.01833   0.02274   0.03562   0.12698   0.36762   0.17261   0.14338   0.04687   0.00838   0.02611   0.22695   0.09139   0.05524   0.14587   0.14507   0.00044   0.11754   0.19816   3.02825   0.85834   0.29793   0.22498   1.55463  
 40  0.0496  12202.532250  x:  0.17823   0.03480   0.01535   0.02103   0.00457   0.01489   0.00114   0.00114   0.00685   0.01832   0.02273   0.03563   0.12697   0.36764   0.17265   0.14340   0.04691   0.00838   0.02611   0.22699   0.09137   0.05525   0.14588   0.14506   0.00043   0.11753   0.19820   3.02801   0.85886   0.29605   0.22490   1.55520  
 41  0.0026  12202.532198  x:  0.17822   0.03480   0.01536   0.02103   0.00458   0.01490   0.00114   0.00114   0.00685   0.01832   0.02273   0.03562   0.12698   0.36766   0.17265   0.14341   0.04692   0.00839   0.02610   0.22699   0.09137   0.05524   0.14589   0.14508   0.00043   0.11754   0.19820   3.02808   0.85079   0.27753   0.22531   1.55207  
 42  0.0170  12202.532193  x:  0.17823   0.03479   0.01535   0.02103   0.00458   0.01490   0.00114   0.00114   0.00685   0.01832   0.02273   0.03562   0.12698   0.36764   0.17264   0.14340   0.04691   0.00839   0.02610   0.22698   0.09137   0.05524   0.14588   0.14507   0.00043   0.11754   0.19819   3.02808   0.84958   0.27411   0.22538   1.55138  
 43  0.0034  12202.532192  x:  0.17824   0.03479   0.01535   0.02103   0.00458   0.01490   0.00114   0.00114   0.00685   0.01832   0.02273   0.03562   0.12698   0.36765   0.17264   0.14340   0.04691   0.00839   0.02610   0.22698   0.09137   0.05524   0.14588   0.14507   0.00043   0.11754   0.19819   3.02811   0.84907   0.27279   0.22541   1.55119  
 44  0.0009  12202.532192  x:  0.17824   0.03479   0.01535   0.02103   0.00458   0.01490   0.00114   0.00114   0.00685   0.01832   0.02273   0.03562   0.12698   0.36765   0.17264   0.14340   0.04691   0.00839   0.02610   0.22698   0.09137   0.05524   0.14588   0.14507   0.00043   0.11754   0.19819   3.02810   0.84910   0.27288   0.22540   1.55121  
 45  0.0004  12202.532192  x:  0.17824   0.03479   0.01535   0.02103   0.00458   0.01490   0.00114   0.00114   0.00685   0.01832   0.02273   0.03562   0.12698   0.36765   0.17264   0.14340   0.04691   0.00839   0.02610   0.22698   0.09137   0.05524   0.14588   0.14507   0.00043   0.11754   0.19819   3.02810   0.84911   0.27290   0.22540   1.55121  
 46  0.0003  12202.532192  x:  0.17824   0.03479   0.01535   0.02103   0.00458   0.01490   0.00114   0.00114   0.00685   0.01832   0.02273   0.03562   0.12698   0.36765   0.17264   0.14340   0.04691   0.00839   0.02610   0.22698   0.09137   0.05524   0.14588   0.14507   0.00043   0.11754   0.19819   3.02810   0.84911   0.27290   0.22540   1.55121  
 47  0.0003  12202.532192  x:  0.17824   0.03479   0.01535   0.02103   0.00458   0.01490   0.00114   0.00114   0.00685   0.01832   0.02273   0.03562   0.12698   0.36765   0.17264   0.14340   0.04691   0.00839   0.02610   0.22698   0.09137   0.05524   0.14588   0.14507   0.00043   0.11754   0.19819   3.02810   0.84911   0.27290   0.22540   1.55121  
 48  0.0002  12202.532192  x:  0.17824   0.03479   0.01535   0.02103   0.00458   0.01490   0.00114   0.00114   0.00685   0.01832   0.02273   0.03562   0.12698   0.36765   0.17264   0.14340   0.04691   0.00839   0.02610   0.22698   0.09137   0.05524   0.14588   0.14507   0.00043   0.11754   0.19819   3.02810   0.84911   0.27290   0.22540   1.55121  
check convergence!


Model 7: beta

TREE # 1

  0  0.0000  12657.229089  x:  0.15077   0.02620   0.00832   0.02972   0.00604   0.01459   0.00194   0.00249   0.00797   0.01819   0.01426   0.03890   0.12530   0.29326   0.16217   0.13866   0.03411   0.00201   0.01514   0.18325   0.08411   0.05624   0.14512   0.14882   0.00000   0.12821   0.17416   3.02810   0.25988   1.76622  
  1 99.0000  12646.510611  x:  0.15079   0.02631   0.00900   0.02858   0.00487   0.01404   0.00020   0.00039   0.00698   0.01758   0.01487   0.03817   0.12496   0.29340   0.16191   0.13835   0.03437   0.00328   0.01542   0.18338   0.08379   0.05570   0.14475   0.14833   0.00039   0.12751   0.17405   3.02799   0.26487   1.76554  
  2 2092.2360  12644.123602  x:  0.15080   0.02634   0.00920   0.02822   0.00452   0.01388   0.00040   0.00008   0.00668   0.01740   0.01506   0.03795   0.12486   0.29345   0.16183   0.13825   0.03445   0.00364   0.01550   0.18342   0.08369   0.05553   0.14464   0.14817   0.00050   0.12729   0.17402   3.02795   0.26643   1.76532  
  3 11469.6877  12616.159105  x:  0.15090   0.02674   0.01160   0.02400   0.00044   0.01190   0.00103   0.00030   0.00318   0.01522   0.01729   0.03528   0.12363   0.29397   0.16086   0.13711   0.03541   0.00796   0.01652   0.18393   0.08250   0.05353   0.14330   0.14634   0.00188   0.12472   0.17364   3.02752   0.28489   1.76279  
  4 49367.4113  12592.982608  x:  0.15099   0.02715   0.01391   0.01975   0.00220   0.01004   0.00146   0.00044   0.00055   0.01316   0.01946   0.03258   0.12237   0.29450   0.15987   0.13593   0.03637   0.01196   0.01751   0.18445   0.08130   0.05150   0.14191   0.14444   0.00307   0.12206   0.17324   3.02707   0.30382   1.76018  
  5 24024.8489  12534.511267  x:  0.15133   0.02861   0.02176   0.00503   0.00600   0.00394   0.00273   0.00085   0.00509   0.00625   0.02692   0.02320   0.11794   0.29641   0.15639   0.13179   0.03976   0.02541   0.02091   0.18629   0.07708   0.04440   0.13702   0.13774   0.00687   0.11271   0.17184   3.02549   0.37031   1.75096  
  6 51285.0649  12455.900344  x:  0.15198   0.03176   0.03304   0.01361   0.00984   0.04055   0.00430   0.00133   0.00930   0.02461   0.03757   0.01096   0.10842   0.30115   0.14892   0.12297   0.04636   0.03967   0.02567   0.19081   0.06925   0.03172   0.12595   0.12255   0.00472   0.09208   0.16871   3.02171   0.51721   1.72932  
  7 7492.3088  12423.729809  x:  0.15220   0.03262   0.03033   0.01727   0.00988   0.04013   0.00428   0.00133   0.00949   0.02455   0.03583   0.02594   0.10710   0.30273   0.14788   0.12179   0.04714   0.03465   0.02516   0.19231   0.06985   0.03452   0.12401   0.11986   0.00000   0.08935   0.16843   3.02065   0.55006   1.72354  
  8 3250.2575  12377.337739  x:  0.15318   0.03317   0.00821   0.02750   0.00837   0.03084   0.00324   0.00103   0.00855   0.02285   0.02135   0.01972   0.10715   0.30715   0.14834   0.12262   0.04673   0.00316   0.02086   0.19632   0.07691   0.04992   0.12310   0.11866   0.00117   0.09279   0.16996   3.01806   0.60672   1.71055  
  9 2242.1523  12373.159144  x:  0.15393   0.03292   0.01079   0.03280   0.00872   0.02794   0.00326   0.00106   0.00893   0.02462   0.01527   0.02115   0.10880   0.30916   0.15011   0.12467   0.04563   0.00257   0.02101   0.19790   0.08036   0.05367   0.12551   0.12214   0.01052   0.09834   0.17172   3.01703   0.61619   1.70592  
 10 804.7595  12367.484769  x:  0.15653   0.03205   0.01298   0.03966   0.00907   0.02212   0.00357   0.00113   0.00929   0.02822   0.01380   0.01860   0.11487   0.31503   0.15648   0.13178   0.04225   0.00838   0.02316   0.20215   0.08835   0.05752   0.13449   0.13458   0.00321   0.11334   0.17686   3.01417   0.62809   1.69362  
 11 546.0292  12363.834987  x:  0.15954   0.03156   0.01546   0.03839   0.00903   0.02320   0.00349   0.00111   0.00930   0.02886   0.02195   0.01959   0.12058   0.32096   0.16244   0.13823   0.04043   0.00297   0.02304   0.20588   0.09225   0.05444   0.14230   0.14502   0.00367   0.12484   0.18193   3.01117   0.63507   1.68098  
 12 616.1363  12361.644280  x:  0.16238   0.03157   0.01009   0.03404   0.00906   0.02773   0.00350   0.00112   0.00927   0.02751   0.02020   0.02141   0.12457   0.32607   0.16665   0.14244   0.04062   0.00429   0.02153   0.20869   0.09267   0.05020   0.14728   0.15126   0.00496   0.13013   0.18579   3.00839   0.63809   1.66924  
 13 485.4580  12360.393156  x:  0.16463   0.03161   0.01261   0.03121   0.00892   0.03007   0.00344   0.00110   0.00912   0.02603   0.01560   0.02139   0.12675   0.33011   0.16910   0.14460   0.04146   0.00257   0.01983   0.21064   0.09156   0.04790   0.14970   0.15382   0.00323   0.13091   0.18821   3.00595   0.63880   1.65889  
 14 433.8416  12352.701754  x:  0.18217   0.02985   0.01435   0.03474   0.00913   0.03009   0.00353   0.00113   0.00930   0.02263   0.01929   0.02015   0.13701   0.36601   0.18192   0.15237   0.04926   0.00512   0.01169   0.22629   0.07712   0.05976   0.15779   0.15487   0.00437   0.11265   0.20423   2.98055   0.63122   1.55001  
 15 314.9631  12345.241092  x:  0.19473   0.02703   0.01296   0.03189   0.00885   0.02579   0.00341   0.00109   0.00908   0.03118   0.01762   0.02069   0.14269   0.40146   0.18971   0.15432   0.04679   0.00217   0.03177   0.23986   0.07140   0.05927   0.16246   0.15109   0.00570   0.09693   0.21532   2.95018   0.62014   1.41802  
 16 1236.4614  12303.461786  x:  0.21919   0.02819   0.01468   0.03126   0.00846   0.02205   0.00331   0.00106   0.00863   0.03116   0.01947   0.01956   0.14079   0.53296   0.19217   0.13225   0.00000   0.00625   0.02290   0.26832   0.10864   0.03573   0.14051   0.11821   0.00683   0.08482   0.22896   2.80244   0.56428   0.76297  
 17 1579.3708  12275.466766  x:  0.23094   0.03423   0.01696   0.02531   0.00832   0.02694   0.00330   0.00105   0.00841   0.02829   0.02131   0.01943   0.13220   0.59237   0.18532   0.11743   0.01328   0.00763   0.03007   0.27323   0.12010   0.03925   0.12795   0.11015   0.00624   0.09766   0.22456   2.72024   0.53284   0.39099  
 18 5107.5767  12271.771037  x:  0.22241   0.02919   0.01595   0.02827   0.00824   0.02339   0.00325   0.00104   0.00837   0.02959   0.02086   0.01930   0.12972   0.59003   0.18390   0.12115   0.01041   0.00702   0.02758   0.26823   0.11053   0.03524   0.13144   0.12039   0.00665   0.09286   0.21961   2.70633   0.52887   0.32581  
 19 592.4008  12271.157324  x:  0.21786   0.03332   0.01643   0.02615   0.00823   0.02479   0.00325   0.00104   0.00834   0.02983   0.02091   0.01929   0.13186   0.58539   0.18520   0.12476   0.00850   0.00718   0.02775   0.26728   0.11136   0.03833   0.13428   0.11949   0.00679   0.09025   0.21994   2.70305   0.52828   0.31400  
 20 163.7333  12270.743278  x:  0.21379   0.03438   0.01638   0.02714   0.00823   0.02399   0.00325   0.00104   0.00835   0.02991   0.02097   0.01918   0.13479   0.57983   0.18734   0.12838   0.01196   0.00724   0.02745   0.26756   0.11414   0.03632   0.13651   0.11586   0.00688   0.08826   0.22210   2.69978   0.52778   0.30598  
 21 140.7542  12270.568808  x:  0.21209   0.03102   0.01662   0.02663   0.00825   0.02488   0.00326   0.00104   0.00836   0.02915   0.02098   0.01922   0.13613   0.57543   0.18858   0.12889   0.01216   0.00740   0.02785   0.26925   0.11440   0.03725   0.13616   0.11384   0.00676   0.08874   0.22478   2.69716   0.52766   0.30281  
 22 70.7323  12270.318320  x:  0.21229   0.03248   0.01653   0.02682   0.00823   0.02418   0.00326   0.00104   0.00835   0.02995   0.02093   0.01921   0.13817   0.56569   0.19026   0.12638   0.01192   0.00738   0.02766   0.27471   0.11197   0.03672   0.13283   0.11360   0.00657   0.09022   0.23111   2.69036   0.52739   0.29887  
 23 58.5676  12270.189551  x:  0.21446   0.03245   0.01660   0.02721   0.00826   0.02476   0.00326   0.00104   0.00837   0.02866   0.02100   0.01915   0.13711   0.56026   0.19054   0.12452   0.01217   0.00730   0.02814   0.27787   0.11425   0.03669   0.13327   0.11593   0.00666   0.08810   0.23266   2.68406   0.52722   0.29781  
 24 41.3762  12270.086760  x:  0.21699   0.03182   0.01657   0.02598   0.00822   0.02430   0.00325   0.00104   0.00833   0.03066   0.02097   0.01931   0.13560   0.55667   0.19068   0.12437   0.01236   0.00730   0.02686   0.27975   0.11510   0.03695   0.13468   0.11584   0.00668   0.08764   0.23218   2.67695   0.52718   0.29774  
 25 49.4009  12269.840558  x:  0.22248   0.03214   0.01647   0.02709   0.00824   0.02429   0.00326   0.00104   0.00835   0.02945   0.02096   0.01924   0.13307   0.55006   0.19097   0.12635   0.01089   0.00732   0.02708   0.28266   0.11346   0.03631   0.13820   0.11301   0.00668   0.08895   0.22912   2.65720   0.52724   0.29873  
 26 84.3228  12268.786834  x:  0.22623   0.03086   0.01655   0.02690   0.00824   0.02440   0.00325   0.00104   0.00835   0.02947   0.02097   0.01928   0.14086   0.53873   0.19025   0.13591   0.01118   0.00746   0.02792   0.28317   0.11311   0.03681   0.12932   0.11570   0.00686   0.08781   0.21933   2.56139   0.52796   0.30917  
 27 82.7920  12267.183817  x:  0.21487   0.03122   0.01646   0.02703   0.00822   0.02425   0.00325   0.00104   0.00835   0.02948   0.02085   0.01933   0.14459   0.53122   0.18472   0.12786   0.01316   0.00729   0.02719   0.27502   0.10879   0.03789   0.13853   0.11667   0.00662   0.08894   0.22416   2.41459   0.52934   0.32730  
 28 231.1104  12266.911559  x:  0.21152   0.03233   0.01642   0.02698   0.00822   0.02434   0.00325   0.00104   0.00835   0.02939   0.02086   0.01938   0.13606   0.53098   0.18931   0.13077   0.01370   0.00730   0.02756   0.27251   0.10848   0.03814   0.13653   0.11740   0.00651   0.08927   0.22847   2.39222   0.52943   0.33037  
 29 75.7879  12265.808897  x:  0.21243   0.03179   0.01633   0.02720   0.00822   0.02414   0.00324   0.00103   0.00835   0.02939   0.02082   0.01949   0.13943   0.52344   0.21353   0.11851   0.01415   0.00720   0.02792   0.26284   0.10704   0.03881   0.13691   0.11738   0.00661   0.08928   0.21988   2.39842   0.53148   0.33174  
 30  3.1408  12228.484069  x:  0.19532   0.03231   0.01590   0.02791   0.00802   0.02350   0.00302   0.00098   0.00829   0.02619   0.02071   0.02410   0.13856   0.34077   0.18496   0.14655   0.03307   0.00658   0.02973   0.21992   0.07721   0.05105   0.14967   0.13647   0.00333   0.10150   0.22317   2.72194   0.57395   0.36999  
 31 27.6401  12227.077012  x:  0.17879   0.03400   0.01601   0.02760   0.00800   0.02387   0.00301   0.00098   0.00828   0.02569   0.02075   0.02425   0.13497   0.33861   0.18764   0.14508   0.03649   0.00662   0.02885   0.24114   0.07466   0.05165   0.15159   0.13817   0.00340   0.10334   0.21118   2.73502   0.57473   0.37267  
 32 93.0595  12219.088949  x:  0.17563   0.03737   0.01570   0.02567   0.00737   0.02234   0.00264   0.00089   0.00772   0.02105   0.02217   0.02807   0.12225   0.37582   0.16745   0.14442   0.04471   0.00704   0.02908   0.22302   0.09184   0.05594   0.14819   0.14527   0.00164   0.11777   0.18712   2.82870   0.56052   0.32977  
 33  0.1479  12215.922392  x:  0.16842   0.03584   0.01452   0.02431   0.00640   0.01530   0.00202   0.00075   0.00695   0.02065   0.02251   0.03224   0.12355   0.35118   0.16702   0.14163   0.04826   0.00723   0.02455   0.21985   0.09803   0.05413   0.14351   0.14521   0.00183   0.11668   0.19582   2.91571   0.55003   0.35217  
 34  0.0784  12214.709812  x:  0.17464   0.03557   0.01528   0.01960   0.00571   0.01560   0.00158   0.00066   0.00637   0.01724   0.02273   0.03496   0.12432   0.35603   0.16918   0.13885   0.04877   0.00818   0.02538   0.22021   0.09122   0.05262   0.14056   0.14369   0.00192   0.11722   0.19514   2.91529   0.53086   0.33705  
 35  0.0301  12214.407350  x:  0.17634   0.03551   0.01527   0.02028   0.00546   0.01342   0.00142   0.00064   0.00622   0.01803   0.02272   0.03543   0.12527   0.36229   0.17078   0.14010   0.04841   0.00821   0.02566   0.22346   0.08924   0.05361   0.14224   0.14308   0.00181   0.11670   0.19447   2.89625   0.52308   0.32780  
 36  0.0323  12214.119702  x:  0.17439   0.03558   0.01585   0.01982   0.00523   0.01446   0.00127   0.00065   0.00617   0.01749   0.02277   0.03576   0.12707   0.36164   0.17264   0.14373   0.04793   0.00843   0.02651   0.22800   0.09114   0.05429   0.14686   0.14286   0.00177   0.11533   0.19603   2.85669   0.51045   0.31506  
 37  0.0332  12213.499611  x:  0.17167   0.03594   0.01618   0.02031   0.00444   0.01450   0.00084   0.00071   0.00600   0.01844   0.02280   0.03676   0.12309   0.35990   0.16839   0.14473   0.04718   0.00884   0.02583   0.21778   0.08925   0.05718   0.14767   0.14395   0.00205   0.11365   0.19617   2.83776   0.46123   0.28162  
 38  0.0152  12212.584610  x:  0.17946   0.03549   0.01534   0.02310   0.00371   0.01556   0.00079   0.00093   0.00611   0.01863   0.02248   0.03688   0.12503   0.35934   0.17102   0.14100   0.04503   0.00897   0.02509   0.22315   0.09291   0.05779   0.14373   0.14569   0.00153   0.11519   0.19549   2.88258   0.38392   0.23299  
 39  0.0454  12212.163864  x:  0.17673   0.03544   0.01504   0.02238   0.00365   0.01606   0.00102   0.00107   0.00623   0.01956   0.02243   0.03656   0.12642   0.36055   0.17153   0.14027   0.04567   0.00887   0.02558   0.22466   0.09151   0.05601   0.14275   0.14527   0.00137   0.11684   0.19513   2.91259   0.35018   0.19422  
 40  0.0575  12211.911731  x:  0.17249   0.03538   0.01479   0.02174   0.00371   0.01585   0.00120   0.00116   0.00630   0.01906   0.02240   0.03634   0.12670   0.36259   0.17150   0.14155   0.04644   0.00852   0.02588   0.22457   0.08985   0.05390   0.14389   0.14412   0.00148   0.11696   0.19510   2.93449   0.33049   0.18985  
 41  0.0359  12211.771999  x:  0.17380   0.03538   0.01482   0.02176   0.00378   0.01504   0.00125   0.00121   0.00636   0.01784   0.02250   0.03609   0.12547   0.35822   0.17063   0.14286   0.04743   0.00809   0.02612   0.22435   0.09002   0.05354   0.14514   0.14320   0.00169   0.11681   0.19491   2.93155   0.31132   0.17299  
 42  0.0251  12211.698546  x:  0.17561   0.03539   0.01525   0.02079   0.00404   0.01480   0.00130   0.00125   0.00650   0.01867   0.02256   0.03562   0.12525   0.35832   0.17100   0.14288   0.04780   0.00789   0.02589   0.22360   0.09091   0.05404   0.14560   0.14328   0.00168   0.11641   0.19520   2.92132   0.30513   0.17007  
 43  0.0108  12211.663166  x:  0.17475   0.03529   0.01539   0.02116   0.00430   0.01482   0.00130   0.00126   0.00665   0.01822   0.02247   0.03522   0.12591   0.36086   0.17132   0.14222   0.04801   0.00782   0.02572   0.22294   0.09064   0.05491   0.14512   0.14390   0.00164   0.11608   0.19558   2.91921   0.30413   0.16899  
 44  0.0035  12211.642635  x:  0.17419   0.03523   0.01534   0.02076   0.00444   0.01485   0.00118   0.00125   0.00674   0.01819   0.02239   0.03535   0.12617   0.35938   0.17094   0.14218   0.04811   0.00795   0.02570   0.22424   0.09038   0.05495   0.14462   0.14450   0.00164   0.11612   0.19494   2.92434   0.29995   0.16603  
 45  0.0040  12211.634459  x:  0.17472   0.03529   0.01523   0.02097   0.00456   0.01486   0.00112   0.00124   0.00681   0.01823   0.02240   0.03541   0.12568   0.35949   0.17129   0.14238   0.04775   0.00801   0.02583   0.22377   0.09049   0.05468   0.14492   0.14432   0.00163   0.11622   0.19538   2.92661   0.30106   0.16694  
 46  0.0018  12211.633530  x:  0.17465   0.03529   0.01524   0.02098   0.00458   0.01484   0.00112   0.00124   0.00682   0.01826   0.02243   0.03544   0.12588   0.35973   0.17107   0.14237   0.04770   0.00800   0.02579   0.22359   0.09053   0.05461   0.14500   0.14407   0.00160   0.11627   0.19524   2.92579   0.29991   0.16594  
 47  0.0014  12211.633091  x:  0.17459   0.03530   0.01523   0.02098   0.00459   0.01484   0.00112   0.00123   0.00683   0.01824   0.02244   0.03549   0.12580   0.35965   0.17106   0.14227   0.04769   0.00796   0.02577   0.22368   0.09054   0.05461   0.14492   0.14391   0.00162   0.11632   0.19515   2.92464   0.30056   0.16668  
 48  0.0007  12211.632343  x:  0.17459   0.03529   0.01522   0.02095   0.00459   0.01487   0.00112   0.00122   0.00683   0.01825   0.02243   0.03562   0.12571   0.35970   0.17124   0.14227   0.04763   0.00792   0.02579   0.22374   0.09051   0.05468   0.14486   0.14397   0.00162   0.11634   0.19533   2.92463   0.29968   0.16575  
 49  0.0004  12211.631294  x:  0.17473   0.03528   0.01522   0.02099   0.00460   0.01486   0.00114   0.00119   0.00684   0.01824   0.02241   0.03571   0.12593   0.35953   0.17103   0.14245   0.04761   0.00791   0.02582   0.22361   0.09050   0.05470   0.14497   0.14417   0.00160   0.11626   0.19524   2.92579   0.29965   0.16591  
 50  0.0005  12211.629948  x:  0.17458   0.03532   0.01523   0.02098   0.00461   0.01481   0.00115   0.00116   0.00683   0.01825   0.02241   0.03564   0.12576   0.35988   0.17117   0.14228   0.04768   0.00797   0.02575   0.22366   0.09057   0.05460   0.14504   0.14414   0.00165   0.11617   0.19517   2.92679   0.29878   0.16522  
 51  0.0005  12211.629230  x:  0.17462   0.03530   0.01523   0.02098   0.00460   0.01485   0.00114   0.00114   0.00683   0.01825   0.02242   0.03553   0.12578   0.35964   0.17109   0.14228   0.04770   0.00800   0.02578   0.22368   0.09051   0.05464   0.14493   0.14405   0.00159   0.11627   0.19525   2.92576   0.29863   0.16518  
 52  0.0006  12211.629169  x:  0.17463   0.03528   0.01522   0.02098   0.00459   0.01486   0.00114   0.00113   0.00683   0.01825   0.02242   0.03551   0.12583   0.35964   0.17111   0.14234   0.04770   0.00798   0.02579   0.22365   0.09052   0.05465   0.14494   0.14404   0.00161   0.11628   0.19523   2.92571   0.29862   0.16516  
 53  0.0001  12211.629162  x:  0.17462   0.03529   0.01523   0.02098   0.00459   0.01485   0.00114   0.00113   0.00682   0.01825   0.02243   0.03551   0.12582   0.35965   0.17111   0.14234   0.04769   0.00797   0.02579   0.22366   0.09052   0.05464   0.14495   0.14405   0.00161   0.11629   0.19524   2.92588   0.29863   0.16517  
 54  0.0001  12211.629161  x:  0.17463   0.03529   0.01523   0.02098   0.00459   0.01485   0.00114   0.00113   0.00683   0.01825   0.02242   0.03551   0.12582   0.35965   0.17111   0.14233   0.04769   0.00797   0.02579   0.22366   0.09052   0.05464   0.14495   0.14405   0.00161   0.11629   0.19523   2.92589   0.29863   0.16517  
 55  0.0000  12211.629161  x:  0.17463   0.03529   0.01523   0.02098   0.00459   0.01485   0.00114   0.00113   0.00683   0.01825   0.02242   0.03551   0.12582   0.35965   0.17111   0.14233   0.04769   0.00797   0.02579   0.22366   0.09052   0.05464   0.14495   0.14405   0.00161   0.11629   0.19523   2.92588   0.29863   0.16517  
 56  0.0000  12211.629161  x:  0.17463   0.03529   0.01523   0.02098   0.00459   0.01485   0.00114   0.00113   0.00683   0.01825   0.02242   0.03551   0.12582   0.35965   0.17111   0.14234   0.04769   0.00797   0.02579   0.22366   0.09052   0.05464   0.14495   0.14405   0.00161   0.11629   0.19523   2.92587   0.29863   0.16517  
 57  0.0000  12211.629161  x:  0.17463   0.03529   0.01523   0.02098   0.00459   0.01485   0.00114   0.00113   0.00683   0.01825   0.02242   0.03551   0.12582   0.35965   0.17111   0.14233   0.04768   0.00797   0.02579   0.22366   0.09052   0.05464   0.14495   0.14405   0.00161   0.11629   0.19523   2.92587   0.29864   0.16518  
 58  0.0000  12211.629160  x:  0.17463   0.03529   0.01523   0.02098   0.00459   0.01485   0.00114   0.00113   0.00683   0.01825   0.02243   0.03551   0.12582   0.35965   0.17110   0.14233   0.04769   0.00797   0.02579   0.22366   0.09052   0.05464   0.14495   0.14405   0.00161   0.11629   0.19523   2.92589   0.29864   0.16518  
 59  0.0000  12211.629160  x:  0.17463   0.03529   0.01523   0.02098   0.00459   0.01485   0.00114   0.00113   0.00683   0.01825   0.02242   0.03551   0.12582   0.35965   0.17111   0.14233   0.04769   0.00797   0.02579   0.22366   0.09052   0.05464   0.14495   0.14405   0.00161   0.11629   0.19523   2.92588   0.29864   0.16518  
 60  0.0000  12211.629160  x:  0.17463   0.03529   0.01523   0.02098   0.00459   0.01485   0.00114   0.00113   0.00683   0.01825   0.02242   0.03551   0.12582   0.35965   0.17111   0.14233   0.04769   0.00797   0.02579   0.22366   0.09052   0.05464   0.14495   0.14405   0.00161   0.11629   0.19523   2.92587   0.29864   0.16518  
 61  0.0000  12211.629160  x:  0.17463   0.03529   0.01523   0.02098   0.00459   0.01485   0.00114   0.00113   0.00683   0.01825   0.02242   0.03551   0.12582   0.35965   0.17111   0.14233   0.04769   0.00797   0.02579   0.22366   0.09052   0.05464   0.14495   0.14405   0.00161   0.11629   0.19523   2.92587   0.29864   0.16518  
 62  0.0000  12211.629160  x:  0.17463   0.03529   0.01523   0.02098   0.00459   0.01485   0.00114   0.00113   0.00683   0.01825   0.02242   0.03551   0.12582   0.35965   0.17111   0.14233   0.04769   0.00797   0.02579   0.22366   0.09052   0.05464   0.14495   0.14405   0.00161   0.11629   0.19523   2.92587   0.29864   0.16518  

Model 8: beta&w>1

TREE # 1

  0  0.0000  12252.309502  x:  0.14936   0.02621   0.00787   0.03137   0.00709   0.01523   0.00282   0.00352   0.00921   0.01867   0.01496   0.03838   0.12469   0.29190   0.16015   0.13869   0.03448   0.00310   0.01483   0.18205   0.08362   0.05633   0.14484   0.14829   0.00000   0.12683   0.17306   2.92587   0.90000   0.72833   1.19168   2.32763  
  1 99.0000  12247.363088  x:  0.14982   0.02678   0.00943   0.03029   0.00570   0.01489   0.00050   0.00092   0.00806   0.01831   0.01598   0.03798   0.12459   0.29240   0.16019   0.13867   0.03519   0.00498   0.01599   0.18263   0.08370   0.05613   0.14479   0.14808   0.00030   0.12642   0.17333   2.92587   0.89962   0.72876   1.19144   2.32754  
  2 1339.4136  12246.236654  x:  0.15009   0.02712   0.01020   0.02964   0.00499   0.01470   0.00115   0.00033   0.00747   0.01812   0.01655   0.03774   0.12453   0.29270   0.16021   0.13865   0.03561   0.00583   0.01663   0.18298   0.08375   0.05601   0.14475   0.14794   0.00044   0.12617   0.17349   2.92587   0.89939   0.72903   1.19129   2.32748  
  3 1763.2639  12243.427218  x:  0.15109   0.02834   0.01289   0.02726   0.00259   0.01405   0.00193   0.00128   0.00541   0.01743   0.01857   0.03685   0.12430   0.29381   0.16030   0.13861   0.03712   0.00878   0.01893   0.18426   0.08392   0.05556   0.14460   0.14743   0.00091   0.12523   0.17408   2.92587   0.89854   0.73000   1.19075   2.32726  
  4 4732.9304  12240.257557  x:  0.15371   0.03126   0.01622   0.02122   0.00757   0.01313   0.00243   0.00171   0.00553   0.01648   0.02230   0.03452   0.12369   0.29694   0.16055   0.13852   0.04083   0.01116   0.02340   0.18773   0.08441   0.05441   0.14400   0.14588   0.00022   0.12259   0.17564   2.92586   0.89614   0.73279   1.18918   2.32665  
  5 985.7132  12239.644020  x:  0.15409   0.03157   0.01618   0.02057   0.00733   0.01320   0.00241   0.00170   0.00597   0.01648   0.02252   0.03425   0.12359   0.29745   0.16059   0.13852   0.04128   0.01084   0.02374   0.18826   0.08449   0.05427   0.14388   0.14563   0.00000   0.12219   0.17589   2.92586   0.89574   0.73326   1.18892   2.32654  
  6 765.7588  12237.535210  x:  0.15683   0.03327   0.01478   0.01816   0.00677   0.01381   0.00214   0.00149   0.00329   0.01704   0.02284   0.03294   0.12283   0.30162   0.16099   0.13851   0.04415   0.00733   0.02491   0.19248   0.08514   0.05336   0.14282   0.14367   0.00000   0.11925   0.17789   2.92585   0.89240   0.73723   1.18669   2.32565  
  7 1006.8019  12231.210950  x:  0.16944   0.03629   0.01595   0.03045   0.00647   0.01110   0.00230   0.00155   0.00385   0.01873   0.01919   0.03355   0.11868   0.32459   0.16324   0.13847   0.05302   0.00821   0.02502   0.21415   0.08825   0.05053   0.13731   0.13489   0.00000   0.10632   0.18906   2.92589   0.87356   0.76024   1.17368   2.32024  
  8 622.4387  12229.093646  x:  0.17306   0.03425   0.01378   0.03087   0.00682   0.01791   0.00251   0.00166   0.00384   0.01697   0.01966   0.03577   0.11769   0.33477   0.16451   0.13878   0.05192   0.01229   0.02320   0.22217   0.08932   0.05153   0.13617   0.13341   0.00000   0.10471   0.19346   2.92601   0.86498   0.77172   1.16713   2.31730  
  9 614.4513  12225.100057  x:  0.17710   0.02743   0.01118   0.02549   0.00654   0.01263   0.00262   0.00168   0.00380   0.01639   0.02262   0.04059   0.11783   0.35402   0.16742   0.14008   0.04281   0.01499   0.01873   0.23440   0.09079   0.05613   0.13674   0.13474   0.00000   0.10872   0.20051   2.92645   0.84846   0.79588   1.15319   2.31064  
 10 635.6251  12222.629733  x:  0.17909   0.02643   0.01907   0.02459   0.00647   0.01477   0.00271   0.00172   0.00391   0.01956   0.02221   0.04116   0.12019   0.36812   0.16983   0.14155   0.03454   0.01145   0.01970   0.24053   0.09107   0.05889   0.13987   0.13874   0.00000   0.11574   0.20423   2.92705   0.83649   0.81613   1.14136   2.30450  
 11 637.6338  12220.150049  x:  0.18086   0.03250   0.01666   0.02752   0.00615   0.01442   0.00273   0.00170   0.00391   0.01555   0.02021   0.03709   0.12568   0.38138   0.17258   0.14376   0.03071   0.01137   0.02532   0.24179   0.09061   0.05946   0.14645   0.14653   0.00000   0.12617   0.20567   2.92810   0.82562   0.83947   1.12748   2.29650  
 12 478.5394  12219.029189  x:  0.18175   0.03458   0.01444   0.02855   0.00610   0.01480   0.00282   0.00175   0.00399   0.02084   0.02200   0.03656   0.12909   0.38703   0.17406   0.14524   0.03404   0.01326   0.02515   0.23927   0.09057   0.05859   0.15027   0.15126   0.00000   0.13093   0.20509   2.92898   0.82137   0.85295   1.11927   2.29120  
 13 399.5021  12217.633984  x:  0.18252   0.03394   0.01667   0.02886   0.00602   0.01493   0.00282   0.00173   0.00400   0.01803   0.02396   0.03941   0.13330   0.39215   0.17600   0.14753   0.04289   0.01180   0.02065   0.23245   0.09145   0.05687   0.15467   0.15658   0.00000   0.13405   0.20295   2.93059   0.81806   0.87219   1.10727   2.28273  
 14 355.2175  12216.508453  x:  0.18090   0.02866   0.01682   0.02712   0.00608   0.01473   0.00287   0.00176   0.00395   0.01840   0.01879   0.03968   0.13488   0.39206   0.17717   0.14912   0.04583   0.01272   0.02428   0.22431   0.09370   0.05743   0.15662   0.15722   0.00000   0.12945   0.20050   2.93293   0.81938   0.89185   1.09446   2.27239  
 15 197.1170  12214.775874  x:  0.17663   0.02769   0.01625   0.02975   0.00595   0.01487   0.00281   0.00172   0.00390   0.01798   0.02479   0.03701   0.13564   0.38707   0.17780   0.15030   0.04210   0.01160   0.02643   0.21117   0.09595   0.05921   0.15566   0.15378   0.00000   0.11835   0.19676   2.93784   0.82605   0.92767   1.07053   2.25189  
 16 340.5469  12213.247370  x:  0.17395   0.03558   0.01683   0.02670   0.00606   0.01438   0.00285   0.00175   0.00383   0.01848   0.02128   0.03812   0.13419   0.37893   0.17644   0.14913   0.03838   0.01358   0.02200   0.20395   0.09390   0.05814   0.15119   0.14885   0.00000   0.11380   0.19465   2.94302   0.83608   0.96070   1.04788   2.23131  
 17 389.7238  12210.873198  x:  0.17136   0.03296   0.01609   0.02747   0.00622   0.01443   0.00276   0.00172   0.00387   0.01805   0.02202   0.03920   0.12538   0.35993   0.17035   0.14308   0.04108   0.01256   0.02545   0.20628   0.08543   0.05377   0.14197   0.14140   0.00000   0.12263   0.19381   2.95264   0.86038   1.01305   1.01056   2.19478  
 18 326.6835  12210.372106  x:  0.17129   0.03262   0.01646   0.02759   0.00634   0.01448   0.00276   0.00173   0.00389   0.01796   0.02139   0.03534   0.12434   0.35459   0.16901   0.14198   0.04271   0.01280   0.02313   0.21078   0.08864   0.05738   0.14240   0.14313   0.00000   0.12360   0.19400   2.95530   0.86779   1.02343   1.00228   2.18543  
 19 171.6735  12210.120771  x:  0.17127   0.03368   0.01613   0.02781   0.00643   0.01452   0.00273   0.00173   0.00390   0.01809   0.02171   0.03832   0.12517   0.35127   0.16882   0.14213   0.04258   0.01231   0.02392   0.21523   0.09127   0.05775   0.14495   0.14587   0.00000   0.12229   0.19432   2.95722   0.87267   1.02789   0.99774   2.17925  
 20 111.9405  12210.030383  x:  0.17127   0.03291   0.01616   0.02770   0.00650   0.01452   0.00273   0.00173   0.00390   0.01805   0.02163   0.03751   0.12626   0.35028   0.16952   0.14308   0.04181   0.01238   0.02310   0.21728   0.09049   0.05533   0.14663   0.14711   0.00000   0.12101   0.19475   2.95845   0.87427   1.02843   0.99581   2.17571  
 21 50.2097  12209.934492  x:  0.17197   0.03277   0.01605   0.02783   0.00666   0.01457   0.00270   0.00173   0.00394   0.01807   0.02152   0.03770   0.12823   0.35039   0.17134   0.14511   0.04218   0.01214   0.02300   0.21827   0.08749   0.05747   0.14766   0.14632   0.00000   0.12048   0.19539   2.96168   0.87448   1.02530   0.99255   2.16721  
 22 24.7015  12209.283550  x:  0.17544   0.03203   0.01506   0.02842   0.00773   0.01490   0.00252   0.00174   0.00420   0.01821   0.02107   0.03800   0.13269   0.35519   0.17732   0.14982   0.04076   0.01073   0.02273   0.21762   0.09341   0.05573   0.14594   0.14127   0.00000   0.12477   0.19793   2.98918   0.86680   0.99311   0.96634   2.09542  
 23 62.7298  12207.615521  x:  0.17819   0.03152   0.01340   0.02905   0.00939   0.01529   0.00217   0.00171   0.00458   0.01825   0.02012   0.03858   0.12735   0.36815   0.17398   0.14214   0.03923   0.00758   0.02203   0.21633   0.09028   0.05701   0.14529   0.15174   0.00000   0.12115   0.19847   3.06027   0.83736   0.90807   0.89787   1.90860  
 24 301.8936  12206.353926  x:  0.16997   0.03216   0.01438   0.02827   0.00822   0.01504   0.00235   0.00170   0.00443   0.01818   0.02064   0.03840   0.12829   0.37015   0.16861   0.14301   0.04146   0.00913   0.02155   0.22317   0.09115   0.05693   0.15505   0.14272   0.00000   0.12163   0.19415   3.11445   0.81001   0.84122   0.84424   1.76132  
 25 224.0673  12205.647173  x:  0.17264   0.03216   0.01551   0.02761   0.00681   0.01478   0.00259   0.00170   0.00423   0.01814   0.02138   0.03837   0.13019   0.36692   0.17311   0.14832   0.04203   0.01071   0.02329   0.22513   0.09172   0.05711   0.14708   0.14801   0.00000   0.12111   0.19751   3.14389   0.79579   0.80335   0.81442   1.67757  
 26 239.9131  12205.590197  x:  0.17641   0.03189   0.01564   0.02752   0.00663   0.01476   0.00262   0.00170   0.00421   0.01814   0.02151   0.03838   0.13004   0.36611   0.17429   0.14610   0.04142   0.01089   0.02326   0.22391   0.09177   0.05716   0.14901   0.14742   0.00000   0.12121   0.19939   3.14533   0.79513   0.80023   0.81218   1.67040  
 27 31.6890  12205.570784  x:  0.17663   0.03174   0.01568   0.02748   0.00659   0.01474   0.00262   0.00170   0.00420   0.01813   0.02151   0.03835   0.13108   0.36725   0.17557   0.14427   0.04129   0.01097   0.02329   0.22439   0.09170   0.05713   0.14841   0.14727   0.00000   0.12109   0.19756   3.14006   0.79587   0.79925   0.81232   1.66647  
 28  4.0553  12205.567657  x:  0.17661   0.03175   0.01568   0.02748   0.00658   0.01474   0.00262   0.00170   0.00420   0.01813   0.02152   0.03835   0.13105   0.36738   0.17563   0.14422   0.04129   0.01098   0.02330   0.22439   0.09170   0.05712   0.14840   0.14726   0.00028   0.12109   0.19751   3.13910   0.79595   0.79911   0.81236   1.66583  
 29 25.4618  12205.418612  x:  0.17504   0.03238   0.01574   0.02728   0.00641   0.01471   0.00262   0.00168   0.00422   0.01812   0.02158   0.03831   0.12745   0.37329   0.17683   0.14535   0.04136   0.01104   0.02332   0.22351   0.09170   0.05708   0.14924   0.14717   0.00012   0.12105   0.19858   3.08978   0.79966   0.79190   0.81453   1.63395  
 30 77.1144  12205.276729  x:  0.17611   0.03186   0.01567   0.02713   0.00643   0.01473   0.00259   0.00167   0.00429   0.01812   0.02154   0.03827   0.13160   0.37215   0.17166   0.14564   0.04126   0.01088   0.02344   0.22336   0.09169   0.05708   0.14819   0.14694   0.00015   0.12074   0.20022   3.04167   0.79679   0.78570   0.81603   1.60440  
 31 77.5415  12205.180119  x:  0.17719   0.03199   0.01549   0.02717   0.00657   0.01480   0.00254   0.00167   0.00436   0.01815   0.02147   0.03832   0.12984   0.36627   0.17371   0.14661   0.04125   0.01059   0.02337   0.22450   0.09176   0.05712   0.14878   0.14699   0.00027   0.12088   0.19775   3.00901   0.78996   0.78204   0.81664   1.58524  
 32 59.9994  12205.170169  x:  0.17582   0.03209   0.01548   0.02717   0.00659   0.01481   0.00254   0.00167   0.00437   0.01815   0.02146   0.03832   0.13011   0.36547   0.17478   0.14563   0.04164   0.01052   0.02337   0.22456   0.09179   0.05712   0.14877   0.14702   0.00026   0.12087   0.19896   3.00630   0.78907   0.78182   0.81684   1.58367  
 33  9.9393  12202.798255  x:  0.17621   0.03414   0.01549   0.02092   0.00376   0.01486   0.00181   0.00125   0.00626   0.01802   0.02215   0.03591   0.12751   0.35804   0.17229   0.14432   0.04557   0.00814   0.02527   0.22876   0.09127   0.05535   0.14666   0.14418   0.00059   0.11765   0.19714   3.04718   0.76541   0.85474   1.02830   1.55784  
 34  0.5932  12202.611655  x:  0.17751   0.03451   0.01553   0.02051   0.00378   0.01484   0.00165   0.00119   0.00641   0.01813   0.02243   0.03578   0.12727   0.36527   0.17256   0.14419   0.04587   0.00834   0.02569   0.22808   0.09146   0.05533   0.14642   0.14465   0.00061   0.11733   0.19792   3.01962   0.78199   0.80720   0.89950   1.64521  
 35  0.6594  12202.424277  x:  0.17799   0.03472   0.01500   0.02058   0.00485   0.01493   0.00125   0.00113   0.00671   0.01827   0.02248   0.03554   0.12683   0.36547   0.17231   0.14354   0.04651   0.00771   0.02573   0.22805   0.09139   0.05516   0.14622   0.14517   0.00069   0.11734   0.19783   3.02996   0.77016   0.83556   0.97752   1.61984  
 36  0.2802  12202.361148  x:  0.17830   0.03502   0.01519   0.02128   0.00463   0.01493   0.00106   0.00107   0.00689   0.01839   0.02290   0.03547   0.12685   0.36706   0.17243   0.14341   0.04709   0.00829   0.02600   0.22760   0.09144   0.05514   0.14606   0.14541   0.00062   0.11752   0.19805   3.03433   0.75593   0.85355   1.03550   1.58142  
 37  0.0582  12202.328914  x:  0.17813   0.03488   0.01559   0.02105   0.00457   0.01487   0.00119   0.00114   0.00696   0.01835   0.02281   0.03575   0.12707   0.36662   0.17253   0.14366   0.04695   0.00875   0.02589   0.22741   0.09144   0.05521   0.14607   0.14506   0.00046   0.11772   0.19822   3.03498   0.74017   0.89890   1.14274   1.55414  
 38  0.0653  12202.296799  x:  0.17820   0.03475   0.01557   0.02087   0.00451   0.01488   0.00112   0.00115   0.00701   0.01825   0.02277   0.03566   0.12716   0.36765   0.17261   0.14385   0.04664   0.00837   0.02598   0.22748   0.09149   0.05524   0.14611   0.14463   0.00048   0.11757   0.19831   3.02781   0.72372   0.97158   1.30649   1.54197  
 39  0.0853  12202.274304  x:  0.17861   0.03477   0.01514   0.02118   0.00461   0.01495   0.00117   0.00117   0.00686   0.01833   0.02272   0.03556   0.12699   0.36966   0.17270   0.14350   0.04653   0.00827   0.02600   0.22730   0.09154   0.05528   0.14612   0.14543   0.00060   0.11742   0.19832   3.02669   0.71962   1.01828   1.41626   1.53516  
 40  0.0600  12202.265111  x:  0.17857   0.03480   0.01518   0.02112   0.00459   0.01493   0.00114   0.00117   0.00683   0.01836   0.02272   0.03561   0.12695   0.36904   0.17263   0.14342   0.04668   0.00830   0.02597   0.22722   0.09149   0.05525   0.14603   0.14543   0.00058   0.11746   0.19829   3.02892   0.70908   1.06657   1.53238   1.51346  
 41  0.1313  12202.254105  x:  0.17837   0.03485   0.01545   0.02091   0.00454   0.01486   0.00111   0.00114   0.00676   0.01835   0.02277   0.03574   0.12700   0.36746   0.17256   0.14355   0.04697   0.00840   0.02590   0.22726   0.09145   0.05520   0.14595   0.14501   0.00049   0.11756   0.19830   3.03270   0.70404   1.11533   1.65062   1.51164  
 42  0.0842  12202.247808  x:  0.17836   0.03481   0.01541   0.02109   0.00457   0.01490   0.00115   0.00115   0.00677   0.01831   0.02284   0.03556   0.12709   0.36816   0.17265   0.14362   0.04682   0.00844   0.02604   0.22735   0.09148   0.05525   0.14609   0.14503   0.00048   0.11752   0.19832   3.02716   0.69471   1.17117   1.79573   1.49574  
 43  0.0770  12202.244510  x:  0.17841   0.03481   0.01533   0.02103   0.00460   0.01492   0.00115   0.00113   0.00682   0.01831   0.02279   0.03557   0.12702   0.36854   0.17264   0.14352   0.04673   0.00841   0.02608   0.22730   0.09147   0.05524   0.14605   0.14517   0.00050   0.11750   0.19829   3.02675   0.69351   1.18901   1.85217   1.49349  
 44  0.0389  12202.242172  x:  0.17843   0.03481   0.01533   0.02100   0.00459   0.01491   0.00114   0.00112   0.00686   0.01832   0.02276   0.03563   0.12700   0.36827   0.17261   0.14347   0.04676   0.00839   0.02605   0.22726   0.09145   0.05523   0.14600   0.14520   0.00050   0.11754   0.19829   3.02880   0.68600   1.23315   1.96893   1.48425  
 45  0.1195  12202.241435  x:  0.17837   0.03480   0.01539   0.02107   0.00457   0.01489   0.00115   0.00112   0.00687   0.01833   0.02277   0.03564   0.12705   0.36787   0.17261   0.14353   0.04682   0.00837   0.02600   0.22724   0.09145   0.05523   0.14601   0.14507   0.00048   0.11756   0.19829   3.02919   0.68324   1.25021   2.02220   1.48029  
 46  0.0351  12202.241103  x:  0.17836   0.03479   0.01535   0.02101   0.00457   0.01489   0.00115   0.00113   0.00687   0.01833   0.02275   0.03562   0.12702   0.36803   0.17260   0.14350   0.04680   0.00840   0.02599   0.22719   0.09144   0.05523   0.14600   0.14510   0.00049   0.11752   0.19827   3.02800   0.68137   1.26029   2.05600   1.47652  
 47  0.0196  12202.241016  x:  0.17837   0.03480   0.01535   0.02104   0.00458   0.01490   0.00114   0.00113   0.00685   0.01833   0.02276   0.03562   0.12702   0.36805   0.17260   0.14349   0.04680   0.00839   0.02601   0.22721   0.09144   0.05523   0.14600   0.14512   0.00049   0.11754   0.19827   3.02832   0.68086   1.26238   2.06416   1.47644  
 48  0.0061  12202.241001  x:  0.17837   0.03480   0.01536   0.02104   0.00458   0.01490   0.00114   0.00113   0.00685   0.01833   0.02277   0.03562   0.12702   0.36802   0.17260   0.14349   0.04680   0.00838   0.02601   0.22721   0.09144   0.05523   0.14600   0.14511   0.00049   0.11754   0.19827   3.02841   0.68045   1.26424   2.06992   1.47559  
 49  0.0065  12202.240999  x:  0.17837   0.03480   0.01536   0.02103   0.00457   0.01490   0.00114   0.00114   0.00685   0.01833   0.02276   0.03562   0.12702   0.36801   0.17260   0.14349   0.04680   0.00839   0.02601   0.22720   0.09144   0.05523   0.14600   0.14511   0.00049   0.11754   0.19827   3.02840   0.68062   1.26294   2.06652   1.47580  
 50  0.0033  12202.240999  x:  0.17837   0.03480   0.01536   0.02103   0.00457   0.01490   0.00114   0.00114   0.00685   0.01833   0.02276   0.03562   0.12702   0.36801   0.17260   0.14349   0.04680   0.00839   0.02601   0.22720   0.09144   0.05523   0.14600   0.14511   0.00049   0.11754   0.19827   3.02839   0.68066   1.26258   2.06548   1.47587  
 51  0.0012  12202.240999  x:  0.17837   0.03480   0.01536   0.02103   0.00457   0.01490   0.00114   0.00114   0.00685   0.01833   0.02276   0.03562   0.12702   0.36801   0.17260   0.14349   0.04680   0.00839   0.02601   0.22720   0.09144   0.05523   0.14600   0.14511   0.00049   0.11754   0.19827   3.02839   0.68068   1.26241   2.06500   1.47590  
 52  0.0011  12202.240999  x:  0.17837   0.03480   0.01536   0.02103   0.00457   0.01490   0.00114   0.00114   0.00685   0.01833   0.02276   0.03562   0.12702   0.36801   0.17260   0.14349   0.04680   0.00839   0.02601   0.22720   0.09144   0.05523   0.14600   0.14511   0.00049   0.11754   0.19827   3.02839   0.68068   1.26241   2.06500   1.47590  