     1    771    236


 1

     1      1    -3.9472461196   0.019307800000      14.8863  --C-------------
     2      1    -2.7801597100   0.062028600000      47.8241  --K-------------
     3      1    -2.4509806984   0.086209000000      66.4671  --L-------------
     4      1    -3.2419039485   0.039089400000      30.1379  --N-------------
     5      2    -2.4461333444   0.086627900000      66.7901  -A--------------
     6      1    -2.4858855287   0.083251800000      64.1871  -G--------------
     7      1    -2.7801597100   0.062028600000      47.8241  -K--------------
     8      1    -3.9372023615   0.019502700000      15.0366  -M--------------
     9      1    -3.2419039485   0.039089400000      30.1379  -N--------------
    10      1    -2.6661710056   0.069517900000      53.5983  -S--------------
    11      1    -3.0035229448   0.049611979870      38.2508  AAAAAAAA-AAAAAAA
    12     35    -3.0139408306   0.049097810855      37.8544  AAAAAAAAAAAAAAAA
    13      1    -8.4458242147   0.000214795485       0.1656  AAAAAAAAAAAAAAGA
    14      1   -11.6756927564   0.000008497889       0.0066  AAAAAAAAAAATTAAA
    15      1   -10.1537116594   0.000038931313       0.0300  AAAAAAAAAGAAAAAA
    16      1   -21.6382086319   0.000000000401       0.0000  AAAAAAAAASAAAADE
    17      1    -9.2868555135   0.000092633889       0.0714  AAAAAAVAAAAAAAAA
    18      1   -14.9024529435   0.000000337246       0.0003  AAAAATAAAAAAAAAT
    19      1    -9.3021644339   0.000091226564       0.0703  AAAAPAAAAAAAAAAA
    20      1   -22.5072847844   0.000000000168       0.0000  AAAATPTAAAAAAAPA
    21      1   -15.5652169726   0.000000173825       0.0001  AAASSAASSSSSSSSS
    22      1    -7.9618641988   0.000348502833       0.2687  AAATAAAAAAAAAAAA
    23      1    -7.4888779216   0.000559270153       0.4312  AAGGGGGGGGGGGGGG
    24      1   -28.4295036528   0.000000000000       0.0000  AAMVVVVMMVVVVVVV
    25      1   -13.6581622435   0.000001170403       0.0009  AARRRRRRRRRRRRRK
    26      2    -7.1640858072   0.000773886135       0.5967  AASSSSSSSSSSSSSS
    27      1   -12.6573665031   0.000003184018       0.0025  AATTTAATTTTTTTTT
    28      1   -20.8690900311   0.000000000864       0.0000  AATTTTTTITTTTTIT
    29      1   -27.1839423680   0.000000000002       0.0000  AAVVAAAMMMMMMMSV
    30      1   -19.9186294176   0.000000002236       0.0000  ADDEAAADDDDDDDDD
    31      1    -8.9095272640   0.000135095683       0.1042  AEEEEEEEEEEEEEEE
    32      1   -25.8999080885   0.000000000006       0.0000  AMSASAAAAAAAAAAD
    33      1   -25.7476691679   0.000000000007       0.0000  ANGDDHHDDDDDDDDD
    34      1   -12.0336195077   0.000005941081       0.0046  AVIVVVVVVVVVVVVV
    35      1   -26.6630798523   0.000000000003       0.0000  AVTTLLLMMMMMMMTT
    36      1   -13.0657019200   0.000002116595       0.0016  AVVAVVVVVVVVVVVV
    37      1    -4.1911550777   0.015128799838      11.6643  CCCCCCCC-CCCCCCC
    38     10    -4.1957030666   0.015060150451      11.6114  CCCCCCCCCCCCCCCC
    39      1   -11.3193949272   0.000012135264       0.0094  CGGGGGGGGGGGGGGG
    40      2    -3.3570699588   0.034837183935      26.8595  DDDDDDDD-DDDDDDD
    41     23    -3.3662962498   0.034517244134      26.6128  DDDDDDDDDDDDDDDD
    42      2    -7.7380376917   0.000435926158       0.3361  DDDDDDDDDDDDDDDE
    43      1    -7.7248200757   0.000441726310       0.3406  DDDDDEEDDDDDDDDD
    44      1    -7.0891748404   0.000834085335       0.6431  DDEEEEEEEEEEEEEE
    45      1   -26.6519818501   0.000000000003       0.0000  DDEGSDDDDDDDDDGS
    46      1   -13.3956203658   0.000001521794       0.0012  DDTAAAAAAAAAAAAA
    47      1   -17.3391952745   0.000000029491       0.0000  DEEEDDEEEEEEEEEE
    48      1    -7.9493289986   0.000352898881       0.2721  DEEEEEEEEEEEEEEE
    49      1   -12.6248225924   0.000003289343       0.0025  EAQQQQQQQQQQQQQQ
    50      2    -7.7354613209   0.000437050713       0.3370  EDEEEEEEEEEEEEEE
    51      1   -28.9378696864   0.000000000000       0.0000  EDRKKKKKKKKKKKVT
    52      1   -20.3382955120   0.000000001470       0.0000  EEDIDDDDDDDDDDDE
    53      1   -10.6430472146   0.000023866203       0.0184  EEE-DDDDDDDDDDDD
    54      1   -15.5812067873   0.000000171068       0.0001  EEEDDDEEEEEEEEDD
    55      1    -8.7743917421   0.000154642935       0.1192  EEEEEAAEEEEEEEEE
    56      1   -17.3009002343   0.000000030642       0.0000  EEEEEEEDEEEEEEDD
    57      1    -8.5736459591   0.000189022225       0.1457  EEEEEEEDEEEEEEEE
    58      1    -3.4628518162   0.031340257800      24.1633  EEEEEEEE-EEEEEEE
    59      1    -7.8220271019   0.000400808379       0.3090  EEEEEEEEEEEEEEDE
    60     50    -3.4743838786   0.030980915949      23.8863  EEEEEEEEEEEEEEEE
    61      1    -8.6046970169   0.000183243073       0.1413  EEEEEEEEEEEEEEKE
    62      1   -11.2705731316   0.000012742431       0.0098  EEEEEEEEVEEEEEEE
    63      1    -9.3590957540   0.000086177990       0.0664  EEEEEEEKEEEEEEEE
    64      1   -23.1008670730   0.000000000093       0.0000  EEQDEAEEEEEEEEEQ
    65      1   -26.7620089626   0.000000000002       0.0000  EETASSSGGGGGGGGG
    66      1   -42.6400794072   0.000000000000       0.0000  EGAGRRRAEGGGGGEG
    67      1   -16.4590877108   0.000000071106       0.0001  EKQQQQQQQQQQQQEQ
    68      1    -8.3043175768   0.000247446150       0.1908  EQEEEEEEEEEEEEEE
    69     25    -3.6219381916   0.026730816806      20.6095  FFFFFFFFFFFFFFFF
    70      1    -9.0537041624   0.000116957006       0.0902  FFFFFFFLLLLLLLFF
    71      1   -20.9546324720   0.000000000793       0.0000  FFLLQLLFFFFFFFLL
    72      1   -20.9720591764   0.000000000780       0.0000  GG--AAAIIIIIIIAV
    73      1   -25.8371968984   0.000000000006       0.0000  GGADGEKG------GG
    74      1    -7.5067541540   0.000549361340       0.4236  GGAGGGGGGGGGGGGG
    75      1    -9.0065115489   0.000122608826       0.0945  GGEEEEEEEEEEEEEE
    76      1   -25.1000729552   0.000000000013       0.0000  GGGGDSNSSSSSSSGG
    77      1   -16.7197100785   0.000000054793       0.0000  GGGGEEGGGGGGGGGG
    78      4    -2.7345929763   0.064920425876      50.0536  GGGGGGGG-GGGGGGG
    79      1    -8.1843391336   0.000278988740       0.2151  GGGGGGGGGGGGGGGA
    80     27    -2.7392352524   0.064619745795      49.8218  GGGGGGGGGGGGGGGG
    81      1   -10.5620036045   0.000025880944       0.0200  GGGGGGGGSSSSSSGG
    82      1    -8.0403433372   0.000322198308       0.2484  GGGSGGGGGGGGGGGG
    83      1   -25.1897251529   0.000000000011       0.0000  GLP-LLLLLLLLLLPL
    84      1   -14.9385132069   0.000000325302       0.0003  GRQRRRRRRRRRRRRR
    85     14    -4.2173359153   0.014737855146      11.3629  HHHHHHHHHHHHHHHH
    86      1   -17.7102050882   0.000000020350       0.0000  HHHHHPPHHHHHHHHP
    87      1    -9.7849880561   0.000056290315       0.0434  HHHHYHHHHHHHHHHH
    88      1   -17.6272525971   0.000000022110       0.0000  HHQHCHHHHHHHHHHH
    89      4    -3.6411180558   0.026223008782      20.2179  IIIIIIII-IIIIIII
    90     30    -3.6526133288   0.025923294088      19.9869  IIIIIIIIIIIIIIII
    91      1    -8.7056034753   0.000165654962       0.1277  IIIIIVIIIIIIIIII
    92      1   -15.2197906108   0.000000245544       0.0002  IIIIIVIIIIVIIIII
    93      1    -7.5574759861   0.000522191601       0.4026  IIIIIVVIIIIIIIII
    94      2    -7.1575850561   0.000778933364       0.6006  IIIVIIIIIIIIIIII
    95      1   -11.3814361991   0.000011405257       0.0088  IIIVVVVIIIIIIIII
    96      1   -12.9281876812   0.000002428619       0.0019  IITIVVVIIIIIIIII
    97      1   -18.7085429878   0.000000007499       0.0000  IITSSSSAAAAAAASS
    98      1    -6.8965569619   0.001011261253       0.7797  IIVIIIIIIIIIIIII
    99      1   -11.0722456086   0.000015537632       0.0120  IIVVVIIVVVVVVVVV
   100      3    -3.3411440998   0.035396437491      27.2907  KKKKKKKK-KKKKKKK
   101     31    -3.3516307852   0.035027185683      27.0060  KKKKKKKKKKKKKKKK
   102      1    -8.1034484988   0.000302494187       0.2332  KKKKKKKKKKKKKKRK
   103      1    -8.8546635325   0.000142714628       0.1100  KKKKKKKRKKKKKKKK
   104      2    -8.1148496202   0.000299064999       0.2306  KKKKKRRKKKKKKKKK
   105      1    -7.7124365301   0.000447230458       0.3448  KKKRKKKKKKKKKKKK
   106      1    -8.2114937956   0.000271514831       0.2093  KKNNNNNNNNNNNNNN
   107      1   -13.0418668589   0.000002167650       0.0017  KKQKRRRKKKKKKKKK
   108      1   -14.7714373300   0.000000384456       0.0003  KPEKKKKKKKKKKKKK
   109      1    -8.4446050240   0.000215057521       0.1658  LLLLLLLIIIIIIILL
   110      3    -2.8130534146   0.060021441961      46.2765  LLLLLLLL-LLLLLLL
   111     64    -2.8198230378   0.059616491640      45.9643  LLLLLLLLLLLLLLLL
   112      1   -17.4716769264   0.000000025831       0.0000  LLLSLLLLLLLLLLSM
   113      1    -7.8512067808   0.000389281907       0.3001  LLMLLLLLLLLLLLLL
   114      1    -9.1113634902   0.000110404078       0.0851  LLQQQQQQQQQQQQQQ
   115      1    -9.3677230533   0.000085437704       0.0659  LLSSSSSSSSSSSSSS
   116      1    -8.4052783177   0.000223683530       0.1725  LMLLLLLLLLLLLLLL
   117      1   -34.5307690414   0.000000000000       0.0000  LRPVSAAPPPPPPPVA
   118      1   -22.4890671165   0.000000000171       0.0000  LSLPLLLLLLLLLLLF
   119      1   -22.8027053000   0.000000000125       0.0000  LVATATTTTTTTTTTT
   120      1   -40.8943071853   0.000000000000       0.0000  MITTEMMKKKKKKKKE
   121      1    -8.1164037928   0.000298600561       0.2302  MMLMMMMMMMMMMMMM
   122      1   -19.4187940903   0.000000003686       0.0000  MMLTTTTMMMMMMMMM
   123      9    -4.6106226715   0.009945623523       7.6681  MMMMMMMMMMMMMMMM
   124      1   -35.3426224620   0.000000000000       0.0000  MMVAAVAVVVVVVGVV
   125      1   -14.9403494755   0.000000324705       0.0003  MVMMMMLMMMMMMMMM
   126      1   -13.4792306256   0.000001399731       0.0011  NNDDDDDDDDDDDDGD
   127      1    -9.2068609943   0.000100348544       0.0774  NNNNNNNDNNNNNNNN
   128      1    -3.9671434794   0.018927422561      14.5930  NNNNNNNN-NNNNNNN
   129     21    -3.9806904792   0.018672741745      14.3967  NNNNNNNNNNNNNNNN
   130      1    -9.3229349358   0.000089351285       0.0689  NNNNNNNSNNNNNNNN
   131      1    -8.5859427808   0.000186712085       0.1440  NNNNNSSNNNNNNNNN
   132      1   -12.4942291544   0.000003748221       0.0029  NNSKNNNNNNNNNNNN
   133      1    -7.9138179874   0.000365655843       0.2819  NNSNNNNNNNNNNNNN
   134      1   -13.2496971038   0.000001760880       0.0014  NNSNNNNSNNNNNNNN
   135      1    -7.8170859131   0.000402793750       0.3106  NNSSSSSS-SSSSSSS
   136      1   -29.5925720480   0.000000000000       0.0000  NSDSSAASSSSSSSGG
   137      1    -8.7162998910   0.000163892490       0.1264  PAPPPPPPPPPPPPPP
   138      1   -18.3739209475   0.000000010479       0.0000  PP-TGSSSSSSSSSSS
   139      1    -8.3975111941   0.000225427672       0.1738  PPPAPPPPPPPPPPPP
   140      1    -3.3769329400   0.034152040624      26.3312  PPPPPPPP------PP
   141      1   -12.8333280563   0.000002670278       0.0021  PPPPPPPPPPPPPPPC
   142     26    -3.3928290360   0.033613448604      25.9160  PPPPPPPPPPPPPPPP
   143      1   -18.0848137302   0.000000013992       0.0000  PPPPPPPPPTPPPPPL
   144      1   -13.0398724625   0.000002171978       0.0017  PPPPPPPPTPTTTTPP
   145      1    -8.5088356755   0.000201678507       0.1555  PPPSPPPPPPPPPPPP
   146      1    -8.4128924494   0.000221986842       0.1712  PPS-SSSSSSSSSSSS
   147      1   -28.7872677262   0.000000000000       0.0000  PPSIIVVIIIIIIIVV
   148      1   -11.3771786931   0.000011453918       0.0088  PPSPPPPSSSSSSSPP
   149      1    -9.4177476770   0.000081268857       0.0627  PSSSSSSSSSSSSSSS
   150      1    -8.5187778965   0.000199683310       0.1540  QEEEEEEEEEEEEEEE
   151      1   -13.7033270813   0.000001118718       0.0009  QPEEEEEEEEEEEEEE
   152      1    -7.9054530179   0.000368727371       0.2843  QQKKKKKKKKKKKKKK
   153      1   -17.2484989823   0.000000032290       0.0000  QQQQQQPQEQQQQQQQ
   154      3    -3.9933285458   0.018438239342      14.2159  QQQQQQQQ-QQQQQQQ
   155     20    -4.0061985552   0.018202459526      14.0341  QQQQQQQQQQQQQQQQ
   156      1    -8.9150839032   0.000134347087       0.1036  QQQRQQQQQQQQQQQQ
   157      1    -3.1242022113   0.043972000000      33.9024  R---------------
   158      1    -8.2329399693   0.000265753872       0.2049  RKKKKKKKKKKKKKKK
   159      1   -40.7568401551   0.000000000000       0.0000  RKMREGGGRRRRRRGR
   160      1   -11.9787503806   0.000006276172       0.0048  RKRKRRRRRRRRRRRR
   161      1    -9.4628035164   0.000077688484       0.0599  RQQQQQQQQQQQQQQQ
   162      1   -28.3254446910   0.000000000000       0.0000  RREGEDDGGGGGGGGE
   163      1    -9.1649667297   0.000104641877       0.0807  RRHHHHHHHHHHHHHH
   164      1    -8.7293701967   0.000161764304       0.1247  RRRQRRRRRRRRRRRR
   165      1    -3.6107458191   0.027031678604      20.8414  RRRRRRRR-RRRRRRR
   166      1   -11.7381458738   0.000007983402       0.0062  RRRRRRRRRRQRRRRR
   167     29    -3.6198334939   0.026787136343      20.6529  RRRRRRRRRRRRRRRR
   168      1   -13.8326517364   0.000000983005       0.0008  RRRSRRRKKKKKKKRR
   169      1   -15.1230201683   0.000000270493       0.0002  SNNNNNTNNNNNNNNN
   170      1   -17.5543360147   0.000000023782       0.0000  SRKKKKKKKKKKKKRK
   171      1   -15.7843526808   0.000000139618       0.0001  SS-GFSSSSSSSSSSS
   172      1    -7.0810445595   0.000840894325       0.6483  SSAAAAAAAAAAAAAA
   173      1   -15.9223405691   0.000000121623       0.0001  SSAASAASSSSSSSSS
   174      1   -14.8993826366   0.000000338283       0.0003  SSNISSSSSSSSSSSS
   175      1   -25.9157230658   0.000000000006       0.0000  SSNNHHHSSSSSSSKS
   176      2    -7.8469441958   0.000390944796       0.3014  SSNNNNNNNNNNNNNN
   177      1   -25.8814686834   0.000000000006       0.0000  SSPPPAAPPPPPPPRA
   178      1    -8.2434973625   0.000262962963       0.2027  SSPPPPPPPPPPPPPP
   179      1   -19.6703071783   0.000000002866       0.0000  SSPPPSSSSSSSSSPP
   180      1   -13.1375134716   0.000001969928       0.0015  SSPSSAASSSSSSSSS
   181      1    -8.9135430416   0.000134554257       0.1037  SSRSSSSSSSSSSSSS
   182      1    -9.8537101506   0.000052551856       0.0405  SSSCSSSS-SSSSSSS
   183      1    -7.2516659354   0.000708992269       0.5466  SSSS-AASSSSSSSS-
   184      1    -8.2344284211   0.000265358605       0.2046  SSSSAAASSSSSSSSS
   185      1   -10.5583190295   0.000025976480       0.0200  SSSSCCCSSSSSSSSS
   186      1   -20.7604358244   0.000000000964       0.0000  SSSSHHHSSSSSSSNT
   187      1   -25.8027271792   0.000000000006       0.0000  SSSSHSSNNNNNNNNN
   188      1    -8.8074394976   0.000149615858       0.1154  SSSSNSSSSSSSSSSS
   189      1    -8.8486167163   0.000143580211       0.1107  SSSSSGGSSSSSSSSS
   190      1   -10.4830399075   0.000028007453       0.0216  SSSSSSDSSSSSSSSS
   191      1   -10.3446045422   0.000032165872       0.0248  SSSSSSSRSSSSSSSS
   192      1   -10.0151256696   0.000044718393       0.0345  SSSSSSSSAAAAAASS
   193      1    -9.8597687330   0.000052234428       0.0403  SSSSSSSSNSSSSSSS
   194      1    -7.9043209882   0.000369145018       0.2846  SSSSSSSSSSSSSSAS
   195     34    -3.3734858507   0.034269968895      26.4221  SSSSSSSSSSSSSSSS
   196      1    -9.3168819077   0.000089893771       0.0693  SSSSSSSSTSSSSSSS
   197      1   -23.0765416453   0.000000000095       0.0000  SSTPTAATTTTTTTAT
   198      1   -12.2265929639   0.000004898444       0.0038  SSTSTSSSSSSSSSSS
   199      1    -7.9104246150   0.000366898757       0.2829  STSSSSSSSSSSSSSS
   200      1   -14.4646912490   0.000000522474       0.0004  TATTTATTTTTTTTTT
   201      2    -8.3000047845   0.000248515638       0.1916  TATTTTTTTTTTTTTT
   202      1   -21.8760216081   0.000000000316       0.0000  TMRRRRRRRRRRRRRG
   203      1   -29.7151795473   0.000000000000       0.0000  TPAATTTIIIIIIITS
   204      1   -31.6616296028   0.000000000000       0.0000  TPASPSSTTTTTTTPP
   205      1   -16.5317761173   0.000000066121       0.0001  TTAATTTTTTTTTTST
   206      1   -26.9612237800   0.000000000002       0.0000  TTATAAATTATTTTGT
   207      1    -7.7135176460   0.000446747211       0.3444  TTATTTTTTTTTTTTT
   208      1   -11.3435989398   0.000011845068       0.0091  TTSSTTTTTTTTTTTT
   209      1   -12.4982569115   0.000003733155       0.0029  TTSTATTTTTTTTTTT
   210      1    -7.9796309321   0.000342365755       0.2640  TTTATTTTTTTTTTTT
   211      1   -11.2089175295   0.000013552798       0.0104  TTTSSSSSSSSSSSSS
   212      1   -10.3558765361   0.000031805334       0.0245  TTTTTTITTTTTTTTT
   213      1   -14.1917569754   0.000000686433       0.0005  TTTTTTTIVVVVVVTT
   214      1    -8.3127839990   0.000245360010       0.1892  TTTTTTTSSSSSSSTT
   215      2    -3.3732319973   0.034278669549      26.4289  TTTTTTTT-TTTTTTT
   216     26    -3.3840038577   0.033911406114      26.1457  TTTTTTTTTTTTTTTT
   217      1    -2.6465469066   0.070895600000      54.6605  V---------------
   218      1    -9.7973271918   0.000055600009       0.0429  VEVVVVVVVVVVVVVV
   219      1   -24.6957163989   0.000000000019       0.0000  VIPVVVVLLLLLLLVA
   220      1   -13.7315490562   0.000001087587       0.0008  VIVVVVVV-IIIIIVV
   221      1   -15.7347692558   0.000000146716       0.0001  VMVMVVVVVVVVVVVV
   222      1   -10.3251907319   0.000032796435       0.0253  VVIVIIIIIIIIIIII
   223      1    -7.4856436841   0.000561081894       0.4326  VVLLLLLLLLLLLLLL
   224      1   -31.9543711442   0.000000000000       0.0000  VVPAAVVLLLLLLLVM
   225      1    -8.3592051056   0.000234230448       0.1806  VVVVVLLVVVVVVVVV
   226      1    -7.9007616827   0.000370461259       0.2856  VVVVVVVIIIIIIIVV
   227      1   -13.3887779634   0.000001532243       0.0012  VVVVVVVLVVVVVVIV
   228      1    -7.4662199842   0.000572086712       0.4411  VVVVVVVV-VVVVVIV
   229      1    -3.1868996751   0.041299715194      31.8421  VVVVVVVV-VVVVVVV
   230      1    -9.1722855208   0.000103878821       0.0801  VVVVVVVVVIVVVVVV
   231     32    -3.1970169753   0.040883980180      31.5215  VVVVVVVVVVVVVVVV
   232      5    -4.4794328812   0.011339842369       8.7430  WWWWWWWWWWWWWWWW
   233      1    -9.3116237839   0.000090367688       0.0697  YHYYYYYYYYYYYYYY
   234      1   -14.3466739176   0.000000587921       0.0005  YYHHYHHHHHHHHHHH
   235      1   -16.6711776970   0.000000057517       0.0000  YYTTITTTTTTTTTTT
   236     22    -3.7141087678   0.024377157144      18.7948  YYYYYYYYYYYYYYYY