

TREE # 1

  0  0.0000   4812.926836  x:  0.00000   0.02443   0.01719   0.00385   0.01388   0.01238   0.00723   0.00710   0.01211   0.00571   0.01004   0.04615   0.00973   0.01593   0.05625   0.05285   0.03776   0.04293   0.01052   0.00528   0.02516   0.03007   0.01228   0.01401   0.02702   0.04196   0.00664   0.03730   0.05756  
  1 99.0000   4791.365141  x:  0.02963   0.02432   0.01332   0.00022   0.00852   0.00696   0.00276   0.00167   0.00668   0.00269   0.00531   0.04202   0.00796   0.01581   0.05725   0.05432   0.03673   0.04230   0.00827   0.00286   0.02495   0.03071   0.01166   0.01344   0.02687   0.04088   0.00552   0.03696   0.05696  
  2 4823.1135   4785.016822  x:  0.03256   0.02413   0.01229   0.00406   0.00691   0.00529   0.00167   0.00000   0.00502   0.00227   0.00397   0.04077   0.00758   0.01571   0.05748   0.05474   0.03644   0.04211   0.00745   0.00238   0.02489   0.03087   0.01151   0.01331   0.02685   0.04057   0.00532   0.03686   0.05680  
  3 5071.8655   4770.128904  x:  0.03219   0.02337   0.00973   0.00387   0.00243   0.00065   0.00011   0.00000   0.00037   0.00241   0.00068   0.03734   0.00688   0.01540   0.05803   0.05583   0.03568   0.04161   0.00503   0.00173   0.02474   0.03127   0.01120   0.01302   0.02680   0.03979   0.00513   0.03659   0.05637  
  4 2676.6783   4768.905266  x:  0.03218   0.02332   0.00953   0.00387   0.00207   0.00029   0.00015   0.00000   0.00000   0.00242   0.00044   0.03706   0.00683   0.01538   0.05808   0.05592   0.03562   0.04157   0.00484   0.00168   0.02473   0.03130   0.01117   0.01300   0.02680   0.03972   0.00511   0.03657   0.05634  
  5 40502.9930   4768.194584  x:  0.03217   0.02327   0.00938   0.00387   0.00180   0.00000   0.00015   0.00000   0.00000   0.00242   0.00046   0.03686   0.00679   0.01536   0.05811   0.05599   0.03558   0.04154   0.00470   0.00165   0.02472   0.03132   0.01116   0.01298   0.02680   0.03968   0.00511   0.03655   0.05631  
  6 10650.2616   4765.805132  x:  0.03218   0.02314   0.00904   0.00387   0.00000   0.00000   0.00015   0.00000   0.00000   0.00222   0.00045   0.03558   0.00688   0.01547   0.05830   0.05636   0.03536   0.04138   0.00435   0.00238   0.02470   0.03141   0.01117   0.01298   0.02681   0.03947   0.00535   0.03648   0.05618  
  7 3802.2325   4759.517813  x:  0.03272   0.02240   0.01209   0.00412   0.00000   0.00000   0.00017   0.00000   0.00000   0.00734   0.00047   0.01440   0.00926   0.01954   0.06144   0.06193   0.03261   0.03934   0.00628   0.00377   0.02452   0.03193   0.01262   0.01409   0.02713   0.03679   0.00515   0.03556   0.05425  
  8 1155.6672   4758.081113  x:  0.03225   0.02241   0.01370   0.00400   0.00000   0.00000   0.00017   0.00000   0.00000   0.00442   0.00047   0.00905   0.00883   0.02006   0.06226   0.06320   0.03216   0.03897   0.00767   0.00246   0.02454   0.03188   0.01267   0.01415   0.02716   0.03629   0.00459   0.03541   0.05382  
  9 744.9830   4757.911774  x:  0.03223   0.02218   0.01428   0.00400   0.00000   0.00000   0.00017   0.00000   0.00000   0.00445   0.00047   0.00917   0.00759   0.01964   0.06341   0.06490   0.03161   0.03852   0.00816   0.00230   0.02456   0.03196   0.01223   0.01383   0.02709   0.03566   0.00568   0.03527   0.05323  
 10 91.1840   4757.695809  x:  0.03216   0.02182   0.01472   0.00396   0.00000   0.00000   0.00017   0.00000   0.00000   0.00416   0.00048   0.00999   0.00802   0.01881   0.06542   0.06795   0.03076   0.03779   0.00837   0.00246   0.02460   0.03213   0.01195   0.01361   0.02698   0.03468   0.00459   0.03493   0.05219  
 11 124.4475   4757.464480  x:  0.03219   0.02172   0.01412   0.00393   0.00000   0.00000   0.00017   0.00000   0.00000   0.00392   0.00048   0.01013   0.00899   0.01832   0.06676   0.06974   0.03149   0.03818   0.00770   0.00169   0.02469   0.03209   0.01321   0.01460   0.02677   0.03518   0.00556   0.03516   0.05198  
 12 39.5524   4756.571223  x:  0.03233   0.02229   0.01208   0.00384   0.00000   0.00000   0.00016   0.00000   0.00000   0.00467   0.00050   0.00945   0.00675   0.01775   0.06972   0.07347   0.03470   0.04011   0.00544   0.00238   0.02496   0.03165   0.01426   0.01545   0.02646   0.03805   0.00414   0.03606   0.05228  
 13 109.1531   4755.110008  x:  0.03255   0.02235   0.00873   0.00368   0.00000   0.00000   0.00015   0.00000   0.00000   0.00526   0.00052   0.00857   0.00826   0.01906   0.07169   0.07606   0.03615   0.04111   0.00240   0.00149   0.02479   0.03158   0.01057   0.01247   0.02672   0.03984   0.00480   0.03653   0.05301  
 14 162.3392   4753.589114  x:  0.03269   0.02096   0.00411   0.00350   0.00000   0.00000   0.00015   0.00000   0.00000   0.00556   0.00056   0.00835   0.00739   0.01991   0.07066   0.07561   0.03295   0.03923   0.00177   0.00115   0.02414   0.03265   0.01181   0.01323   0.02738   0.03758   0.00450   0.03549   0.05324  
 15 153.5883   4753.418052  x:  0.03277   0.02061   0.00462   0.00348   0.00000   0.00000   0.00015   0.00000   0.00000   0.00564   0.00056   0.00824   0.00729   0.01941   0.07030   0.07529   0.03252   0.03899   0.00075   0.00115   0.02407   0.03289   0.01199   0.01339   0.02730   0.03713   0.00448   0.03534   0.05320  
 16 186.1375   4753.298667  x:  0.03287   0.01996   0.00460   0.00348   0.00000   0.00000   0.00015   0.00000   0.00000   0.00593   0.00056   0.00778   0.00751   0.01732   0.06967   0.07487   0.03259   0.03908   0.00094   0.00129   0.02408   0.03328   0.01180   0.01333   0.02678   0.03674   0.00450   0.03532   0.05303  
 17 111.2803   4753.290022  x:  0.03288   0.01979   0.00459   0.00348   0.00000   0.00000   0.00015   0.00000   0.00000   0.00592   0.00056   0.00780   0.00749   0.01751   0.06927   0.07500   0.03291   0.03928   0.00094   0.00129   0.02419   0.03354   0.01178   0.01333   0.02638   0.03645   0.00449   0.03537   0.05256  
 18 17.4638   4753.287822  x:  0.03287   0.02002   0.00458   0.00348   0.00000   0.00000   0.00015   0.00000   0.00000   0.00592   0.00056   0.00780   0.00749   0.01745   0.06898   0.07514   0.03295   0.03931   0.00092   0.00128   0.02417   0.03352   0.01177   0.01334   0.02655   0.03642   0.00451   0.03539   0.05229  
 19  6.3784   4753.284582  x:  0.03288   0.01980   0.00460   0.00348   0.00000   0.00000   0.00015   0.00000   0.00000   0.00592   0.00057   0.00781   0.00749   0.01746   0.06860   0.07540   0.03286   0.03926   0.00093   0.00127   0.02409   0.03335   0.01182   0.01326   0.02661   0.03668   0.00450   0.03541   0.05222  
 20  3.6094   4753.268536  x:  0.03287   0.02004   0.00460   0.00347   0.00000   0.00000   0.00015   0.00000   0.00000   0.00590   0.00057   0.00782   0.00748   0.01745   0.06796   0.07595   0.03261   0.03907   0.00091   0.00125   0.02430   0.03340   0.01150   0.01368   0.02618   0.03691   0.00451   0.03536   0.05275  
 21  4.1593   4753.200353  x:  0.03283   0.02060   0.00464   0.00346   0.00000   0.00000   0.00016   0.00000   0.00000   0.00584   0.00058   0.00784   0.00746   0.01733   0.06713   0.07679   0.03266   0.03901   0.00090   0.00122   0.02465   0.03395   0.01227   0.01266   0.02600   0.03649   0.00452   0.03532   0.05413  
 22 12.4200   4752.764650  x:  0.03268   0.01910   0.00485   0.00338   0.00000   0.00000   0.00024   0.00000   0.00000   0.00541   0.00063   0.00807   0.00724   0.01737   0.06618   0.07768   0.03442   0.03993   0.00102   0.00126   0.02318   0.03458   0.01134   0.01373   0.02870   0.03386   0.00443   0.03544   0.05676  
 23 20.9315   4749.996806  x:  0.03141   0.02045   0.00418   0.00284   0.00000   0.00000   0.00071   0.00000   0.00000   0.00322   0.00100   0.00851   0.00644   0.01653   0.07015   0.06906   0.03143   0.03885   0.00094   0.00125   0.02391   0.02854   0.01122   0.01286   0.02446   0.03483   0.00470   0.03410   0.04890  
 24 36.4323   4749.664508  x:  0.03125   0.02007   0.00432   0.00278   0.00000   0.00000   0.00076   0.00000   0.00000   0.00290   0.00105   0.00860   0.00630   0.01652   0.07090   0.06786   0.03040   0.03818   0.00106   0.00118   0.02497   0.03218   0.01104   0.01294   0.02545   0.03725   0.00469   0.03480   0.04728  
 25 120.7216   4749.661385  x:  0.03124   0.02016   0.00432   0.00278   0.00000   0.00000   0.00076   0.00000   0.00000   0.00290   0.00105   0.00860   0.00630   0.01652   0.07091   0.06785   0.03042   0.03805   0.00106   0.00118   0.02458   0.03230   0.01105   0.01292   0.02532   0.03729   0.00469   0.03497   0.04727  
 26 12.0937   4749.660235  x:  0.03124   0.02014   0.00432   0.00278   0.00000   0.00000   0.00076   0.00000   0.00000   0.00290   0.00105   0.00860   0.00630   0.01652   0.07091   0.06784   0.03053   0.03781   0.00106   0.00119   0.02467   0.03225   0.01105   0.01292   0.02534   0.03725   0.00468   0.03516   0.04727  
 27  1.5215   4749.560745  x:  0.03105   0.02017   0.00437   0.00274   0.00000   0.00000   0.00076   0.00000   0.00000   0.00279   0.00106   0.00864   0.00625   0.01649   0.07065   0.06782   0.03190   0.03614   0.00109   0.00119   0.02442   0.03252   0.01102   0.01289   0.02543   0.03747   0.00479   0.03300   0.04731  
 28  0.5555   4747.556433  x:  0.02776   0.02033   0.00489   0.00205   0.00000   0.00000   0.00072   0.00000   0.00000   0.00102   0.00134   0.00936   0.00561   0.01613   0.06708   0.06865   0.02965   0.03595   0.00155   0.00177   0.02429   0.03270   0.01077   0.01257   0.02615   0.03402   0.00493   0.03355   0.04991  
 29  8.4462   4744.437584  x:  0.02082   0.02031   0.00512   0.00070   0.00000   0.00000   0.00074   0.00000   0.00000   0.00257   0.00183   0.01115   0.00564   0.01557   0.06169   0.07063   0.02529   0.03421   0.00206   0.00381   0.02395   0.03468   0.01046   0.01201   0.02741   0.02890   0.00587   0.03343   0.05289  
 30  0.0333   4742.288076  x:  0.01512   0.02042   0.00428   0.00019   0.00000   0.00000   0.00087   0.00000   0.00000   0.00247   0.00180   0.01118   0.00671   0.01567   0.06310   0.07210   0.02876   0.03629   0.00181   0.00449   0.02383   0.03526   0.01028   0.01193   0.02755   0.03189   0.00607   0.03409   0.05399  
 31  0.0140   4739.295787  x:  0.00610   0.02095   0.00346   0.00074   0.00000   0.00000   0.00106   0.00000   0.00000   0.00257   0.00143   0.01072   0.00855   0.01633   0.06611   0.07416   0.03472   0.04009   0.00166   0.00549   0.02379   0.03568   0.01037   0.01220   0.02764   0.03713   0.00629   0.03548   0.05530  
 32  0.0489   4738.173674  x:  0.00223   0.02184   0.00445   0.00071   0.00000   0.00000   0.00112   0.00000   0.00000   0.00256   0.00129   0.00970   0.00793   0.01658   0.06662   0.07291   0.03366   0.03929   0.00244   0.00513   0.02403   0.03501   0.01070   0.01255   0.02728   0.03589   0.00604   0.03533   0.05378  
 33  0.0136   4737.234728  x:  0.00394   0.02258   0.00489   0.00076   0.00000   0.00000   0.00112   0.00000   0.00000   0.00249   0.00115   0.00852   0.00631   0.01640   0.06711   0.07013   0.03050   0.03724   0.00307   0.00359   0.02427   0.03383   0.01091   0.01274   0.02647   0.03351   0.00541   0.03472   0.05096  
 34  0.0115   4736.990845  x:  0.00304   0.02276   0.00399   0.00081   0.00000   0.00000   0.00113   0.00000   0.00000   0.00244   0.00110   0.00917   0.00595   0.01596   0.06658   0.06936   0.02922   0.03676   0.00300   0.00266   0.02417   0.03381   0.01065   0.01243   0.02624   0.03305   0.00525   0.03456   0.05087  
 35  0.0033   4736.904506  x:  0.00295   0.02295   0.00411   0.00090   0.00000   0.00000   0.00113   0.00000   0.00000   0.00246   0.00122   0.00945   0.00664   0.01645   0.06630   0.07018   0.02923   0.03689   0.00295   0.00213   0.02423   0.03391   0.01083   0.01254   0.02630   0.03354   0.00539   0.03463   0.05102  
 36  0.0014   4736.873896  x:  0.00298   0.02280   0.00415   0.00099   0.00000   0.00000   0.00114   0.00000   0.00000   0.00256   0.00128   0.00940   0.00634   0.01651   0.06643   0.07067   0.03003   0.03738   0.00283   0.00210   0.02421   0.03409   0.01077   0.01253   0.02645   0.03402   0.00549   0.03477   0.05139  
 37  0.0010   4736.846372  x:  0.00303   0.02262   0.00405   0.00115   0.00000   0.00000   0.00119   0.00000   0.00000   0.00263   0.00131   0.00915   0.00647   0.01654   0.06681   0.07036   0.02971   0.03708   0.00275   0.00229   0.02420   0.03413   0.01088   0.01263   0.02645   0.03369   0.00537   0.03462   0.05101  
 38  0.0004   4736.836792  x:  0.00305   0.02276   0.00418   0.00123   0.00000   0.00000   0.00121   0.00000   0.00000   0.00263   0.00130   0.00932   0.00640   0.01627   0.06652   0.07014   0.02963   0.03708   0.00281   0.00220   0.02422   0.03400   0.01078   0.01255   0.02638   0.03359   0.00538   0.03467   0.05105  
 39  0.0006   4736.833232  x:  0.00298   0.02284   0.00411   0.00128   0.00000   0.00000   0.00122   0.00000   0.00000   0.00259   0.00128   0.00935   0.00636   0.01647   0.06638   0.07035   0.02959   0.03709   0.00284   0.00222   0.02421   0.03397   0.01078   0.01252   0.02639   0.03363   0.00542   0.03469   0.05120  
 40  0.0003   4736.832378  x:  0.00300   0.02278   0.00413   0.00129   0.00000   0.00000   0.00123   0.00000   0.00000   0.00256   0.00127   0.00934   0.00639   0.01641   0.06645   0.07038   0.02966   0.03712   0.00286   0.00224   0.02420   0.03400   0.01081   0.01255   0.02640   0.03363   0.00542   0.03468   0.05123  
 41  0.0001   4736.832205  x:  0.00300   0.02277   0.00413   0.00129   0.00000   0.00000   0.00124   0.00000   0.00000   0.00254   0.00127   0.00932   0.00638   0.01643   0.06647   0.07035   0.02964   0.03711   0.00286   0.00222   0.02420   0.03401   0.01079   0.01255   0.02641   0.03363   0.00541   0.03468   0.05119  
 42  0.0000   4736.831995  x:  0.00301   0.02279   0.00413   0.00128   0.00000   0.00000   0.00125   0.00000   0.00000   0.00253   0.00128   0.00935   0.00638   0.01642   0.06643   0.07032   0.02965   0.03711   0.00285   0.00224   0.02421   0.03402   0.01079   0.01255   0.02641   0.03365   0.00541   0.03469   0.05119  
 43  0.0000   4736.831815  x:  0.00300   0.02279   0.00413   0.00128   0.00000   0.00000   0.00127   0.00000   0.00000   0.00254   0.00128   0.00933   0.00638   0.01642   0.06645   0.07038   0.02965   0.03711   0.00285   0.00223   0.02420   0.03400   0.01080   0.01254   0.02640   0.03361   0.00541   0.03468   0.05123  
 44  0.0000   4736.831770  x:  0.00301   0.02278   0.00413   0.00128   0.00000   0.00000   0.00127   0.00000   0.00000   0.00255   0.00128   0.00933   0.00638   0.01642   0.06644   0.07036   0.02965   0.03711   0.00285   0.00223   0.02420   0.03400   0.01079   0.01255   0.02641   0.03363   0.00541   0.03468   0.05122  
 45  0.0000   4736.831766  x:  0.00300   0.02278   0.00413   0.00128   0.00000   0.00000   0.00127   0.00000   0.00000   0.00255   0.00128   0.00933   0.00638   0.01642   0.06644   0.07036   0.02965   0.03711   0.00285   0.00223   0.02420   0.03401   0.01079   0.01255   0.02641   0.03363   0.00541   0.03468   0.05122  
 46  0.0000   4736.831766  x:  0.00300   0.02278   0.00413   0.00128   0.00000   0.00000   0.00127   0.00000   0.00000   0.00255   0.00128   0.00933   0.00638   0.01642   0.06644   0.07036   0.02965   0.03711   0.00285   0.00223   0.02420   0.03401   0.01079   0.01255   0.02641   0.03363   0.00541   0.03468   0.05122  
 47  0.0000   4736.831766  x:  0.00300   0.02278   0.00413   0.00128   0.00000   0.00000   0.00127   0.00000   0.00000   0.00255   0.00128   0.00933   0.00638   0.01642   0.06644   0.07036   0.02965   0.03711   0.00285   0.00223   0.02420   0.03401   0.01079   0.01255   0.02641   0.03363   0.00541   0.03468   0.05122  
 48  0.0000   4736.831766  x:  0.00300   0.02278   0.00413   0.00128   0.00000   0.00000   0.00127   0.00000   0.00000   0.00255   0.00128   0.00933   0.00638   0.01642   0.06644   0.07036   0.02965   0.03711   0.00285   0.00223   0.02420   0.03401   0.01079   0.01255   0.02641   0.03363   0.00541   0.03468   0.05122  