     1    342    167


 1

     1      1    -2.8462972665   0.058058900000      19.8561  --------------E-
     2      1    -2.4623864860   0.085231304745      29.1491  ------------AA--
     3      1    -3.9543443248   0.019171234532       6.5566  ------------CC--
     4      2    -2.4931296264   0.082650894967      28.2666  ------------GG--
     5      2    -3.0448228308   0.047604745335      16.2808  ------------II--
     6      1    -3.3242944800   0.035997907040      12.3113  ------------QQ--
     7      1    -9.4317672512   0.000080137452       0.0274  --PPPPPPPLPPPPPP
     8      3    -2.4461333444   0.086627900000      29.6267  A---------------
     9      2    -3.1097555411   0.044611859772      15.2573  AAAAAAAA-AAAAAAA
    10      1    -7.8033381028   0.000408369522       0.1397  AAAAAAAA-AAAAAAS
    11      1    -7.7931025142   0.000412570889       0.1411  AAAAAAAA-VAAAAAA
    12     16    -3.1097600283   0.044611659590      15.2572  AAAAAAAAAAAAAAAA
    13      1    -9.5472818453   0.000071395062       0.0244  AAAAAAAAAAAALLAA
    14      1   -13.7595574453   0.000001057548       0.0004  AAAAAAAAAATAPPAA
    15      1   -18.6121629827   0.000000008257       0.0000  AAAAAAAAAEVVVVAA
    16      1    -9.8174885538   0.000054490262       0.0186  AAAGAAAAAAAAAAAA
    17      1   -13.5541760763   0.000001298662       0.0004  AAASSSSS-AATAAAA
    18      1   -17.2158929642   0.000000033361       0.0000  AASAAAAAASAATTAA
    19      1   -19.8388025440   0.000000002422       0.0000  AATTAAAA-AATTTAA
    20      1    -7.9381190426   0.000356877118       0.1221  AAVVVVVVVAAAAAAA
    21      1    -4.2376655479   0.014441264964       4.9389  CCCCCCCC-CCCCCCC
    22      4    -4.2376674978   0.014441236806       4.9389  CCCCCCCCCCCCCCCC
    23      1   -10.9227472090   0.000018043100       0.0062  CCCCCCCCCYCCCCCC
    24      1   -15.7374585727   0.000000146322       0.0001  CCLLLLLL-LLLLLLV
    25      1    -9.2415556053   0.000096926693       0.0331  D-KKKKKKKKKKKKKK
    26      1    -7.7241718423   0.000442012745       0.1512  DDDDDDDD-DDDDDDE
    27      3    -3.4510442196   0.031712504265      10.8457  DDDDDDDDDDDDDDDD
    28      1    -8.9760365248   0.000126402851       0.0432  DNNNNNNNNNNNNNNN
    29      1    -8.4230246597   0.000219748981       0.0752  EEAAAAAAAEEEEEEE
    30      1    -7.1974249612   0.000748510773       0.2560  EEDDDDDD-DDDDDDD
    31      1    -7.4370286380   0.000589032830       0.2014  EEEEEEEE-EDEEEEE
    32      1    -3.5206762198   0.029579426210      10.1162  EEEEEEEE-EEEEE-E
    33      8    -3.5803426478   0.027866148345       9.5302  EEEEEEEE-EEEEEEE
    34      1    -8.7960895307   0.000151323666       0.0518  EEEEEEEEEEEEEEEA
    35     11    -3.5803476274   0.027866009582       9.5302  EEEEEEEEEEEEEEEE
    36      1   -11.8610862264   0.000007059854       0.0024  EEEEEEEEEEEEEEEM
    37      1    -9.9772290352   0.000046445590       0.0159  EEEEEEEEEEEEEEEV
    38      1    -9.7634666166   0.000057514894       0.0197  EEEEEEEEEEEGEEEE
    39      1    -8.9703373682   0.000127125297       0.0435  EEEQQQQQQEEEEEEE
    40      1    -3.6487175895   0.026024481455       8.9004  FFFFFFFF-FFFFF-F
    41      5    -3.6832208485   0.025141866145       8.5985  FFFFFFFF-FFFFFFF
    42      7    -3.6832237117   0.025141794159       8.5985  FFFFFFFFFFFFFFFF
    43      1    -9.9127261074   0.000049540199       0.0169  FFFFFFFFFFFVFFFF
    44      1    -9.5167841820   0.000073605988       0.0252  GGEGGGGGGGGGGGGG
    45      1   -17.6765522762   0.000000021046       0.0000  GGGGGEEGGRGGGGGG
    46      1    -2.7579275424   0.063423073880      21.6907  GGGGGGGG-GGGGG-G
    47      2    -2.7820074547   0.061914092807      21.1746  GGGGGGGG-GGGGGGG
    48      1    -7.7086434099   0.000448930078       0.1535  GGGGGGGGGGAGGGGG
    49      6    -2.7820094482   0.061913969377      21.1746  GGGGGGGGGGGGGGGG
    50      1   -25.7670531429   0.000000000006       0.0000  GGGGRGGG-GRRRRGG
    51      1   -23.3305661471   0.000000000074       0.0000  GSDDDDDDDEDDGGDD
    52      1    -4.3026794719   0.013532251104       4.6280  HHHHHHHH-HHHHHHH
    53      4    -4.3026834457   0.013532197330       4.6280  HHHHHHHHHHHHHHHH
    54      1    -9.4579444958   0.000078066893       0.0267  HHHHHHHHHHHYHHHH
    55      1    -9.3932450310   0.000083284756       0.0285  HHHHHHHHHRHHHHHH
    56      1   -15.3805844541   0.000000209073       0.0001  HHQQQRRRRHHHHHHH
    57      1   -14.8660861168   0.000000349736       0.0001  HYHHHHHHHHHHHHYH
    58      1    -3.6987173217   0.024755259147       8.4663  IIIIIIII-IIIII-I
    59      2    -3.7581502677   0.023326848919       7.9778  IIIIIIII-IIIIIII
    60      9    -3.7581552398   0.023326732935       7.9777  IIIIIIIIIIIIIIII
    61      1    -9.3320323200   0.000088542108       0.0303  IIIIIIIIIIITIIII
    62      1   -11.5172859130   0.000009956490       0.0034  IIIIIIIIIIVVVVII
    63      1    -8.9722809865   0.000126878454       0.0434  IIIIIIIIIMIIIIII
    64      1    -9.0356460323   0.000119088216       0.0407  IITTTTTTTIIIIIII
    65      1   -23.4730272357   0.000000000064       0.0000  IIVIIIIIIIVVVIVI
    66      1   -17.9281737421   0.000000016364       0.0000  IIVVVVVVVVLVMMVV
    67      1   -14.8788506123   0.000000345301       0.0001  IIVVVVVVVVVVVVII
    68      1    -8.1316293776   0.000294088629       0.1006  K-N-NNNNN-----K-
    69      1    -3.4480583445   0.031807335347      10.8781  KKKKKKKK-KKKKKKK
    70      8    -3.4480628645   0.031807191579      10.8781  KKKKKKKKKKKKKKKK
    71      1    -8.5623956989   0.000191160781       0.0654  KKKKKKKKKKKKKKNK
    72      1    -9.6848952064   0.000062216196       0.0213  KKLLLLLLLLLLLLLL
    73      1   -24.0993468855   0.000000000034       0.0000  KKRQRRRR-QRQQQQQ
    74      1   -24.2745854966   0.000000000029       0.0000  LIIIITTTTVIVVVIV
    75      1   -24.5776582031   0.000000000021       0.0000  LLFSSSSSSPPPPPFP
    76      1    -7.7035096998   0.000451240681       0.1543  LLIIIIIIIIIIIIII
    77      7    -2.8820552885   0.056019508182      19.1587  LLLLLLLL-LLLLLLL
    78     31    -2.8820582086   0.056019344602      19.1586  LLLLLLLLLLLLLLLL
    79      1    -9.5665555675   0.000070032190       0.0240  LLLLLLLLLLLLLLSL
    80      1   -16.8602880368   0.000000047607       0.0000  LLLLLLLLLLLLPPPL
    81      1    -8.1008313008   0.000303286911       0.1037  LLLLLLLLLLLVLLLL
    82      1   -18.7636140635   0.000000007097       0.0000  LLLPLPPPPLLLLLLL
    83      1   -17.1184773549   0.000000036774       0.0000  LLLSSSSS-PLLLLLL
    84      1   -25.9966543300   0.000000000005       0.0000  LLVMMMMM-VVVEEAV
    85      1   -12.5642297508   0.000003494816       0.0012  LVVVVVVVVIVVVVVV
    86      1    -8.9359437373   0.000131573657       0.0450  MLLLLLLLLLLLLLLL
    87      1   -16.6495856210   0.000000058773       0.0000  MMIMTTTTTMMMMMMM
    88      1    -4.7243294695   0.008876663989       3.0358  MMMMMMMM-MMMMMMM
    89      2    -4.7243347635   0.008876616996       3.0358  MMMMMMMMMMMMMMMM
    90      1    -7.7374180891   0.000436196343       0.1492  NNDDDDDD-DDDDDDD
    91      1    -4.1053846803   0.016483676674       5.6374  NNNNNNNN-NNNNNNN
    92      1   -14.7796931471   0.000000381295       0.0001  NNNNNNNNNNNETTNN
    93      7    -4.1053905067   0.016483580632       5.6374  NNNNNNNNNNNNNNNN
    94      1   -13.8260510262   0.000000989515       0.0003  NNNNNNNNNNNSSSKN
    95      1    -8.7138809396   0.000164289418       0.0562  NNSNNNNNNNNNNNNN
    96      1   -13.8776740147   0.000000939729       0.0003  NNSSSSSS-SSSSSSP
    97      1   -10.1889935837   0.000037581690       0.0129  PPPPPPPP-PPPPPPR
    98      1   -14.6750879873   0.000000423341       0.0001  PPPPPPPP-SPPPPLP
    99      1   -11.3954731197   0.000011246280       0.0038  PPPPPPPPPPPPPLPP
   100      3    -3.4449346020   0.031906848618      10.9121  PPPPPPPPPPPPPPPP
   101      2    -8.6157120737   0.000181235716       0.0620  PPPPPPPPPPPPPPSP
   102      1    -8.3820625012   0.000228937275       0.0783  PPPPPPPPPSPPPPPP
   103      1    -8.6071186301   0.000182799866       0.0625  PPSSSSSSSPPPPPPP
   104      1   -26.0716996395   0.000000000005       0.0000  PQRRRRRRRRQQQQRR
   105      1   -14.2072828353   0.000000675858       0.0002  QHQQQQQQQQKQQQQQ
   106      1    -8.5939012874   0.000185232033       0.0633  QQEQQQQQ-QQQQQQQ
   107      3    -4.1246887878   0.016168525648       5.5296  QQQQQQQQ-QQQQQQQ
   108      1    -9.0902518677   0.000112759664       0.0386  QQQQQQQQ-QQQQQRQ
   109      1    -9.2222671601   0.000098814405       0.0338  QQQQQQQQ-QQQRRQQ
   110      1    -9.1833422921   0.000102736583       0.0351  QQQQQQQQQQHQQQQQ
   111      1    -8.7005083934   0.000166501141       0.0569  QQQQQQQQQQQKQQQQ
   112     10    -4.1246943213   0.016168436180       5.5296  QQQQQQQQQQQQQQQQ
   113      1    -9.2222726936   0.000098813859       0.0338  QQQQQQQQQQQQRRQQ
   114      1   -11.9185817867   0.000006665392       0.0023  QQQQQQQRQQQQQQQQ
   115      1   -18.8477665265   0.000000006524       0.0000  QQRRRRRRRRQRQQQQ
   116      1   -15.1392114591   0.000000266148       0.0001  RQRRRRRRRRRSRRRR
   117      1    -7.7081392801   0.000449156454       0.1536  RRKKKKKKKRRRRRRR
   118      1   -23.8262097859   0.000000000045       0.0000  RRQRRQQR-RRRRRRW
   119      1   -10.5154673812   0.000027113810       0.0093  RRRRQQQQ-RRRRR-R
   120      1    -3.6563891600   0.025825596668       8.8324  RRRRRRRR-RRRRR-R
   121      1    -7.7838729456   0.000416396367       0.1424  RRRRRRRR-RRRRRKR
   122      1    -3.7034890410   0.024637415382       8.4260  RRRRRRRR-RRRRRRR
   123      1    -8.9756556685   0.000126451001       0.0432  RRRRRRRR-RSRRRRR
   124      1    -7.5489391069   0.000526668570       0.1801  RRRRRRRRRKRRRRRR
   125      4    -3.7034929501   0.024637319072       8.4260  RRRRRRRRRRRRRRRR
   126      1   -22.9995436291   0.000000000103       0.0000  SSCSSSSSSSSPSPSS
   127      1   -16.4026168020   0.000000075237       0.0000  SSLFLLLLLLLLLLLL
   128      1   -13.9835400147   0.000000845329       0.0003  SSNNNNNNNNNNNSNN
   129      1    -9.9634659624   0.000047089243       0.0161  SSSSSGGGGSSSSSSS
   130      1   -10.6314407277   0.000024144819       0.0083  SSSSSRRR-SSSSS-S
   131      3    -3.4928273063   0.030414758654      10.4018  SSSSSSSS-SSSSSSS
   132      1    -8.8002719307   0.000150692092       0.0515  SSSSSSSSSPSSSSSS
   133      1    -8.4641779018   0.000210889153       0.0721  SSSSSSSSSSGSSSSS
   134      1    -8.1677670790   0.000283650679       0.0970  SSSSSSSSSSNSSSSS
   135      1    -9.1711647545   0.000103995310       0.0356  SSSSSSSSSSSSPPSS
   136     13    -3.4928329036   0.030414588416      10.4018  SSSSSSSSSSSSSSSS
   137      1   -10.2977227668   0.000033709773       0.0115  SSVVVVVV-SSSSSSS
   138      1   -23.4847133023   0.000000000063       0.0000  TATAAAAA-ATAAASA
   139      1   -26.1647027450   0.000000000004       0.0000  TNRRRRRRRKTATTTT
   140      1   -15.7641046138   0.000000142474       0.0000  TPTTTTTTTITTTTTT
   141      1   -25.5066826324   0.000000000008       0.0000  TSLLLLLL-MPMMMMM
   142      1    -9.8957814634   0.000050386793       0.0172  TTMMMMMMMTTTTTTT
   143      1    -9.5281453521   0.000072774470       0.0249  TTPPPPPP-TTTTT-T
   144      1   -15.1408113066   0.000000265723       0.0001  TTRTTTTTTTTTTTAT
   145      2    -3.4831274900   0.030711211672      10.5032  TTTTTTTT-TTTTTTT
   146      1   -16.3384948451   0.000000080220       0.0000  TTTTTTTTTAAASATA
   147      1   -15.0141500654   0.000000301604       0.0001  TTTTTTTTTTSTHHTT
   148      1    -9.2302198798   0.000098031679       0.0335  TTTTTTTTTTTTIITT
   149      1   -10.2369032901   0.000035823613       0.0123  TTTTTTTTTTTTTTTM
   150      6    -3.4831321258   0.030711069301      10.5032  TTTTTTTTTTTTTTTT
   151      1   -20.0284822723   0.000000002003       0.0000  VGLLLLLLLVLLLLLL
   152      1   -23.0598910717   0.000000000097       0.0000  VSFVVVVVVFFFFFFF
   153      1   -12.3157568342   0.000004480585       0.0015  VVAAAAAA-AAASSAA
   154      1   -10.7858168175   0.000020690895       0.0071  VVIIIIIIIIIVIIII
   155      1   -11.3775194417   0.000011450016       0.0039  VVIIIIIIIVVVVVVI
   156      1   -12.4192466470   0.000004040078       0.0014  VVVVVVVV-AAAAAAA
   157      1    -9.2131197714   0.000099722446       0.0341  VVVVVVVV-MVVVVVV
   158      1    -3.2375660332   0.039259334820      13.4267  VVVVVVVV-VVVVV-V
   159      1    -7.2386424519   0.000718286207       0.2457  VVVVVVVV-VVVVVIV
   160      3    -3.2898471269   0.037259544943      12.7428  VVVVVVVV-VVVVVVV
   161     11    -3.2898515169   0.037259381375      12.7427  VVVVVVVVVVVVVVVV
   162      1    -4.5196169654   0.010893195340       3.7255  WWWWWWWW-WWWWWWW
   163      2    -4.5196188327   0.010893175000       3.7255  WWWWWWWWWWWWWWWW
   164      1    -2.8642864858   0.057023803915      19.5021  XXXXXXXXXXXXEEXX
   165      1   -14.0808314840   0.000000766960       0.0003  YYSNNNNNNYYYYYYY
   166      1    -3.7764785291   0.022903202543       7.8329  YYYYYYYY-YYYYYYY
   167      6    -3.7764814426   0.022903135816       7.8329  YYYYYYYYYYYYYYYY