

TREE # 1

  0  0.0000   2345.675906  x:  0.00459   0.03390   0.01998   0.00807   0.00867   0.02577   0.00950   0.00559   0.00954   0.00592   0.20855   0.01163   0.01709   0.03329   0.06734   0.04731   0.03819   0.02622   0.01493   0.00406   0.02418   0.05994   0.00605   0.01174   0.03364   0.05933   0.00000   0.04944   0.04800  
  1 99.0000   2345.674026  x:  0.00458   0.03390   0.01998   0.00807   0.00867   0.02577   0.00950   0.00559   0.00954   0.00592   0.20855   0.01162   0.01709   0.03329   0.06733   0.04731   0.03819   0.02622   0.01493   0.00406   0.02418   0.05993   0.00605   0.01174   0.03364   0.05933   0.00000   0.04944   0.04800  
  2 884.0412   2337.916870  x:  0.00186   0.03470   0.01984   0.00854   0.00862   0.02100   0.01000   0.00000   0.00395   0.00752   0.20452   0.01056   0.01628   0.03333   0.06619   0.04845   0.03687   0.02619   0.01502   0.00184   0.02412   0.05868   0.00719   0.01218   0.03416   0.05947   0.00000   0.05004   0.04702  
  3 2499.4653   2334.516110  x:  0.00062   0.03446   0.01966   0.00834   0.00906   0.01791   0.01032   0.00000   0.00000   0.00769   0.20168   0.01093   0.01636   0.03332   0.06567   0.04899   0.03634   0.02632   0.01584   0.00109   0.02453   0.05804   0.00650   0.01199   0.03427   0.05949   0.00000   0.05042   0.04644  
  4 3020.4883   2332.291937  x:  0.00000   0.03404   0.01973   0.00848   0.00871   0.01413   0.00987   0.00000   0.00000   0.00673   0.19760   0.01146   0.01700   0.03333   0.06543   0.04921   0.03622   0.02654   0.01671   0.00062   0.02514   0.05764   0.00717   0.01237   0.03410   0.05939   0.00000   0.05076   0.04593  
  5 1702.6760   2328.265504  x:  0.00000   0.03434   0.02018   0.00834   0.01071   0.00805   0.00940   0.00000   0.00000   0.00708   0.18846   0.01109   0.01751   0.03347   0.06594   0.04867   0.03701   0.02665   0.01636   0.00000   0.02550   0.05778   0.00780   0.01228   0.03358   0.05905   0.00000   0.05091   0.04566  
  6 1229.3759   2322.537358  x:  0.00000   0.03503   0.01982   0.00827   0.00970   0.00000   0.00996   0.00000   0.00000   0.00784   0.17416   0.00967   0.01748   0.03358   0.06671   0.04809   0.03789   0.02649   0.01558   0.00000   0.02535   0.05808   0.00683   0.01148   0.03348   0.05876   0.00000   0.05097   0.04551  
  7 3573.1436   2290.184768  x:  0.00000   0.03828   0.00421   0.01520   0.01303   0.00000   0.02295   0.00000   0.00000   0.00380   0.00258   0.00000   0.00515   0.03215   0.06890   0.05363   0.03491   0.02124   0.01482   0.00000   0.01544   0.05784   0.00197   0.01569   0.04562   0.06121   0.00000   0.05057   0.04575  
  8 3464.5941   2289.555086  x:  0.00000   0.03839   0.00400   0.01530   0.01305   0.00000   0.02312   0.00000   0.00000   0.00375   0.00000   0.00001   0.00493   0.03213   0.06893   0.05371   0.03486   0.02116   0.01475   0.00000   0.01527   0.05783   0.00190   0.01573   0.04581   0.06124   0.00000   0.05057   0.04575  
  9 55325.2548   2288.782187  x:  0.00000   0.04050   0.00548   0.01596   0.01307   0.00000   0.02440   0.00000   0.00000   0.00383   0.00000   0.00001   0.00312   0.03216   0.06727   0.05624   0.03223   0.02053   0.01444   0.00000   0.01412   0.05570   0.00151   0.01540   0.04808   0.06175   0.00000   0.05151   0.04417  
 10 204.7272   2286.176716  x:  0.00000   0.04982   0.00555   0.01649   0.01354   0.00000   0.02601   0.00000   0.00000   0.00480   0.00000   0.00001   0.00583   0.03268   0.05955   0.06548   0.02180   0.01914   0.01170   0.00000   0.01159   0.04667   0.00203   0.01166   0.05475   0.06330   0.00000   0.05550   0.03747  
 11 925.9599   2285.500313  x:  0.00000   0.05164   0.00478   0.01440   0.01332   0.00000   0.02422   0.00000   0.00000   0.00558   0.00000   0.00001   0.00463   0.03304   0.05626   0.06744   0.02019   0.02066   0.01145   0.00000   0.01508   0.04378   0.00356   0.00997   0.05455   0.06330   0.00000   0.05676   0.03560  
 12 312.2668   2285.049538  x:  0.00000   0.05302   0.00456   0.01425   0.01308   0.00000   0.02102   0.00000   0.00000   0.00690   0.00000   0.00001   0.00484   0.03340   0.05246   0.06884   0.02110   0.02271   0.01052   0.00000   0.01689   0.04132   0.00204   0.01308   0.05329   0.06304   0.00000   0.05765   0.03480  
 13 154.9491   2284.659614  x:  0.00000   0.05338   0.00446   0.01355   0.01294   0.00000   0.01886   0.00000   0.00000   0.00730   0.00000   0.00001   0.00460   0.03344   0.04733   0.06987   0.02449   0.02286   0.01145   0.00000   0.01390   0.03950   0.00274   0.01291   0.05017   0.06234   0.00000   0.05843   0.03541  
 14 67.9035   2283.996757  x:  0.00000   0.05432   0.00488   0.01817   0.01333   0.00000   0.01696   0.00000   0.00000   0.00678   0.00000   0.00001   0.00473   0.03285   0.04216   0.07044   0.02540   0.01862   0.00942   0.00000   0.01644   0.04054   0.00297   0.01284   0.04583   0.06132   0.00000   0.05827   0.03817  
 15 50.1305   2282.140641  x:  0.00000   0.06079   0.00559   0.02023   0.01338   0.00000   0.00801   0.00000   0.00000   0.00664   0.00000   0.00001   0.00485   0.03345   0.04628   0.06873   0.02031   0.02449   0.00909   0.00000   0.01533   0.04598   0.00423   0.01768   0.04073   0.06025   0.00000   0.05578   0.03998  
 16 52.7279   2281.596886  x:  0.00000   0.06366   0.00628   0.01835   0.01363   0.00000   0.00973   0.00000   0.00000   0.00452   0.00000   0.00002   0.00531   0.03420   0.04857   0.06788   0.02395   0.02430   0.00708   0.00000   0.01635   0.04435   0.00512   0.02069   0.04419   0.06102   0.00000   0.05523   0.03849  
 17 80.4343   2281.420829  x:  0.00000   0.06503   0.00638   0.01813   0.01361   0.00000   0.00795   0.00000   0.00000   0.00493   0.00000   0.00002   0.00544   0.03444   0.04983   0.06669   0.02549   0.02230   0.00863   0.00000   0.01700   0.04329   0.00522   0.02137   0.04616   0.06148   0.00000   0.05515   0.03775  
 18 84.2947   2281.259684  x:  0.00000   0.06181   0.00651   0.01787   0.01354   0.00000   0.00661   0.00000   0.00000   0.00535   0.00000   0.00002   0.00541   0.03368   0.04944   0.06346   0.02462   0.02212   0.00747   0.00000   0.01666   0.04094   0.00531   0.02132   0.04740   0.06235   0.00000   0.05612   0.03760  
 19 19.3275   2280.847758  x:  0.00000   0.06111   0.00709   0.01910   0.01391   0.00000   0.00821   0.00000   0.00000   0.00447   0.00000   0.00002   0.00576   0.03382   0.04671   0.05666   0.02324   0.02465   0.00924   0.00000   0.01730   0.03803   0.00545   0.02121   0.04702   0.06316   0.00000   0.05809   0.03799  
 20 33.4693   2278.910999  x:  0.00000   0.04734   0.00922   0.01165   0.01367   0.00000   0.00783   0.00000   0.00000   0.00525   0.00000   0.00004   0.00720   0.03527   0.04043   0.06446   0.02170   0.02533   0.01033   0.00000   0.01921   0.04376   0.00579   0.02270   0.04564   0.06473   0.00000   0.06065   0.03377  
 21 28.7593   2278.471524  x:  0.00000   0.04390   0.00983   0.01357   0.01389   0.00000   0.00747   0.00000   0.00000   0.00564   0.00000   0.00004   0.00760   0.03302   0.04349   0.07036   0.02314   0.02787   0.01065   0.00000   0.02011   0.03905   0.00588   0.02062   0.04436   0.06413   0.00000   0.05943   0.03611  
 22 73.2418   2278.442251  x:  0.00000   0.04400   0.00985   0.01255   0.01380   0.00000   0.00767   0.00000   0.00000   0.00556   0.00000   0.00004   0.00761   0.03286   0.04385   0.07054   0.02251   0.02718   0.01069   0.00000   0.02013   0.03804   0.00586   0.02119   0.04353   0.06366   0.00000   0.05860   0.03695  
 23 22.7474   2278.422844  x:  0.00000   0.04375   0.00987   0.01277   0.01380   0.00000   0.00765   0.00000   0.00000   0.00559   0.00000   0.00004   0.00761   0.03325   0.04357   0.07022   0.02248   0.02724   0.01068   0.00000   0.02009   0.03772   0.00585   0.02099   0.04336   0.06295   0.00000   0.05666   0.03600  
 24  4.2459   2278.171805  x:  0.00000   0.04559   0.01018   0.01135   0.01329   0.00000   0.00744   0.00000   0.00000   0.00639   0.00000   0.00004   0.00792   0.03050   0.04147   0.06899   0.02335   0.02878   0.01068   0.00000   0.02032   0.03930   0.00574   0.01924   0.04648   0.06088   0.00000   0.05353   0.03873  
 25  3.0729   2277.085703  x:  0.00000   0.04854   0.01091   0.00893   0.01156   0.00000   0.00697   0.00000   0.00000   0.00864   0.00000   0.00005   0.00862   0.03756   0.04472   0.06449   0.02712   0.03005   0.00977   0.00000   0.02144   0.03964   0.00527   0.01307   0.03986   0.05882   0.00000   0.05623   0.03958  
 26 21.8893   2276.985377  x:  0.00000   0.04932   0.01101   0.00857   0.01143   0.00000   0.00710   0.00000   0.00000   0.00868   0.00000   0.00005   0.00869   0.03439   0.04542   0.06373   0.02766   0.02984   0.00977   0.00000   0.02161   0.03989   0.00522   0.01286   0.03746   0.05946   0.00000   0.05664   0.03728  
 27 38.2464   2276.983564  x:  0.00000   0.04938   0.01101   0.00856   0.01142   0.00000   0.00709   0.00000   0.00000   0.00869   0.00000   0.00005   0.00869   0.03445   0.04535   0.06376   0.02768   0.02986   0.00977   0.00000   0.02161   0.03988   0.00521   0.01282   0.03740   0.06019   0.00000   0.05635   0.03738  
 28  1.7067   2275.530829  x:  0.00000   0.05173   0.01174   0.00875   0.01276   0.00000   0.00410   0.00000   0.00000   0.00303   0.00000   0.00005   0.00944   0.03392   0.04527   0.06571   0.02582   0.02984   0.01049   0.00000   0.02208   0.04068   0.00521   0.00921   0.03750   0.05953   0.00000   0.05623   0.03729  
 29  0.0452   2274.830469  x:  0.00000   0.05190   0.01336   0.00871   0.01385   0.00000   0.00659   0.00000   0.00000   0.00182   0.00000   0.00006   0.01060   0.03380   0.04913   0.06383   0.02328   0.02763   0.01067   0.00000   0.02203   0.04288   0.00572   0.00718   0.03997   0.06045   0.00000   0.05600   0.03693  
 30  0.0122   2274.411782  x:  0.00000   0.05260   0.01508   0.00856   0.01470   0.00000   0.00703   0.00000   0.00000   0.00388   0.00000   0.00008   0.01173   0.03423   0.05181   0.06209   0.02168   0.02556   0.01077   0.00000   0.02207   0.04414   0.00624   0.00789   0.04089   0.06139   0.00000   0.05621   0.03683  
 31  0.0121   2274.160933  x:  0.00000   0.05355   0.01656   0.00792   0.01517   0.00000   0.00628   0.00000   0.00000   0.00295   0.00000   0.00009   0.01261   0.03473   0.05112   0.06268   0.02170   0.02438   0.01085   0.00000   0.02202   0.04354   0.00661   0.01079   0.03982   0.06171   0.00000   0.05681   0.03691  
 32  0.0069   2273.847313  x:  0.00000   0.05364   0.01907   0.00882   0.01515   0.00000   0.00521   0.00000   0.00000   0.00286   0.00000   0.00011   0.01397   0.03457   0.04802   0.06357   0.02347   0.02493   0.01037   0.00000   0.02153   0.04138   0.00665   0.00856   0.03851   0.06134   0.00000   0.05776   0.03704  
 33  0.0058   2273.705058  x:  0.00000   0.05170   0.02075   0.00768   0.01449   0.00000   0.00599   0.00000   0.00000   0.00294   0.00000   0.00013   0.01439   0.03343   0.04752   0.06364   0.02325   0.02549   0.00983   0.00000   0.02036   0.04213   0.00621   0.00864   0.04091   0.06107   0.00000   0.05614   0.03695  
 34  0.0024   2273.601369  x:  0.00000   0.05233   0.02197   0.00946   0.01420   0.00000   0.00646   0.00000   0.00000   0.00289   0.00000   0.00015   0.01425   0.03365   0.04824   0.06340   0.02261   0.02562   0.00975   0.00000   0.01988   0.04291   0.00550   0.00964   0.04019   0.06101   0.00000   0.05566   0.03720  
 35  0.0021   2273.441706  x:  0.00000   0.05365   0.02327   0.00834   0.01390   0.00000   0.00586   0.00000   0.00000   0.00287   0.00000   0.00018   0.01332   0.03457   0.04950   0.06367   0.02286   0.02533   0.01015   0.00000   0.02028   0.04257   0.00405   0.00988   0.03926   0.06164   0.00000   0.05718   0.03740  
 36  0.0017   2273.271280  x:  0.00000   0.05249   0.02275   0.00883   0.01501   0.00000   0.00542   0.00000   0.00000   0.00303   0.00000   0.00021   0.01075   0.03271   0.04841   0.06350   0.02386   0.02542   0.01048   0.00000   0.02102   0.04138   0.00414   0.01004   0.04071   0.06192   0.00000   0.05666   0.03654  
 37  0.0013   2273.150771  x:  0.00000   0.05235   0.02281   0.00911   0.01524   0.00000   0.00605   0.00000   0.00000   0.00300   0.00000   0.00024   0.00952   0.03437   0.04760   0.06375   0.02267   0.02528   0.01009   0.00000   0.02066   0.04246   0.00496   0.00929   0.03941   0.06071   0.00000   0.05587   0.03804  
 38  0.0017   2273.016995  x:  0.00000   0.05427   0.02426   0.00902   0.01412   0.00000   0.00596   0.00000   0.00000   0.00263   0.00000   0.00030   0.01028   0.03387   0.04930   0.06384   0.02272   0.02521   0.00964   0.00000   0.01990   0.04316   0.00605   0.00892   0.04018   0.06176   0.00000   0.05725   0.03666  
 39  0.0014   2272.737553  x:  0.00000   0.05253   0.02452   0.00863   0.01329   0.00000   0.00574   0.00000   0.00000   0.00345   0.00000   0.00047   0.00876   0.03262   0.04803   0.06325   0.02416   0.02536   0.01094   0.00000   0.02149   0.04080   0.00649   0.00907   0.03858   0.06143   0.00000   0.05702   0.03720  
 40  0.0009   2272.199143  x:  0.00000   0.05117   0.02344   0.00952   0.01295   0.00000   0.00579   0.00000   0.00000   0.00326   0.00000   0.00078   0.01284   0.03614   0.04780   0.06277   0.02135   0.02506   0.01102   0.00000   0.02151   0.04320   0.00653   0.00923   0.04024   0.06040   0.00000   0.05488   0.03846  
 41  0.0016   2271.594315  x:  0.00000   0.05446   0.01861   0.00883   0.01497   0.00000   0.00614   0.00000   0.00000   0.00282   0.00000   0.00123   0.01170   0.03384   0.04869   0.06473   0.02405   0.02539   0.01023   0.00000   0.02159   0.04225   0.00520   0.00970   0.04059   0.06204   0.00000   0.05802   0.03560  
 42  0.0032   2271.319114  x:  0.00000   0.05134   0.01883   0.00830   0.01376   0.00000   0.00546   0.00000   0.00000   0.00287   0.00000   0.00178   0.01088   0.03339   0.04877   0.06149   0.02255   0.02518   0.00974   0.00000   0.02008   0.04257   0.00481   0.00878   0.03881   0.06090   0.00000   0.05587   0.03837  
 43  0.0027   2271.035609  x:  0.00000   0.05358   0.02076   0.00944   0.01238   0.00000   0.00631   0.00000   0.00000   0.00314   0.00000   0.00277   0.01027   0.03460   0.04833   0.06568   0.02283   0.02607   0.01012   0.00000   0.01955   0.04121   0.00543   0.00961   0.04019   0.06091   0.00000   0.05619   0.03756  
 44  0.0022   2270.879394  x:  0.00000   0.05284   0.02080   0.00911   0.01325   0.00000   0.00560   0.00000   0.00000   0.00284   0.00000   0.00373   0.00944   0.03378   0.04872   0.06287   0.02329   0.02492   0.01031   0.00000   0.02063   0.04288   0.00524   0.00956   0.04003   0.06180   0.00000   0.05719   0.03641  
 45  0.0021   2270.838116  x:  0.00000   0.05283   0.02129   0.00894   0.01299   0.00000   0.00595   0.00000   0.00000   0.00297   0.00000   0.00437   0.00991   0.03386   0.04825   0.06364   0.02302   0.02537   0.01017   0.00000   0.02075   0.04227   0.00519   0.00915   0.03952   0.06119   0.00000   0.05655   0.03736  
 46  0.0013   2270.833347  x:  0.00000   0.05282   0.02119   0.00901   0.01298   0.00000   0.00587   0.00000   0.00000   0.00292   0.00000   0.00462   0.00980   0.03393   0.04852   0.06355   0.02302   0.02539   0.01012   0.00000   0.02069   0.04226   0.00523   0.00938   0.03992   0.06133   0.00000   0.05655   0.03716  
 47  0.0005   2270.833109  x:  0.00000   0.05284   0.02115   0.00903   0.01297   0.00000   0.00587   0.00000   0.00000   0.00294   0.00000   0.00466   0.00979   0.03390   0.04850   0.06354   0.02304   0.02536   0.01013   0.00000   0.02066   0.04227   0.00523   0.00934   0.03981   0.06133   0.00000   0.05663   0.03713  
 48  0.0001   2270.833101  x:  0.00000   0.05284   0.02114   0.00902   0.01297   0.00000   0.00587   0.00000   0.00000   0.00294   0.00000   0.00467   0.00979   0.03391   0.04849   0.06355   0.02304   0.02536   0.01014   0.00000   0.02064   0.04228   0.00523   0.00934   0.03981   0.06132   0.00000   0.05662   0.03715  
 49  0.0000   2270.833101  x:  0.00000   0.05284   0.02114   0.00902   0.01297   0.00000   0.00587   0.00000   0.00000   0.00294   0.00000   0.00466   0.00979   0.03390   0.04849   0.06355   0.02304   0.02536   0.01014   0.00000   0.02064   0.04228   0.00523   0.00934   0.03981   0.06132   0.00000   0.05662   0.03714  
 50  0.0000   2270.833101  x:  0.00000   0.05284   0.02114   0.00902   0.01297   0.00000   0.00587   0.00000   0.00000   0.00294   0.00000   0.00466   0.00979   0.03391   0.04849   0.06355   0.02304   0.02536   0.01014   0.00000   0.02064   0.04228   0.00523   0.00934   0.03981   0.06132   0.00000   0.05662   0.03714  