

TREE # 1

  0  0.0000   8974.579314  x:  0.00000   0.05247   0.06588   0.02618   0.07973   0.07043   0.03899   0.04275   0.07033   0.02393   0.06100   0.03787   0.03984   0.05073   0.08583   0.15784   0.08657   0.06151   0.06966   0.03865   0.07956   0.09086   0.02785   0.03607   0.06952   0.13743   0.03603   0.08555   0.14303   2.00000   0.90000   0.29673   1.19979  
  1 99.0000   8747.949984  x:  0.02036   0.10478   0.05320   0.04936   0.05602   0.03410   0.01660   0.00743   0.03179   0.00000   0.03601   0.04351   0.03988   0.09246   0.13966   0.19557   0.09723   0.09097   0.07084   0.02833   0.07832   0.12520   0.06261   0.05627   0.13979   0.15729   0.01115   0.12024   0.16247   2.00539   0.90726   0.29026   1.20133  
  2 2273.6449   8717.972437  x:  0.02453   0.11570   0.05052   0.05418   0.05102   0.02645   0.01201   0.00000   0.02363   0.00189   0.03075   0.04468   0.03989   0.10117   0.15093   0.20351   0.09947   0.09714   0.07107   0.02615   0.07806   0.13239   0.06983   0.06047   0.15449   0.16147   0.00591   0.12752   0.16656   2.00653   0.90878   0.28891   1.20165  
  3 57324.2882   8690.250198  x:  0.02909   0.12788   0.04750   0.05953   0.04537   0.01777   0.00707   0.00216   0.01440   0.00389   0.02485   0.04598   0.03990   0.11087   0.16354   0.21245   0.10198   0.10404   0.07132   0.02369   0.07774   0.14046   0.07782   0.06511   0.17092   0.16620   0.00000   0.13568   0.17118   2.00783   0.91049   0.28740   1.20201  
  4 29457.0200   8690.250198  x:  0.02909   0.12788   0.04750   0.05953   0.04537   0.01777   0.00707   0.00216   0.01440   0.00389   0.02485   0.04598   0.03990   0.11087   0.16354   0.21245   0.10198   0.10404   0.07132   0.02369   0.07774   0.14046   0.07782   0.06511   0.17092   0.16620   0.00000   0.13568   0.17118   2.00783   0.91049   0.28740   1.20201  
  5 1655.4895   8669.557109  x:  0.02159   0.12848   0.04435   0.05700   0.03971   0.00599   0.02792   0.01305   0.00000   0.02487   0.02328   0.04584   0.03985   0.11077   0.16765   0.21998   0.10330   0.10578   0.07017   0.02139   0.07619   0.14372   0.07384   0.06210   0.17517   0.17092   0.00114   0.14006   0.17548   2.00983   0.91097   0.28747   1.20208  
  6 1469.2975   8661.808717  x:  0.01771   0.12882   0.04283   0.05571   0.03699   0.00000   0.02905   0.01075   0.00000   0.02472   0.02311   0.04596   0.03992   0.11075   0.16978   0.22390   0.10395   0.10665   0.06961   0.02031   0.07540   0.14541   0.07188   0.06067   0.17736   0.17337   0.00074   0.14224   0.17767   2.01092   0.91116   0.28757   1.20211  
  7 1012.9683   8647.857141  x:  0.00000   0.13116   0.03803   0.04645   0.03151   0.00000   0.02703   0.01382   0.00000   0.02202   0.04498   0.05522   0.04198   0.11113   0.18030   0.24368   0.10582   0.10964   0.06852   0.01898   0.07107   0.15330   0.06515   0.05726   0.18755   0.18529   0.00795   0.15115   0.18790   2.01828   0.91305   0.28740   1.20243  
  8 1073.9000   8644.245874  x:  0.00000   0.13328   0.03857   0.04542   0.03478   0.00000   0.02463   0.01791   0.00000   0.02163   0.04581   0.05851   0.04362   0.11191   0.18519   0.25290   0.10574   0.11009   0.06982   0.02021   0.06916   0.15649   0.06534   0.05898   0.19145   0.19005   0.00000   0.15280   0.19131   2.02357   0.91330   0.28811   1.20249  
  9 320.1312   8632.504165  x:  0.00000   0.14383   0.04935   0.06493   0.03391   0.00000   0.03935   0.00615   0.00000   0.01409   0.02757   0.04404   0.03557   0.11562   0.19888   0.28743   0.10149   0.10539   0.07876   0.02864   0.06412   0.16167   0.08243   0.07240   0.20146   0.20099   0.00000   0.15695   0.20833   2.07588   0.90479   0.30567   1.20100  
 10 141.9532   8625.727268  x:  0.00000   0.14527   0.04548   0.06559   0.02678   0.00000   0.02831   0.00606   0.00000   0.02237   0.01385   0.04151   0.03818   0.11558   0.20105   0.29838   0.10485   0.10782   0.07475   0.01690   0.06566   0.16232   0.07869   0.06396   0.20456   0.20149   0.00000   0.15910   0.21401   2.11638   0.89856   0.31882   1.19991  
 11 261.2518   8618.824405  x:  0.00000   0.14790   0.04001   0.06783   0.02515   0.00000   0.02974   0.00139   0.00000   0.02642   0.02139   0.03817   0.04032   0.11608   0.20685   0.31614   0.10919   0.11174   0.07142   0.00831   0.06723   0.16611   0.07307   0.05544   0.21104   0.20614   0.00000   0.16320   0.22169   2.16972   0.89314   0.33329   1.19910  
 12 557.2792   8615.100459  x:  0.00000   0.14945   0.03461   0.06992   0.01965   0.00000   0.03217   0.00556   0.00000   0.02268   0.02596   0.03360   0.03999   0.11622   0.21114   0.32989   0.11295   0.11506   0.06821   0.00288   0.06878   0.16917   0.06776   0.04772   0.21645   0.21013   0.00000   0.16801   0.22863   2.21335   0.88889   0.34498   1.19848  
 13 3169.0499   8610.666269  x:  0.00000   0.14770   0.02660   0.06445   0.01496   0.00000   0.03866   0.00548   0.00000   0.01829   0.02487   0.04111   0.03891   0.11550   0.21260   0.33845   0.11821   0.11977   0.06254   0.01511   0.07286   0.17210   0.05841   0.03900   0.22145   0.21425   0.00000   0.17637   0.23496   2.26237   0.88760   0.35453   1.19861  
 14 763.6390   8608.062757  x:  0.00000   0.14289   0.02552   0.05404   0.01991   0.00000   0.04693   0.00509   0.00000   0.01157   0.02171   0.04451   0.03829   0.11465   0.21081   0.33721   0.12198   0.12334   0.05633   0.00980   0.07381   0.17402   0.05325   0.04345   0.22425   0.21661   0.00000   0.18703   0.23911   2.29300   0.89196   0.35532   1.19991  
 15 346.8612   8606.489213  x:  0.00000   0.13894   0.03005   0.04730   0.01427   0.00000   0.04648   0.00493   0.00000   0.01241   0.02204   0.04307   0.03975   0.11470   0.20988   0.33478   0.12355   0.12517   0.05565   0.00998   0.07297   0.17645   0.05375   0.05055   0.22699   0.22031   0.00000   0.19686   0.24230   2.31737   0.89893   0.35203   1.20185  
 16 291.7705   8604.851530  x:  0.00000   0.13283   0.02940   0.04889   0.01812   0.00000   0.04298   0.00500   0.00000   0.01512   0.02207   0.03594   0.03741   0.11378   0.20799   0.32728   0.12401   0.12604   0.05849   0.01199   0.07024   0.17930   0.05355   0.04717   0.23056   0.22592   0.00000   0.21214   0.24711   2.35111   0.91048   0.34427   1.20519  
 17 235.0621   8603.794590  x:  0.00000   0.13101   0.02907   0.05608   0.01641   0.00000   0.04331   0.00488   0.00000   0.01476   0.02153   0.04281   0.03782   0.11368   0.20756   0.32121   0.12173   0.12424   0.06179   0.00835   0.06683   0.18068   0.05641   0.04409   0.23231   0.22909   0.00000   0.21931   0.24904   2.38001   0.91740   0.33855   1.20766  
 18 223.6731   8599.444486  x:  0.00000   0.14569   0.02097   0.05018   0.01627   0.00000   0.04364   0.00478   0.00000   0.01227   0.02097   0.03865   0.04942   0.11434   0.21487   0.29938   0.10315   0.10807   0.05828   0.00951   0.06070   0.18242   0.05648   0.04310   0.23427   0.23398   0.00000   0.21016   0.24241   2.54717   0.91208   0.32952   1.21461  
 19 130.5798   8594.207282  x:  0.00000   0.15459   0.03392   0.04908   0.01737   0.00000   0.03799   0.00498   0.00000   0.01431   0.02212   0.04214   0.03003   0.11430   0.22007   0.28556   0.10229   0.10742   0.05530   0.00928   0.06260   0.18265   0.05168   0.04328   0.23485   0.23469   0.00000   0.19626   0.23539   2.75487   0.89810   0.32391   1.22198  
 20 668.7422   8588.662896  x:  0.00000   0.14625   0.03329   0.05881   0.01942   0.00000   0.03525   0.00559   0.00000   0.01263   0.02351   0.04198   0.04079   0.11011   0.21453   0.28248   0.12411   0.12623   0.06110   0.01272   0.07345   0.17766   0.05715   0.05121   0.22914   0.22548   0.00000   0.18219   0.22784   2.99770   0.87993   0.31948   1.23047  
 21 782.0243   8587.477801  x:  0.00000   0.13839   0.02762   0.05319   0.01936   0.00000   0.03378   0.00562   0.00000   0.01323   0.02392   0.04303   0.03660   0.11287   0.20756   0.29348   0.12200   0.12353   0.06661   0.01248   0.07135   0.17292   0.06395   0.05155   0.22230   0.21805   0.00000   0.18201   0.22702   3.04802   0.87765   0.31943   1.23257  
 22 215.8207   8586.948571  x:  0.00000   0.13378   0.03266   0.05204   0.01994   0.00000   0.03415   0.00568   0.00000   0.01248   0.02397   0.04280   0.03935   0.11529   0.20218   0.30170   0.11899   0.12029   0.06663   0.01312   0.07024   0.16984   0.06252   0.04803   0.21710   0.21265   0.00000   0.18312   0.22685   3.07123   0.87823   0.31922   1.23392  
 23 183.7647   8586.799172  x:  0.00000   0.13350   0.03162   0.05468   0.01975   0.00000   0.03328   0.00572   0.00000   0.01304   0.02419   0.04281   0.03899   0.11482   0.20007   0.30550   0.11730   0.11866   0.06347   0.01359   0.07108   0.16932   0.05982   0.05059   0.21461   0.21032   0.00000   0.18356   0.22652   3.07753   0.88072   0.31870   1.23484  
 24 51.5551   8586.745242  x:  0.00000   0.13609   0.03162   0.05414   0.01961   0.00000   0.03345   0.00567   0.00000   0.01270   0.02397   0.04246   0.03868   0.11325   0.19964   0.30739   0.11762   0.11916   0.06329   0.01338   0.07256   0.16965   0.06039   0.04976   0.21278   0.20905   0.00000   0.18255   0.22520   3.07928   0.88503   0.31837   1.23610  
 25 15.4081   8586.624786  x:  0.00000   0.13582   0.03156   0.05434   0.01948   0.00000   0.03284   0.00566   0.00000   0.01225   0.02400   0.04221   0.03849   0.11304   0.20047   0.30694   0.11895   0.11971   0.06360   0.01383   0.06831   0.16845   0.05928   0.05022   0.21103   0.21032   0.00000   0.18126   0.22265   3.08071   0.89358   0.32979   1.24091  
 26  6.3173   8586.458961  x:  0.00000   0.13433   0.03197   0.05444   0.01978   0.00000   0.03143   0.00572   0.00000   0.01198   0.02432   0.04253   0.03857   0.11390   0.20083   0.30587   0.11745   0.11823   0.06278   0.01381   0.07296   0.16967   0.06147   0.04992   0.21282   0.21092   0.00000   0.18197   0.22340   3.08214   0.90211   0.34551   1.24841  
 27 29.1227   8586.326136  x:  0.00000   0.13727   0.03184   0.05430   0.01977   0.00000   0.03034   0.00572   0.00000   0.01160   0.02444   0.04277   0.03868   0.11399   0.19918   0.30483   0.11626   0.11885   0.06708   0.01373   0.07374   0.16977   0.05876   0.05112   0.21400   0.20821   0.00000   0.18328   0.22685   3.08206   0.90256   0.34982   1.25626  
 28 13.2590   8585.889536  x:  0.00000   0.14203   0.03217   0.05475   0.01992   0.00000   0.02656   0.00579   0.00000   0.01050   0.02508   0.04273   0.03837   0.11301   0.19633   0.30416   0.11636   0.12174   0.06221   0.01511   0.06872   0.16936   0.06258   0.05016   0.21608   0.20395   0.00000   0.18561   0.23484   3.08055   0.89743   0.35185   1.28404  
 29 30.3350   8585.163206  x:  0.00000   0.13590   0.03184   0.05571   0.01888   0.00000   0.02216   0.00553   0.00000   0.00740   0.02481   0.04128   0.03707   0.11338   0.19868   0.30508   0.11730   0.11862   0.06331   0.01445   0.07065   0.17026   0.06064   0.04961   0.21495   0.20797   0.00000   0.18277   0.23233   3.07647   0.88812   0.34521   1.33003  
 30 61.2264   8585.105876  x:  0.00000   0.13770   0.03200   0.05585   0.01899   0.00000   0.02168   0.00555   0.00000   0.00741   0.02494   0.04148   0.03717   0.11258   0.19937   0.30564   0.11694   0.11883   0.06344   0.01436   0.07174   0.16818   0.06103   0.04971   0.21328   0.20976   0.00000   0.18717   0.22938   3.07648   0.88560   0.34607   1.33431  
 31 12.5960   8584.811840  x:  0.00000   0.14016   0.03096   0.05630   0.01904   0.00000   0.02134   0.00552   0.00000   0.00737   0.02491   0.04137   0.03715   0.12220   0.19815   0.30728   0.11628   0.12257   0.06267   0.01441   0.07102   0.17372   0.06104   0.04965   0.21538   0.20841   0.00000   0.18949   0.22247   3.07915   0.88264   0.34928   1.36412  
 32  5.2355   8581.294008  x:  0.00000   0.13792   0.03274   0.05181   0.02042   0.00000   0.01633   0.00559   0.00000   0.00940   0.02598   0.04499   0.04007   0.10333   0.20267   0.32878   0.11158   0.12160   0.06395   0.01426   0.06158   0.19814   0.05892   0.04973   0.23500   0.20843   0.00000   0.18788   0.20956   3.11571   0.84796   0.39483   1.71365  
 33 85.4602   8577.969433  x:  0.00000   0.14477   0.03035   0.04657   0.02199   0.00000   0.01103   0.00567   0.00000   0.01199   0.02699   0.04865   0.04332   0.11766   0.21874   0.34578   0.11917   0.11836   0.06163   0.01298   0.06613   0.18329   0.05620   0.05054   0.23607   0.22468   0.00000   0.17773   0.22806   3.15135   0.82580   0.43106   2.04679  
 34 462.6920   8577.921689  x:  0.00000   0.14364   0.03036   0.04653   0.02196   0.00000   0.01103   0.00565   0.00000   0.01197   0.02695   0.04862   0.04331   0.11743   0.21998   0.34600   0.11527   0.12235   0.06153   0.01291   0.06644   0.18223   0.05608   0.05050   0.23557   0.22527   0.00000   0.17683   0.22855   3.15187   0.82580   0.43126   2.05068  
 35 16.5009   8577.349182  x:  0.00000   0.14155   0.03055   0.04622   0.02242   0.00000   0.01182   0.00569   0.00000   0.01198   0.02718   0.04939   0.04391   0.11863   0.23826   0.34805   0.11664   0.12161   0.06172   0.01348   0.06516   0.18926   0.05637   0.05112   0.22774   0.21728   0.00000   0.18213   0.23271   3.16223   0.82963   0.42538   2.00597  
 36  1.2823   8573.642009  x:  0.00000   0.15001   0.03135   0.04385   0.02486   0.00000   0.01858   0.00554   0.00000   0.01119   0.02755   0.05336   0.04671   0.11994   0.23445   0.38147   0.11687   0.12142   0.06273   0.01174   0.06057   0.19483   0.05710   0.05452   0.24287   0.25161   0.00000   0.18294   0.24177   3.23297   0.86060   0.38112   1.69339  
 37 76.7417   8573.622417  x:  0.00000   0.14980   0.03133   0.04387   0.02484   0.00000   0.01866   0.00553   0.00000   0.01114   0.02753   0.05330   0.04667   0.11999   0.23575   0.38198   0.11701   0.12119   0.06263   0.01181   0.06058   0.19237   0.05701   0.05456   0.24596   0.24993   0.00000   0.18313   0.24060   3.23334   0.86138   0.38045   1.69243  
 38  8.1052   8573.174784  x:  0.00000   0.15096   0.03105   0.04568   0.02509   0.00000   0.02085   0.00528   0.00000   0.01030   0.02729   0.05369   0.04663   0.12060   0.23932   0.39048   0.11746   0.12089   0.06221   0.01124   0.06163   0.19266   0.05755   0.05462   0.24826   0.25113   0.00000   0.18502   0.24251   3.26988   0.83131   0.41814   2.00004  
 39  0.7860   8572.668365  x:  0.00000   0.14784   0.03110   0.04941   0.02522   0.00000   0.01840   0.00446   0.00000   0.00964   0.02616   0.05333   0.04609   0.11880   0.24190   0.40229   0.11696   0.12180   0.06320   0.01022   0.06057   0.19974   0.05887   0.05418   0.25086   0.25250   0.00000   0.19278   0.24218   3.34952   0.83079   0.40650   1.98677  
 40  0.1403   8572.488515  x:  0.00000   0.14781   0.03043   0.04644   0.02535   0.00000   0.01809   0.00379   0.00000   0.01017   0.02562   0.05296   0.04636   0.11934   0.24078   0.40557   0.11787   0.12134   0.06311   0.00973   0.06181   0.19821   0.05846   0.05340   0.24937   0.25129   0.00000   0.19033   0.24197   3.39532   0.81841   0.43274   2.25301  
 41  0.1570   8572.291847  x:  0.00000   0.15031   0.03131   0.04767   0.02559   0.00000   0.01716   0.00369   0.00000   0.01038   0.02655   0.05246   0.04630   0.11994   0.23787   0.40115   0.11693   0.12052   0.06266   0.01155   0.06088   0.19550   0.05864   0.05445   0.24845   0.25020   0.00000   0.18666   0.24253   3.39537   0.81907   0.46696   2.57010  
 42  0.1064   8572.099283  x:  0.00000   0.14915   0.03123   0.04799   0.02567   0.00000   0.01803   0.00366   0.00000   0.00990   0.02692   0.05275   0.04631   0.11920   0.23886   0.39893   0.11706   0.12125   0.06271   0.01108   0.06070   0.19693   0.05831   0.05442   0.24942   0.25144   0.00000   0.18985   0.24215   3.38286   0.79936   0.52781   3.14758  
 43  0.2911   8571.964039  x:  0.00000   0.14686   0.03073   0.04723   0.02554   0.00000   0.01831   0.00384   0.00000   0.00986   0.02662   0.05321   0.04633   0.11844   0.24028   0.39740   0.11778   0.12186   0.06336   0.00962   0.06155   0.19955   0.05828   0.05363   0.25027   0.25267   0.00000   0.19284   0.24108   3.36268   0.80222   0.56233   3.48939  
 44  0.2170   8571.860405  x:  0.00000   0.14791   0.03098   0.04786   0.02547   0.00000   0.01808   0.00390   0.00000   0.01017   0.02625   0.05306   0.04609   0.11919   0.24004   0.39979   0.11714   0.12046   0.06353   0.00956   0.06069   0.19926   0.05918   0.05365   0.24992   0.25201   0.00000   0.18989   0.24164   3.38009   0.78942   0.63900   4.24866  
 45  0.3662   8571.820777  x:  0.00000   0.14887   0.03110   0.04779   0.02538   0.00000   0.01793   0.00404   0.00000   0.01006   0.02605   0.05294   0.04619   0.11923   0.23933   0.40128   0.11723   0.12089   0.06307   0.00993   0.06074   0.19825   0.05877   0.05397   0.24991   0.25158   0.00000   0.18957   0.24211   3.38536   0.79123   0.67370   4.58434  
 46  0.2110   8571.805779  x:  0.00000   0.14834   0.03099   0.04760   0.02528   0.00000   0.01800   0.00408   0.00000   0.00999   0.02602   0.05292   0.04627   0.11903   0.23945   0.40117   0.11750   0.12124   0.06306   0.00979   0.06112   0.19844   0.05848   0.05391   0.24993   0.25194   0.00000   0.19061   0.24189   3.38500   0.78574   0.72464   5.08736  
 47  0.3386   8571.801063  x:  0.00000   0.14808   0.03096   0.04772   0.02525   0.00000   0.01804   0.00403   0.00000   0.01005   0.02614   0.05294   0.04625   0.11914   0.23979   0.40070   0.11738   0.12090   0.06328   0.00978   0.06092   0.19876   0.05879   0.05383   0.24993   0.25216   0.00000   0.19045   0.24176   3.38410   0.78561   0.74709   5.31326  
 48  0.1200   8571.800450  x:  0.00000   0.14828   0.03098   0.04769   0.02530   0.00000   0.01803   0.00399   0.00000   0.01003   0.02618   0.05296   0.04626   0.11910   0.23964   0.40064   0.11740   0.12098   0.06319   0.00978   0.06092   0.19864   0.05871   0.05385   0.25000   0.25204   0.00000   0.19031   0.24185   3.38524   0.78471   0.75675   5.41131  
 49  0.0741   8571.800411  x:  0.00000   0.14828   0.03099   0.04770   0.02533   0.00000   0.01804   0.00399   0.00000   0.01003   0.02619   0.05298   0.04625   0.11910   0.23963   0.40061   0.11740   0.12100   0.06318   0.00978   0.06095   0.19863   0.05869   0.05386   0.25000   0.25202   0.00000   0.19036   0.24185   3.38505   0.78479   0.75656   5.41163  
 50  0.0003   8571.800400  x:  0.00000   0.14827   0.03099   0.04770   0.02534   0.00000   0.01804   0.00399   0.00000   0.01004   0.02619   0.05298   0.04624   0.11911   0.23964   0.40063   0.11739   0.12099   0.06319   0.00978   0.06093   0.19865   0.05871   0.05386   0.25000   0.25201   0.00000   0.19036   0.24184   3.38490   0.78473   0.75612   5.40968  
 51  0.0010   8571.800398  x:  0.00000   0.14828   0.03099   0.04770   0.02534   0.00000   0.01804   0.00399   0.00000   0.01004   0.02619   0.05297   0.04625   0.11910   0.23964   0.40064   0.11740   0.12100   0.06319   0.00978   0.06094   0.19864   0.05870   0.05386   0.25000   0.25202   0.00000   0.19035   0.24185   3.38489   0.78473   0.75575   5.40700  
 52  0.0016   8571.800398  x:  0.00000   0.14828   0.03099   0.04770   0.02534   0.00000   0.01804   0.00399   0.00000   0.01003   0.02619   0.05297   0.04625   0.11910   0.23964   0.40064   0.11740   0.12100   0.06319   0.00978   0.06094   0.19864   0.05870   0.05386   0.25000   0.25202   0.00000   0.19035   0.24185   3.38491   0.78473   0.75581   5.40792  
 53  0.0006   8571.800398  x:  0.00000   0.14828   0.03099   0.04770   0.02534   0.00000   0.01804   0.00399   0.00000   0.01003   0.02619   0.05297   0.04625   0.11910   0.23964   0.40063   0.11740   0.12100   0.06319   0.00978   0.06094   0.19864   0.05870   0.05386   0.25000   0.25202   0.00000   0.19035   0.24185   3.38492   0.78472   0.75583   5.40813  
 54  0.0002   8571.800398  x:  0.00000   0.14828   0.03099   0.04770   0.02534   0.00000   0.01804   0.00399   0.00000   0.01003   0.02619   0.05297   0.04625   0.11910   0.23964   0.40063   0.11740   0.12100   0.06319   0.00978   0.06094   0.19864   0.05870   0.05386   0.25000   0.25202   0.00000   0.19035   0.24185   3.38492   0.78472   0.75581   5.40800  
 55  0.0001   8571.800398  x:  0.00000   0.14828   0.03099   0.04770   0.02534   0.00000   0.01804   0.00399   0.00000   0.01003   0.02619   0.05298   0.04625   0.11910   0.23964   0.40063   0.11740   0.12100   0.06319   0.00978   0.06094   0.19864   0.05870   0.05386   0.25000   0.25202   0.00000   0.19035   0.24185   3.38492   0.78473   0.75581   5.40792  
 56  0.0000   8571.800398  x:  0.00000   0.14828   0.03099   0.04770   0.02534   0.00000   0.01804   0.00399   0.00000   0.01003   0.02619   0.05298   0.04625   0.11910   0.23964   0.40063   0.11740   0.12100   0.06319   0.00978   0.06094   0.19864   0.05870   0.05386   0.25000   0.25202   0.00000   0.19035   0.24185   3.38492   0.78473   0.75581   5.40793  