     1    763    459


 1

     1      1    -2.4849833453   0.083326942282      63.5785  --------------LL
     2      1    -8.3764057663   0.000230235982       0.1757  --------------TN
     3      1    -2.4858855287   0.083251800000      63.5211  -----G----------
     4      1    -3.9372023615   0.019502700000      14.8806  -----M----------
     5      1    -2.6465469066   0.070895600000      54.0933  -----V----------
     6      1   -11.6675847727   0.000008567070       0.0065  --DDDDDDHDDDDDDD
     7      1    -7.2724140286   0.000694433586       0.5299  --LVLLLLLLLLLLLL
     8      1    -8.3420587244   0.000238281282       0.1818  --QQQQ-QQQQQQQEE
     9      1   -29.4704911260   0.000000000000       0.0000  -GGNSND-GDDDDDNN
    10      1    -8.6666580477   0.000172233740       0.1314  -LTTTTTTTTTTTTTT
    11      1   -29.8252024549   0.000000000000       0.0000  -PSFSSGGGGGGGRNS
    12     15    -3.9629561430   0.019006844212      14.5022  AAAAAAAAAAAAAAAA
    13      1    -8.1877475736   0.000278039443       0.2121  AAAAAASSSSSSSAAA
    14      1    -8.1829029428   0.000279389709       0.2132  AAAAATAAAAAAAAAA
    15      1   -12.7644039005   0.000002860815       0.0022  AAAASTAAAAAAAATT
    16      1   -33.4400117751   0.000000000000       0.0000  AAAIIRIIVIIIIIKI
    17      3    -8.0238450893   0.000327558108       0.2499  AAATAAAAAAAAAAAA
    18      1   -10.5963294862   0.000025007632       0.0191  AAATTTTTTTTTTTTT
    19      1   -14.4417533591   0.000000534597       0.0004  AADEEKEEEEEEEEEE
    20      1   -12.2468752733   0.000004800093       0.0037  AAGEEEEEEEEEEEEE
    21      1   -17.4457571113   0.000000026510       0.0000  AAGVVVVIVVVVVVVV
    22      1   -20.3822121860   0.000000001406       0.0000  AAHAAAAVAAAAAVAA
    23      1   -21.3770531443   0.000000000520       0.0000  AAPIIIMIIIIIIIII
    24      1   -15.7067505445   0.000000150885       0.0001  AASPPSPPPPPPPPPP
    25      1    -7.5316677227   0.000535843872       0.4088  AATTTTTTTTTTTTTT
    26      1   -19.1017901507   0.000000005061       0.0000  AAVVVAFVVVVVVVAA
    27      1   -12.7696916182   0.000002845728       0.0022  AAVVVMVVVVVVVVVV
    28      1   -12.2069806576   0.000004995462       0.0038  AAVVVVVIIIIIIVVV
    29      1    -7.3987637657   0.000612008880       0.4670  AAVVVVVVVVVVVVVV
    30      1   -26.4857344528   0.000000000003       0.0000  AEGEKK-EEEEEEEVV
    31      1   -11.8384261366   0.000007221657       0.0055  ASATAAAAAAAAAAAA
    32      1   -25.1022235113   0.000000000013       0.0000  ASPSPTSSSSSSSTPP
    33      1   -33.3064892567   0.000000000000       0.0000  ASRDDRNNNNNNNNNS
    34      1   -19.8424748745   0.000000002413       0.0000  ASSSSPSSSSSSSFSS
    35      1    -8.4377943042   0.000216527217       0.1652  ASSSSSSSSSSSSSSS
    36      1   -25.7021384602   0.000000000007       0.0000  ATPTPYSSSSSSSPPP
    37      1   -15.0445332718   0.000000292578       0.0002  AVVVIVVVVVVVVVII
    38      1   -15.9130964026   0.000000122752       0.0001  C-PYYYYYYYYYYYYY
    39      1    -4.5645799767   0.010414252517       7.9461  CCCCC-CCCCCCCCCC
    40      1    -4.5701431762   0.010356476811       7.9020  CCCCCCC------CCC
    41      8    -4.6150547010   0.009901641762       7.5550  CCCCCCCCCCCCCCCC
    42      1   -16.7487477709   0.000000053224       0.0000  CCDASSSSSSSSSSSS
    43      1   -23.2366479201   0.000000000081       0.0000  CCFSASCCCCCCCSSS
    44      1   -13.3735319783   0.000001555782       0.0012  CCPSSSSSSSSSSSSS
    45      1   -14.1221587594   0.000000735909       0.0006  CCSSDSSSSSSSSSSS
    46      1   -26.5525074433   0.000000000003       0.0000  CSQQQQQRRRRRRLQQ
    47      1   -12.7160534159   0.000003002536       0.0023  DDAAATAAAAAAAAAA
    48      1   -11.5156834317   0.000009972458       0.0076  DDADDDDDDDDDDADD
    49      1   -25.4444952571   0.000000000009       0.0000  DDCCCCRRHRRRRCCC
    50     15    -4.2029556205   0.014951321020      11.4079  DDDDDDDDDDDDDDDD
    51      1   -21.7186663928   0.000000000370       0.0000  DDDDDSDDDDDDDDCG
    52      1    -8.7915535523   0.000152011626       0.1160  DDDSDDDDDDDDDDDD
    53      1   -10.8595490084   0.000019220195       0.0147  DDEDDDDDDDDDDDNN
    54      1   -18.0183281649   0.000000014953       0.0000  DDGADDDDDDDDDDGG
    55      1   -18.7387718189   0.000000007275       0.0000  DDHYEDDDDDDDDDDD
    56      1   -11.9140578405   0.000006695614       0.0051  DDNNNNNNNNNNNSNN
    57      1   -14.5313795815   0.000000488767       0.0004  DDSVDDDDDDDDDDDD
    58      1   -11.0052109669   0.000016614895       0.0127  DE-DEEEEEEEEEEEE
    59      1    -8.1955136637   0.000275888526       0.2105  DEEEEEEEEEEEEEEE
    60      1   -19.2366172200   0.000000004422       0.0000  DEQKQEQQQQQQQQEE
    61      1   -16.4350405318   0.000000072837       0.0001  DGEEEEEEEEEEEKEE
    62      1   -27.9962937504   0.000000000001       0.0000  DGGDEEDDDDDDDGEG
    63      1   -12.3718430990   0.000004236203       0.0032  DGNNNNNNNNNNNNNN
    64      1   -12.0848165395   0.000005644570       0.0043  DNGDDDDDDDDDDDDD
    65      1   -29.6624288813   0.000000000000       0.0000  DNNINDHNNNNDNNNN
    66      1   -29.0449094888   0.000000000000       0.0000  DVVTVVVVVVVVVIIT
    67      1   -27.1458517259   0.000000000002       0.0000  EADKKKKNNNNNNKNN
    68      1   -15.7825572491   0.000000139869       0.0001  EDEEEDEEEEEEEKEE
    69      1   -11.4937146072   0.000010193966       0.0078  EDEEEEEEEEEEEEDD
    70      1   -15.7747079455   0.000000140972       0.0001  EDGEEEEEEEEEEEDD
    71      1    -7.8754898263   0.000379942806       0.2899  EEAEEEEEEEEEEEEE
    72      1   -13.7254287111   0.000001094264       0.0008  EEDEDDKEEEEEEDDD
    73      1    -4.3635165327   0.012733530947       9.7157  EEEE-EEEEEEEEEEE
    74      3    -7.5405140560   0.000531124524       0.4052  EEEEDEEEEEEEEEEE
    75      1   -11.9195240795   0.000006659114       0.0051  EEEEDEEEEEEEEEKK
    76      1   -11.7178950430   0.000008146721       0.0062  EEEEEDDEEEEEEEEE
    77      1    -7.7569739189   0.000427749027       0.3264  EEEEEDEEEEEEEEEE
    78      1    -8.1084606679   0.000300981828       0.2296  EEEEEEEEEEEEEEDD
    79     37    -4.5210693302   0.010877385930       8.2994  EEEEEEEEEEEEEEEE
    80      1    -9.8819162017   0.000051090285       0.0390  EEEEEEEEEEEEEEEQ
    81      1   -12.2002202787   0.000005029348       0.0038  EEEEEEEEEEEEEEER
    82      1   -16.9967827174   0.000000041533       0.0000  EEEEEEEGEDDDDEEE
    83      1    -9.0554030914   0.000116758473       0.0891  EEEEEEKKKKKKKEEE
    84      1   -28.0927120661   0.000000000001       0.0000  EEEEEKAEEAAGGEEE
    85      1    -8.5300955702   0.000197436100       0.1506  EEEEEKEEEEEEEEEE
    86      1   -12.6713595703   0.000003139775       0.0024  EEEEKEEEEEEEEEKK
    87      1   -13.5306638482   0.000001329558       0.0010  EEEEQQQQQQQQQQQQ
    88      1   -15.8471958762   0.000000131114       0.0001  EEEKKKEKKKKKKKKK
    89      1   -12.2870689842   0.000004610985       0.0035  EEGGAGGGGGGGGGGG
    90      1   -30.1759075065   0.000000000000       0.0000  EEGREGGGGGGGGGKE
    91      1   -10.9901793063   0.000016866531       0.0129  EEMMMMMMMMMMMMMM
    92      1   -14.6547912327   0.000000432021       0.0003  EENDDDDDDDDDDDDE
    93      1   -17.1915323006   0.000000034183       0.0000  EEPQQQQQQQQQQHQQ
    94      1   -16.3441741318   0.000000079766       0.0001  EEQGKEEEEEEEEEEE
    95      1   -18.2740728033   0.000000011579       0.0000  EEQQKQQQQQQQEQQQ
    96      1   -13.6145574692   0.000001222567       0.0009  EGEEEEDDDDDDDEEE
    97      1   -21.8688753887   0.000000000318       0.0000  EKKKKKEKIKKKKKKK
    98      1   -12.8613292380   0.000002596544       0.0020  ERDDDDDDDDDDDDDD
    99      1   -24.5063173486   0.000000000023       0.0000  EVVLTIVVVVVVVIII
   100      1   -30.3514876988   0.000000000000       0.0000  FCFSSSSPPPPPPFSS
   101      1   -21.3480802803   0.000000000535       0.0000  FCFYFYYYYYYYYFFF
   102      1   -35.8369742186   0.000000000000       0.0000  FCLLSFFLLLLLLFVF
   103     15    -4.2307073606   0.014542100401      11.0956  FFFFFFFFFFFFFFFF
   104      1   -11.2419479201   0.000013112456       0.0100  FFFFFFFSFFFFFFFF
   105      1    -8.8595897983   0.000142013306       0.1084  FFFFFFLFFFFFFFFF
   106      1   -10.2139471941   0.000036655496       0.0280  FFFFFFVFFFFFFFFF
   107      1    -7.7068584888   0.000449732099       0.3431  FFFFYFFFFFFFFFFF
   108      1    -7.9799603850   0.000342252981       0.2611  FFFLFFFFFFFFFFFF
   109      1   -23.3588865433   0.000000000072       0.0000  GAGASDAAAAAAAGGG
   110      1    -8.5597983429   0.000191657939       0.1462  GDGGGGGGGGGGGGGG
   111      1   -22.8091626989   0.000000000124       0.0000  GERDEEKKKKKKKEEE
   112      1   -20.5917150219   0.000000001141       0.0000  GETTTTTTITTTTTTT
   113      1   -13.9198929731   0.000000900881       0.0007  GGAAAAAPAAAAAAAA
   114      1   -19.3831013588   0.000000003820       0.0000  GGATMMMMMMMMMMMM
   115      1    -8.0712442062   0.000312394356       0.2384  GGDD-DDDDDDDDDDD
   116      1    -7.5990893000   0.000500907402       0.3822  GGDGGGGGGGGGGGGG
   117      1   -14.4119508235   0.000000550769       0.0004  GGEEEEEEEEEEEEEK
   118      1    -8.1508053731   0.000288502914       0.2201  GGGGDGGGGGGGGGGG
   119      1    -8.3736182358   0.000230878667       0.1762  GGGGGDGGGGGGGGGG
   120      1   -10.3119521743   0.000033233499       0.0254  GGGGGGGEGGGGGGGG
   121     19    -3.1650771862   0.042210883592      32.2069  GGGGGGGGGGGGGGGG
   122      1    -9.6510847009   0.000064355722       0.0491  GGGGGGGGGGGGGRGG
   123      1   -14.6858998504   0.000000418788       0.0003  GGGGGVGGGGGGGGEE
   124      1   -19.6494129765   0.000000002927       0.0000  GGREEEEEKEEEEEEE
   125      1   -10.7451640770   0.000021549368       0.0164  GGRGRRGGGGGGGRRR
   126      1   -35.2829184414   0.000000000000       0.0000  GGRMKENKKKKKKRGG
   127      1   -14.4275021432   0.000000542270       0.0004  GGTTTATTTTTTTTAA
   128      1    -8.7884363311   0.000152486219       0.1163  GGVGGGGGGGGGGGGG
   129      1   -13.9228436911   0.000000898226       0.0007  GGYDDDDDDDDDDDDD
   130      1   -12.2672497392   0.000004703283       0.0036  GSGGGAGGGGGGGGGG
   131      1   -10.6634277235   0.000023384720       0.0178  HDDDDDDDDDDDDDDD
   132      2    -5.0679992539   0.006295002251       4.8031  HHHHHHHHHHHHHHHH
   133      1    -9.7149981089   0.000060371217       0.0461  HHHHHHQQQQQQQHHH
   134      1    -9.2535008310   0.000095775770       0.0731  HHHHHYHHHHHHHHHH
   135      1    -9.0299478646   0.000119768737       0.0914  HHHHYHHHHHHHHHHH
   136      1    -8.9821295615   0.000125635015       0.0959  HHHQHHHHHHHHHHHH
   137      1    -9.7940522105   0.000055782397       0.0426  HHPHHH-HHHHHHHHH
   138      1   -12.7104631632   0.000003019368       0.0023  HHQHRHHHHHHHHHHH
   139      1   -34.8951852370   0.000000000000       0.0000  HHSDNSKEKKKKKSCC
   140      1   -13.8065469703   0.000001009004       0.0008  HREEE-EE-----E--
   141      1   -12.9687788908   0.000002332013       0.0018  HRQQQQQQQQQQQQQQ
   142     11    -4.6928271876   0.009160750351       6.9897  IIIIIIIIIIIIIIII
   143      1    -9.0308580682   0.000119659773       0.0913  IIIIIIIIIIIIIIIV
   144      1    -9.5904883812   0.000068376020       0.0522  IIIIIIIIIIIIIILI
   145      1    -8.7905068625   0.000152170818       0.1161  IIIIIIIIIIIIILII
   146      1    -8.1524923376   0.000288016630       0.2198  IIIIILIIIIIIIIII
   147      1   -12.4657833382   0.000003856373       0.0029  IIIIIVLLLLLLLIVV
   148      1   -16.1948989511   0.000000092607       0.0001  IIIILILLLLLLLIIV
   149      1    -9.2084198414   0.000100192238       0.0764  IIIMIIIIIIIIIIII
   150      1   -10.7318286547   0.000021838662       0.0167  IIIVIIIIIIIIIVII
   151      1    -7.3422682497   0.000647579981       0.4941  IILIIIIIIIIIIIII
   152      1   -13.0579966035   0.000002132967       0.0016  IILLLLLLLLLLLLFL
   153      1   -19.2702457909   0.000000004276       0.0000  IILMMIIMMMMMMMMM
   154      1   -12.3953946098   0.000004137600       0.0032  IIMIIIIIIIIIIILL
   155      1   -18.0867456992   0.000000013965       0.0000  IISIIIIIIVVVVIVV
   156      1   -17.6833225973   0.000000020904       0.0000  IISLLLLLLLLLLLVL
   157      3    -6.7171852912   0.001209939052       0.9232  IIVIIIIIIIIIIIII
   158      1   -19.2330392442   0.000000004438       0.0000  IIVIVMIIVVVVVVVV
   159      1   -14.3298899030   0.000000597872       0.0005  IIVTIIVVVVVVVIII
   160      1    -9.5220139974   0.000073222047       0.0559  IVLLLLLLLLLLLLLL
   161      1   -24.0171298821   0.000000000037       0.0000  IVPVLIIIIIIIILLL
   162      1    -7.6801440402   0.000461908361       0.3524  IVVVVVVVVVVVVVVV
   163      1   -22.0587431794   0.000000000263       0.0000  KKAKENKQKKKKKKKK
   164      1    -8.1668744152   0.000283903997       0.2166  KKAKKKKKKKKKKKKK
   165      1   -11.4731055338   0.000010406234       0.0079  KKEKEKKKKKKKKKKK
   166      1   -17.4280190918   0.000000026984       0.0000  KKEKKKTRRRRRRKKK
   167      1   -13.2057044046   0.000001840075       0.0014  KKEKKNKKKKKKKKNN
   168      1   -13.0335542370   0.000002185744       0.0017  KKGKKKKKKKKKKRKK
   169      1   -19.8280986086   0.000000002448       0.0000  KKGRRSKKKKKKKRRR
   170      1    -8.9991912682   0.000123509650       0.0942  KKKKKAKKKKKKKKKK
   171     28    -4.3062161623   0.013484476253      10.2887  KKKKKKKKKKKKKKKK
   172      1   -13.0305115832   0.000002192405       0.0017  KKKKKKKKKKKKKREE
   173      1    -9.5830485913   0.000068886620       0.0526  KKKKKKKKKKKKKTKK
   174      1   -10.1851577769   0.000037726123       0.0288  KKKKKKKNKKKKKKKK
   175      1   -11.2233783020   0.000013358224       0.0102  KKKKKKMKKKKKKKKK
   176      1    -9.1719671888   0.000103911894       0.0793  KKKKKKQKKKKKKKKK
   177      1   -13.2216305153   0.000001811002       0.0014  KKKKKKRRRRRRRQKK
   178      1    -7.9479397711   0.000353389478       0.2696  KKKKKRKKKKKKKKKK
   179      1    -8.4352657466   0.000217075411       0.1656  KKKKNKKKKKKKKKKK
   180      3    -7.7312686474   0.000438886971       0.3349  KKKKRKKKKKKKKKKK
   181      1    -8.4992049256   0.000203630206       0.1554  KKKNKKKKKKKKKKKK
   182      1    -8.2932104966   0.000250209874       0.1909  KKKQKKKKKKKKKKKK
   183      1   -21.8960558278   0.000000000310       0.0000  KKMMMIMMMMMMMGII
   184      1    -8.3270050535   0.000241895425       0.1846  KKNNNNNNNNNNNNNN
   185      1   -13.3139955501   0.000001651221       0.0013  KKPKKEKKKKKKKKKK
   186      1    -7.6774123431   0.000463171879       0.3534  KKQKKKKKKKKKKKKK
   187      2    -7.1802007797   0.000761514930       0.5810  KKRKKKKKKKKKKKKK
   188      1   -13.4638484106   0.000001421428       0.0011  KKRKKKKKKRRKKKKK
   189      1   -16.3787128655   0.000000077058       0.0001  KKRKKKRRRRRRRKRK
   190      1   -10.4423926073   0.000029169334       0.0223  KKRRRKRRRRRRRRRR
   191      1   -12.3818849848   0.000004193877       0.0032  KKVRRRRRRRRRRRRR
   192      1   -19.7770076078   0.000000002576       0.0000  KNDNDHNNNNNNNNNN
   193      1   -16.1776437116   0.000000094219       0.0001  KNKERKKKKKKKKKKK
   194      1    -8.1006360560   0.000303346132       0.2315  KRKKKKKKKKKKKKKK
   195      1    -9.1341182315   0.000107920228       0.0823  KTKKKKKKKKKKKKKK
   196      1   -23.7518595008   0.000000000048       0.0000  LFLF-VHHHHHHHLLL
   197      1   -23.9970734833   0.000000000038       0.0000  LLALALLPPPPPPAAA
   198      1   -16.3348075763   0.000000080516       0.0001  LLLFFFFFLFFFFFFF
   199      1   -12.7605900601   0.000002871747       0.0022  LLLLFLVVVVVVVLLL
   200      1    -9.1542424447   0.000105770126       0.0807  LLLLL-LVLLLLLLLL
   201      1   -13.3887159884   0.000001532338       0.0012  LLLLLFFFFFFFFLLL
   202      1    -8.1463483500   0.000289791648       0.2211  LLLLLFLLLLLLLLLL
   203      1   -22.2261760672   0.000000000222       0.0000  LLLLLIQLLLLLLVVV
   204      1    -9.8327170878   0.000053666741       0.0409  LLLLLLLFFFFFFLLL
   205      1    -8.7667186750   0.000155834085       0.1189  LLLLLLLLLLLLLFLL
   206     34    -3.4356040499   0.032205950355      24.5731  LLLLLLLLLLLLLLLL
   207      1    -9.2587756076   0.000095271904       0.0727  LLLLLLLLLLLLLLLV
   208      1   -12.0009209215   0.000006138557       0.0047  LLLLLLLLLSSLLLLL
   209      1   -15.8096650663   0.000000136129       0.0001  LLLLMLLLLLLLVLLL
   210      1    -9.3444980214   0.000087445220       0.0667  LLLLPLLLLLLLLLLL
   211      1   -14.4006230735   0.000000557043       0.0004  LLLLVILLLLLLLIII
   212      2    -7.5224418639   0.000540810367       0.4126  LLLVLLLLLLLLLLLL
   213      1   -24.7459361635   0.000000000018       0.0000  LLMMMMMMMTTTTMTI
   214      1   -11.8123980596   0.000007412090       0.0057  LLMMVMMMMMMMMMMM
   215      1   -13.6371743668   0.000001195227       0.0009  LLPFFFFFFFFFFFFF
   216      1   -28.6506347105   0.000000000000       0.0000  LLPITTITTTTTTNTT
   217      1    -8.7711052528   0.000155152004       0.1184  LLPLLLLLLLLLLLLL
   218      1   -16.5059852782   0.000000067849       0.0001  LLPLLLLLLLLLLLLP
   219      1   -24.5731710412   0.000000000021       0.0000  LLPLPPLLLLLFLPLL
   220      1   -14.6181161401   0.000000448160       0.0003  LLPTLLLLLLLLLLLL
   221      1   -14.7007896689   0.000000412599       0.0003  LLSSSSSSSSSSSPSS
   222      1    -9.3022966248   0.000091214505       0.0696  LLSSSSSSSSSSSSSS
   223      1    -8.5853996425   0.000186813523       0.1425  LLTLLLLLLLLLLLLL
   224      1   -22.5194235955   0.000000000166       0.0000  LLVMLVVVVVVVVEVV
   225      1   -11.6777275996   0.000008480615       0.0065  LLVVVVLLLLLLLVVV
   226      1   -19.1120325711   0.000000005009       0.0000  LPSSSSSSSSSSSSPP
   227      1   -24.7755030882   0.000000000017       0.0000  LQTMIMMMMMMMMIMM
   228      1   -13.1912699042   0.000001866828       0.0014  LVPLLLLLLLLLLLLL
   229      1   -28.7083899696   0.000000000000       0.0000  MITTRIITTTTTTTTT
   230      1    -8.7009400534   0.000166429285       0.1270  MMIIIIIIIIIIIIII
   231      1   -15.1309359164   0.000000268360       0.0002  MMLMLLMMMMMMMFLL
   232      1    -9.3371653803   0.000088088781       0.0672  MMMIMMMMMMMMMMMM
   233      1   -12.8888150094   0.000002526148       0.0019  MMMMMIMMMMMMMMVV
   234      4    -5.7439028960   0.003202245822       2.4433  MMMMMMMMMMMMMMMM
   235      1   -14.4865955187   0.000000511154       0.0004  MMMMMMMWWWWWWMMM
   236      1   -14.8688071664   0.000000348786       0.0003  MMTTTTTTTTTTTTTA
   237      1   -13.0808317388   0.000002084812       0.0016  MMVTTTTTTTTTTTTT
   238      1   -24.8292772417   0.000000000016       0.0000  MVMIITIIIIIIIIMM
   239      1    -3.2419039485   0.039089400000      29.8252  N---------------
   240      1   -22.5568406988   0.000000000160       0.0000  NHQQQRQQQQQQQQRQ
   241      1   -10.9702553644   0.000017205949       0.0131  NNDDNDDDDDDDDDDD
   242      1   -19.8367548589   0.000000002427       0.0000  NNDSVNSSSSSSSNNN
   243      2    -8.8497818598   0.000143413017       0.1094  NNGNNNNNNNNNNNNN
   244      1   -15.4884038413   0.000000187703       0.0001  NNGSSNSSSSSSSSSS
   245      1   -18.2296713827   0.000000012105       0.0000  NNHSSNSSSSSSSNNN
   246      1   -12.0927660300   0.000005599876       0.0043  NNKNNNDDDDDDDNNN
   247      1   -12.4742259938   0.000003823952       0.0029  NNKNNNSNNNNNNNNN
   248      1   -24.6365354930   0.000000000020       0.0000  NNNDGDNNKNNNNDDD
   249      1   -17.8834200759   0.000000017113       0.0000  NNNHNDNNNNNNNDDD
   250      1   -12.8907033800   0.000002521382       0.0019  NNNKNNNNNNNNNDNN
   251      1   -10.7472070645   0.000021505388       0.0164  NNNNINNNNNNNNNNN
   252      1    -8.9200605454   0.000133680151       0.1020  NNNNNNNNNNNNNNDD
   253      9    -5.2183912752   0.005416035032       4.1324  NNNNNNNNNNNNNNNN
   254      1    -9.3207307633   0.000089548448       0.0683  NNNNNNNNNNNNNSNN
   255      1   -10.2405768095   0.000035692256       0.0272  NNNNNNNSNNNNNNNN
   256      1   -12.3271587555   0.000004429788       0.0034  NNNNNNNYYYYYYNNN
   257      1   -13.1495149587   0.000001946427       0.0015  NNNSNSNNNNNNNNSS
   258      1   -20.5854467312   0.000000001148       0.0000  NNPATATTTTTTTTTT
   259      1   -13.0770473884   0.000002092717       0.0016  NNRDNNNNNNNNNNNN
   260      1   -15.0997178679   0.000000276870       0.0002  NNS-KNSSSSSSSN--
   261      1   -11.1632409600   0.000014186199       0.0108  NNSNSNNNNNNNNNNN
   262      1   -19.0415129985   0.000000005375       0.0000  NNTKSSNNNNNNNNNN
   263      1   -25.2782788320   0.000000000011       0.0000  NNTSTTSSTIIIITTT
   264      1   -16.4737956546   0.000000070068       0.0001  NSNHSNNNNNNNNNNN
   265      1    -8.8707872547   0.000140431988       0.1071  NSNNNNNNNNNNNNNN
   266      1   -12.1882248703   0.000005090040       0.0039  NSNSNNNNNNNNNNNN
   267      1   -13.4625722445   0.000001423243       0.0011  NSRNNN-NNNNNNNNN
   268      1   -19.0860045388   0.000000005141       0.0000  PAPSTSSSSSSSSSSS
   269      1   -28.8415136055   0.000000000000       0.0000  PEPQQEQQLQQQQQEE
   270      1   -22.2405202513   0.000000000219       0.0000  PFSSSFSSSSSSSSFF
   271      1   -22.2280593355   0.000000000222       0.0000  PHSITTTTTTTTTTTT
   272      1   -13.4433102204   0.000001450924       0.0011  PP-R--GGGGGGG---
   273      1   -22.9375305447   0.000000000109       0.0000  PPLPPPPPLPPPPPLP
   274      1    -8.6388392207   0.000177092348       0.1351  PPLPPPPPPPPPPPPP
   275      1    -9.4301739790   0.000080265234       0.0612  PPPPPLPPPPPPPPPP
   276      1    -9.8135092524   0.000054707527       0.0417  PPPPPPPPPPPPPPLL
   277      1   -10.8569988662   0.000019269272       0.0147  PPPPPPPPPPPPPPLP
   278     20    -3.9126469619   0.019987524763      15.2505  PPPPPPPPPPPPPPPP
   279      2    -8.7281489943   0.000161961971       0.1236  PPPPPPPPPPPPPPSS
   280      2    -8.9391998286   0.000131145937       0.1001  PPPPPPPPPPPPPSPP
   281      1   -14.3597002819   0.000000580312       0.0004  PPPPSPLPPPPPPPPP
   282      1    -8.1107692531   0.000300287787       0.2291  PPPPSPPPPPPPPPPP
   283      1   -15.0324573612   0.000000296133       0.0002  PPPQPRPPPPPPPPPP
   284      1    -8.1738209775   0.000281938674       0.2151  PPPSPPPPPPPPPPPP
   285      1   -12.3908317825   0.000004156522       0.0032  PPPSSSSSSSSSSSSS
   286      1    -9.6124061781   0.000066893672       0.0510  PPQQQQQQQQQQQQQQ
   287      1   -17.2414500448   0.000000032519       0.0000  PPRHQQQQQQQQQQQQ
   288      1   -24.5051941659   0.000000000023       0.0000  PPSLPSSSSSSSSSYY
   289      1    -7.5805250266   0.000510293235       0.3894  PPSPPPPPPPPPPPPP
   290      1   -26.2019907479   0.000000000004       0.0000  PQRTIITTTTTTTIII
   291      1   -13.0376224803   0.000002176870       0.0017  PSDDDDDDDDDDDDDD
   292      1   -30.0025313217   0.000000000000       0.0000  PSPLPHCCCCCCCPHH
   293      1   -23.5916528366   0.000000000057       0.0000  PSPS-ASSSSSSSFSS
   294      1   -21.0894645644   0.000000000693       0.0000  PSSS-SSAAAAAASFF
   295      1   -18.0438157887   0.000000014577       0.0000  Q-LLLQQQQQQQQQQQ
   296      1   -16.5649296647   0.000000063965       0.0000  QEALLL-LLLLLLLLL
   297      1    -9.7946309876   0.000055750120       0.0425  QHQQQQQQQQQQQQQQ
   298      1   -24.5671248554   0.000000000021       0.0000  QQEDYDHHHHHHHDDD
   299      1   -30.3434249928   0.000000000000       0.0000  QQEEGEGGDDDDDKEE
   300      1    -8.5377350582   0.000195933536       0.1495  QQHHHHHHHHHHHHHH
   301      1    -7.8165228740   0.000403020603       0.3075  QQKKKKKKKKKKKKKK
   302      1    -7.9732368996   0.000344561867       0.2629  QQKQQQQQQQQQQQQQ
   303      1   -14.3875880099   0.000000564352       0.0004  QQPNQQQQQQQQQQQQ
   304      3    -9.6051715551   0.000067379378       0.0514  QQPQQQQQQQQQQQQQ
   305      1   -12.8021884508   0.000002754737       0.0021  QQQEQHQQQQQQQQQQ
   306      1   -21.4059807529   0.000000000505       0.0000  QQQHEELQQQQQQQQQ
   307      1   -17.3139712045   0.000000030244       0.0000  QQQQKHKQQQQQQQQQ
   308      1    -8.5484385235   0.000193847552       0.1479  QQQQKQQQQQQQQQQQ
   309      1   -10.7335250060   0.000021801648       0.0166  QQQQQHQQQQQQQQHH
   310      1   -10.7670868569   0.000021082087       0.0161  QQQQQQ-QEEEEEQQQ
   311      1   -10.1042629802   0.000040904807       0.0312  QQQQQQHHHHHHHQQQ
   312      1    -9.9748332961   0.000046556995       0.0355  QQQQQQQQQQQQQQHH
   313      1   -10.8231635811   0.000019932409       0.0152  QQQQQQQQQQQQQQPP
   314     13    -5.1831184946   0.005610482845       4.2808  QQQQQQQQQQQQQQQQ
   315      1    -9.3565974476   0.000086393558       0.0659  QQQQQRQQQQQQQQQQ
   316      1   -23.0456640648   0.000000000098       0.0000  QQQRRRQRQQQQQQQQ
   317      1   -26.4861974461   0.000000000003       0.0000  RGWMVVVVVVVVVVVV
   318      1   -29.4113967214   0.000000000000       0.0000  RQGDGGDDDDDDDGVA
   319      1   -29.3674025275   0.000000000000       0.0000  RREEKKKTTTTTTEEK
   320      1   -22.8655244416   0.000000000117       0.0000  RREKEENNNNNNNEKE
   321      1    -7.2582289236   0.000704354397       0.5374  RRKKKKKKKKKKKKKK
   322      1   -11.0298369658   0.000016210734       0.0124  RRRCRRRRRRRRRRRR
   323      1   -18.5579688337   0.000000008717       0.0000  RRRKKKKKKKKKKRQK
   324      1    -7.6137152433   0.000493634475       0.3766  RRRKRRRRRRRRRRRR
   325      1   -14.1758751788   0.000000697422       0.0005  RRRRREKRRRRRRRRR
   326      1   -11.6268228457   0.000008923495       0.0068  RRRRRKKKKKKKKRRR
   327      1    -8.3115809736   0.000245655362       0.1874  RRRRRRKKKKKKKRRR
   328      1    -8.4824006435   0.000207080978       0.1580  RRRRRRKRRRRRRRRR
   329      1   -13.7844974637   0.000001031499       0.0008  RRRRRRRRKKKKKRKK
   330     19    -4.4506205809   0.011671321724       8.9052  RRRRRRRRRRRRRRRR
   331      1   -16.5691017255   0.000000063699       0.0000  RRRRRRSSSGGGGRRR
   332      1   -12.5613907841   0.000003504752       0.0027  RRRRSRRRRRRRRRKK
   333      1    -9.3788414101   0.000084493039       0.0645  RRTTTTTTTTTTTTTT
   334      1   -26.6310977918   0.000000000003       0.0000  RSSNNRSSSSSSSSNN
   335      1   -19.8066462140   0.000000002501       0.0000  RTIIIIIIIIIIITII
   336      1    -2.6661710056   0.069517900000      53.0422  S---------------
   337      1   -12.7155749460   0.000003003973       0.0023  SASPSSSSSSSSSSSS
   338      1    -9.0727303239   0.000114752798       0.0876  SGSSSSSSSSSSSSSS
   339      1   -10.3733509142   0.000031254384       0.0238  SLSSSSSSSSSSSSSS
   340      1   -19.9567954311   0.000000002152       0.0000  SNDNTNSNNNNNNNNN
   341      1   -13.9177422939   0.000000902820       0.0007  SNFSSSSSSSSSSSSS
   342      1   -20.9720895483   0.000000000780       0.0000  SNKKKNNKKKKKKKKK
   343      1   -16.5024374403   0.000000068090       0.0001  SNSNNSSSSSSSSSSS
   344      1   -20.1236114807   0.000000001821       0.0000  SPATAAAAAAAAAATT
   345      1    -6.9986163116   0.000913144599       0.6967  SSAAAAAAAAAAAAAA
   346      1   -18.0789664486   0.000000014074       0.0000  SSDNNNDDDDDDDNDD
   347      1   -23.1118040302   0.000000000092       0.0000  SSDTGGSSSSSSSGDD
   348      1   -26.8283511635   0.000000000002       0.0000  SSFFFLFIFFFFFFCC
   349      1   -18.9770463476   0.000000005733       0.0000  SSFLLLLLLLLLLLSS
   350      1   -11.6330272609   0.000008868302       0.0068  SSGNNNNNNNNNNNNN
   351      1   -41.3670250743   0.000000000000       0.0000  SSIDDEEDHDDDDHGG
   352      1   -23.3464696312   0.000000000073       0.0000  SSMLIVVVVVVVVIVV
   353      1   -11.2854047917   0.000012554834       0.0096  SSNSNNNNNNNNNNNN
   354      1   -14.1604533422   0.000000708261       0.0005  SSPSFS-SSSSSSSSS
   355      1    -8.4717753886   0.000209292997       0.1597  SSPSSSSSSSSSSSSS
   356      1   -20.0528393699   0.000000001955       0.0000  SSRNNNNNNNNNNNNI
   357      1   -10.6938085158   0.000022684958       0.0173  SSSNNNNNNNNNNNNN
   358      1   -16.8065071121   0.000000050237       0.0000  SSSNTRSSSSSSSSSS
   359      1    -7.7407995929   0.000434723834       0.3317  SSSSASSSSSSSSSSS
   360      1   -21.4270738663   0.000000000495       0.0000  SSSSGGSSSSSSSSND
   361      1    -8.6449473324   0.000176013945       0.1343  SSSSGSSSSSSSSSSS
   362      1    -4.4103952882   0.012150374481       9.2707  SSSSS-SSSSSSSSSS
   363      1    -9.0598415474   0.000116241394       0.0887  SSSSSASSSSSSSSAA
   364      1   -11.2945761191   0.000012440216       0.0095  SSSSSLSSSSSSSSLL
   365      1    -9.6220183861   0.000066253757       0.0506  SSSSSRSSSSSSSSSS
   366      1   -19.2132867209   0.000000004527       0.0000  SSSSSSLLLSSLLSSS
   367      1    -9.1531538748   0.000105885327       0.0808  SSSSSSNNNNNNNSSS
   368      1   -12.6679034252   0.000003150645       0.0024  SSSSSSSSCCCCCSSS
   369      1   -19.1886975102   0.000000004639       0.0000  SSSSSSSSLSSSSSLS
   370      1    -8.5926056793   0.000185472176       0.1415  SSSSSSSSSSSSSASS
   371      1   -11.2072573689   0.000013575317       0.0104  SSSSSSSSSSSSSFSS
   372      1    -9.6554747926   0.000064073814       0.0489  SSSSSSSSSSSSSSPP
   373     23    -4.5538139149   0.010526978723       8.0321  SSSSSSSSSSSSSSSS
   374      1   -12.4186605420   0.000004042446       0.0031  SSSTPSSSSSSSSSSS
   375      1   -20.9566655874   0.000000000792       0.0000  SSTKEKEKKKKKKKKK
   376      1   -11.4092717831   0.000011092162       0.0085  SSTNNNNNNNNNNNNN
   377      1   -15.0298549441   0.000000296905       0.0002  SSTTTTTTTTTITTTT
   378      1   -14.9075260781   0.000000335540       0.0003  STNNKNNNNNNNNNNN
   379      1   -14.7897802547   0.000000377468       0.0003  STSPPPPPPPPPPPPP
   380      1   -15.5161287120   0.000000182571       0.0001  TA-----DNNNNN---
   381      1   -15.7202556331   0.000000148861       0.0001  TAILIIIIIIIIIIII
   382      1   -33.0082043700   0.000000000000       0.0000  TDKNSKEKKKKKKKNK
   383      1   -23.4263903463   0.000000000067       0.0000  TIKKSKKEEEEEEKKK
   384      1   -22.9107071366   0.000000000112       0.0000  TIMMKIMMMMMMMMII
   385      1    -9.3790538933   0.000084475087       0.0645  TITTTTTTTTTTTTTT
   386      1   -18.5063434267   0.000000009179       0.0000  TNNNHTNNNNNNNNNN
   387      1   -13.4417162093   0.000001453238       0.0011  TRATTTTTTTTTTTTT
   388      1   -20.2448839662   0.000000001613       0.0000  TSAATPAAAAAAAAPP
   389      1   -18.0397155716   0.000000014637       0.0000  TSATTFTTTTTTTTTT
   390      1   -22.2702875045   0.000000000213       0.0000  TSHNSNNNNNNNNDNN
   391      1   -30.5302408966   0.000000000000       0.0000  TSRTIPTTTAATTTPP
   392      1   -15.0043471745   0.000000304575       0.0002  TTAATATTTTTTTTTT
   393      1   -21.8510645113   0.000000000324       0.0000  TTAMMSTTTTTTTTTT
   394      1   -16.8600230822   0.000000047620       0.0000  TTAT-TASAAAAATTT
   395      1   -17.2714901642   0.000000031556       0.0000  TTATATPTTTTTTTTT
   396      1    -8.5691568674   0.000189872670       0.1449  TTIIIIIIIIIIIIII
   397      1    -8.2851296182   0.000252239981       0.1925  TTNTTTTTTTTTTTTT
   398      1   -18.6655153701   0.000000007828       0.0000  TTPSPPPPPPPPPPLL
   399      1   -16.6748361447   0.000000057307       0.0000  TTPTTTSSSSSSSTSS
   400      1    -8.9459298857   0.000130266281       0.0994  TTPTTTTTTTTTTTTT
   401      1    -7.3424042984   0.000647491884       0.4940  TTSSSSSSSSSSSSSS
   402      1    -7.0083260996   0.000904321066       0.6900  TTSTTTTTTTTTTTTT
   403      1   -14.4882630387   0.000000510302       0.0004  TTTITTTTTTTTTTTA
   404      1   -19.7892820150   0.000000002545       0.0000  TTTNTVTTTAAAATTT
   405      1    -4.1003258638   0.016567275847      12.6408  TTTT--TTTTTTTTTT
   406      1   -15.3974681296   0.000000205572       0.0002  TTTTITTTTTTSTTTT
   407      1    -9.8447615818   0.000053024230       0.0405  TTTTMTTTTTTTTTTT
   408      1   -15.4287962966   0.000000199232       0.0002  TTTTTITTAAAAATTT
   409      1    -8.9721198393   0.000126898902       0.0968  TTTTTTATTTTTTTTT
   410      1    -9.9295196864   0.000048715189       0.0372  TTTTTTITTTTTTTTT
   411      2    -8.4835515049   0.000206842794       0.1578  TTTTTTSTTTTTTTTT
   412      1   -10.8963446801   0.000018525828       0.0141  TTTTTTTTTAATTTTT
   413      1    -9.8266304830   0.000053994386       0.0412  TTTTTTTTTTTTTITT
   414     12    -4.3673033088   0.012685403100       9.6790  TTTTTTTTTTTTTTTT
   415      1   -13.8259091405   0.000000989655       0.0008  TTTTVTTTTTTTTTII
   416      1   -11.9041048735   0.000006762588       0.0052  TTVTTATTTTTTTTTT
   417      1   -23.2751723645   0.000000000078       0.0000  TTVVIIIVVVVVVTVV
   418      1   -29.4665606570   0.000000000000       0.0000  VAGGGGSSSSSSSSHH
   419      1   -28.9968531123   0.000000000000       0.0000  VAVMAIMMMMMMMTII
   420      1    -8.2390300706   0.000264140323       0.2015  VAVVVVVVVVVVVVVV
   421      1   -21.9613975964   0.000000000290       0.0000  VGGHGGGGGGGGGGAA
   422      1   -10.4843767051   0.000027970038       0.0213  VIIIVIIIIIIIIIII
   423      1   -17.2660082997   0.000000031730       0.0000  VIVTIIVVVVVVVIII
   424      1    -7.4156216130   0.000601778204       0.4592  VIVVVVVVVVVVVVVV
   425      1   -19.5287630062   0.000000003302       0.0000  VLVTVIIIIIIIIVVV
   426      1   -14.9985509370   0.000000306346       0.0002  VMGVVVVVVVVVVVVV
   427      1    -7.4330881089   0.000591358510       0.4512  VVAAAAAAAAAAAAAA
   428      1   -12.3045733298   0.000004530975       0.0035  VVAAAAVAAAAAAAAA
   429      1   -11.4912895335   0.000010218717       0.0078  VVATAAAAAAAAAAAA
   430      1    -7.2930932583   0.000680220697       0.5190  VVAVVVVVVVVVVVVV
   431      1   -12.6341649210   0.000003258756       0.0025  VVEAVVVVVVVVVVVV
   432      1   -21.0757440290   0.000000000703       0.0000  VVFFLFFFFFFFFLYY
   433      1   -12.6284725054   0.000003277359       0.0025  VVGVVIVVVVVVVVVV
   434      1    -9.9188247121   0.000049238993       0.0376  VVIIIIVVVVVVVIII
   435      1    -9.5726670754   0.000069605493       0.0531  VVIIIVIIIIIIIIII
   436      1   -12.9615696613   0.000002348885       0.0018  VVIVVVIIIIIIIIVV
   437      1   -12.2687280320   0.000004696336       0.0036  VVIVVVVLLLLLLVVV
   438      1   -15.8936174194   0.000000125167       0.0001  VVMIIIMMMMMMMIII
   439      1   -27.3684910298   0.000000000001       0.0000  VVTITIITIIIIIISS
   440      1   -13.4612625952   0.000001425109       0.0011  VVVAVVVAAAAAAVVV
   441      1    -7.1434418582   0.000790028246       0.6028  VVVIVVVVVVVVVVVV
   442      1   -15.7245581727   0.000000148221       0.0001  VVVVAIVVVVVVVVTT
   443      1   -27.2280092695   0.000000000001       0.0000  VVVVVIIITTTTTVAT
   444      1    -7.2892908961   0.000682812066       0.5210  VVVVVIVVVVVVVVVV
   445      2    -7.8337575387   0.000396134191       0.3023  VVVVVVIIIIIIIVVV
   446      1   -11.9364307145   0.000006547477       0.0050  VVVVVVIVIIIIIVVV
   447      2    -8.0034171478   0.000334318259       0.2551  VVVVVVIVVVVVVVVV
   448     12    -4.1106193701   0.016397615188      12.5114  VVVVVVVVVVVVVVVV
   449      1   -34.3648817734   0.000000000000       0.0000  WWGQHQRRRRRRRRWW
   450      1   -11.2440629015   0.000013084753       0.0100  WWPWWWWWWWWWWWWW
   451      1   -10.4738959901   0.000028264725       0.0216  WWWWWWWWWWWWWWRR
   452      4    -4.8810260004   0.007589223485       5.7906  WWWWWWWWWWWWWWWW
   453      1    -4.1165803232   0.016300160522      12.4370  XXRRRRRRRRRRRRRR
   454      1   -22.9088569437   0.000000000112       0.0000  YCHHFYYYYYYYYYYY
   455      1   -25.0453672057   0.000000000013       0.0000  YYCYCYYCYYYYYYYY
   456      1    -8.1658227259   0.000284202733       0.2168  YYHYYYYYYYYYYYYY
   457      1   -10.8330641562   0.000019736040       0.0151  YYYYCYYYYYYYYYYY
   458      1    -9.6264374907   0.000065961621       0.0503  YYYYYYHYYYYYYYYY
   459      6    -4.3337933470   0.013117693031      10.0088  YYYYYYYYYYYYYYYY