

TREE # 1

  0  0.0000   7927.710038  x:  0.00710   0.04991   0.02325   0.00973   0.01430   0.00435   0.00817   0.00268   0.00457   0.00541   0.00921   0.01684   0.02526   0.05720   0.10386   0.11859   0.06552   0.07626   0.00446   0.00822   0.02056   0.06277   0.02269   0.02449   0.09904   0.11718   0.00000   0.07083   0.16658  
  1 99.0000   7904.030585  x:  0.00823   0.05050   0.02274   0.00973   0.01327   0.00169   0.00797   0.00000   0.00189   0.00399   0.00800   0.01684   0.02500   0.05695   0.10428   0.12004   0.06547   0.07659   0.01193   0.00819   0.02163   0.06313   0.02296   0.02424   0.09916   0.11739   0.01395   0.07059   0.16736  
  2 5022.0594   7899.063677  x:  0.00825   0.05081   0.02246   0.00975   0.01270   0.00000   0.00788   0.00000   0.00019   0.00336   0.00738   0.01684   0.02485   0.05678   0.10453   0.12092   0.06545   0.07678   0.01323   0.00772   0.02219   0.06334   0.02312   0.02409   0.09923   0.11752   0.01344   0.07026   0.16780  
  3 1717.9296   7898.818944  x:  0.00823   0.05083   0.02244   0.00975   0.01267   0.00000   0.00788   0.00000   0.00000   0.00342   0.00736   0.01684   0.02483   0.05676   0.10455   0.12101   0.06545   0.07680   0.01325   0.00768   0.02223   0.06336   0.02313   0.02408   0.09923   0.11753   0.01344   0.07023   0.16785  
  4 2426.9159   7893.768697  x:  0.00574   0.05385   0.02061   0.00989   0.01091   0.00000   0.00828   0.00000   0.00000   0.00106   0.00890   0.01690   0.02370   0.05459   0.10795   0.13276   0.06520   0.07906   0.00946   0.00298   0.02482   0.06571   0.02397   0.02290   0.10013   0.11948   0.01508   0.06581   0.17448  
  5 1244.3981   7889.435348  x:  0.00995   0.05755   0.02166   0.00928   0.01811   0.00000   0.00712   0.00000   0.00000   0.00119   0.01413   0.01683   0.02436   0.05187   0.11342   0.15146   0.06430   0.08201   0.01093   0.00598   0.02154   0.06841   0.02285   0.02322   0.10155   0.12339   0.01418   0.05867   0.18671  
  6 668.8323   7888.711797  x:  0.00853   0.05632   0.02308   0.00993   0.01801   0.00000   0.00935   0.00000   0.00000   0.00112   0.01111   0.01681   0.02539   0.05242   0.11425   0.15522   0.06342   0.08197   0.01052   0.00823   0.01921   0.06801   0.02231   0.02427   0.10181   0.12447   0.01431   0.05819   0.19085  
  7 245.2957   7888.462988  x:  0.00802   0.05515   0.02367   0.00953   0.01767   0.00000   0.00757   0.00000   0.00000   0.00112   0.00987   0.01680   0.02574   0.05302   0.11441   0.15644   0.06283   0.08163   0.01007   0.00894   0.01877   0.06748   0.02217   0.02471   0.10189   0.12492   0.01444   0.05855   0.19315  
  8 206.2928   7888.226933  x:  0.00882   0.05240   0.02400   0.00908   0.01701   0.00000   0.00796   0.00000   0.00000   0.00111   0.01088   0.01682   0.02579   0.05454   0.11414   0.15713   0.06161   0.08039   0.01020   0.00886   0.01996   0.06601   0.02229   0.02491   0.10192   0.12550   0.01429   0.06034   0.19788  
  9 108.3521   7888.184960  x:  0.00888   0.05223   0.02370   0.00993   0.01714   0.00000   0.00780   0.00000   0.00000   0.00112   0.01098   0.01683   0.02563   0.05469   0.11394   0.15689   0.06143   0.08009   0.01030   0.00844   0.01962   0.06573   0.02231   0.02470   0.10185   0.12555   0.01426   0.06078   0.19927  
 10 70.8087   7888.145905  x:  0.00877   0.05269   0.02318   0.00945   0.01754   0.00000   0.00791   0.00000   0.00000   0.00113   0.01076   0.01679   0.02532   0.05456   0.11356   0.15615   0.06143   0.07981   0.01037   0.00802   0.01912   0.06560   0.02231   0.02436   0.10173   0.12553   0.01425   0.06117   0.20116  
 11 58.6702   7888.117447  x:  0.00864   0.05349   0.02318   0.00958   0.01775   0.00000   0.00791   0.00000   0.00000   0.00112   0.01057   0.01682   0.02540   0.05422   0.11317   0.15515   0.06168   0.07972   0.01026   0.00842   0.01972   0.06581   0.02234   0.02437   0.10164   0.12547   0.01425   0.06120   0.20302  
 12 45.9899   7888.106925  x:  0.00861   0.05366   0.02350   0.00954   0.01731   0.00000   0.00788   0.00000   0.00000   0.00112   0.01084   0.01680   0.02557   0.05406   0.11305   0.15463   0.06195   0.07985   0.01035   0.00835   0.01951   0.06603   0.02236   0.02460   0.10160   0.12537   0.01423   0.06092   0.20377  
 13 23.0438   7888.100567  x:  0.00886   0.05326   0.02349   0.00956   0.01731   0.00000   0.00789   0.00000   0.00000   0.00113   0.01068   0.01683   0.02546   0.05407   0.11315   0.15430   0.06222   0.08013   0.01027   0.00827   0.01953   0.06622   0.02220   0.02452   0.10163   0.12525   0.01426   0.06045   0.20410  
 14  8.3141   7888.093533  x:  0.00851   0.05290   0.02335   0.00956   0.01749   0.00000   0.00788   0.00000   0.00000   0.00113   0.01078   0.01678   0.02542   0.05416   0.11331   0.15407   0.06234   0.08038   0.01040   0.00833   0.01957   0.06630   0.02239   0.02448   0.10168   0.12513   0.01424   0.06012   0.20428  
 15  9.8615   7887.983650  x:  0.00909   0.05358   0.02275   0.00951   0.01728   0.00000   0.00791   0.00000   0.00000   0.00114   0.01047   0.01714   0.02632   0.05521   0.11601   0.15331   0.06158   0.08185   0.01018   0.00835   0.01946   0.06544   0.02370   0.02452   0.10236   0.12404   0.01426   0.06001   0.20480  
 16  4.9208   7887.720386  x:  0.00837   0.05473   0.02312   0.00954   0.01676   0.00000   0.00787   0.00000   0.00000   0.00118   0.01068   0.01621   0.02583   0.05605   0.12023   0.15250   0.05996   0.08382   0.01052   0.00842   0.01982   0.06434   0.02139   0.02405   0.10341   0.12234   0.01416   0.06053   0.20552  
 17 53.1648   7886.772296  x:  0.00768   0.05437   0.02548   0.00964   0.01659   0.00000   0.00791   0.00000   0.00000   0.00131   0.00988   0.01987   0.02136   0.05273   0.12476   0.15333   0.05777   0.08461   0.01120   0.00775   0.02015   0.06586   0.02214   0.02571   0.10418   0.12057   0.01394   0.06257   0.20662  
 18 38.4915   7883.134449  x:  0.00866   0.05140   0.02480   0.00990   0.01449   0.00000   0.00814   0.00000   0.00000   0.00178   0.00616   0.01369   0.02358   0.04260   0.13040   0.15947   0.05553   0.08324   0.01233   0.00533   0.02159   0.07247   0.02476   0.02562   0.10422   0.11890   0.01342   0.06636   0.20951  
 19 116.8429   7878.628878  x:  0.00699   0.05203   0.01889   0.00950   0.00818   0.00000   0.00801   0.00000   0.00000   0.00234   0.00463   0.02007   0.02857   0.04289   0.13009   0.16907   0.05766   0.08105   0.01476   0.00580   0.02256   0.07731   0.02168   0.02077   0.10294   0.12052   0.01254   0.06550   0.21271  
 20 230.2084   7876.029506  x:  0.00657   0.05546   0.02065   0.00971   0.00793   0.00000   0.00817   0.00000   0.00000   0.00270   0.00223   0.01874   0.02678   0.04985   0.12676   0.17461   0.06050   0.08072   0.01592   0.00258   0.02420   0.07660   0.02266   0.02229   0.10211   0.12269   0.01228   0.06218   0.21420  
 21 286.6385   7875.787366  x:  0.00696   0.05591   0.01986   0.00984   0.00665   0.00000   0.00813   0.00000   0.00000   0.00270   0.00228   0.01787   0.02501   0.04999   0.12593   0.17521   0.06064   0.08115   0.01578   0.00378   0.02398   0.07551   0.02329   0.02237   0.10224   0.12315   0.01225   0.06145   0.21435  
 22 149.4308   7875.653784  x:  0.00693   0.05579   0.01977   0.00982   0.00665   0.00000   0.00814   0.00000   0.00000   0.00273   0.00215   0.01816   0.02527   0.04805   0.12411   0.17548   0.06004   0.08296   0.01589   0.00342   0.02427   0.07204   0.02309   0.02275   0.10299   0.12368   0.01225   0.06035   0.21437  
 23 57.9006   7875.645826  x:  0.00694   0.05579   0.02009   0.00982   0.00663   0.00000   0.00814   0.00000   0.00000   0.00273   0.00215   0.01816   0.02528   0.04808   0.12368   0.17552   0.05970   0.08349   0.01588   0.00345   0.02424   0.07216   0.02326   0.02223   0.10322   0.12372   0.01225   0.06045   0.21438  
 24 13.6902   7875.637590  x:  0.00700   0.05578   0.01987   0.00982   0.00665   0.00000   0.00814   0.00000   0.00000   0.00273   0.00215   0.01816   0.02530   0.04826   0.12308   0.17557   0.05916   0.08428   0.01587   0.00343   0.02422   0.07264   0.02316   0.02252   0.10357   0.12372   0.01224   0.06071   0.21440  
 25 12.9771   7874.457943  x:  0.00670   0.05748   0.02013   0.00988   0.00669   0.00000   0.00816   0.00000   0.00000   0.00301   0.00314   0.01790   0.02501   0.04985   0.11753   0.18154   0.05605   0.08191   0.01643   0.00211   0.02538   0.07081   0.02360   0.02256   0.10203   0.11407   0.01217   0.05511   0.21573  
 26  0.3656   7873.067587  x:  0.00604   0.05879   0.02052   0.00998   0.00692   0.00000   0.00819   0.00000   0.00000   0.00335   0.00432   0.01750   0.02446   0.05096   0.11722   0.18667   0.06602   0.08796   0.01726   0.00000   0.02670   0.06796   0.02404   0.02283   0.10290   0.12146   0.01186   0.05941   0.21712  
 27 57.1697   7873.067587  x:  0.00604   0.05879   0.02052   0.00998   0.00692   0.00000   0.00819   0.00000   0.00000   0.00335   0.00432   0.01750   0.02446   0.05096   0.11722   0.18667   0.06602   0.08796   0.01726   0.00000   0.02670   0.06796   0.02404   0.02283   0.10290   0.12146   0.01186   0.05941   0.21712  
 28 56.1755   7871.792504  x:  0.00613   0.05909   0.01999   0.00994   0.00860   0.00000   0.00766   0.00000   0.00000   0.00165   0.00543   0.01729   0.02397   0.05093   0.11741   0.18704   0.06563   0.08780   0.01974   0.00177   0.02772   0.06833   0.02435   0.02257   0.10300   0.12189   0.01083   0.05901   0.21721  
 29 528.0752   7871.158638  x:  0.00607   0.05944   0.01940   0.00992   0.00967   0.00000   0.00726   0.00000   0.00000   0.00316   0.00574   0.01706   0.02339   0.05089   0.11766   0.18752   0.06513   0.08759   0.02234   0.00286   0.02885   0.06878   0.02473   0.02225   0.10309   0.12240   0.00964   0.05850   0.21733  
 30 670.8674   7870.674538  x:  0.00549   0.05991   0.01873   0.00995   0.00889   0.00000   0.00755   0.00000   0.00000   0.00284   0.00420   0.01683   0.02268   0.05082   0.11811   0.18836   0.06431   0.08721   0.02496   0.00199   0.03016   0.06947   0.02524   0.02179   0.10318   0.12320   0.00833   0.05772   0.21755  
 31 311.4525   7870.509422  x:  0.00496   0.06021   0.01855   0.01000   0.00814   0.00000   0.00772   0.00000   0.00000   0.00281   0.00510   0.01681   0.02239   0.05077   0.11848   0.18907   0.06370   0.08691   0.02594   0.00103   0.03083   0.06995   0.02548   0.02157   0.10323   0.12383   0.00831   0.05722   0.21775  
 32 226.7083   7870.354967  x:  0.00421   0.06081   0.01886   0.01010   0.00846   0.00000   0.00747   0.00000   0.00000   0.00281   0.00488   0.01701   0.02239   0.05066   0.11938   0.19086   0.06240   0.08621   0.02632   0.00068   0.03168   0.07096   0.02563   0.02146   0.10336   0.12546   0.01010   0.05632   0.21829  
 33 118.6820   7870.219765  x:  0.00503   0.06154   0.01932   0.00989   0.00826   0.00000   0.00804   0.00000   0.00000   0.00283   0.00492   0.01707   0.02278   0.05051   0.12069   0.19374   0.06086   0.08530   0.02547   0.00108   0.03184   0.07207   0.02543   0.02167   0.10355   0.12787   0.00973   0.05519   0.21913  
 34 105.3623   7870.177954  x:  0.00497   0.06165   0.01920   0.00996   0.00849   0.00000   0.00745   0.00000   0.00000   0.00281   0.00493   0.01700   0.02282   0.05049   0.12112   0.19493   0.06047   0.08507   0.02502   0.00080   0.03159   0.07230   0.02533   0.02173   0.10360   0.12870   0.00925   0.05500   0.21948  
 35 109.1343   7870.151556  x:  0.00452   0.06148   0.01870   0.01008   0.00854   0.00000   0.00768   0.00000   0.00000   0.00282   0.00494   0.01687   0.02261   0.05054   0.12141   0.19626   0.06051   0.08510   0.02491   0.00098   0.03107   0.07217   0.02529   0.02170   0.10363   0.12934   0.00918   0.05535   0.21988  
 36 48.1827   7870.132741  x:  0.00486   0.06125   0.01862   0.00995   0.00838   0.00000   0.00753   0.00000   0.00000   0.00282   0.00493   0.01690   0.02247   0.05063   0.12158   0.19761   0.06080   0.08525   0.02522   0.00095   0.03070   0.07187   0.02533   0.02164   0.10364   0.12976   0.00937   0.05589   0.22029  
 37 51.0949   7870.125694  x:  0.00484   0.06112   0.01889   0.01000   0.00854   0.00000   0.00766   0.00000   0.00000   0.00282   0.00493   0.01698   0.02258   0.05067   0.12157   0.19828   0.06101   0.08537   0.02532   0.00080   0.03076   0.07169   0.02538   0.02164   0.10365   0.12982   0.00930   0.05610   0.22051  
 38 32.8328   7870.122232  x:  0.00472   0.06105   0.01905   0.01001   0.00843   0.00000   0.00758   0.00000   0.00000   0.00282   0.00493   0.01700   0.02267   0.05067   0.12151   0.19869   0.06115   0.08546   0.02531   0.00090   0.03094   0.07158   0.02539   0.02166   0.10366   0.12976   0.00925   0.05616   0.22065  
 39 26.6723   7870.119887  x:  0.00476   0.06104   0.01891   0.00994   0.00846   0.00000   0.00760   0.00000   0.00000   0.00282   0.00493   0.01691   0.02268   0.05063   0.12136   0.19909   0.06126   0.08552   0.02520   0.00087   0.03120   0.07150   0.02536   0.02169   0.10365   0.12954   0.00927   0.05607   0.22080  
 40 12.1983   7870.119231  x:  0.00480   0.06107   0.01888   0.01004   0.00846   0.00000   0.00759   0.00000   0.00000   0.00282   0.00493   0.01695   0.02264   0.05062   0.12128   0.19923   0.06126   0.08552   0.02519   0.00088   0.03120   0.07149   0.02535   0.02168   0.10364   0.12940   0.00928   0.05600   0.22087  
 41  8.5361   7870.118590  x:  0.00477   0.06112   0.01892   0.00999   0.00846   0.00000   0.00759   0.00000   0.00000   0.00282   0.00493   0.01700   0.02260   0.05061   0.12116   0.19940   0.06121   0.08550   0.02521   0.00090   0.03110   0.07151   0.02535   0.02167   0.10362   0.12919   0.00928   0.05590   0.22095  
 42  7.7736   7870.118463  x:  0.00477   0.06114   0.01893   0.00999   0.00846   0.00000   0.00759   0.00000   0.00000   0.00282   0.00493   0.01695   0.02263   0.05062   0.12113   0.19944   0.06118   0.08548   0.02522   0.00090   0.03107   0.07153   0.02536   0.02167   0.10362   0.12913   0.00929   0.05591   0.22098  
 43  3.5154   7870.118430  x:  0.00477   0.06114   0.01891   0.00999   0.00846   0.00000   0.00759   0.00000   0.00000   0.00282   0.00493   0.01696   0.02265   0.05062   0.12113   0.19944   0.06116   0.08547   0.02522   0.00090   0.03107   0.07155   0.02537   0.02167   0.10361   0.12911   0.00928   0.05594   0.22099  
 44  1.1481   7870.118420  x:  0.00477   0.06113   0.01892   0.00999   0.00846   0.00000   0.00759   0.00000   0.00000   0.00282   0.00493   0.01696   0.02264   0.05063   0.12113   0.19944   0.06115   0.08546   0.02522   0.00090   0.03108   0.07156   0.02536   0.02167   0.10361   0.12909   0.00928   0.05596   0.22100  
 45  0.7605   7870.118400  x:  0.00477   0.06111   0.01892   0.00999   0.00846   0.00000   0.00759   0.00000   0.00000   0.00282   0.00493   0.01696   0.02264   0.05061   0.12117   0.19942   0.06115   0.08546   0.02522   0.00090   0.03108   0.07156   0.02537   0.02168   0.10361   0.12908   0.00928   0.05595   0.22108  
 46  0.1487   7870.118379  x:  0.00477   0.06113   0.01892   0.00999   0.00846   0.00000   0.00759   0.00000   0.00000   0.00282   0.00493   0.01696   0.02264   0.05063   0.12117   0.19940   0.06116   0.08546   0.02522   0.00090   0.03108   0.07156   0.02536   0.02165   0.10361   0.12908   0.00928   0.05595   0.22113  
 47  0.3459   7870.118344  x:  0.00477   0.06117   0.01892   0.00999   0.00846   0.00000   0.00759   0.00000   0.00000   0.00282   0.00493   0.01696   0.02263   0.05066   0.12116   0.19938   0.06116   0.08547   0.02522   0.00090   0.03108   0.07154   0.02537   0.02168   0.10361   0.12909   0.00928   0.05595   0.22119  
 48  0.7104   7870.118119  x:  0.00477   0.06120   0.01892   0.00999   0.00846   0.00000   0.00759   0.00000   0.00000   0.00282   0.00493   0.01696   0.02264   0.05057   0.12102   0.19934   0.06114   0.08549   0.02524   0.00090   0.03108   0.07153   0.02532   0.02169   0.10361   0.12918   0.00928   0.05598   0.22131  
 49  0.4802   7870.117641  x:  0.00478   0.06112   0.01892   0.00999   0.00847   0.00000   0.00759   0.00000   0.00000   0.00281   0.00493   0.01696   0.02263   0.05055   0.12086   0.19930   0.06111   0.08549   0.02522   0.00090   0.03109   0.07156   0.02546   0.02163   0.10361   0.12928   0.00927   0.05597   0.22140  
 50  1.3609   7870.115180  x:  0.00480   0.06079   0.01890   0.01000   0.00849   0.00000   0.00759   0.00000   0.00000   0.00278   0.00494   0.01695   0.02263   0.05087   0.12061   0.19928   0.06110   0.08549   0.02533   0.00092   0.03109   0.07170   0.02531   0.02170   0.10363   0.12942   0.00927   0.05582   0.22148  
 51  1.6819   7870.094138  x:  0.00473   0.06121   0.01882   0.00999   0.00871   0.00000   0.00754   0.00000   0.00000   0.00255   0.00502   0.01692   0.02258   0.05061   0.12111   0.19953   0.06134   0.08537   0.02584   0.00116   0.03122   0.07182   0.02542   0.02163   0.10371   0.12923   0.00911   0.05589   0.22108  
 52  1.4024   7870.093666  x:  0.00474   0.06116   0.01882   0.00999   0.00872   0.00000   0.00753   0.00000   0.00000   0.00254   0.00502   0.01692   0.02258   0.05062   0.12115   0.19953   0.06114   0.08539   0.02585   0.00117   0.03124   0.07159   0.02542   0.02163   0.10365   0.12921   0.00911   0.05587   0.22107  
 53  2.8466   7870.093650  x:  0.00474   0.06116   0.01882   0.00999   0.00872   0.00000   0.00753   0.00000   0.00000   0.00254   0.00502   0.01692   0.02258   0.05062   0.12116   0.19953   0.06112   0.08544   0.02585   0.00117   0.03124   0.07161   0.02542   0.02163   0.10362   0.12921   0.00911   0.05588   0.22107  
 54  0.4506   7870.093650  x:  0.00474   0.06116   0.01882   0.00999   0.00872   0.00000   0.00753   0.00000   0.00000   0.00254   0.00502   0.01692   0.02258   0.05062   0.12116   0.19953   0.06112   0.08545   0.02585   0.00117   0.03124   0.07161   0.02542   0.02163   0.10363   0.12921   0.00911   0.05588   0.22107  
 55  0.0191   7870.093314  x:  0.00474   0.06116   0.01884   0.00999   0.00868   0.00000   0.00755   0.00000   0.00000   0.00251   0.00502   0.01692   0.02257   0.05062   0.12118   0.19954   0.06111   0.08542   0.02580   0.00114   0.03124   0.07161   0.02541   0.02163   0.10363   0.12918   0.00913   0.05589   0.22106  
 56  0.0002   7870.093307  x:  0.00474   0.06116   0.01884   0.00999   0.00868   0.00000   0.00755   0.00000   0.00000   0.00251   0.00503   0.01692   0.02257   0.05062   0.12118   0.19954   0.06111   0.08543   0.02579   0.00115   0.03124   0.07161   0.02541   0.02163   0.10362   0.12918   0.00913   0.05590   0.22106  
 57  0.0000   7870.093307  x:  0.00474   0.06116   0.01884   0.00999   0.00868   0.00000   0.00755   0.00000   0.00000   0.00251   0.00503   0.01692   0.02257   0.05062   0.12118   0.19954   0.06111   0.08543   0.02579   0.00115   0.03124   0.07161   0.02541   0.02163   0.10362   0.12918   0.00913   0.05590   0.22106  