

TREE # 1

  0  0.0000  10184.775598  x:  0.00000   0.05302   0.06679   0.02702   0.08355   0.07525   0.04032   0.04482   0.07424   0.02453   0.06282   0.03785   0.04145   0.05414   0.09024   0.16980   0.08857   0.06146   0.07246   0.03738   0.08353   0.09531   0.02696   0.03742   0.07207   0.14818   0.03981   0.09082   0.14665   2.00000   0.90000   0.29673   1.19979  
  1 99.0000   9873.966513  x:  0.03015   0.11371   0.05602   0.05180   0.06180   0.04070   0.01713   0.01016   0.03681   0.00000   0.03843   0.04197   0.04678   0.10058   0.15401   0.21864   0.10089   0.09598   0.07709   0.02908   0.08311   0.13529   0.06219   0.06267   0.15187   0.17741   0.01877   0.13503   0.16794   2.00579   0.90478   0.28597   1.20187  
  2 2793.6199   9821.713684  x:  0.03871   0.13126   0.05284   0.05893   0.05541   0.03057   0.01060   0.00000   0.02575   0.00447   0.03129   0.04315   0.04832   0.11401   0.17252   0.23294   0.10448   0.10600   0.07841   0.02663   0.08297   0.14692   0.07228   0.06992   0.17500   0.18598   0.01258   0.14790   0.17418   2.00751   0.90615   0.28284   1.20248  
  3 60501.4547   9782.011081  x:  0.05019   0.15521   0.04843   0.06860   0.04654   0.01644   0.00204   0.00539   0.01034   0.01043   0.02146   0.04477   0.05042   0.13233   0.19792   0.25269   0.10942   0.11972   0.08019   0.02320   0.08274   0.16290   0.08594   0.07974   0.20669   0.19784   0.00400   0.16562   0.18281   2.00990   0.90798   0.27856   1.20331  
  4 39108.7487   9755.584942  x:  0.05335   0.16492   0.04596   0.07192   0.04199   0.00872   0.01848   0.00702   0.00116   0.01234   0.01766   0.04540   0.05118   0.13970   0.20907   0.26255   0.11165   0.12552   0.08068   0.02126   0.08238   0.17009   0.09045   0.08299   0.22033   0.20393   0.00000   0.17375   0.18723   2.01133   0.90830   0.27694   1.20361  
  5 6669.7609   9753.759248  x:  0.05274   0.16487   0.04571   0.07166   0.04168   0.00814   0.01847   0.00702   0.00000   0.01234   0.01802   0.04540   0.05115   0.13962   0.20933   0.26321   0.11172   0.12558   0.08058   0.02107   0.08228   0.17032   0.09002   0.08267   0.22057   0.20440   0.00007   0.17407   0.18757   2.01152   0.90810   0.27703   1.20359  
  6 1138.5923   9753.544301  x:  0.05256   0.16484   0.04566   0.07158   0.04164   0.00815   0.01847   0.00702   0.00000   0.01233   0.01793   0.04543   0.05115   0.13960   0.20939   0.26338   0.11173   0.12558   0.08055   0.02103   0.08225   0.17037   0.08991   0.08259   0.22061   0.20451   0.00000   0.17413   0.18765   2.01157   0.90806   0.27704   1.20359  
  7 1385.7097   9727.973137  x:  0.00000   0.16349   0.03818   0.05822   0.03963   0.04726   0.01945   0.00723   0.00000   0.01211   0.01298   0.05509   0.05716   0.13878   0.23052   0.30969   0.11346   0.12779   0.07533   0.01673   0.07449   0.18715   0.06824   0.07208   0.23747   0.23446   0.02744   0.19225   0.20774   2.03101   0.90234   0.27339   1.20417  
  8 1314.1696   9724.957157  x:  0.00000   0.16190   0.03973   0.05900   0.04393   0.06224   0.01985   0.00735   0.00000   0.01215   0.02648   0.05275   0.05876   0.13787   0.23652   0.32458   0.11244   0.12638   0.07503   0.01689   0.07117   0.19089   0.06474   0.07295   0.23936   0.24241   0.01726   0.19296   0.21092   2.04253   0.89873   0.27279   1.20435  
  9 330.7756   9721.491111  x:  0.00000   0.15417   0.04644   0.06770   0.04848   0.06302   0.01986   0.00736   0.00000   0.01215   0.02322   0.03583   0.05643   0.13292   0.24090   0.34632   0.10918   0.12003   0.07865   0.02191   0.06744   0.19227   0.06666   0.08005   0.23204   0.25038   0.01910   0.18570   0.21190   2.07494   0.88594   0.27633   1.20413  
 10 172.7690   9717.884608  x:  0.00000   0.14458   0.05275   0.07463   0.05432   0.05685   0.01990   0.00739   0.00000   0.01226   0.02226   0.05535   0.05214   0.12884   0.24191   0.36792   0.10855   0.11547   0.08168   0.02112   0.06743   0.19082   0.07110   0.08622   0.21847   0.25316   0.02014   0.17371   0.20971   2.13607   0.87263   0.27691   1.20522  
 11 228.0977   9705.974052  x:  0.00000   0.13435   0.04992   0.05063   0.04043   0.05169   0.01986   0.00744   0.00000   0.01255   0.02275   0.04761   0.06080   0.13200   0.22720   0.38698   0.12207   0.12351   0.07834   0.00629   0.08715   0.17976   0.06532   0.07337   0.18561   0.23564   0.01737   0.15884   0.19987   2.37477   0.86360   0.25408   1.21573  
 12 274.2316   9699.364146  x:  0.00000   0.13056   0.03679   0.05057   0.04263   0.04462   0.01980   0.00747   0.00000   0.01274   0.02222   0.04800   0.05575   0.12504   0.21352   0.37942   0.11668   0.11613   0.07399   0.03395   0.08867   0.17501   0.05142   0.05910   0.18069   0.23154   0.01313   0.16872   0.20082   2.54087   0.86484   0.23815   1.22413  
 13 608.1588   9693.618723  x:  0.00000   0.12602   0.03657   0.05224   0.04444   0.04137   0.01979   0.00750   0.00000   0.01285   0.02145   0.04654   0.05391   0.11072   0.20216   0.35631   0.10301   0.10167   0.06179   0.01892   0.06879   0.17452   0.04961   0.06390   0.19077   0.23446   0.01256   0.18454   0.20952   2.67995   0.86581   0.23359   1.23121  
 14 452.1996   9690.025373  x:  0.00000   0.12654   0.05133   0.04817   0.04113   0.04267   0.01978   0.00750   0.00000   0.01278   0.02176   0.04776   0.05456   0.10979   0.20613   0.33008   0.10717   0.10908   0.08270   0.01997   0.05892   0.18085   0.05156   0.06182   0.20320   0.25336   0.01249   0.18187   0.21639   2.79211   0.86583   0.24066   1.23759  
 15 223.0435   9686.797352  x:  0.00000   0.13236   0.03646   0.05958   0.04703   0.04770   0.01983   0.00749   0.00000   0.01263   0.02204   0.04614   0.05240   0.11752   0.21713   0.31431   0.11247   0.11607   0.08073   0.01557   0.07114   0.18796   0.05450   0.06659   0.21131   0.26523   0.01428   0.17621   0.21834   2.89989   0.86485   0.25430   1.24449  
 16 247.9134   9684.722945  x:  0.00000   0.14475   0.04387   0.05798   0.04566   0.04843   0.01975   0.00746   0.00000   0.01247   0.02206   0.04736   0.05970   0.12952   0.22642   0.31881   0.10803   0.11337   0.06956   0.02329   0.07408   0.18855   0.05981   0.07128   0.21445   0.25906   0.01529   0.18219   0.21388   2.97575   0.86917   0.26245   1.25130  
 17 194.4527   9683.864738  x:  0.00000   0.15059   0.04222   0.05932   0.04566   0.05060   0.01972   0.00744   0.00000   0.01237   0.02215   0.04668   0.05232   0.12990   0.22913   0.32716   0.10864   0.11635   0.07465   0.02280   0.06808   0.18665   0.06197   0.07186   0.21818   0.24637   0.01607   0.18745   0.20899   3.00679   0.87378   0.26374   1.25578  
 18 120.1395   9683.761389  x:  0.00000   0.15023   0.04226   0.06157   0.04620   0.05030   0.01970   0.00743   0.00000   0.01236   0.02199   0.04679   0.05570   0.12823   0.22831   0.32890   0.10904   0.11716   0.07607   0.02254   0.06817   0.18700   0.06119   0.07142   0.22086   0.24331   0.01616   0.18746   0.20859   3.01043   0.87410   0.26349   1.25729  
 19 36.1481   9683.706959  x:  0.00000   0.14917   0.04228   0.06010   0.04594   0.05041   0.01970   0.00743   0.00000   0.01236   0.02213   0.04681   0.05523   0.12712   0.22686   0.32982   0.10890   0.11711   0.07588   0.02336   0.06960   0.18799   0.06204   0.07231   0.22447   0.24151   0.01613   0.18614   0.20902   3.01174   0.87289   0.26331   1.25990  
 20 14.8762   9683.562828  x:  0.00000   0.14930   0.04413   0.06169   0.04607   0.05038   0.01970   0.00741   0.00000   0.01237   0.02202   0.04661   0.05331   0.13073   0.22499   0.33017   0.10939   0.11714   0.07381   0.02301   0.06823   0.18769   0.06015   0.07021   0.22812   0.23995   0.01638   0.18294   0.20996   3.01316   0.86819   0.26164   1.27290  
 21 11.8740   9682.359872  x:  0.00000   0.14902   0.03529   0.05946   0.04583   0.04768   0.01948   0.00718   0.00000   0.01233   0.02172   0.04681   0.05851   0.13852   0.22144   0.33210   0.11003   0.11556   0.07518   0.02452   0.05870   0.18263   0.06528   0.07230   0.23034   0.24251   0.01604   0.17890   0.21426   3.02217   0.83983   0.24416   1.39121  
 22 57.0906   9678.241787  x:  0.00000   0.15346   0.04465   0.06467   0.04450   0.03950   0.01865   0.00634   0.00000   0.01216   0.02039   0.04653   0.05121   0.13139   0.22865   0.33371   0.10538   0.11455   0.07865   0.01740   0.07391   0.18316   0.06082   0.07672   0.22865   0.24989   0.01446   0.19088   0.21511   3.05088   0.76319   0.20319   1.80969  
 23 372.9733   9672.264835  x:  0.00000   0.14885   0.04578   0.06171   0.05018   0.02616   0.01779   0.00527   0.00000   0.01219   0.01849   0.04524   0.05057   0.11833   0.24222   0.34009   0.11355   0.12430   0.06055   0.01968   0.06100   0.20081   0.06781   0.06726   0.22774   0.25370   0.01340   0.18522   0.20630   3.08695   0.70597   0.22414   2.39454  
 24 516.8238   9663.219390  x:  0.00000   0.13314   0.04210   0.06568   0.03870   0.00669   0.01624   0.00364   0.00000   0.01205   0.01602   0.04490   0.04617   0.13513   0.23856   0.36407   0.10611   0.10456   0.06827   0.01273   0.06134   0.21111   0.05655   0.07779   0.22940   0.26733   0.00962   0.16636   0.22158   3.13881   0.67522   0.26497   3.23372  
 25 1297.0065   9661.910983  x:  0.00000   0.13181   0.04629   0.06875   0.04209   0.00369   0.01599   0.00338   0.00000   0.01202   0.01562   0.04393   0.04371   0.13448   0.22788   0.37257   0.11150   0.10868   0.06487   0.01202   0.06541   0.20009   0.06398   0.07551   0.22996   0.27573   0.00861   0.16900   0.23394   3.14723   0.67421   0.27223   3.36251  
 26 431.4386   9661.705038  x:  0.00000   0.13368   0.04605   0.07078   0.03770   0.00501   0.01601   0.00336   0.00000   0.01203   0.01604   0.04446   0.04374   0.13322   0.22544   0.37356   0.11155   0.10909   0.06478   0.01240   0.06630   0.19640   0.06550   0.07476   0.23021   0.27674   0.00840   0.16982   0.23569   3.14846   0.67136   0.27647   3.38163  
 27 137.3007   9661.588151  x:  0.00000   0.13791   0.04559   0.06912   0.03979   0.00492   0.01605   0.00336   0.00000   0.01207   0.01601   0.04455   0.04447   0.13276   0.22430   0.37396   0.11040   0.10915   0.06637   0.01192   0.06730   0.19236   0.06414   0.07516   0.23139   0.27697   0.00852   0.17019   0.23614   3.14900   0.66843   0.28087   3.38929  
 28 35.7911   9661.296417  x:  0.00000   0.13418   0.04588   0.06857   0.03895   0.00476   0.01603   0.00330   0.00000   0.01209   0.01611   0.04500   0.04480   0.13414   0.22599   0.37347   0.11380   0.11259   0.06530   0.01352   0.06663   0.18766   0.05947   0.08152   0.23292   0.27643   0.00828   0.17355   0.23504   3.15034   0.66758   0.28351   3.38051  
 29  5.2488   9656.573686  x:  0.00000   0.11355   0.04187   0.06543   0.03820   0.00343   0.01587   0.00250   0.00000   0.01242   0.01760   0.04626   0.04890   0.14632   0.24978   0.37722   0.11325   0.10380   0.07358   0.00957   0.07492   0.17342   0.06873   0.06452   0.24638   0.27205   0.00625   0.19594   0.22993   3.17232   0.67391   0.29990   3.19951  
 30 43.7188   9648.259433  x:  0.00000   0.12654   0.03769   0.06330   0.03112   0.00000   0.01549   0.00150   0.00000   0.01270   0.01874   0.04858   0.05212   0.14182   0.25542   0.38689   0.11410   0.10671   0.07383   0.00934   0.07410   0.18043   0.06564   0.06340   0.24701   0.27341   0.00389   0.20025   0.23444   3.19846   0.69121   0.30659   2.98636  
 31 482.8983   9646.116193  x:  0.00000   0.12950   0.03671   0.06275   0.03328   0.00055   0.01545   0.00112   0.00000   0.01283   0.01969   0.04975   0.05423   0.15220   0.24220   0.38987   0.12023   0.10843   0.08020   0.00927   0.07475   0.20340   0.06582   0.06502   0.23734   0.26573   0.00206   0.21933   0.24471   3.20905   0.68715   0.31944   2.89826  
 32 253.2563   9645.839794  x:  0.00000   0.12754   0.03608   0.06286   0.03319   0.00054   0.01543   0.00110   0.00000   0.01284   0.01969   0.04973   0.05435   0.15441   0.23861   0.39177   0.11131   0.11613   0.08018   0.00864   0.07468   0.20451   0.06604   0.06458   0.23781   0.26903   0.00212   0.22040   0.24037   3.21052   0.68831   0.32001   2.88900  
 33  9.0385   9640.068731  x:  0.00000   0.14067   0.03303   0.06074   0.03081   0.00162   0.01526   0.00073   0.00000   0.01298   0.02033   0.04981   0.05494   0.15131   0.22831   0.41574   0.12734   0.10503   0.07739   0.00302   0.07494   0.20482   0.06321   0.06377   0.25788   0.30484   0.00192   0.22338   0.20104   3.24103   0.71838   0.32447   2.70381  
 34 22.1598   9632.521554  x:  0.00000   0.14735   0.03084   0.05762   0.02928   0.00287   0.01514   0.00043   0.00000   0.01310   0.02117   0.05001   0.05592   0.14373   0.25199   0.42841   0.12125   0.11356   0.07378   0.00248   0.07465   0.19942   0.06004   0.06245   0.26203   0.30544   0.00000   0.21575   0.22200   3.26788   0.74272   0.33047   2.54004  
 35 272.6257   9622.294587  x:  0.00000   0.16450   0.02521   0.05138   0.02631   0.00432   0.01635   0.00364   0.00000   0.01326   0.02384   0.05173   0.05953   0.13835   0.27748   0.46378   0.11955   0.12619   0.07176   0.00000   0.07512   0.20654   0.05445   0.06060   0.27132   0.31695   0.00000   0.21962   0.24667   3.34086   0.79237   0.35764   2.14467  
 36  5.7056   9618.045003  x:  0.00000   0.17001   0.03249   0.05234   0.03669   0.00329   0.01634   0.00383   0.00000   0.01310   0.02730   0.05369   0.05752   0.14694   0.28776   0.50626   0.12850   0.13287   0.07175   0.01416   0.07243   0.23308   0.05837   0.06569   0.28505   0.33243   0.00000   0.23819   0.26361   3.41226   0.77823   0.39198   2.33621  
 37  0.2728   9616.209123  x:  0.00000   0.17551   0.03260   0.05763   0.03079   0.00274   0.01636   0.00392   0.00000   0.01286   0.02881   0.05402   0.05665   0.14838   0.29934   0.53263   0.13178   0.13744   0.07131   0.00492   0.06611   0.25226   0.05972   0.06788   0.29594   0.34053   0.00000   0.25238   0.27535   3.44672   0.74875   0.41245   2.62187  
 38  0.2632   9615.903602  x:  0.00000   0.17640   0.02951   0.05438   0.03175   0.00266   0.01659   0.00399   0.00000   0.01267   0.02864   0.05331   0.05777   0.14587   0.30566   0.54177   0.12748   0.13675   0.06932   0.00393   0.06623   0.24886   0.05900   0.06550   0.30360   0.34422   0.00000   0.24755   0.27523   3.41764   0.74289   0.42154   2.76276  
 39  0.0963   9615.783978  x:  0.00000   0.17603   0.03151   0.05597   0.03023   0.00234   0.01688   0.00402   0.00000   0.01240   0.02797   0.05375   0.05814   0.14553   0.30593   0.54634   0.12629   0.13598   0.07062   0.00471   0.06677   0.24502   0.05884   0.06634   0.30568   0.34550   0.00000   0.24535   0.27570   3.39722   0.74544   0.43580   2.85883  
 40  0.0570   9615.702961  x:  0.00000   0.17571   0.03164   0.05567   0.03198   0.00167   0.01721   0.00400   0.00000   0.01205   0.02782   0.05395   0.05785   0.14693   0.30507   0.54826   0.12769   0.13610   0.07113   0.00342   0.06684   0.24495   0.05908   0.06690   0.30536   0.34552   0.00000   0.24623   0.27647   3.39006   0.74389   0.45040   2.99051  
 41  0.0865   9615.635404  x:  0.00000   0.17663   0.03021   0.05524   0.03119   0.00128   0.01756   0.00399   0.00000   0.01166   0.02764   0.05403   0.05779   0.14652   0.30524   0.54603   0.12836   0.13678   0.07028   0.00488   0.06668   0.24524   0.05945   0.06620   0.30374   0.34350   0.00000   0.24658   0.27512   3.39282   0.74078   0.46172   3.10974  
 42  0.0954   9615.557585  x:  0.00000   0.17706   0.03120   0.05527   0.03071   0.00155   0.01785   0.00402   0.00000   0.01108   0.02793   0.05346   0.05725   0.14431   0.30648   0.53918   0.12732   0.13751   0.06845   0.00442   0.06641   0.24535   0.05894   0.06550   0.30142   0.34224   0.00000   0.24495   0.27378   3.41474   0.73889   0.47120   3.28021  
 43  0.0724   9615.480718  x:  0.00000   0.17655   0.03064   0.05497   0.03109   0.00151   0.01843   0.00406   0.00000   0.01006   0.02830   0.05389   0.05812   0.14552   0.30589   0.53882   0.12673   0.13668   0.07064   0.00395   0.06707   0.24526   0.05859   0.06650   0.30210   0.34370   0.00000   0.24554   0.27470   3.42245   0.73823   0.50471   3.58802  
 44  0.1174   9615.456293  x:  0.00000   0.17666   0.03076   0.05537   0.03107   0.00174   0.01845   0.00405   0.00000   0.00975   0.02840   0.05395   0.05800   0.14577   0.30577   0.54106   0.12738   0.13664   0.07046   0.00420   0.06661   0.24569   0.05924   0.06557   0.30357   0.34428   0.00000   0.24676   0.27509   3.41467   0.73373   0.51563   3.71693  
 45  0.0701   9615.450644  x:  0.00000   0.17631   0.03085   0.05519   0.03114   0.00186   0.01833   0.00402   0.00000   0.00974   0.02824   0.05385   0.05782   0.14578   0.30487   0.54125   0.12773   0.13653   0.07014   0.00433   0.06658   0.24562   0.05895   0.06623   0.30325   0.34360   0.00000   0.24694   0.27468   3.40719   0.73459   0.51706   3.72670  
 46  0.0079   9615.447858  x:  0.00000   0.17633   0.03089   0.05531   0.03109   0.00185   0.01824   0.00399   0.00000   0.00966   0.02803   0.05379   0.05786   0.14553   0.30473   0.54124   0.12753   0.13661   0.07021   0.00405   0.06665   0.24579   0.05900   0.06591   0.30277   0.34288   0.00000   0.24678   0.27437   3.40427   0.73433   0.52214   3.77713  
 47  0.0199   9615.443479  x:  0.00000   0.17645   0.03065   0.05513   0.03115   0.00184   0.01791   0.00393   0.00000   0.00971   0.02795   0.05387   0.05794   0.14562   0.30518   0.54145   0.12722   0.13669   0.07027   0.00435   0.06672   0.24604   0.05908   0.06593   0.30260   0.34278   0.00000   0.24630   0.27443   3.40928   0.73383   0.52897   3.84386  
 48  0.0162   9615.440881  x:  0.00000   0.17640   0.03095   0.05521   0.03108   0.00182   0.01776   0.00390   0.00000   0.00972   0.02811   0.05390   0.05784   0.14573   0.30519   0.54156   0.12760   0.13661   0.07017   0.00414   0.06658   0.24589   0.05894   0.06611   0.30296   0.34347   0.00000   0.24650   0.27479   3.41179   0.73274   0.53519   3.91409  
 49  0.0320   9615.438744  x:  0.00000   0.17637   0.03082   0.05533   0.03116   0.00182   0.01775   0.00389   0.00000   0.00977   0.02824   0.05384   0.05788   0.14544   0.30489   0.54052   0.12769   0.13653   0.07016   0.00418   0.06662   0.24522   0.05902   0.06581   0.30297   0.34358   0.00000   0.24670   0.27451   3.40969   0.73295   0.54033   3.96764  
 50  0.0183   9615.436179  x:  0.00000   0.17644   0.03070   0.05506   0.03100   0.00179   0.01783   0.00389   0.00000   0.00984   0.02833   0.05380   0.05792   0.14540   0.30507   0.54008   0.12732   0.13663   0.07024   0.00414   0.06667   0.24532   0.05898   0.06605   0.30308   0.34322   0.00000   0.24696   0.27431   3.40648   0.73145   0.54844   4.06390  
 51  0.0324   9615.433674  x:  0.00000   0.17651   0.03091   0.05531   0.03116   0.00180   0.01794   0.00392   0.00000   0.00999   0.02826   0.05386   0.05791   0.14577   0.30527   0.54066   0.12731   0.13676   0.07029   0.00417   0.06663   0.24593   0.05904   0.06603   0.30317   0.34307   0.00000   0.24697   0.27453   3.40655   0.73082   0.55496   4.14079  
 52  0.0305   9615.432863  x:  0.00000   0.17656   0.03080   0.05526   0.03111   0.00183   0.01801   0.00393   0.00000   0.00997   0.02818   0.05388   0.05792   0.14563   0.30524   0.54071   0.12756   0.13668   0.07022   0.00413   0.06660   0.24583   0.05902   0.06600   0.30312   0.34324   0.00000   0.24671   0.27453   3.40947   0.73015   0.56003   4.20106  
 53  0.0316   9615.432771  x:  0.00000   0.17650   0.03085   0.05520   0.03111   0.00183   0.01801   0.00393   0.00000   0.00999   0.02814   0.05388   0.05791   0.14562   0.30511   0.54081   0.12753   0.13664   0.07025   0.00413   0.06664   0.24572   0.05901   0.06598   0.30305   0.34326   0.00000   0.24674   0.27452   3.40969   0.73025   0.56058   4.20438  
 54  0.0021   9615.432739  x:  0.00000   0.17646   0.03083   0.05524   0.03111   0.00183   0.01800   0.00394   0.00000   0.00999   0.02815   0.05388   0.05791   0.14561   0.30508   0.54086   0.12750   0.13664   0.07024   0.00414   0.06664   0.24570   0.05901   0.06600   0.30300   0.34327   0.00000   0.24680   0.27452   3.41002   0.73019   0.56063   4.20409  
 55  0.0002   9615.432711  x:  0.00000   0.17643   0.03084   0.05522   0.03111   0.00183   0.01800   0.00395   0.00000   0.00999   0.02816   0.05387   0.05791   0.14560   0.30511   0.54084   0.12750   0.13664   0.07023   0.00414   0.06662   0.24574   0.05901   0.06598   0.30299   0.34326   0.00000   0.24679   0.27450   3.41007   0.73026   0.56035   4.19949  
 56  0.0013   9615.432696  x:  0.00000   0.17645   0.03084   0.05523   0.03111   0.00183   0.01799   0.00396   0.00000   0.00999   0.02816   0.05387   0.05791   0.14561   0.30511   0.54083   0.12752   0.13663   0.07024   0.00413   0.06663   0.24573   0.05901   0.06599   0.30301   0.34325   0.00000   0.24673   0.27450   3.40977   0.73024   0.56080   4.20399  
 57  0.0022   9615.432693  x:  0.00000   0.17647   0.03083   0.05523   0.03111   0.00183   0.01799   0.00396   0.00000   0.00999   0.02816   0.05387   0.05791   0.14562   0.30509   0.54079   0.12752   0.13664   0.07024   0.00414   0.06663   0.24573   0.05901   0.06599   0.30301   0.34326   0.00000   0.24676   0.27450   3.40981   0.73021   0.56086   4.20521  
 58  0.0006   9615.432692  x:  0.00000   0.17647   0.03083   0.05523   0.03111   0.00183   0.01799   0.00396   0.00000   0.00999   0.02815   0.05388   0.05791   0.14561   0.30510   0.54080   0.12751   0.13664   0.07024   0.00413   0.06663   0.24573   0.05901   0.06599   0.30302   0.34326   0.00000   0.24676   0.27451   3.40981   0.73022   0.56074   4.20434  
 59  0.0005   9615.432692  x:  0.00000   0.17646   0.03083   0.05523   0.03111   0.00183   0.01799   0.00396   0.00000   0.00999   0.02815   0.05388   0.05791   0.14561   0.30510   0.54080   0.12752   0.13664   0.07024   0.00413   0.06663   0.24573   0.05901   0.06599   0.30302   0.34326   0.00000   0.24676   0.27451   3.40981   0.73021   0.56076   4.20477  
 60  0.0002   9615.432692  x:  0.00000   0.17646   0.03083   0.05523   0.03111   0.00183   0.01799   0.00396   0.00000   0.00999   0.02815   0.05388   0.05791   0.14561   0.30510   0.54080   0.12752   0.13664   0.07024   0.00413   0.06663   0.24573   0.05901   0.06599   0.30302   0.34326   0.00000   0.24676   0.27450   3.40981   0.73021   0.56077   4.20488  
 61  0.0001   9615.432692  x:  0.00000   0.17646   0.03083   0.05523   0.03111   0.00183   0.01799   0.00396   0.00000   0.00999   0.02815   0.05388   0.05791   0.14561   0.30510   0.54080   0.12752   0.13664   0.07024   0.00413   0.06663   0.24573   0.05901   0.06599   0.30302   0.34326   0.00000   0.24676   0.27450   3.40981   0.73021   0.56077   4.20485  
 62  0.0000   9615.432692  x:  0.00000   0.17646   0.03083   0.05523   0.03111   0.00183   0.01799   0.00396   0.00000   0.00999   0.02815   0.05388   0.05791   0.14561   0.30510   0.54080   0.12752   0.13664   0.07024   0.00413   0.06663   0.24573   0.05901   0.06599   0.30302   0.34326   0.00000   0.24676   0.27450   3.40981   0.73021   0.56077   4.20484  