     1   1473    838


 1

     1      1    -2.4461333444   0.086627900000     127.6029  ---------------A
     2      1    -3.0268927578   0.048466000000      71.3904  ---------------I
     3      1    -9.4639941247   0.000077596043       0.1143  --------------CS
     4      1    -2.8958716880   0.055250842599      81.3845  --------------EE
     5      1    -2.4800930687   0.083735432079     123.3423  --------------LL
     6      1    -3.3002164090   0.036875186416      54.3171  --------------NN
     7      1    -3.3596209464   0.034748427967      51.1844  --------------QQ
     8      1    -3.3737684314   0.034260286232      50.4654  --------------YY
     9      1    -9.7947252789   0.000055744864       0.0821  ----------NNNTTT
    10      1    -3.1242022113   0.043972000000      64.7708  ----------R-----
    11      1    -7.0699769494   0.000850252708       1.2524  ---DDDDDDDEEEEEE
    12      1    -4.1963753522   0.015050029131      22.1687  ---NNNNNNNN-NNNN
    13      1   -26.4969582844   0.000000000003       0.0000  --GSSSSSSSNGNSGS
    14      1   -20.8129734014   0.000000000914       0.0000  --IITTTTTTV-GIII
    15      1   -17.5684952976   0.000000023448       0.0000  --IV------FFFLLL
    16      1   -12.1482952289   0.000005297396       0.0078  --LLFFFFFFFFFFFF
    17      1    -3.0829556364   0.045823618346      67.4982  --LLLLLLLLLLLLLL
    18      1   -22.3457810870   0.000000000197       0.0000  --NNDDDDDDNNNRYN
    19      1    -4.4411708188   0.011782135695      17.3551  --Q-QQQQQQQQQQQQ
    20      1   -16.2482248679   0.000000087798       0.0001  --QEDD-DDD-NN-NN
    21      1   -10.1826836175   0.000037819579       0.0557  --SSSSSSAASSSSSS
    22      1    -3.3060949792   0.036659048957      53.9988  --SSSSSSSS--S---
    23      1    -9.3305901950   0.000088669889       0.1306  -CCCCCCCCCCCCSCC
    24      1    -7.6406389862   0.000480521307       0.7078  -DDDDDDDDDNDDDDD
    25      1   -14.5936247703   0.000000459271       0.0007  -EEEEEEEEEEEEDEG
    26      1    -8.6846649322   0.000169160104       0.2492  -GG-------RGGGGG
    27      1   -19.0201898455   0.000000005491       0.0000  -KRRTRRRRRRRRRGG
    28      1    -8.1387512944   0.000292001595       0.4301  -SLLLLLLLLLLLLLL
    29      1   -14.7820624413   0.000000380392       0.0006  -TTTTATTTTTTTTVV
    30      1    -2.4461333444   0.086627900000     127.6029  A---------------
    31      1   -30.6043071775   0.000000000000       0.0000  AA-PIV-VVVVVLFFF
    32      1   -12.4701127252   0.000003839714       0.0057  AA-TTT-TTTTAAAAA
    33      2    -3.7688688377   0.023078153667      33.9941  AAAAA--AAAAAAAAA
    34      1    -3.6988143416   0.024752857511      36.4610  AAAAAA-AAAAAA-AA
    35      1    -3.7870851846   0.022661559942      33.3805  AAAAAA-AAAAAAAAA
    36     31    -3.7964505391   0.022450317125      33.0693  AAAAAAAAAAAAAAAA
    37      1   -12.8428935310   0.000002644857       0.0039  AAAAAAAAAAATGAAA
    38      1    -7.8217033165   0.000400938176       0.5906  AAAAAAAAAAVAAAAA
    39      1    -8.7056967866   0.000165639505       0.2440  AAAASAAAAAAAAAAA
    40      1    -9.2900265784   0.000092340606       0.1360  AAAATAAAAAAAAAAA
    41      1   -15.6044666015   0.000000167135       0.0002  AAASSSSSSSSAASAA
    42      1   -15.6764217461   0.000000155531       0.0002  AAASTTTTTTSAAAAA
    43      1    -8.7904276273   0.000152182876       0.2242  AAATAAAAAAAAAAAA
    44      1   -20.5010975662   0.000000001249       0.0000  AAATTTTTTTNHNNNN
    45      1    -8.3661014707   0.000232620667       0.3427  AADDDD-DDDDDDDDD
    46      1   -11.7937544514   0.000007551575       0.0111  AAEEEEEEEEKEEEEE
    47      1    -6.9842091804   0.000926395619       1.3646  AAGGGGGGGGGGGGGG
    48      1   -20.7694485875   0.000000000955       0.0000  AAGVVVVVVVIVVVAA
    49      1   -25.6531606344   0.000000000007       0.0000  AAKEEEEQEED-EDEE
    50      1   -14.0892489857   0.000000760531       0.0011  AAKKKKKKKKKDKKKK
    51      1   -25.8498149306   0.000000000006       0.0000  AASSSCSSSSSSCAAA
    52      1   -13.5732457016   0.000001274132       0.0019  AASSSSSSSSSSSSFF
    53      1    -7.1488741052   0.000785748253       1.1574  AASSSSSSSSSSSSSS
    54      1   -18.5896048371   0.000000008446       0.0000  AATAAAAAAAAATNAA
    55      1   -12.7408584629   0.000002928974       0.0043  AATTTSTTTTTTTTTT
    56      1    -7.4759083528   0.000566570888       0.8346  AATTTT-TTTTTTTTT
    57      1    -7.3879268246   0.000618677251       0.9113  AATTTTTTTTT-TTTT
    58      1   -15.1562848839   0.000000261643       0.0004  AAVAAAAAAAVVVIVV
    59      1   -14.1918853349   0.000000686345       0.0010  AAVAAATTTTAAAAAA
    60      1   -23.1141271195   0.000000000092       0.0000  AAVIIIIIIIAPAVAA
    61      1   -12.7025273518   0.000003043424       0.0045  AEEEEEEEEEKEEEEE
    62      1   -22.7413130184   0.000000000133       0.0000  AEKEEEEEEEEENEKK
    63      1   -12.8995806075   0.000002499098       0.0037  APAAAAAAAATAAAAA
    64      1   -25.8373955146   0.000000000006       0.0000  APPPPPPPPPPSTPFF
    65      1   -21.9913406451   0.000000000281       0.0000  APSSSSSSSSLPSSSS
    66      1   -13.2964510820   0.000001680446       0.0025  ATETTTTTTTTTTTTT
    67      1   -16.6999175598   0.000000055888       0.0001  ATPSSSSSSSPPPPPP
    68      1   -12.5378768153   0.000003588139       0.0053  ATRRRRRRRRRRRRRR
    69      1   -18.3342893121   0.000000010902       0.0000  ATTTATTTTTAAAAAA
    70      1   -19.2993252909   0.000000004153       0.0000  ATTTTTTTTTTTTPII
    71      1   -28.1020508743   0.000000000001       0.0000  AVGRSG-SSSGGGGGG
    72      1   -20.9134970503   0.000000000827       0.0000  AVSSSS-SSSTSF-SS
    73      1    -4.4977077513   0.011134490329      16.4011  CCCCCC-CCCCCC-CC
    74     20    -4.5404342066   0.010668773096      15.7151  CCCCCCCCCCCCCCCC
    75      1   -13.0461632851   0.000002158357       0.0032  CCCCCCCCCCCCCDCC
    76      1   -10.6518534845   0.000023656953       0.0348  CCCCCCCCCCCCCGCC
    77      1   -10.8396664380   0.000019606166       0.0289  CCCCCCCCCCCCRCCC
    78      1   -34.6027315308   0.000000000000       0.0000  CCCYCCCCCCCRGYSS
    79      1   -19.9018062127   0.000000002274       0.0000  CCDWCCCCCCCCCCCC
    80      1   -17.9653068307   0.000000015768       0.0000  CCGCCCCCCCCCCCYC
    81      1   -17.9123888685   0.000000016624       0.0000  CCHCCCCCCCCYCCCC
    82      1   -34.7644288623   0.000000000000       0.0000  CCHSSSSSSSGCGYCC
    83      1   -33.8813590447   0.000000000000       0.0000  CCSCYYYYYYCYCSYY
    84      1   -20.6108481455   0.000000001119       0.0000  CCYYYYYYYYCCCGGG
    85      1   -25.8235892361   0.000000000006       0.0000  CGDGGGGGGGSGGAAA
    86      1   -20.3801228424   0.000000001409       0.0000  CGFFFFFFFFFLFFFF
    87      1   -22.4504166070   0.000000000178       0.0000  CGYCCCCCCCYCCCCC
    88      1   -24.6805533275   0.000000000019       0.0000  CRGSSSSSSSSSSSGS
    89      1   -16.7042988977   0.000000055644       0.0001  CSSCCCCCCCSSSSSS
    90      1   -32.2538335191   0.000000000000       0.0000  CYHISSSSSSSSNSSS
    91      1   -18.0122851679   0.000000015044       0.0000  DADDDDDDDDNNNSNN
    92      1   -13.5628830066   0.000001287404       0.0019  DAQQQQQQQQQQQQQQ
    93      1   -26.1149851067   0.000000000005       0.0000  DDAAVVVVVVVAVVAA
    94      1    -4.0324232573   0.017731310325      26.1182  DDDDD--DDDDDDDDD
    95      1    -3.9704717136   0.018864532379      27.7875  DDDDDD-DDDDDD-DD
    96      1   -14.2075533896   0.000000675675       0.0010  DDDDDD-DDDDDSGDD
    97     25    -4.0568528507   0.017303389866      25.4879  DDDDDDDDDDDDDDDD
    98      1   -11.6400268654   0.000008806444       0.0130  DDDDDDDDDDDDDDDH
    99      1    -9.4829853523   0.000076136304       0.1121  DDDDDDDDDDDDDDND
   100      1    -8.2687220930   0.000256412754       0.3777  DDDDDDDDDDDDDDNN
   101      1    -7.5681121293   0.000516666929       0.7611  DDDDDDDDDDDDDEDD
   102      1   -17.7112273131   0.000000020329       0.0000  DDDDDDDDDDDDEDDF
   103      1    -8.0331898917   0.000324511400       0.4780  DDDDDDDDDDDNDDDD
   104      1   -14.0278835628   0.000000808663       0.0012  DDDDDDDDDDENNNNN
   105      1   -17.8371887794   0.000000017923       0.0000  DDDDDDDDDDNDEDDA
   106      1   -10.4172505958   0.000029912007       0.0441  DDDDDDDDDDVD-DDD
   107      1   -15.4824385910   0.000000188826       0.0003  DDDDDDDDDDVGDDDD
   108      1   -10.7384006912   0.000021695608       0.0320  DDDDDDDEEEDDDDDD
   109      1   -15.8071101455   0.000000136477       0.0002  DDDDDGDDDDDDDGDD
   110      1    -8.5445352445   0.000194605671       0.2867  DDDDEDDDDDDDDDDD
   111      1    -9.0707121781   0.000114984620       0.1694  DDDDNDDDDDDDDDDD
   112      1   -14.1949328013   0.000000684257       0.0010  DDDDNDDDDDDDGDDD
   113      1   -22.1530517017   0.000000000239       0.0000  DDDGDDDDDDDDDSGS
   114      1   -25.2628232214   0.000000000011       0.0000  DDDGGGDDDDDGGGGG
   115      1   -12.6192803424   0.000003307624       0.0049  DDDNDDDDDDDDDNDD
   116      1   -13.7855302121   0.000001030434       0.0015  DDDNNNNNNNDDDDGG
   117      3    -7.0709095774   0.000849460108       1.2513  DDEDDDDDDDDDDDDD
   118      1   -10.4250479711   0.000029679679       0.0437  DDEEEEEEEEEDEEEE
   119      1    -6.9818568595   0.000928577364       1.3678  DDEEEEEEEEEEEEEE
   120      1   -12.1768305552   0.000005148369       0.0076  DDEEEEEEEEVEEEEE
   121      1   -20.6203543611   0.000000001108       0.0000  DDGDGGGGGGGGGGGD
   122      1   -13.7655767352   0.000001051202       0.0015  DDHDDDDDDDDDDNDD
   123      1   -20.1962500400   0.000000001694       0.0000  DDKKATTTTTKKKKKK
   124      1   -22.1631752314   0.000000000237       0.0000  DDNNNNNNNNNNSPKK
   125      1   -13.8661316375   0.000000950639       0.0014  DDNNNNNNNNQQQQQQ
   126      1   -21.7841952636   0.000000000346       0.0000  DDNNNNNNNNRSNNHH
   127      1   -10.5583888613   0.000025974666       0.0383  DDQEEEEEEEEEEEEE
   128      1   -14.2518975217   0.000000646368       0.0010  DDTDDDDDDDGDDDDD
   129      1   -17.0399433529   0.000000039778       0.0001  DDTTTTTTTTTSATTT
   130      1   -27.1808873318   0.000000000002       0.0000  DDYGGGGGGGVDDSDD
   131      1   -18.2589245870   0.000000011756       0.0000  DDYYYYYYYYYYYYCY
   132      1   -12.0239848418   0.000005998598       0.0088  DEADDDDDDDDDDDDD
   133      1    -7.8366594006   0.000394986330       0.5818  DEEEEEEEEEEEEEEE
   134      1   -30.0130923486   0.000000000000       0.0000  DEGGGGGGGGDIGGDD
   135      1   -30.0567008849   0.000000000000       0.0000  DEGRRRRRSSGRRRRR
   136      1   -23.9583521585   0.000000000039       0.0000  DESCSNSSSSSSSSSS
   137      1    -8.9749173113   0.000126544402       0.1864  DGDDDDDDDDDDDDDD
   138      1   -21.2301421120   0.000000000602       0.0000  DGNNNSNNNNNNNNDD
   139      1   -12.7458359050   0.000002914431       0.0043  DHEEEEEEEEEEEEEE
   140      1    -7.9322455557   0.000358979399       0.5288  DNDDDDDDDDDDDDDD
   141      1   -17.0174356021   0.000000040684       0.0001  DNHNNNNNNNTNNNNN
   142      1   -15.6621154667   0.000000157772       0.0002  DSDHDDDDDDDDDDDD
   143      1   -26.8839034077   0.000000000002       0.0000  DSTNNNNNNNNFNDNN
   144      1   -22.0857795441   0.000000000256       0.0000  DYYCYYYYYYYYYFYY
   145      1   -24.4150568354   0.000000000025       0.0000  EAKKKKKKKKEKKNQQ
   146      1   -14.9555089823   0.000000319820       0.0005  EDDYDDDDDDDDDDDD
   147      1   -16.1960530452   0.000000092500       0.0001  EDEEEEEEEEQEEEED
   148      1   -14.3042268450   0.000000613413       0.0009  EDEEGGGGGGEEEEEE
   149      1    -8.2491912210   0.000261469943       0.3851  EEAEEEEEEEEEEEEE
   150      1   -11.4784856890   0.000010350397       0.0152  EEDDEEEEEEDDDDDD
   151      1   -12.7042127931   0.000003038299       0.0045  EEDEEE-EEEEGEEEE
   152      1    -7.3375504575   0.000650642347       0.9584  EEDEEEEEEEEEEEEE
   153      1   -11.6231874607   0.000008955995       0.0132  EEDEEEEEEEEEEKEE
   154      1   -14.7056507536   0.000000410598       0.0006  EEEAAA-AAAEEE-EK
   155      1   -14.0043305376   0.000000827936       0.0012  EEEEAAAAAAAEEEEE
   156      1   -12.2793619782   0.000004646660       0.0068  EEEEDEEEEEEDEEEE
   157      2    -4.3076477173   0.013465186295      19.8342  EEEEE--EEEEEEEEE
   158      1    -4.2301845860   0.014549704628      21.4317  EEEEEE-EEEEEE-EE
   159      2    -4.3278124148   0.013196384152      19.4383  EEEEEE-EEEEEEEEE
   160      1   -25.1375554247   0.000000000012       0.0000  EEEEEEDEEEKEERGG
   161      1    -7.7814846749   0.000417392023       0.6148  EEEEEEEEEEEDEEEE
   162      1    -7.9089516388   0.000367439588       0.5412  EEEEEEEEEEEEDEEE
   163      1    -7.9916013047   0.000338291941       0.4983  EEEEEEEEEEEEEEDD
   164     59    -4.3381817056   0.013060254014      19.2378  EEEEEEEEEEEEEEEE
   165      2    -8.7782401784   0.000154048945       0.2269  EEEEEEEEEEEEEEKK
   166      1    -8.4800175687   0.000207575056       0.3058  EEEEEEEEEEEEQEEE
   167      2    -9.7152153768   0.000060358102       0.0889  EEEEEEEEEEEGEEEE
   168      1    -9.3597742009   0.000086119542       0.1269  EEEEEEEEEEGEEEEE
   169      1    -8.2222241424   0.000268616958       0.3957  EEEEEEEEEEKEEEEE
   170      1   -13.5992486828   0.000001241427       0.0018  EEEEEEEEEEKGEEEE
   171      1   -13.6642114770   0.000001163345       0.0017  EEEEEEEEEEQEEEEK
   172      1   -12.4701753901   0.000003839473       0.0057  EEEEEEEEEEQEEEKK
   173      1   -15.2510489136   0.000000237987       0.0004  EEEEEEGGGGEDEEEE
   174      1   -10.6087364773   0.000024699280       0.0364  EEEEEEKKKKEEEEEE
   175      1    -9.4014093244   0.000082607563       0.1217  EEEEQEEEEEEEEEEE
   176      1    -9.5974040671   0.000067904784       0.1000  EEEEQQQQQQEEEEEE
   177      1   -15.7509662827   0.000000144358       0.0002  EEEQEEEEEEEEEEEG
   178      1   -10.2608386098   0.000034976344       0.0515  EEETEEEEEEEEEEEE
   179      1   -14.0520248524   0.000000789375       0.0012  EEEVVVVVVVVVVV--
   180      1    -9.2301218775   0.000098041286       0.1444  EEGEEEEEEEEEEEEE
   181      1   -22.3732681896   0.000000000192       0.0000  EEGGGGRGGGRGGGGG
   182      1   -14.8685182635   0.000000348887       0.0005  EEGRGGGGGGGGGGGG
   183      1    -8.1021109171   0.000302899068       0.4462  EEKEEEEEEEEEEEEE
   184      1   -18.9964362213   0.000000005623       0.0000  EEKEEEEEEEEKKEKK
   185      1   -12.2105533762   0.000004977646       0.0073  EEKKKKKKKKKKKKEE
   186      1   -24.9502054777   0.000000000015       0.0000  EEKMMMMMMMEMKKKK
   187      1   -22.1155134788   0.000000000249       0.0000  EENKKKEEEEKKRKKK
   188      1    -7.7350471066   0.000437231783       0.6440  EEQQQQQQQQQQQQQQ
   189      1   -16.1720804213   0.000000094745       0.0001  EERQQQQQQQQQRQQQ
   190      1   -16.3042911391   0.000000083011       0.0001  EETKKKKKKKNKKKKK
   191      1   -13.2108228193   0.000001830680       0.0027  EGEEEEEEEEEEDEEE
   192      1    -9.6400533847   0.000065069581       0.0958  EGEEEEEEEEEEEEEE
   193      1   -19.8118962648   0.000000002488       0.0000  EGEEEEEEEEEEEEQH
   194      1   -13.5240958141   0.000001338320       0.0020  EGEEEEEEEEKEEEEE
   195      1   -18.1465835688   0.000000013153       0.0000  EGEEQEEEEEEDEEEE
   196      1   -14.5316680613   0.000000488626       0.0007  EGGEEEEEEEEEEEEE
   197      1   -12.3521095389   0.000004320629       0.0064  EKEEEEEEEEKEEEEE
   198      1   -15.2788812548   0.000000231455       0.0003  EVEEKKKKKKEEEEEE
   199      1    -4.0582167980   0.017279805042      25.4532  F-FFFFFFFFFFFFFF
   200      2    -4.0609530118   0.017232588428      25.3836  FFFFFF-FFFFFF-FF
   201      2    -4.1174026739   0.016286761584      23.9904  FFFFFF-FFFFFFFFF
   202     34    -4.1233854802   0.016189611948      23.8473  FFFFFFFFFFFFFFFF
   203      1   -20.0429905178   0.000000001974       0.0000  FFFFFFFFFFFPFFFC
   204      1    -7.9059523668   0.000368543294       0.5429  FFFFFFFFFFLFFFFF
   205      1    -9.4742368850   0.000076805302       0.1131  FFFFFFFFFFSFFFFF
   206      1   -13.5820298159   0.000001262989       0.0019  FFFFFFFFFFSLFFFF
   207      1   -17.7060403820   0.000000020435       0.0000  FFFFFFFFYYSSSSSS
   208      1   -25.1873128439   0.000000000012       0.0000  FFLIIINNNNLLVLLL
   209      2    -7.4942613131   0.000556267473       0.8194  FFLLLLLLLLLLLLLL
   210      1   -13.4653288720   0.000001419325       0.0021  FFSFFFFFFFFLFFFF
   211      1   -16.9931676998   0.000000041683       0.0001  FFSSSSSSSSSSSTAA
   212      1   -22.3947625674   0.000000000188       0.0000  FFTSFFFFFFFSFFFF
   213      1   -13.0792668831   0.000002088077       0.0031  FILFFFFFFFFFFFFF
   214      1   -23.8595408954   0.000000000043       0.0000  FLCCCCCFCCCCCCCC
   215      1   -12.7858091070   0.000002800230       0.0041  FLLLLLLLLLLVLLLL
   216      1    -7.9217622644   0.000362762479       0.5343  FYFFFFFFFFFFFFFF
   217      1   -19.4166395541   0.000000003694       0.0000  GCNNNNNNNNNNNSNN
   218      1   -13.6938449361   0.000001129376       0.0017  GDDNDDDDDDDDDDDD
   219      1   -19.0508621433   0.000000005325       0.0000  GDGGGGGGGGDGDGGG
   220      1   -23.0119427482   0.000000000101       0.0000  GDNNINNNNNNNNSNN
   221      1   -15.3589882469   0.000000213637       0.0003  GEEEEEEEEEEEGEEE
   222      1   -22.0637073190   0.000000000262       0.0000  GEEEEGGGGGEEEEDD
   223      1   -25.3716155751   0.000000000010       0.0000  GEGGGGGGGGGGGEDK
   224      1    -7.1803382852   0.000761410225       1.1216  GGAGGGGGGGGGGGGG
   225      1   -15.2179366623   0.000000245999       0.0004  GGDGGGGGGGCGGGGG
   226      1   -13.3172318036   0.000001645886       0.0024  GGDGGGGGGGDDDDDD
   227      1    -8.7655212636   0.000156020794       0.2298  GGEEEEEEEEEEEEEE
   228      1    -8.4374550127   0.000216600695       0.3191  GGEGGGGGGGGGGGGG
   229      1   -19.3449644434   0.000000003968       0.0000  GGGDDDDDDDGDGSGG
   230      1   -20.4273420437   0.000000001344       0.0000  GGGGDDDDDDSSNSSS
   231      2    -3.0774534384   0.046076443876      67.8706  GGGGG--GGGGGGGGG
   232      1    -7.2939269374   0.000679653847       1.0011  GGGGGGGGGGAGGGGG
   233      1    -3.0475693002   0.047474179740      69.9295  GGGGGGGGGGG-GGGG
   234      1    -8.5698059509   0.000189749467       0.2795  GGGGGGGGGGGGGDGG
   235     33    -3.0897423568   0.045513679183      67.0416  GGGGGGGGGGGGGGGG
   236      1   -15.2135231154   0.000000247088       0.0004  GGGGGGGGGGGRGGEE
   237      1   -16.5667070009   0.000000063851       0.0001  GGGGGGGGGGLGGGRR
   238      1    -8.8267493835   0.000146754508       0.2162  GGGGGGGGGGRGGGGG
   239      1   -16.8846865711   0.000000046459       0.0001  GGGSSSSSSSRSSSSS
   240      1   -26.2390787582   0.000000000004       0.0000  GGISSSSSSSGGDGSS
   241      1   -15.5419631115   0.000000177914       0.0003  GGKRRRRRRRRRKRRR
   242      1    -7.4566883669   0.000577565694       0.8508  GGSGGGGGGGGGGGGG
   243      1   -13.2193958472   0.000001815053       0.0027  GGSSSSSSSSSRSSSS
   244      1   -18.2807531074   0.000000011502       0.0000  GGSSSSSSSSSSSGNS
   245      1   -24.0608310726   0.000000000036       0.0000  GGSVVVVVVVIMIIII
   246      1   -14.7343675184   0.000000398975       0.0006  GGTGGGGGGGAAAAAA
   247      1   -17.5210804321   0.000000024586       0.0000  GSGGGGGGGGGGGNSS
   248      1   -13.0726260688   0.000002101990       0.0031  GSGSSSSSSSSSSSSS
   249      1   -12.9602234569   0.000002352050       0.0035  GSSAAAAAAASS-SSS
   250      1   -18.1479662170   0.000000013135       0.0000  GSSSSSSSSSNSSKSS
   251      1    -9.0033367839   0.000122998699       0.1812  GSSSSSSSSSSSSSSS
   252      1   -27.3925850493   0.000000000001       0.0000  HCHHHHHHHHSYYHYY
   253      1   -11.3231802655   0.000012089415       0.0178  HHCCCCCCCCCCCCCC
   254      1   -21.9386918017   0.000000000297       0.0000  HHCCCCCCCCSRCCCC
   255      1   -13.9183602240   0.000000902263       0.0013  HHDNDDDDDDDDDDDD
   256      1    -9.9837661938   0.000046142958       0.0680  HHEEEEEEEEEEEEEE
   257      2    -4.8927385115   0.007500853151      11.0488  HHHHH--HHHHHHHHH
   258     12    -4.9172466928   0.007319255288      10.7813  HHHHHHHHHHHHHHHH
   259      1   -13.5589745535   0.000001292445       0.0019  HHHHHHHHHHYHHHYY
   260      1   -12.2273674078   0.000004894652       0.0072  HHHHHQ-QQQHHH-HH
   261      1   -33.3293807866   0.000000000000       0.0000  HHHHRRRRRRCRCCHH
   262      1   -23.0381511413   0.000000000099       0.0000  HHHPHHHHHHHHYPPP
   263      1   -34.1351772196   0.000000000000       0.0000  HHHRCCCCCCYDYHYY
   264      1   -12.6828901467   0.000003103779       0.0046  HHNNNNNNNNNNSNNN
   265      1   -17.5743787410   0.000000023310       0.0000  HHNNNSNNNNSNNNNN
   266      1   -26.4899779637   0.000000000003       0.0000  HHPPPPPPPPSLS-LL
   267      1    -8.6674307984   0.000172100698       0.2535  HHQQQQ-QQQQQQ-QQ
   268      1   -23.6196601821   0.000000000055       0.0000  HHRQQQQQ--QHPHHH
   269      1   -24.5057736268   0.000000000023       0.0000  HHRRRRRRHHHRHHHH
   270      1   -18.9496140848   0.000000005892       0.0000  HHSHHHHHHHNNSNNN
   271      1   -14.7461220588   0.000000394313       0.0006  HHYLLLLLLLHHHHHH
   272      1   -16.8805068421   0.000000046654       0.0001  HHYYYYYYYYHHHHHQ
   273      1   -31.1279731634   0.000000000000       0.0000  HLHRCCRRRRHHHHHH
   274      1   -29.5117100896   0.000000000000       0.0000  HPHPRRHRRRHHHHHH
   275      1   -18.2345381895   0.000000012046       0.0000  HPQKKKKKKKQQQQQQ
   276      1   -13.1710018575   0.000001905051       0.0028  HQHHHHHHHHYHHHHH
   277      1   -28.5536439087   0.000000000000       0.0000  HQHHRRHRRRHHHQQQ
   278      1   -30.4087537564   0.000000000000       0.0000  HQQRQQQQQQRRQRQR
   279      1   -21.5660491031   0.000000000431       0.0000  HRCCCCCCCCCFCCCC
   280      1   -25.0455900674   0.000000000013       0.0000  HSCGSSSSSSCCCCCC
   281      1   -12.7113818623   0.000003016595       0.0044  IATTTTTTTTTT-TTT
   282      1    -8.8004622252   0.000150663419       0.2219  IIFFFFFFFFFFFFFF
   283      1   -15.0381801314   0.000000294443       0.0004  IIFSFFFFFFFFFFFF
   284      1    -4.4812638677   0.011319098268      16.6730  IIIII--IIIIIIIII
   285     23    -4.5117023642   0.010979752719      16.1732  IIIIIIIIIIIIIIII
   286      1   -16.1107941234   0.000000100733       0.0001  IIIIIIIIIISSSNSS
   287      1    -7.1814469086   0.000760566575       1.1203  IIIIIIIIIIVIIIII
   288      1   -12.5905334838   0.000003404088       0.0050  IIIIIIITTTIIIIII
   289      1   -24.1058413752   0.000000000034       0.0000  IIIIVIIITTMIIMMM
   290      1   -13.4504349570   0.000001440623       0.0021  IIILIIIIIIITI-II
   291      1   -15.6390948551   0.000000161446       0.0002  IIILLLLLLLVVIVVV
   292      1    -9.9533358178   0.000047568689       0.0701  IIIMIIIIIIIIIIII
   293      1    -8.0576425795   0.000316672456       0.4665  IIIVIIIIIIIIIIII
   294      1   -18.7415245889   0.000000007255       0.0000  IIIVVIVVVVVIVIII
   295      1    -7.9514957662   0.000352135059       0.5187  IIIVVVVVVVIIIIII
   296      1    -9.4782263862   0.000076499497       0.1127  IIIVVVVVVVVVVVVV
   297      1    -9.8218379837   0.000054253775       0.0799  IIKKKKKKKKKKKKKK
   298      1    -7.7225704997   0.000442721125       0.6521  IILIIIIIIIIIIIII
   299      1   -16.0056112573   0.000000111905       0.0002  IILMMMMMMMMMMLLL
   300      1    -7.0636137518   0.000855680284       1.2604  IIVIIIIIIIIIIIII
   301      1   -10.1222659759   0.000040174987       0.0592  IIVIIIIIIIIIIVII
   302      1   -11.1088289025   0.000014979486       0.0221  IIVIVIIIIIIIIIII
   303      1   -18.9943662005   0.000000005634       0.0000  IIVMMMMMMMIVVIVV
   304      1   -21.7348197542   0.000000000364       0.0000  IIVVVVVVVVDLAVVV
   305      1    -6.6191183030   0.001334607146       1.9659  IIVVVVVVVVVVVVVV
   306      1   -22.1267743215   0.000000000246       0.0000  IIVYFFFFFFVVVVIV
   307      1   -22.8913542508   0.000000000114       0.0000  IKTTTTTTTTIKTTTT
   308      1   -27.3599489812   0.000000000001       0.0000  IKVEEEEEEETAVVVV
   309      1   -14.2902948015   0.000000622019       0.0009  ILIIIIIIIIIVIIVV
   310      1   -35.1160929829   0.000000000000       0.0000  ILSCLFFFFFFFFFLF
   311      1   -16.9341819975   0.000000044216       0.0001  IPPPPPPPPPLPPPPP
   312      1   -21.1887975273   0.000000000628       0.0000  ISVVVVVVVVLVTVVV
   313      1   -21.6471640209   0.000000000397       0.0000  ITTVTTTTTTTTTPPP
   314      1   -10.5093030861   0.000027281463       0.0402  IVIIIIIIIIIIVIII
   315      1   -17.3308642145   0.000000029737       0.0000  IVLMMMMMMMMMMLMM
   316      1   -20.8360839384   0.000000000893       0.0000  IVSLLLLLLLSLLLLL
   317      1   -19.8678237693   0.000000002352       0.0000  IVVVI--IIIVVVIIV
   318      1   -16.7388035096   0.000000053756       0.0001  K-KQ-------NEK--
   319      1   -16.7532845999   0.000000052984       0.0001  KDEEEEEEEEVEEEEE
   320      1    -8.3443999895   0.000237724055       0.3502  KEKKKKKKKKKKKKKK
   321      1   -18.4134946601   0.000000010072       0.0000  KEVVVVVVVVVVMVVV
   322      1   -25.6722678221   0.000000000007       0.0000  KKDKEEKKKKKEEEEE
   323      1   -26.6672570626   0.000000000003       0.0000  KKDVVVVVVVEEKEGG
   324      1    -7.7663607992   0.000423752585       0.6242  KKEEEEEEEEEEEEEE
   325      1   -12.0519967804   0.000005832897       0.0086  KKEEEEEEEEEEEKEE
   326      1   -19.1870888414   0.000000004647       0.0000  KKEKKKKKKKKAKTTT
   327      1   -15.7846648350   0.000000139575       0.0002  KKEKKKKNNNKKKKKK
   328      1   -20.5097552134   0.000000001238       0.0000  KKIIIIIIVVIIIMII
   329      1    -8.9373478554   0.000131389041       0.1935  KKKEEEEEEEKKKKKK
   330      1   -14.1784440722   0.000000695633       0.0010  KKKKKKKKIKKKKKKK
   331      1   -13.0691650568   0.000002109278       0.0031  KKKKKKKKKKEEDEEE
   332      1   -15.4808728711   0.000000189122       0.0003  KKKKKKKKKKIIILII
   333      1    -4.0438923734   0.017529109615      25.8204  KKKKKKKKKKK-KKKK
   334      1    -8.5591115692   0.000191789610       0.2825  KKKKKKKKKKKKEKKK
   335     46    -4.1388591199   0.015941027935      23.4811  KKKKKKKKKKKKKKKK
   336      1    -8.7557090916   0.000157559232       0.2321  KKKKKKKKKKKKKNKK
   337      1    -8.5524652357   0.000193068553       0.2844  KKKKKKKKKKKKKQKK
   338      2    -8.0531274393   0.000318105509       0.4686  KKKKKKKKKKKKKRKK
   339      1    -8.8150093174   0.000148487568       0.2187  KKKKKKKKKKKKNKKK
   340      1    -8.1144961787   0.000299170720       0.4407  KKKKKKKKKKKKRKKK
   341      1   -13.2252738244   0.000001804416       0.0027  KKKKKKKKKKKKRRRR
   342      1    -8.6883082686   0.000168544918       0.2483  KKKKKKKKKKKNKKKK
   343      1   -16.2992975230   0.000000083427       0.0001  KKKKKKKKKKKRERKK
   344      1   -13.7634208458   0.000001053470       0.0016  KKKKKKKKKKKRKKEK
   345      2    -7.9871612701   0.000339797308       0.5005  KKKKKKKKKKKRKKKK
   346      1    -8.3652377517   0.000232821672       0.3429  KKKKKKKKKKNKKKKK
   347      1   -12.5182691047   0.000003659189       0.0054  KKKKKKKKKKQKKEKK
   348      1    -8.1597524338   0.000285933173       0.4212  KKKKKKKKKKQKKKKK
   349      1    -7.6621297587   0.000470304708       0.6928  KKKKKKKKKKRKKKKK
   350      1   -15.5705306646   0.000000172904       0.0003  KKKKKKKKKKRKKRRK
   351      1   -10.8141758412   0.000020112363       0.0296  KKKKKKQKKKKKKKKK
   352      1   -20.8860437221   0.000000000850       0.0000  KKKKKKRKKKKNKKNK
   353      1   -16.5061964537   0.000000067834       0.0001  KKKKRKKKKKKTTKKK
   354      1   -18.4601235940   0.000000009613       0.0000  KKKKRRRRRRGRRRRR
   355      1    -9.2237775457   0.000098665270       0.1453  KKKNNNNNNNKKKKKK
   356      2    -8.5418127370   0.000195136209       0.2874  KKKRKKKKKKKKKKKK
   357      1   -12.0650822576   0.000005757068       0.0085  KKKRKKKKKKRKKKKK
   358      1    -8.4430860350   0.000215384440       0.3173  KKKRRRRRRRKKKKKK
   359      1    -8.2489973878   0.000261520630       0.3852  KKNKKKKKKKKKKKKK
   360      1   -12.8218893412   0.000002700998       0.0040  KKTKKKKKKKKEKKKK
   361      1   -12.9188751305   0.000002451342       0.0036  KNNNNNNNNNNNNSNN
   362      1   -17.1034031193   0.000000037332       0.0001  KNNNNNNNNNSNTNNN
   363      2    -8.8787833100   0.000139313564       0.2052  KQQQQQQQQQQQQQQQ
   364      1   -20.5912099202   0.000000001141       0.0000  KQRKRRRRRRRTRRRR
   365      1   -26.0838716255   0.000000000005       0.0000  KRIIIIIVVVRI-III
   366      1   -14.5001656176   0.000000504264       0.0007  KRKRRRRRRRRKRRRR
   367      1   -18.7089146065   0.000000007496       0.0000  KRRGGGGGGGRRSRRR
   368      1   -16.4600589199   0.000000071037       0.0001  KRSSSSSSSSNNNNNN
   369      1   -16.0582887523   0.000000106163       0.0002  KTKKKKKKKKKNNKKK
   370      1    -8.3550809461   0.000235198447       0.3464  L-PPPPPPPPPPPPPP
   371      1    -8.9049645426   0.000135713496       0.1999  L-SLLLLLLLLLLLLL
   372      1   -17.6272804347   0.000000022109       0.0000  LFLMIIIIIILLLLLL
   373      1   -21.8836930140   0.000000000313       0.0000  LIIVIIIIIIVSVVVV
   374      1   -12.3941212300   0.000004142872       0.0061  LLASSSSSSSSSSSSS
   375      1    -7.4827395533   0.000562713718       0.8289  LLFFFFFFFFFFFFFF
   376      1   -11.7179274814   0.000008146457       0.0120  LLFFFFFFFFFFLFFF
   377      1   -12.5895850165   0.000003407318       0.0050  LLFFFFFFFFVFFFFF
   378      1   -18.7719117585   0.000000007038       0.0000  LLFFLFFFFFIIIIII
   379      1   -13.5659302541   0.000001283487       0.0019  LLFLLLLLLLSLLLLL
   380      1   -19.6295642292   0.000000002985       0.0000  LLHHHHHHHHYFHHHH
   381      1   -15.3799176323   0.000000209212       0.0003  LLIIIIIIIIIIMVII
   382      1   -18.1190414729   0.000000013521       0.0000  LLIIIIIIIIIIVQII
   383      1   -21.7224008705   0.000000000368       0.0000  LLITAAAAAAI-IVVV
   384      1   -25.9784621873   0.000000000005       0.0000  LLITTAAAAAIIVVII
   385      1   -16.5480923109   0.000000065051       0.0001  LLLFFFFFFFFFFIFF
   386      1    -8.7990014583   0.000150883664       0.2223  LLLFLLLLLLLLLLLL
   387      5    -3.3097812492   0.036524162570      53.8001  LLLLL--LLLLLLLLL
   388      3    -3.2642829350   0.038224334592      56.3044  LLLLLL-LLLLLL-LL
   389      2    -3.3216184353   0.036094368058      53.1670  LLLLLL-LLLLLLLLL
   390      1    -9.9324859883   0.000048570899       0.0715  LLLLLLILLLLLLLLL
   391      1    -7.9169917401   0.000364497181       0.5369  LLLLLLLLLLFLLLLL
   392      1    -9.7866343918   0.000056197719       0.0828  LLLLLLLLLLHLLLLL
   393      1   -12.2048381558   0.000005006176       0.0074  LLLLLLLLLLILMLLL
   394      1   -14.5147492613   0.000000496963       0.0007  LLLLLLLLLLLFLFFF
   395      1    -8.2419579330   0.000263368087       0.3879  LLLLLLLLLLLFLLLL
   396      1    -8.3692807692   0.000231882271       0.3416  LLLLLLLLLLLLFLLL
   397     75    -3.3277047891   0.035875352144      52.8444  LLLLLLLLLLLLLLLL
   398      1   -15.9782363072   0.000000115011       0.0002  LLLLLLLLLLLLPSLL
   399      1    -9.5632092111   0.000070266935       0.1035  LLLLLLLLLLLLSLLL
   400      1    -9.7031358518   0.000061091620       0.0900  LLLLLLLLLLLLTLLL
   401      2    -9.4317802584   0.000080136409       0.1180  LLLLLLLLLLLSLLLL
   402      1   -14.3421561757   0.000000590583       0.0009  LLLLLLLLLLRLLLFF
   403      1    -9.2041375441   0.000100622211       0.1482  LLLLLLLLLLRLLLLL
   404      1    -7.4486615670   0.000582220354       0.8576  LLLLLLLLLLVLLLLL
   405      1   -25.0076763415   0.000000000014       0.0000  LLLLLLLLLLWCQWWW
   406      1   -11.3499462037   0.000011770123       0.0173  LLLLLPLLLLLLLLLL
   407      1   -20.9268395774   0.000000000816       0.0000  LLLLRLLLLLMMMLLL
   408      1   -16.7257394408   0.000000054463       0.0001  LLLPPPPPPPLLLLPP
   409      1   -10.0059430009   0.000045130918       0.0665  LLLSLLLLLLLLLLLL
   410      1    -8.3249750637   0.000242386969       0.3570  LLLVVVVVVVLLLLLL
   411      1    -7.9090128257   0.000367417106       0.5412  LLMMMMMMMMMMMMMM
   412      1   -24.6111179865   0.000000000020       0.0000  LLMTTTTTTTTATMTT
   413      1   -14.8356682295   0.000000360538       0.0005  LLPLLLLLLLPPPPPP
   414      1   -11.4756066406   0.000010380239       0.0153  LLQQQQQQQQLLLLLL
   415      1   -25.7566263570   0.000000000007       0.0000  LLRLLLLWWWLLLLSS
   416      1   -15.3848963428   0.000000208173       0.0003  LLSQLLLLLLLLLLLL
   417      1   -24.8514889378   0.000000000016       0.0000  LLVAVAAAAAVIVAVV
   418      1   -27.6820258538   0.000000000001       0.0000  LLVVVVVVAALILIVV
   419      1   -18.8821642301   0.000000006303       0.0000  LLVVVVVVVVLIMLLL
   420      1    -7.3253123734   0.000658653885       0.9702  LLVVVVVVVVVVVVVV
   421      1   -21.2003834202   0.000000000621       0.0000  LLWLSSSSSSWWWWWW
   422      1   -27.1662287464   0.000000000002       0.0000  LPLHHHHHHHCHHHHH
   423      1    -9.6040896361   0.000067452316       0.0994  LPLLLLLLLLLLLLLL
   424      1   -28.4920982536   0.000000000000       0.0000  LRLLLLLLLLLRQCLL
   425      1   -13.4450713809   0.000001448371       0.0021  LRMMMM-MMMMMM-MM
   426      1   -16.9126946657   0.000000045176       0.0001  LSLLLLLLLLLGLLLL
   427      1    -9.3628288553   0.000085856878       0.1265  LSLLLLLLLLLLLLLL
   428      1   -18.2482771449   0.000000011882       0.0000  LYFFFFFFFFTFFFFF
   429      1   -18.8239720519   0.000000006681       0.0000  MITIIIIIIIIIMIII
   430      1   -15.0803611729   0.000000282281       0.0004  MM-MMIMMMMM-VM--
   431      1   -14.9100389344   0.000000334697       0.0005  MMDNNNNNNNNNNNNN
   432      1    -9.0503309261   0.000117352196       0.1729  MMIMMMMMMMMMMMMM
   433      1    -7.4934191789   0.000556736122       0.8201  MMLLLLLLLLLLLLLL
   434      1   -14.1930463706   0.000000685549       0.0010  MMLSSSSSSSLLLLLL
   435      1   -20.2217729922   0.000000001651       0.0000  MMMMMMMMMMIITLLL
   436      1    -9.5047324471   0.000074498434       0.1097  MMMMMMMMMMMIMMMM
   437     10    -5.5431125059   0.003914324500       5.7658  MMMMMMMMMMMMMMMM
   438      1   -10.3699454801   0.000031361000       0.0462  MMMMMMMMMMMMMTMM
   439      1   -15.2692245952   0.000000233701       0.0003  MMMMMMMMMMVMMMVM
   440      1   -13.8100572149   0.000001005468       0.0015  MMMMMMMMTMMMMMMM
   441      1   -10.3995259457   0.000030446913       0.0448  MMMVMMMMMMMMMMMM
   442      1   -23.9827805769   0.000000000038       0.0000  MMMVTTTTTTVMTMMM
   443      1    -9.3690836176   0.000085321540       0.1257  MMTTTTTTTTTTTTTT
   444      1   -19.0789085989   0.000000005178       0.0000  MRVMMMMMMMMIMMMM
   445      1   -19.4379541967   0.000000003616       0.0000  MRVVVV-VVVMVV-VV
   446      1   -10.2307847572   0.000036043473       0.0531  MTMMMMMMMMMMMMMM
   447      2   -10.2178927746   0.000036511153       0.0538  MTTTTTTTTTTTTTTT
   448      1   -17.9527672196   0.000000015967       0.0000  MTVMMMMMMMVMMMMM
   449      1   -25.9057513313   0.000000000006       0.0000  MVIVVVVVVVIIIISN
   450      1   -13.0854721556   0.000002075160       0.0031  NDDDDD-DDDDDD-AA
   451      1   -13.1661664782   0.000001914285       0.0028  NDDDDDDDDDDDDGDD
   452      1   -12.6281757451   0.000003278332       0.0048  NDGDDDDDDDDDDDDD
   453      1   -13.9906100067   0.000000839374       0.0012  NDSSSSSSSSNNNNNN
   454      1   -22.6831046986   0.000000000141       0.0000  NESSSSSSSSSSRSGG
   455      1    -9.6320358726   0.000065593374       0.0966  NHNNNNNNNNNNNNNN
   456      1   -12.0637028503   0.000005765015       0.0085  NNDEEEEEEEEEEEEE
   457      1   -15.5661050033   0.000000173671       0.0003  NNDSNNNNNNDDDDDD
   458      1   -15.9301449519   0.000000120677       0.0002  NNDSSSSSSSKNNNNN
   459      1   -21.9637755312   0.000000000289       0.0000  NNHHHHHHHHLLLLHH
   460      1   -15.5095933563   0.000000183768       0.0003  NNHNNNNNDDNNNNNN
   461      1   -18.3198450556   0.000000011061       0.0000  NNINNNNNNNNKNSNN
   462      1    -8.4789744602   0.000207791692       0.3061  NNKNNN-NNNNNN-NN
   463      1    -8.6060144070   0.000183001830       0.2696  NNKNNNNNNNNNNNNN
   464      1   -11.9583121285   0.000006405765       0.0094  NNKNNNNNNNSNNNNN
   465      1   -23.7261065245   0.000000000050       0.0000  NNNMKMMMMMNNNKNN
   466      1    -4.9646558936   0.006980352280      10.2821  NNNNN--NNNNNNNNN
   467      1    -4.9883437353   0.006816945814      10.0414  NNNNNN-NNNNNNNNN
   468      1   -10.9020619093   0.000018420214       0.0271  NNNNNNDNNNNNNNNN
   469      1    -9.9706802030   0.000046750753       0.0689  NNNNNNNNNNNNNNND
   470     20    -5.0005197938   0.006734445566       9.9198  NNNNNNNNNNNNNNNN
   471      2    -8.9051303789   0.000135690991       0.1999  NNNNNNNNNNNNNNSS
   472      1    -8.6818193735   0.000169642144       0.2499  NNNNNNNNNNNSNNNN
   473      1   -15.6800151817   0.000000154973       0.0002  NNNNNNNNNNSDSNNN
   474      1   -12.1774770979   0.000005145042       0.0076  NNNNNNNSNNNNNNNN
   475      1    -9.7399318443   0.000058884548       0.0867  NNNNSNNNNNNNNNNN
   476      1   -14.3222645336   0.000000602448       0.0009  NNNNSNNNNNNNTNNN
   477      1    -9.9361364809   0.000048393915       0.0713  NNNNSSSSSSNNNNNN
   478      1   -13.9450084413   0.000000878536       0.0013  NNNNTTTTTTDNNNNN
   479      1   -13.1483007351   0.000001948792       0.0029  NNNSNNNNNNNNNNSS
   480      1   -11.5734805707   0.000009412419       0.0139  NNNSSSSSSSSSSSSS
   481      1    -8.2341356158   0.000265436315       0.3910  NNSNNNNNNNNNNNNN
   482      1   -18.5744366891   0.000000008575       0.0000  NNSSSSSSSSHSSSGG
   483      1   -16.8029735125   0.000000050415       0.0001  NNVVVVVVVVVVVGVV
   484      1   -16.9953358024   0.000000041593       0.0001  NSKKKKKKKKKKKEEE
   485      1   -19.6282948721   0.000000002989       0.0000  NSNNDNNNNNDNNDDD
   486      1    -8.5967967514   0.000184696476       0.2721  NSNNNNNNNNNNNNNN
   487      1   -12.8399417162   0.000002652676       0.0039  NSNSNNNNNNNNNNNN
   488      1   -28.8373391983   0.000000000000       0.0000  NSNSNSNNNNSSNSNN
   489      1   -15.1817724523   0.000000255059       0.0004  NSSNNNNNNNSNNNNN
   490      1    -8.6821128079   0.000169592373       0.2498  NSSSSSSSSSSSSSSS
   491      1   -21.3103584840   0.000000000556       0.0000  PLAPPSSSSSPPPPPP
   492      1   -20.5406577490   0.000000001200       0.0000  PLLPPPPPPPPPPLPP
   493      1    -9.8787843783   0.000051250541       0.0755  PPHHHHHHHHHHHHHH
   494      1    -8.8843314294   0.000138542776       0.2041  PPLLLLLLLLLLLLLL
   495      1   -14.7062707253   0.000000410344       0.0006  PPLLMLLLLLLLLLLL
   496      1   -28.5099525153   0.000000000000       0.0000  PPLPPPLLLLPPLLPP
   497      1    -9.0919347784   0.000112570060       0.1658  PPLPPPPPPPPPPPPP
   498      1   -18.3493363924   0.000000010740       0.0000  PPLSSSSSSSPSSSSS
   499      1   -13.4487877491   0.000001442998       0.0021  PPPAAAAAAAPPPAPP
   500      1   -10.8291803684   0.000019812840       0.0292  PPPPLLLLLLPPPPPP
   501      1   -17.7420389278   0.000000019712       0.0000  PPPPLPPPPPPPPPPL
   502      1   -17.1678051213   0.000000035004       0.0001  PPPPPLPPPPPPPPLL
   503      3    -3.7673321964   0.023113643770      34.0464  PPPPPP-PPPPPP-PP
   504      2    -3.8153155872   0.022030760729      32.4513  PPPPPP-PPPPPPPPP
   505      1   -10.3622665746   0.000031602745       0.0466  PPPPPPAAAAPPPPPP
   506      1   -12.2172759743   0.000004944296       0.0073  PPPPPPPPPPPLLPPP
   507      1   -16.8890185858   0.000000046259       0.0001  PPPPPPPPPPPPLPLP
   508      1    -9.6706419590   0.000063109329       0.0930  PPPPPPPPPPPPLPPP
   509      1    -8.5626726591   0.000191107844       0.2815  PPPPPPPPPPPPPPAA
   510      1   -10.5380730649   0.000026507759       0.0390  PPPPPPPPPPPPPPHH
   511     22    -3.8203922625   0.021919201126      32.2870  PPPPPPPPPPPPPPPP
   512      1    -8.6868494444   0.000168790975       0.2486  PPPPPPPPPPPPPPSS
   513      1    -9.4849194279   0.000075989193       0.1119  PPPPPPPPPPPPPPTT
   514      1   -14.5858465912   0.000000462858       0.0007  PPPPPPPPPPPSPSSS
   515      1    -8.1140556412   0.000299302545       0.4409  PPPPPPPPPPSPPPPP
   516      1   -12.7261147170   0.000002972478       0.0044  PPPPPPPPPPSSPPPP
   517      1   -16.8634322194   0.000000047457       0.0001  PPPPPTPPPPPPPPLL
   518      1   -21.8996371852   0.000000000308       0.0000  PPPSSSSSSSPLPPPL
   519      1    -9.5315502074   0.000072527105       0.1068  PPQQQQQQQQQQQQQQ
   520      1   -15.7764186677   0.000000140731       0.0002  PPSPPPLLLLPPPPPP
   521      1    -8.0004840927   0.000335300272       0.4939  PPSPPPPPPPPPPPPP
   522      1   -15.3175911081   0.000000222666       0.0003  PPSSLS-SSSSSSSSS
   523      1    -8.3650230920   0.000232871655       0.3430  PPSSS-SSSSSSSSSS
   524      1   -17.4232526750   0.000000027113       0.0000  PPSSSLLLLLSSSSSS
   525      1   -22.9421144118   0.000000000109       0.0000  PPSSSLSSSSPPPSPP
   526      1    -8.3877195240   0.000227645828       0.3353  PPSSSSSSSSSSSSSS
   527      1    -8.9433751485   0.000130599503       0.1924  PPTTTTTTTTTTTTTT
   528      1   -18.8368269117   0.000000006596       0.0000  PQHQQQQQQQRQQQQQ
   529      1   -16.3068897649   0.000000082796       0.0001  PQQQHQQQQQQQQQQQ
   530      1   -19.3652401470   0.000000003889       0.0000  PSFFFFFFFFFFFVFF
   531      1   -12.9757055078   0.000002315915       0.0034  PSPPPPPPPPPSPPPP
   532      2   -13.9131031196   0.000000907018       0.0013  PSPSSSSSSSSSSSSS
   533      2    -9.4199885885   0.000081086945       0.1194  PSSSSSSSSSSSSSSS
   534      1   -24.0127673671   0.000000000037       0.0000  PSSSSSSSSSSSTPLL
   535      1   -16.8866217835   0.000000046370       0.0001  QEQWWWWWWWQQQQQQ
   536      1   -20.9243535060   0.000000000818       0.0000  QHCPPPPPPPPPPPPP
   537      1    -9.5306587482   0.000072591789       0.1069  QHQQQQQQQQQQQQQQ
   538      1   -15.4266135242   0.000000199667       0.0003  QLQQQQQQQQQQQPQQ
   539      1   -17.3740351980   0.000000028481       0.0000  QPKKKKKKKKKKKKEE
   540      2    -8.0759640499   0.000310923378       0.4580  QQEQQQQQQQQQQQQQ
   541      1   -14.1899856316   0.000000687650       0.0010  QQHQQQQQQQQQQQEQ
   542      1    -9.1655559079   0.000104580243       0.1540  QQHQQQQQQQQQQQQQ
   543      1    -9.4593986892   0.000077953451       0.1148  QQLQQQQQQQQQQQQQ
   544      1   -14.2264355414   0.000000663037       0.0010  QQQEQQQQQQPQQQQQ
   545      1   -29.1087260956   0.000000000000       0.0000  QQQLLLPPPPHHHHRR
   546      1    -8.7003719520   0.000166523861       0.2453  QQQQQ-----QKQQQQ
   547      2    -4.9416470607   0.007142824014      10.5214  QQQQQ--QQQQQQQQQ
   548      1   -19.8212770609   0.000000002464       0.0000  QQQQQ-QQQQAVEAAA
   549      1   -11.2798130535   0.000012625234       0.0186  QQQQQH-QQQQQQQQQ
   550      1    -4.8550057823   0.007789288313      11.4736  QQQQQQ-QQQQQQ-QQ
   551      1   -14.2504423135   0.000000647309       0.0010  QQQQQQQQQQEQQQQH
   552      1    -8.1941605044   0.000276262100       0.4069  QQQQQQQQQQEQQQQQ
   553      1    -9.6741321663   0.000062889448       0.0926  QQQQQQQQQQKKKKKK
   554      1   -10.4711586832   0.000028342200       0.0417  QQQQQQQQQQQPQQQQ
   555      1   -11.9275433094   0.000006605927       0.0097  QQQQQQQQQQQQQQQP
   556     38    -4.9757181381   0.006903559450      10.1689  QQQQQQQQQQQQQQQQ
   557      1   -13.1962584078   0.000001857538       0.0027  QQQQQQQQQQRKKKKK
   558      1   -11.4205461453   0.000010967808       0.0162  QQQQQQRRRRQQQQQQ
   559      1   -16.7212034620   0.000000054711       0.0001  QQQRRRQRRRQQQQQQ
   560      1    -8.8980620085   0.000136653503       0.2013  QQRQQQQQQQQQQQQQ
   561      1   -14.3919528603   0.000000561894       0.0008  QQRRRQ-RRRRRR-RR
   562      1   -14.2008499574   0.000000680220       0.0010  QQSLLLLLLLLLLLLL
   563      1   -16.1488332072   0.000000096973       0.0001  QYHQQQQQQQQQQQQQ
   564      1   -23.1577587185   0.000000000088       0.0000  RCCCCCCCCCCGCCGG
   565      1   -21.2935578840   0.000000000565       0.0000  RHNSSSSSSSKNNNNN
   566      1   -12.7355491572   0.000002944566       0.0043  RHQQQQQQQQQQQQQQ
   567      1   -20.8464507287   0.000000000884       0.0000  RHYCCCCCCCCCCCCC
   568      1   -20.6020539465   0.000000001129       0.0000  RKGRKKKKKKKRRRRR
   569      1    -8.0483074460   0.000319642477       0.4708  RKKKKKKKKKKKKKKK
   570      1   -24.6152411549   0.000000000020       0.0000  RKKKRGRRRRKKEKKK
   571      1   -22.2685176723   0.000000000213       0.0000  RKLMMMMMMMMMMMTM
   572      1   -19.3753659992   0.000000003849       0.0000  RKRTTTTTTTRGRRRR
   573      1   -14.9031791267   0.000000337001       0.0005  RPPAPPPPPPPPPPPP
   574      1   -16.7234431358   0.000000054588       0.0001  RQEKEEEEEEEEEEEE
   575      1   -22.6134995236   0.000000000151       0.0000  RQHHHHHHHHHHHNPP
   576      1    -9.4688452440   0.000077220527       0.1137  RQQQQQQQQQQQQQQQ
   577      1   -12.0198802985   0.000006023270       0.0089  RR-RRRRRRRQRRQQQ
   578      1   -22.8829191560   0.000000000115       0.0000  RRAVVVVVVVGGGAGG
   579      1   -10.0501780755   0.000043178059       0.0636  RRCCCCCCCCCCCCCC
   580      1   -13.3484342608   0.000001595323       0.0023  RRGGGGGGGGGGGSGG
   581      1   -21.4877454397   0.000000000466       0.0000  RRGRRRRRRRTRRRGR
   582      1   -11.1723569525   0.000014057465       0.0207  RRKKKKKKKKEKKKKK
   583      3    -7.2094573181   0.000739558392       1.0894  RRKKKKKKKKKKKKKK
   584      1   -12.5038761950   0.000003712236       0.0055  RRKKKKKKKKKKKKSS
   585      1   -11.1849192703   0.000013881976       0.0204  RRKKKKKKKKKKRKKK
   586      1   -11.5668685092   0.000009474861       0.0140  RRKKKKKKXKKKKEKK
   587      1   -17.1596239508   0.000000035291       0.0001  RRKNNNNNNNNNDNNN
   588      1    -7.0048621790   0.000907458994       1.3367  RRKRRRRRRR---R--
   589      1    -7.3850343526   0.000620469348       0.9140  RRKRRRRRRRRRRRRR
   590      1   -12.4887433486   0.000003768840       0.0056  RRKRRRRRRRRRRRSS
   591      1   -20.8137458172   0.000000000913       0.0000  RRQGGRRRRRRRRRRR
   592      1   -23.3094201696   0.000000000075       0.0000  RRQKKKKKKKGRERRR
   593      1   -16.2105605879   0.000000091168       0.0001  RRQNKKKKKKKKKKKK
   594      1    -8.5063105008   0.000202188424       0.2978  RRQQQQQQQQQQQQQQ
   595      1   -18.5263397579   0.000000008997       0.0000  RRQRRRRRRRRQGRRR
   596      1   -16.8894720408   0.000000046238       0.0001  RRRGGGGGGGRRRGGG
   597      2    -4.2801682571   0.013840333156      20.3868  RRRRR--RRRRRRRRR
   598      1   -18.4051574015   0.000000010156       0.0000  RRRRRHRRRRRRCRRR
   599      5    -4.2189995393   0.014713357280      21.6728  RRRRRR-RRRRRR-RR
   600      1   -10.1390798696   0.000039505136       0.0582  RRRRRRKRRRRRRRRR
   601      1   -16.4924327713   0.000000068775       0.0001  RRRRRRRRRRHPHHHH
   602      1    -7.8055850217   0.000407452979       0.6002  RRRRRRRRRRR-RKRR
   603      1   -15.6527224344   0.000000159261       0.0002  RRRRRRRRRRRGRRTT
   604     33    -4.3042265876   0.013511331333      19.9022  RRRRRRRRRRRRRRRR
   605      1    -9.4079355989   0.000082070198       0.1209  RRRRRRRRRRRRRRSS
   606      1   -18.4897829475   0.000000009332       0.0000  RRRRWWWWWWRWRRRR
   607      1   -17.2221511755   0.000000033152       0.0000  RRSSSSSSSSGNSSSS
   608      1   -12.6282448053   0.000003278106       0.0048  RRTTTTTTTTSTTTTT
   609      1   -13.8145225390   0.000001000989       0.0015  RSGSSSSSSSSSSSSS
   610      1   -18.0178607636   0.000000014960       0.0000  RTTTTTTTTTTIITTT
   611      1   -17.6703361454   0.000000021177       0.0000  RVTIIIIIIIIIIIII
   612      1    -2.6661710056   0.069517900000     102.3999  S---------------
   613      1    -7.8667849708   0.000383264590       0.5645  SASSSSSSSSSSSSSS
   614      1   -28.4140978886   0.000000000000       0.0000  SASTAAAAAASSSPLS
   615      1    -9.4244491009   0.000080726061       0.1189  SCCCCCCCCCCCCCCC
   616      1   -10.4879956446   0.000027868999       0.0411  SFSSSSSSSSSSSSSS
   617      1   -25.2821536218   0.000000000010       0.0000  SLPSASSSSSLLLLLL
   618      1   -21.2372249254   0.000000000598       0.0000  SLSSSSSSSSSCSSPP
   619      1   -12.0092401235   0.000006087701       0.0090  SNNNNNNNNNDNNNNN
   620      1   -13.9476335629   0.000000876233       0.0013  SNNNNNNNNNNNNNSN
   621      1   -31.0590197747   0.000000000000       0.0000  SNNNSGSSSSSSSNTT
   622      1   -12.0136237279   0.000006061073       0.0089  SNSNNNNNNNNNNNNN
   623      1   -24.4953964381   0.000000000023       0.0000  SNTEEEEEEEKKEKKK
   624      1   -32.2866641423   0.000000000000       0.0000  SRDNSSSSSSSSSSCY
   625      1   -23.8442025964   0.000000000044       0.0000  SRNNNNNNNNNNRNNS
   626      1    -9.1989362793   0.000101146937       0.1490  SRRRRR-RRRRRR-RR
   627      1   -14.3030955681   0.000000614108       0.0009  SRSNNNNNNNSSSSSS
   628      1   -19.4490512190   0.000000003576       0.0000  SRSSSSSSSSSSRSNN
   629      1   -25.8979079756   0.000000000006       0.0000  SS-SSNTSSS-HNNNN
   630      2    -7.5143985205   0.000545177831       0.8030  SSASSSSSSSSSSSSS
   631      2    -8.7271262278   0.000162127705       0.2388  SSCCCCCCCCCCCCCC
   632      1    -9.8427863539   0.000053129068       0.0783  SSCSSSSSSSSSSSSS
   633      1   -14.9058185879   0.000000336113       0.0005  SSDDDD-DDDEDDEDD
   634      1   -22.4923301085   0.000000000170       0.0000  SSDEKKKKKKDDDGDD
   635      1   -10.0863111357   0.000041645754       0.0613  SSFSSSSSSSSSSSSS
   636      1   -23.2677735979   0.000000000079       0.0000  SSGGDGGGGGSGGGSS
   637      1   -15.1174041019   0.000000272016       0.0004  SSGGG-----VVVVVV
   638      1    -7.3065017120   0.000671160864       0.9886  SSGGGGGGGGGGGGGG
   639      1   -24.3748631698   0.000000000026       0.0000  SSGSSS-SSSKSSHPP
   640      1   -10.2975832687   0.000033714476       0.0497  SSISSSSSSSSSSSSS
   641      1   -13.2668690971   0.000001730900       0.0025  SSKKKKKKKKKTKKKK
   642      1    -8.7589785577   0.000157044939       0.2313  SSLLLLLLLLLLLLLL
   643      1   -17.9621347680   0.000000015818       0.0000  SSLLLLLLLLSLSSSS
   644      1   -16.9596580520   0.000000043104       0.0001  SSLSSSSSSSS-SSLS
   645      1    -9.6895030024   0.000061930176       0.0912  SSLSSSSSSSSSSSSS
   646      1   -20.7199215933   0.000000001003       0.0000  SSNNNNNNNNDINDNN
   647      2    -7.9058494370   0.000368581230       0.5429  SSNNNNNNNNNNNNNN
   648      1   -17.7871054828   0.000000018843       0.0000  SSNNNNNNNNNNNNTA
   649      1   -10.5289012888   0.000026752001       0.0394  SSNNNNNNNNSSSSSS
   650      1   -12.1000257674   0.000005559370       0.0082  SSNSSSSSSSNSSSSS
   651      1   -13.2001520561   0.000001850320       0.0027  SSNSSSSSSSSSSPSS
   652      2    -7.8305526895   0.000397405778       0.5854  SSPPPPPPPPPPPPPP
   653      1   -14.8788120708   0.000000345314       0.0005  SSPSSSSSSSSSSCSS
   654      1    -8.5285497654   0.000197741534       0.2913  SSSASSSSSSSSSSSS
   655      1   -21.7338605494   0.000000000364       0.0000  SSSDDDDDDDDNGDDD
   656      1   -14.9764508402   0.000000313192       0.0005  SSSGSGGGGGSSSSSS
   657      1   -19.5959720045   0.000000003087       0.0000  SSSLLLLLLLAAAAGG
   658      1   -24.2616745619   0.000000000029       0.0000  SSSLLLSSSSLSSSSS
   659      2    -9.1658343138   0.000104551131       0.1540  SSSNSSSSSSSSSSSS
   660      1    -9.6938846630   0.000061659413       0.0908  SSSPPPPPPPSSSSSS
   661      1    -9.1978653378   0.000101255317       0.1491  SSSSAAAAAASSSSSS
   662      1   -15.4809202127   0.000000189113       0.0003  SSSSFSSSSSSSSSAA
   663      1    -9.8576182317   0.000052346879       0.0771  SSSSNNNNNNSSSSSS
   664      1    -9.6637974335   0.000063542764       0.0936  SSSSNSSSSSSSSSSS
   665      1   -10.8859321684   0.000018719736       0.0276  SSSSRRRRRRSSSSSS
   666      1   -12.4908949571   0.000003760739       0.0055  SSSSS-----NSSNSS
   667      1    -4.2255930787   0.014616663307      21.5303  SSSSSS-SSSSSS-SS
   668      2    -4.3355448296   0.013094737729      19.2885  SSSSSS-SSSSSSSSS
   669      1   -23.6338894801   0.000000000054       0.0000  SSSSSSFFFFSLSSPP
   670      1   -11.3735960611   0.000011495027       0.0169  SSSSSSPPPPSSSSSS
   671      1   -12.6694805446   0.000003145680       0.0046  SSSSSSSSSSASSPSS
   672      1   -10.9100844318   0.000018273029       0.0269  SSSSSSSSSSCCCCCC
   673      1    -9.9673640175   0.000046906044       0.0691  SSSSSSSSSSCSSSSS
   674      1   -11.2802715304   0.000012619447       0.0186  SSSSSSSSSSFFFFFF
   675      1   -19.7622268854   0.000000002614       0.0000  SSSSSSSSSSHNSSTS
   676      1    -9.8207653446   0.000054312001       0.0800  SSSSSSSSSSLSSSSS
   677      1   -13.0252466879   0.000002203978       0.0032  SSSSSSSSSSNSSSGG
   678      2    -8.2827483976   0.000252841336       0.3724  SSSSSSSSSSNSSSSS
   679      1   -13.8663974781   0.000000950386       0.0014  SSSSSSSSSSSLSASS
   680      1    -8.0948046027   0.000305120248       0.4494  SSSSSSSSSSSSASSS
   681      1   -19.0779654244   0.000000005183       0.0000  SSSSSSSSSSSSNGNS
   682      1    -8.0337058606   0.000324344005       0.4778  SSSSSSSSSSSSSASS
   683      1   -10.3822828222   0.000030976465       0.0456  SSSSSSSSSSSSSCSS
   684      1    -9.6996916834   0.000061302393       0.0903  SSSSSSSSSSSSSRSS
   685      1   -10.3985513380   0.000030476601       0.0449  SSSSSSSSSSSSSSLL
   686      1   -16.0904296943   0.000000102805       0.0002  SSSSSSSSSSSSSSRH
   687     48    -4.3472163811   0.012942790279      19.0647  SSSSSSSSSSSSSSSS
   688      1    -9.5348313991   0.000072289519       0.1065  SSSSSSSSSSSSSSTS
   689      1   -13.1260491814   0.000001992642       0.0029  SSSTTTTTTTPSSSSS
   690      1    -7.0299859595   0.000884944206       1.3035  SST-TTTTTTTTTTTT
   691      1   -13.2396622212   0.000001778639       0.0026  SSTSGSSSSSSSSSSS
   692      1    -7.6103951117   0.000495276130       0.7295  SSTSSSSSSSSSSSSS
   693      1   -12.4299526243   0.000003997055       0.0059  SSTTAAAAAATTTTTT
   694      1    -7.0863292190   0.000836462207       1.2321  SSTTTTTTTTTTTTTT
   695      1   -23.4440968817   0.000000000066       0.0000  SSVILIIIIIIIIISS
   696      1   -15.7811577185   0.000000140065       0.0002  STAAGGGGGGAAAAAA
   697      1   -16.7369969314   0.000000053854       0.0001  STMMMMMMMMVMMMMM
   698      1   -13.2968973523   0.000001679697       0.0025  STSPPPPPPPSSSSSS
   699      3    -8.3164374254   0.000244465240       0.3601  TAAAAAAAAAAAAAAA
   700      1   -25.5413319744   0.000000000008       0.0000  TAAAAAAAGGGAAAAT
   701      1   -23.1866952515   0.000000000085       0.0000  TAGNSSSSSSSSTSSS
   702      1   -27.2071898195   0.000000000002       0.0000  TAMTMMMMMMMMVMVV
   703      1   -21.6939540266   0.000000000379       0.0000  TASAAAAAAAAKAAGG
   704      1   -12.8824660060   0.000002542237       0.0037  TATTTTTTTTITTTTT
   705      1    -8.1852018500   0.000278748156       0.4106  TATTTTTTTTTTTTTT
   706      1   -12.1607223678   0.000005231972       0.0077  TGSSSSSSSSSSSSSS
   707      1   -17.6913986873   0.000000020736       0.0000  TMKKKKKKKKNKKKKK
   708      1   -15.8692071447   0.000000128260       0.0002  TPTTITTTTTTTTTTT
   709      1   -15.0733241964   0.000000284275       0.0004  TPTTTTTTTTPTTTTT
   710      2    -9.7709612848   0.000057085450       0.0841  TPTTTTTTTTTTTTTT
   711      1   -19.5045703589   0.000000003383       0.0000  TRSSCCCCCCSSSS--
   712      1   -33.8612784970   0.000000000000       0.0000  TSTITIIIIIIMRIII
   713      1    -7.6975298013   0.000453947139       0.6687  TSTTTTTTTTTTTTTT
   714      1    -8.7296400302   0.000161720660       0.2382  TT-TTTTT--ITTTTT
   715      1   -11.9573975397   0.000006411627       0.0094  TTAAAAAAAAAAATAA
   716      1   -11.4854346227   0.000010278722       0.0151  TTAAAAAAAAVAAAAA
   717      1   -18.1323134527   0.000000013342       0.0000  TTAAAVAAAAAAAATT
   718      1   -34.4652478930   0.000000000000       0.0000  TTANI--IIITVIAII
   719      1   -11.5542525483   0.000009595152       0.0141  TTATTTTTTTATTTTT
   720      1   -21.4041940809   0.000000000506       0.0000  TTHNSNNNNNNN-NSS
   721      1   -15.8327830576   0.000000133018       0.0002  TTIIIIIIIIIIIIRR
   722      2    -8.2160617311   0.000270277397       0.3981  TTKKKKKKKKKKKKKK
   723      1   -13.7973064811   0.000001018371       0.0015  TTMTTTTTTTTTTATT
   724      1    -8.6052024917   0.000183150472       0.2698  TTNNNNNNNNNNNNNN
   725      1   -12.4022565649   0.000004109305       0.0061  TTNTTTTTTTATTTTT
   726      1   -16.5873412627   0.000000062547       0.0001  TTPAAAAAAAAAATAA
   727      1   -26.3731667717   0.000000000004       0.0000  TTQLLPLLLLVLLLLL
   728      1    -9.7283204838   0.000059572263       0.0877  TTRTTTTTTTTTTTTT
   729      1   -14.0521309611   0.000000789291       0.0012  TTSFSSSSSSSSSSSS
   730      1   -25.6445818979   0.000000000007       0.0000  TTSRRRRRRRRGKKKK
   731      1    -7.2551294689   0.000706540898       1.0407  TTSSSSSSSSSSSSSS
   732      1   -12.0549136591   0.000005815908       0.0086  TTSTTTTTTTITTTTT
   733      1   -12.5186564356   0.000003657772       0.0054  TTSTTTTTTTTTTTNN
   734      1    -8.7575616035   0.000157267622       0.2317  TTTAAAAAAATTTTTT
   735      1   -16.8297559193   0.000000049083       0.0001  TTTATAAAAAAAAAAA
   736      1   -16.4179156785   0.000000074095       0.0001  TTTATTTTATTTTTTT
   737      1    -9.7949473781   0.000055732484       0.0821  TTTITTTTTTTTTTTT
   738      1   -15.0969941250   0.000000277625       0.0004  TTTTIIIIIINTTTTT
   739      1    -4.0933627466   0.016683038295      24.5741  TTTTTT-TTTTTT-TT
   740      1   -12.7305412697   0.000002959349       0.0044  TTTTTTTTITTTTTTT
   741      1   -24.7335982066   0.000000000018       0.0000  TTTTTTTTTITTTITI
   742      1   -19.2296454355   0.000000004453       0.0000  TTTTTTTTTTAITTRR
   743      1   -14.3875086251   0.000000564397       0.0008  TTTTTTTTTTITTTTA
   744      1   -19.3121177558   0.000000004101       0.0000  TTTTTTTTTTRTSPTT
   745      1    -9.8597686561   0.000052234432       0.0769  TTTTTTTTTTRTTTTT
   746      1    -8.2690364531   0.000256332160       0.3776  TTTTTTTTTTTATTTT
   747      1    -9.2259574631   0.000098450422       0.1450  TTTTTTTTTTTITTTT
   748      1    -8.4108541613   0.000222439776       0.3277  TTTTTTTTTTTT-TAA
   749      1    -8.3992930776   0.000225026344       0.3315  TTTTTTTTTTTTATTT
   750      1    -7.9219764868   0.000362684776       0.5342  TTTTTTTTTTTTSTTT
   751      1    -9.1967672071   0.000101366570       0.1493  TTTTTTTTTTTTTSSS
   752      1    -9.4599535477   0.000077910210       0.1148  TTTTTTTTTTTTTTII
   753      1   -10.0649301796   0.000042545767       0.0627  TTTTTTTTTTTTTTPP
   754      1    -8.0251637404   0.000327126458       0.4819  TTTTTTTTTTTTTTSS
   755     23    -4.1943574392   0.015080429442      22.2135  TTTTTTTTTTTTTTTT
   756      1   -15.3902498444   0.000000207062       0.0003  TTVAAAAAAAVAAAAA
   757      1   -12.3745515308   0.000004224746       0.0062  TTVTTTTTTTTTT-AA
   758      1   -15.5976371317   0.000000168280       0.0002  TVAAAAAAAAAVAAAA
   759      1   -20.7153749454   0.000000001008       0.0000  TVFFFFFFFFFFFCFF
   760      1    -8.8098156567   0.000149260769       0.2199  TVTTTTTTTTTTTTTT
   761      1    -2.6465469066   0.070895600000     104.4292  V---------------
   762      1   -13.6474892907   0.000001182962       0.0017  V-VVVVVVVMVVVVVV
   763      1   -12.7407543625   0.000002929279       0.0043  VAAAAAAAAAAAATAA
   764      1   -25.2248916772   0.000000000011       0.0000  VALVVVVVVVLVVAEE
   765      1   -23.6030814552   0.000000000056       0.0000  VAPPPPPPPPPPPPLM
   766      1   -15.1673843272   0.000000258755       0.0004  VASSSSSSSSSTSSSS
   767      1   -14.3100748522   0.000000609837       0.0009  VEMMMMMMMMMMMMMM
   768      1   -18.2779528334   0.000000011534       0.0000  VENNNNNNNNNNSNNN
   769      1   -14.2926313317   0.000000620568       0.0009  VFVVVVVVVVIIIIII
   770      1   -13.3376410852   0.000001612635       0.0024  VIIIIIIIIITTTTTT
   771      1    -9.4740096756   0.000076822755       0.1132  VILLLLLLLLLLLLLL
   772      1   -26.9716677192   0.000000000002       0.0000  VIRATTTTTTTRTTTT
   773      1   -12.7832768699   0.000002807330       0.0041  VIVVVVVVVVVMVVVV
   774      1    -7.2008559272   0.000745947059       1.0988  VIVVVVVVVVVVVVVV
   775      1   -14.3817461974   0.000000567658       0.0008  VLVVVVLLLLVVVVVV
   776      1   -24.3053455371   0.000000000028       0.0000  VMMMMMMMMMIVIINN
   777      1   -13.8679377427   0.000000948923       0.0014  VMMMMMMMMMVMMMMM
   778      1   -27.5041516176   0.000000000001       0.0000  VSMTMMMMMMMMVLMM
   779      1   -18.8151712551   0.000000006740       0.0000  VVAAGAAAAAAAAAAT
   780      1   -21.5880108131   0.000000000421       0.0000  VVATTTTTTTMTTTAA
   781      1   -22.2530084143   0.000000000217       0.0000  VVATTTTTTTMVAVVV
   782      1   -31.5992855594   0.000000000000       0.0000  VVDGDGGGGGGDDDSS
   783      1    -6.7186430587   0.001208176527       1.7796  VVIIIIIIIIIIIIII
   784      1   -12.8956223746   0.000002509010       0.0037  VVIIIIIIIIIIVVII
   785      1   -18.4726415609   0.000000009494       0.0000  VVIIIIIIIIILVITT
   786      1   -17.1541131391   0.000000035487       0.0001  VVIIIIIIIITTTVTT
   787      1    -9.3883563712   0.000083692903       0.1233  VVIIIIIIIIVIIIII
   788      1   -10.7641053272   0.000021145037       0.0311  VVIIVVVVVVVVVVVV
   789      1   -21.2655733206   0.000000000581       0.0000  VVILLLLLLLVIVGVV
   790      1   -18.6354085172   0.000000008068       0.0000  VVIRRRRRRRT-IIII
   791      1   -20.1348883223   0.000000001801       0.0000  VVITTTTTTTIIVITT
   792      1   -20.5710695698   0.000000001164       0.0000  VVIVVVVVVVIVLIIV
   793      1    -9.9695579703   0.000046803247       0.0689  VVIVVVVVVVIVVVVV
   794      1   -11.1252848639   0.000014735001       0.0217  VVIVVVVVVVVVVAVV
   795      1   -11.7274550640   0.000008069209       0.0119  VVIVVVVVVVVVVVIV
   796      1    -6.9024094671   0.001005360126       1.4809  VVIVVVVVVVVVVVVV
   797      1   -21.4970079292   0.000000000461       0.0000  VVLLLLLLLLVVPLLL
   798      1    -8.9601014324   0.000128433226       0.1892  VVMMMMMMMMMMMMMM
   799      1   -19.0824165161   0.000000005160       0.0000  VVMVVVVVVVIVVMMM
   800      1   -13.5892565135   0.000001253894       0.0018  VVMVVVVVVVMMMMMM
   801      1   -12.3267168049   0.000004431747       0.0065  VVSIIIIIIIIIIIII
   802      1   -14.8367483300   0.000000360149       0.0005  VVVIVVVVVVVVIIVV
   803      1    -8.3813916966   0.000229090898       0.3375  VVVVIVVVVVVVVVVV
   804      2    -3.9250757542   0.019740641378      29.0780  VVVVV--VVVVVVVVV
   805      1   -23.5663953673   0.000000000058       0.0000  VVVVVIVVVVTAAAPP
   806      1    -6.9232763406   0.000984598769       1.4503  VVVVVV-VVVIVV-VV
   807      1   -11.8228546634   0.000007334989       0.0108  VVVVVV-VVVVVVGGG
   808      1    -8.6963794356   0.000167190039       0.2463  VVVVVV-VVVVVVVVI
   809      1   -13.9439154966   0.000000879497       0.0013  VVVVVVAVVVVVIVVV
   810      1   -11.3010539272   0.000012359891       0.0182  VVVVVVVVVVIVAVVV
   811      1    -7.0190797515   0.000894648413       1.3178  VVVVVVVVVVIVVVVV
   812      1   -19.1358488866   0.000000004891       0.0000  VVVVVVVVVVMIMMVV
   813      1    -9.1957600706   0.000101468711       0.1495  VVVVVVVVVVMVVVVV
   814      1    -9.6625827166   0.000063619997       0.0937  VVVVVVVVVVVIIVVV
   815      1    -7.3372985706   0.000650806256       0.9586  VVVVVVVVVVVIVVVV
   816      1   -22.7362082473   0.000000000134       0.0000  VVVVVVVVVVVKMVVM
   817      1    -8.1769137839   0.000281068040       0.4140  VVVVVVVVVVVLVVVV
   818      1    -8.3092288362   0.000246233857       0.3627  VVVVVVVVVVVVLVVV
   819      1   -10.4927070416   0.000027738006       0.0409  VVVVVVVVVVVVVGVV
   820      1    -7.5561866154   0.000522865334       0.7702  VVVVVVVVVVVVVVII
   821     30    -3.9518671813   0.019218783301      28.3093  VVVVVVVVVVVVVVVV
   822      1   -24.6054066312   0.000000000021       0.0000  WLFFFFFFFFFFSFFY
   823      1   -24.3873197233   0.000000000026       0.0000  WWCHHHHHHHHHHDHH
   824      1    -9.9301749199   0.000048683280       0.0717  WWRRRRRRRRRRRRRR
   825      1    -4.8056495750   0.008183383566      12.0541  WWWWWW-WWWWWWWWW
   826      4    -4.8095618584   0.008151430396      12.0071  WWWWWWWWWWWWWWWW
   827      1    -3.1633222711   0.042285025145      62.2858  XXXXXXXXXXXXXXRR
   828      1   -21.4599322642   0.000000000479       0.0000  YHHHHHHHHHHQCHHH
   829      1   -23.0983727706   0.000000000093       0.0000  YNHSHHHHHHHHHQHH
   830      1   -23.2300188273   0.000000000082       0.0000  YYCCCCCCCCCYHCCC
   831      1   -22.3865386524   0.000000000190       0.0000  YYYYCYYYYYYSYHYY
   832      1   -12.2287397634   0.000004887939       0.0072  YYYYCYYYYYYYYYYY
   833      1   -24.8997239634   0.000000000015       0.0000  YYYYDDDNDDYYYYSS
   834      1    -4.1609747355   0.015592352091      22.9675  YYYYYY-YYYYYY-YY
   835      1   -24.4867748931   0.000000000023       0.0000  YYYYYYYYYYCCCRYY
   836      1    -8.0316082018   0.000325025082       0.4788  YYYYYYYYYYYFYYYY
   837      1    -9.4043190523   0.000082367546       0.1213  YYYYYYYYYYYYYFFF
   838     17    -4.2245137666   0.014632447765      21.5536  YYYYYYYYYYYYYYYY