

TREE # 1

  0  0.0000  14715.243854  x:  0.00133   0.04111   0.02258   0.01051   0.00711   0.01492   0.00835   0.00593   0.00588   0.00497   0.05822   0.03088   0.03088   0.04931   0.11341   0.11330   0.07822   0.07752   0.02130   0.00000   0.01543   0.06705   0.01996   0.02237   0.08944   0.10638   0.00846   0.07162   0.08344  
  1 99.0000  14692.736608  x:  0.00874   0.04189   0.02273   0.00897   0.00846   0.01289   0.00758   0.00446   0.00383   0.00372   0.05610   0.02969   0.03077   0.04932   0.11384   0.11451   0.07824   0.07789   0.02269   0.01796   0.01627   0.06710   0.01992   0.02217   0.08920   0.10670   0.00813   0.07174   0.08348  
  2 11524.2904  14674.001296  x:  0.01056   0.04302   0.02300   0.00620   0.01000   0.00902   0.00643   0.00228   0.00035   0.00211   0.05192   0.02741   0.03057   0.04932   0.11459   0.11679   0.07826   0.07862   0.02432   0.01698   0.01694   0.06719   0.01973   0.02191   0.08867   0.10713   0.00732   0.07189   0.08356  
  3 2803.8796  14661.789836  x:  0.01252   0.04429   0.02331   0.00322   0.01152   0.00467   0.00529   0.00059   0.00143   0.00105   0.04707   0.02483   0.03035   0.04931   0.11544   0.11941   0.07829   0.07945   0.02610   0.01604   0.01769   0.06729   0.01952   0.02163   0.08807   0.10762   0.00645   0.07206   0.08366  
  4 9456.1319  14654.245859  x:  0.01388   0.04520   0.02353   0.00137   0.01250   0.00169   0.00462   0.00155   0.00167   0.00121   0.04349   0.02297   0.03020   0.04931   0.11607   0.12131   0.07830   0.08006   0.02735   0.01544   0.01821   0.06736   0.01937   0.02143   0.08763   0.10798   0.00586   0.07219   0.08373  
  5 15979.6507  14646.755505  x:  0.01559   0.04649   0.02385   0.00257   0.01352   0.00049   0.00442   0.00115   0.00173   0.00299   0.03792   0.02029   0.03003   0.04928   0.11702   0.12421   0.07832   0.08097   0.02901   0.01474   0.01892   0.06746   0.01919   0.02117   0.08695   0.10853   0.00519   0.07240   0.08384  
  6 4752.8651  14623.872855  x:  0.02219   0.05145   0.02506   0.00340   0.01755   0.00282   0.00343   0.00113   0.00222   0.00622   0.01658   0.01013   0.02935   0.04917   0.12066   0.13530   0.07837   0.08446   0.03538   0.01196   0.02163   0.06784   0.01848   0.02016   0.08436   0.11062   0.00269   0.07319   0.08427  
  7 20334.9569  14615.841592  x:  0.02356   0.05299   0.02534   0.00501   0.01742   0.00245   0.00633   0.00200   0.00242   0.00390   0.00778   0.00951   0.02922   0.04908   0.12215   0.13988   0.07832   0.08584   0.03695   0.01136   0.02225   0.06795   0.01843   0.02002   0.08329   0.11149   0.00429   0.07356   0.08447  
  8 3800.5049  14613.651777  x:  0.02339   0.05359   0.02533   0.00483   0.01600   0.00256   0.00492   0.00187   0.00238   0.00425   0.00515   0.01191   0.02922   0.04899   0.12314   0.14299   0.07822   0.08670   0.03711   0.01143   0.02222   0.06799   0.01858   0.02015   0.08256   0.11207   0.00445   0.07379   0.08458  
  9 1128.3814  14607.452259  x:  0.02297   0.05746   0.02537   0.00458   0.00957   0.00259   0.00574   0.00177   0.00226   0.00417   0.00745   0.01330   0.02918   0.04847   0.12943   0.16277   0.07751   0.09209   0.03852   0.01159   0.02235   0.06826   0.01913   0.02057   0.07805   0.11575   0.00384   0.07516   0.08525  
 10 913.7347  14605.599589  x:  0.02080   0.05776   0.02496   0.00547   0.01230   0.00255   0.00432   0.00215   0.00239   0.00346   0.00839   0.01353   0.02939   0.04829   0.13178   0.17077   0.07689   0.09380   0.03716   0.01227   0.02167   0.06827   0.01916   0.02072   0.07663   0.11711   0.00545   0.07558   0.08547  
 11 871.7073  14604.574820  x:  0.01833   0.05710   0.02452   0.00448   0.01422   0.00263   0.00562   0.00172   0.00228   0.00443   0.00818   0.01385   0.02958   0.04824   0.13312   0.17581   0.07626   0.09450   0.03512   0.01317   0.02089   0.06824   0.01908   0.02078   0.07607   0.11783   0.00511   0.07568   0.08553  
 12 949.4022  14604.137428  x:  0.01684   0.05615   0.02434   0.00473   0.01400   0.00249   0.00540   0.00185   0.00226   0.00389   0.00774   0.01310   0.02967   0.04831   0.13353   0.17797   0.07577   0.09441   0.03356   0.01375   0.02050   0.06820   0.01895   0.02072   0.07624   0.11800   0.00389   0.07554   0.08547  
 13 462.8984  14603.990971  x:  0.01641   0.05541   0.02435   0.00450   0.01345   0.00248   0.00521   0.00175   0.00221   0.00403   0.00753   0.01240   0.02965   0.04844   0.13358   0.17895   0.07540   0.09406   0.03284   0.01394   0.02050   0.06818   0.01885   0.02061   0.07662   0.11795   0.00449   0.07540   0.08544  
 14 254.6019  14603.808331  x:  0.01760   0.05342   0.02476   0.00459   0.01356   0.00250   0.00527   0.00178   0.00224   0.00402   0.00767   0.01272   0.02942   0.04897   0.13331   0.18130   0.07425   0.09244   0.03234   0.01353   0.02119   0.06814   0.01869   0.02032   0.07833   0.11745   0.00445   0.07474   0.08526  
 15 117.6803  14603.787898  x:  0.01769   0.05332   0.02454   0.00459   0.01355   0.00250   0.00527   0.00178   0.00224   0.00403   0.00765   0.01269   0.02954   0.04891   0.13307   0.18171   0.07411   0.09195   0.03258   0.01351   0.02076   0.06810   0.01900   0.02071   0.07862   0.11721   0.00446   0.07465   0.08522  
 16 47.2302  14603.780134  x:  0.01754   0.05351   0.02447   0.00459   0.01354   0.00250   0.00527   0.00178   0.00224   0.00403   0.00766   0.01271   0.02959   0.04880   0.13277   0.18197   0.07413   0.09154   0.03282   0.01356   0.02061   0.06807   0.01878   0.02053   0.07873   0.11697   0.00446   0.07464   0.08520  
 17 25.8601  14603.777007  x:  0.01740   0.05369   0.02456   0.00459   0.01355   0.00250   0.00527   0.00178   0.00224   0.00402   0.00766   0.01270   0.02954   0.04876   0.13253   0.18212   0.07423   0.09130   0.03283   0.01360   0.02078   0.06808   0.01888   0.02056   0.07874   0.11681   0.00445   0.07467   0.08519  
 18 17.5915  14603.776092  x:  0.01748   0.05374   0.02455   0.00459   0.01355   0.00250   0.00527   0.00178   0.00224   0.00403   0.00766   0.01270   0.02953   0.04880   0.13236   0.18218   0.07434   0.09125   0.03270   0.01358   0.02076   0.06808   0.01884   0.02060   0.07865   0.11674   0.00445   0.07470   0.08520  
 19  5.8670  14603.775695  x:  0.01750   0.05370   0.02453   0.00459   0.01355   0.00250   0.00527   0.00178   0.00224   0.00403   0.00766   0.01270   0.02956   0.04881   0.13228   0.18221   0.07439   0.09127   0.03269   0.01357   0.02075   0.06809   0.01889   0.02053   0.07860   0.11673   0.00445   0.07471   0.08521  
 20  3.4275  14603.774176  x:  0.01745   0.05350   0.02456   0.00459   0.01355   0.00250   0.00527   0.00178   0.00224   0.00402   0.00766   0.01270   0.02957   0.04881   0.13206   0.18225   0.07448   0.09138   0.03282   0.01358   0.02078   0.06810   0.01885   0.02059   0.07851   0.11676   0.00445   0.07470   0.08523  
 21  2.9148  14603.761210  x:  0.01743   0.05359   0.02467   0.00460   0.01354   0.00250   0.00527   0.00179   0.00224   0.00402   0.00767   0.01272   0.02908   0.04868   0.13139   0.18229   0.07419   0.09179   0.03279   0.01359   0.02056   0.06808   0.01889   0.02054   0.07870   0.11706   0.00446   0.07456   0.08523  
 22  2.4648  14603.717102  x:  0.01744   0.05410   0.02447   0.00459   0.01350   0.00250   0.00528   0.00179   0.00223   0.00400   0.00769   0.01278   0.02981   0.04855   0.13008   0.18230   0.07330   0.09260   0.03246   0.01356   0.02078   0.06803   0.01886   0.02060   0.07929   0.11776   0.00448   0.07436   0.08519  
 23 22.0216  14602.615470  x:  0.01481   0.05365   0.02467   0.00466   0.01273   0.00247   0.00543   0.00190   0.00212   0.00352   0.00808   0.01392   0.02984   0.05472   0.12904   0.17998   0.07058   0.09124   0.03233   0.01400   0.01968   0.06736   0.01903   0.02076   0.07839   0.11865   0.00485   0.07830   0.08455  
 24  6.1629  14600.693253  x:  0.01267   0.05093   0.02148   0.00478   0.01133   0.00243   0.00569   0.00210   0.00194   0.00273   0.00874   0.01584   0.02884   0.04902   0.13038   0.17646   0.07188   0.08928   0.02946   0.01400   0.02038   0.06762   0.01924   0.02108   0.07780   0.11790   0.00563   0.07814   0.08449  
 25 92.1484  14600.278991  x:  0.01227   0.05059   0.02427   0.00476   0.01105   0.00242   0.00575   0.00213   0.00189   0.00256   0.00888   0.01626   0.03011   0.04774   0.13096   0.17574   0.07306   0.08922   0.02859   0.01401   0.01901   0.06775   0.01931   0.02114   0.07808   0.11734   0.00585   0.07663   0.08469  
 26 181.3005  14600.201636  x:  0.01189   0.05094   0.02390   0.00477   0.01100   0.00242   0.00576   0.00214   0.00188   0.00253   0.00892   0.01635   0.03001   0.04880   0.13121   0.17572   0.07412   0.08977   0.02860   0.01411   0.01901   0.06788   0.01932   0.02116   0.07880   0.11677   0.00591   0.07474   0.08496  
 27 57.6706  14600.200737  x:  0.01189   0.05092   0.02390   0.00477   0.01100   0.00242   0.00576   0.00214   0.00188   0.00253   0.00892   0.01635   0.03001   0.04879   0.13122   0.17573   0.07407   0.08995   0.02860   0.01411   0.01902   0.06780   0.01932   0.02116   0.07887   0.11649   0.00591   0.07483   0.08502  
 28  4.2431  14600.200183  x:  0.01189   0.05093   0.02390   0.00477   0.01100   0.00242   0.00576   0.00214   0.00188   0.00253   0.00892   0.01635   0.03001   0.04879   0.13122   0.17572   0.07395   0.08998   0.02860   0.01411   0.01902   0.06794   0.01932   0.02116   0.07877   0.11636   0.00591   0.07477   0.08496  
 29  0.8948  14600.151365  x:  0.01200   0.05093   0.02391   0.00474   0.01098   0.00242   0.00577   0.00214   0.00187   0.00252   0.00891   0.01638   0.03001   0.04876   0.13120   0.17565   0.07349   0.08992   0.02864   0.01399   0.01918   0.06633   0.01933   0.02116   0.07788   0.11613   0.00596   0.07393   0.08416  
 30  0.3361  14597.183081  x:  0.01641   0.05173   0.02399   0.00318   0.01023   0.00271   0.00660   0.00224   0.00105   0.00224   0.00872   0.01833   0.02996   0.04850   0.13151   0.17470   0.07656   0.09104   0.03088   0.00793   0.01987   0.06820   0.01942   0.02115   0.08058   0.11593   0.00674   0.07430   0.08090  
 31  3.2810  14597.002874  x:  0.01672   0.05182   0.02399   0.00307   0.01018   0.00273   0.00665   0.00224   0.00100   0.00222   0.00870   0.01845   0.02995   0.04851   0.13147   0.17444   0.07551   0.09034   0.03101   0.00753   0.02000   0.06790   0.01942   0.02115   0.07957   0.11603   0.00672   0.07350   0.08499  
 32 72.1279  14594.342356  x:  0.01167   0.05230   0.02429   0.00267   0.01188   0.00341   0.00637   0.00262   0.00095   0.00314   0.00838   0.01884   0.02991   0.04841   0.13123   0.17705   0.07410   0.09017   0.03173   0.00356   0.02040   0.06781   0.01931   0.02092   0.07904   0.11715   0.00630   0.07551   0.08412  
 33  0.0046  14593.671886  x:  0.00956   0.05246   0.02417   0.00370   0.01166   0.00344   0.00608   0.00292   0.00126   0.00264   0.00818   0.01766   0.02982   0.04881   0.13127   0.17788   0.07365   0.09015   0.03159   0.00372   0.02032   0.06776   0.01927   0.02083   0.07892   0.11765   0.00596   0.07574   0.08495  
 34  0.0045  14593.546828  x:  0.01046   0.05213   0.02401   0.00377   0.01115   0.00341   0.00591   0.00291   0.00132   0.00261   0.00819   0.01690   0.02989   0.04890   0.13146   0.17713   0.07423   0.09024   0.03078   0.00335   0.02006   0.06779   0.01932   0.02088   0.07931   0.11743   0.00586   0.07507   0.08507  
 35  0.0025  14593.515428  x:  0.01020   0.05206   0.02400   0.00366   0.01102   0.00337   0.00586   0.00283   0.00132   0.00268   0.00825   0.01647   0.02994   0.04879   0.13153   0.17670   0.07448   0.09023   0.03069   0.00365   0.01998   0.06777   0.01935   0.02091   0.07940   0.11729   0.00580   0.07483   0.08504  
 36  0.0014  14593.502671  x:  0.01003   0.05214   0.02405   0.00360   0.01112   0.00335   0.00592   0.00278   0.00129   0.00261   0.00833   0.01624   0.02994   0.04870   0.13154   0.17664   0.07451   0.09023   0.03094   0.00350   0.02004   0.06778   0.01936   0.02091   0.07934   0.11726   0.00581   0.07489   0.08498  
 37  0.0005  14593.498351  x:  0.01016   0.05215   0.02407   0.00361   0.01122   0.00333   0.00596   0.00273   0.00131   0.00265   0.00842   0.01625   0.02992   0.04871   0.13152   0.17672   0.07443   0.09020   0.03094   0.00351   0.02007   0.06782   0.01935   0.02091   0.07928   0.11725   0.00584   0.07492   0.08505  
 38  0.0002  14593.495312  x:  0.01009   0.05213   0.02404   0.00363   0.01113   0.00332   0.00595   0.00266   0.00131   0.00264   0.00844   0.01631   0.02991   0.04877   0.13148   0.17680   0.07437   0.09020   0.03088   0.00348   0.02005   0.06779   0.01934   0.02090   0.07932   0.11732   0.00586   0.07498   0.08501  
 39  0.0001  14593.494605  x:  0.01009   0.05214   0.02405   0.00365   0.01115   0.00331   0.00595   0.00264   0.00132   0.00262   0.00840   0.01632   0.02992   0.04873   0.13152   0.17676   0.07443   0.09022   0.03092   0.00349   0.02005   0.06779   0.01935   0.02090   0.07932   0.11729   0.00584   0.07492   0.08501  
 40  0.0001  14593.494563  x:  0.01009   0.05214   0.02405   0.00365   0.01115   0.00331   0.00594   0.00264   0.00132   0.00263   0.00839   0.01632   0.02992   0.04873   0.13152   0.17675   0.07443   0.09022   0.03091   0.00348   0.02005   0.06779   0.01935   0.02091   0.07932   0.11728   0.00584   0.07492   0.08502  
 41  0.0000  14593.494558  x:  0.01009   0.05214   0.02405   0.00365   0.01115   0.00331   0.00594   0.00264   0.00132   0.00263   0.00838   0.01632   0.02992   0.04874   0.13151   0.17675   0.07443   0.09021   0.03091   0.00349   0.02006   0.06779   0.01935   0.02091   0.07932   0.11729   0.00584   0.07493   0.08502  
 42  0.0000  14593.494556  x:  0.01009   0.05214   0.02405   0.00365   0.01115   0.00331   0.00594   0.00264   0.00132   0.00263   0.00838   0.01632   0.02992   0.04873   0.13152   0.17675   0.07443   0.09022   0.03091   0.00348   0.02005   0.06779   0.01935   0.02091   0.07932   0.11729   0.00584   0.07492   0.08502  
 43  0.0000  14593.494555  x:  0.01009   0.05214   0.02405   0.00365   0.01115   0.00330   0.00594   0.00264   0.00132   0.00263   0.00838   0.01632   0.02992   0.04874   0.13152   0.17675   0.07443   0.09022   0.03091   0.00348   0.02005   0.06779   0.01935   0.02091   0.07932   0.11729   0.00584   0.07493   0.08502  
 44  0.0000  14593.494554  x:  0.01009   0.05214   0.02405   0.00365   0.01115   0.00330   0.00594   0.00264   0.00132   0.00263   0.00838   0.01632   0.02992   0.04874   0.13152   0.17675   0.07443   0.09022   0.03091   0.00348   0.02005   0.06779   0.01935   0.02091   0.07932   0.11729   0.00584   0.07493   0.08502  
 45  0.0000  14593.494554  x:  0.01009   0.05214   0.02405   0.00365   0.01115   0.00330   0.00594   0.00264   0.00132   0.00263   0.00838   0.01632   0.02992   0.04874   0.13152   0.17675   0.07443   0.09022   0.03091   0.00348   0.02005   0.06779   0.01935   0.02091   0.07932   0.11729   0.00584   0.07493   0.08502  
 46  0.0000  14593.494554  x:  0.01009   0.05214   0.02405   0.00365   0.01115   0.00330   0.00594   0.00264   0.00132   0.00263   0.00838   0.01632   0.02992   0.04874   0.13152   0.17675   0.07443   0.09022   0.03091   0.00348   0.02005   0.06779   0.01935   0.02091   0.07932   0.11729   0.00584   0.07493   0.08502  
 47  0.0000  14593.494554  x:  0.01009   0.05214   0.02405   0.00365   0.01115   0.00330   0.00594   0.00264   0.00132   0.00263   0.00838   0.01632   0.02992   0.04874   0.13152   0.17675   0.07443   0.09022   0.03091   0.00348   0.02005   0.06779   0.01935   0.02091   0.07932   0.11729   0.00584   0.07493   0.08502  
 48  0.0000  14593.494554  x:  0.01009   0.05214   0.02405   0.00365   0.01115   0.00330   0.00594   0.00264   0.00132   0.00263   0.00838   0.01632   0.02992   0.04874   0.13152   0.17675   0.07443   0.09022   0.03091   0.00348   0.02005   0.06779   0.01935   0.02091   0.07932   0.11729   0.00584   0.07493   0.08502  
 49  0.0000  14593.494554  x:  0.01009   0.05214   0.02405   0.00365   0.01115   0.00330   0.00594   0.00264   0.00132   0.00263   0.00838   0.01632   0.02992   0.04874   0.13152   0.17675   0.07443   0.09022   0.03091   0.00348   0.02005   0.06779   0.01935   0.02091   0.07932   0.11729   0.00584   0.07493   0.08502  
 50  0.0000  14593.494554  x:  0.01009   0.05214   0.02405   0.00365   0.01115   0.00330   0.00594   0.00264   0.00132   0.00263   0.00838   0.01632   0.02992   0.04874   0.13152   0.17675   0.07443   0.09022   0.03091   0.00348   0.02005   0.06779   0.01935   0.02091   0.07932   0.11729   0.00584   0.07493   0.08502  