

TREE # 1

  0  0.0000  10673.632392  x:  0.01341   0.04555   0.02242   0.01071   0.01437   0.00000   0.00684   0.00350   0.00714   0.00669   0.01082   0.01597   0.03474   0.04974   0.17702   0.50397   0.08968   0.10722   0.01763   0.01345   0.02091   0.07414   0.02421   0.03840   0.11487   0.07190   0.00049   0.10147   0.13403   2.00000   0.90000   0.29673   1.19979   2.14479  
  1 99.0000  10673.628472  x:  0.01341   0.04555   0.02242   0.01071   0.01437   0.00000   0.00684   0.00350   0.00714   0.00669   0.01082   0.01597   0.03474   0.04974   0.17702   0.50397   0.08968   0.10722   0.01763   0.01345   0.02091   0.07414   0.02421   0.03840   0.11487   0.07190   0.00049   0.10147   0.13403   2.00000   0.90000   0.29673   1.19979   2.14479  
  2 1971.4963  10670.948434  x:  0.01344   0.04587   0.02239   0.01084   0.01411   0.00000   0.00669   0.00321   0.00686   0.00672   0.01055   0.01607   0.03485   0.04993   0.17722   0.50411   0.08987   0.10738   0.01796   0.01331   0.02114   0.07436   0.02436   0.03857   0.11507   0.07248   0.00000   0.10164   0.13419   2.00008   0.90127   0.29621   1.19987   2.14476  
  3 4302.3475  10631.106982  x:  0.00911   0.05211   0.02068   0.00194   0.00978   0.00000   0.00901   0.01317   0.00892   0.00377   0.00795   0.01569   0.03610   0.05369   0.18333   0.50852   0.09510   0.11177   0.01819   0.00772   0.02349   0.08031   0.02525   0.04124   0.12067   0.08717   0.00123   0.10701   0.13950   2.00250   0.94229   0.27740   1.20171   2.14401  
  4 3247.9042  10610.658005  x:  0.00474   0.05566   0.01941   0.00754   0.00794   0.00000   0.01177   0.02413   0.01235   0.00278   0.00768   0.01468   0.03653   0.05591   0.18790   0.51194   0.09877   0.11485   0.01619   0.00334   0.02399   0.08436   0.02482   0.04246   0.12463   0.09723   0.00160   0.11080   0.14343   2.00433   0.97390   0.26200   1.20294   2.14359  
  5 9968.0993  10608.477501  x:  0.00494   0.05563   0.01911   0.00736   0.00887   0.00000   0.01128   0.02581   0.01217   0.00720   0.00828   0.01451   0.03609   0.05569   0.18862   0.51260   0.09904   0.11506   0.01641   0.00383   0.02357   0.08464   0.02411   0.04201   0.12501   0.09823   0.00155   0.11115   0.14395   2.00476   0.97809   0.25828   1.20309   2.14366  
  6 1431.7642  10603.488503  x:  0.00824   0.05358   0.01818   0.00727   0.01324   0.00000   0.00536   0.02854   0.00814   0.00557   0.01041   0.01432   0.03334   0.05312   0.19047   0.51478   0.09851   0.11450   0.01899   0.00788   0.02092   0.08410   0.02059   0.03879   0.12512   0.09879   0.00146   0.11113   0.14491   2.00645   0.98359   0.24378   1.20330   2.14433  
  7 755.8484  10597.799058  x:  0.00672   0.05028   0.01764   0.00710   0.01077   0.00000   0.00559   0.02851   0.00231   0.00575   0.00734   0.01399   0.03074   0.04961   0.19291   0.51831   0.09716   0.11304   0.01769   0.00627   0.01782   0.08297   0.01990   0.03562   0.12486   0.09917   0.00158   0.11070   0.14588   2.00953   0.98277   0.21976   1.20338   2.14558  
  8 711.3300  10592.394987  x:  0.00661   0.04686   0.01740   0.00696   0.00778   0.00000   0.00484   0.02482   0.00672   0.00591   0.00435   0.01439   0.02843   0.04551   0.19616   0.52331   0.09516   0.11087   0.01861   0.00543   0.01611   0.08153   0.02023   0.03255   0.12443   0.09992   0.00158   0.10994   0.14699   2.01408   0.98037   0.18597   1.20343   2.14736  
  9 2183.1847  10590.015676  x:  0.00589   0.04633   0.01778   0.00674   0.00848   0.00000   0.00705   0.02172   0.00678   0.00559   0.00921   0.01440   0.02917   0.04487   0.19757   0.52609   0.09408   0.10968   0.01837   0.00499   0.01795   0.08096   0.02143   0.03307   0.12410   0.10043   0.00157   0.10939   0.14726   2.01679   0.97873   0.16858   1.20310   2.14837  
 10 1314.7514  10589.310709  x:  0.00542   0.04751   0.01800   0.00670   0.01065   0.00000   0.00609   0.02173   0.00662   0.00559   0.00772   0.01325   0.03109   0.04663   0.19750   0.52754   0.09349   0.10903   0.01668   0.00531   0.01982   0.08062   0.02082   0.03522   0.12350   0.10001   0.00168   0.10871   0.14673   2.01843   0.97789   0.16343   1.20199   2.14897  
 11 294.0881  10589.004609  x:  0.00716   0.04922   0.01768   0.00679   0.00993   0.00000   0.00652   0.02288   0.00639   0.00564   0.00756   0.01393   0.03180   0.04856   0.19691   0.52919   0.09295   0.10842   0.01713   0.00488   0.01964   0.08016   0.01993   0.03656   0.12255   0.09921   0.00179   0.10782   0.14575   2.02046   0.97757   0.16125   1.20002   2.14969  
 12 155.9569  10588.742526  x:  0.00630   0.05056   0.01723   0.00678   0.00864   0.00000   0.00519   0.02317   0.00635   0.00574   0.00822   0.01405   0.03121   0.04992   0.19589   0.53184   0.09252   0.10778   0.01691   0.00533   0.01933   0.07994   0.02068   0.03676   0.12139   0.09872   0.00189   0.10676   0.14436   2.02387   0.97782   0.16016   1.19658   2.15083  
 13 139.5351  10588.134519  x:  0.00463   0.05281   0.01667   0.00674   0.00973   0.00000   0.00675   0.02216   0.00634   0.00552   0.00737   0.01386   0.02924   0.05135   0.19304   0.53983   0.09172   0.10632   0.01806   0.00646   0.01877   0.07969   0.02185   0.03545   0.11854   0.09817   0.00206   0.10425   0.14071   2.03436   0.97935   0.15843   1.18600   2.15425  
 14 305.4453  10587.162991  x:  0.00431   0.05308   0.01738   0.00649   0.01026   0.00000   0.00597   0.02013   0.00656   0.00552   0.00778   0.01307   0.03001   0.04996   0.18926   0.55260   0.09124   0.10492   0.01807   0.00305   0.01888   0.07986   0.02026   0.03362   0.11564   0.09864   0.00230   0.10191   0.13634   2.05194   0.98123   0.15690   1.16823   2.15989  
 15 466.2137  10585.944933  x:  0.00543   0.05097   0.01792   0.00645   0.00813   0.00000   0.00669   0.01916   0.00637   0.00545   0.00757   0.01367   0.03219   0.04643   0.18505   0.57027   0.09126   0.10387   0.01641   0.00522   0.02111   0.08060   0.01867   0.03342   0.11351   0.10037   0.00260   0.10040   0.13225   2.07739   0.98287   0.15502   1.14237   2.16804  
 16 954.7854  10584.118340  x:  0.00855   0.04704   0.01669   0.00665   0.00987   0.00000   0.00599   0.02008   0.00615   0.00554   0.00705   0.01514   0.03211   0.04373   0.18150   0.59692   0.09280   0.10409   0.01547   0.00452   0.01985   0.08201   0.02343   0.03786   0.11422   0.10444   0.00296   0.10190   0.13076   2.11872   0.98179   0.15213   1.10030   2.18119  
 17 944.9326  10581.567794  x:  0.00911   0.04563   0.01848   0.00699   0.00925   0.00000   0.00622   0.02019   0.00626   0.00578   0.00777   0.01068   0.02933   0.04691   0.18109   0.63018   0.09594   0.10599   0.01723   0.00559   0.01860   0.08350   0.02116   0.03948   0.11937   0.10947   0.00309   0.10714   0.13471   2.17504   0.97730   0.14842   1.04292   2.19912  
 18 1260.7681  10579.723531  x:  0.00703   0.04617   0.01936   0.00711   0.01055   0.00000   0.00577   0.01983   0.00645   0.00595   0.00796   0.01541   0.02854   0.04997   0.18261   0.65508   0.09821   0.10765   0.01713   0.00598   0.01826   0.08409   0.01817   0.03793   0.12415   0.11157   0.00319   0.11147   0.13964   2.22004   0.97388   0.14554   0.99688   2.21359  
 19 2554.5410  10577.583207  x:  0.00767   0.05024   0.01684   0.00725   0.01077   0.00000   0.00558   0.02020   0.00623   0.00607   0.00775   0.01477   0.03385   0.04989   0.18906   0.67807   0.09895   0.10915   0.01764   0.00636   0.01904   0.08284   0.02131   0.03142   0.12916   0.10655   0.00328   0.11462   0.14804   2.27067   0.97245   0.14251   0.94420   2.23052  
 20 1105.9912  10575.484590  x:  0.00753   0.05268   0.02067   0.00698   0.01027   0.00000   0.00577   0.01677   0.00621   0.00595   0.00753   0.01482   0.03105   0.04589   0.20066   0.69332   0.09714   0.10990   0.01687   0.00598   0.01951   0.08048   0.02156   0.03557   0.13131   0.09524   0.00341   0.11384   0.15708   2.32209   0.97591   0.13987   0.88957   2.24873  
 21 761.5174  10574.469272  x:  0.00661   0.04982   0.01557   0.00686   0.01004   0.00000   0.00622   0.01384   0.00649   0.00584   0.00775   0.01434   0.03099   0.04704   0.20716   0.69423   0.09551   0.11025   0.01682   0.00576   0.01888   0.08098   0.01961   0.03745   0.13013   0.09381   0.00355   0.11188   0.15925   2.34667   0.97747   0.13834   0.86259   2.25817  
 22 489.4510  10572.116644  x:  0.00685   0.04209   0.01942   0.00672   0.00978   0.00000   0.00616   0.01240   0.00628   0.00581   0.00741   0.01477   0.03309   0.05326   0.22200   0.68587   0.09092   0.11132   0.01789   0.00580   0.01806   0.08435   0.02158   0.03572   0.12461   0.09771   0.00429   0.10598   0.16003   2.40887   0.97973   0.13267   0.79247   2.28345  
 23 732.6528  10568.461856  x:  0.00728   0.04870   0.01820   0.00718   0.00999   0.00000   0.00528   0.01361   0.00581   0.00611   0.00702   0.01484   0.02832   0.04776   0.23717   0.66224   0.08743   0.11491   0.01851   0.00424   0.02311   0.08872   0.02112   0.03465   0.11926   0.11057   0.00544   0.10300   0.15578   2.50646   0.97830   0.12133   0.68071   2.32462  
 24 1032.9655  10565.999998  x:  0.00471   0.05270   0.01934   0.00699   0.01005   0.00000   0.00558   0.01002   0.00600   0.00597   0.00722   0.01450   0.03236   0.04437   0.23814   0.64259   0.08864   0.11762   0.01894   0.00634   0.01541   0.08736   0.02013   0.03672   0.12006   0.11479   0.00587   0.10650   0.15104   2.56955   0.98031   0.11233   0.60799   2.35229  
 25 1138.3115  10562.223793  x:  0.00481   0.04829   0.01831   0.00665   0.00894   0.00000   0.00545   0.00536   0.00554   0.00578   0.00634   0.01443   0.02992   0.04721   0.22668   0.60747   0.09366   0.12026   0.01976   0.00465   0.01886   0.08163   0.02094   0.03577   0.12807   0.11066   0.00649   0.11673   0.14361   2.66751   0.98734   0.09647   0.49432   2.39705  
 26 1203.6376  10561.493801  x:  0.00370   0.04831   0.01820   0.00662   0.00872   0.00000   0.00531   0.00531   0.00539   0.00578   0.00616   0.01447   0.03034   0.04635   0.21708   0.59894   0.09415   0.11522   0.02148   0.00430   0.01870   0.08800   0.02070   0.03641   0.13007   0.11033   0.00650   0.11256   0.15204   2.68822   0.98835   0.09313   0.47272   2.40787  
 27 180.8226  10561.421653  x:  0.00469   0.04864   0.01817   0.00659   0.00876   0.00000   0.00543   0.00456   0.00546   0.00575   0.00621   0.01436   0.02988   0.04667   0.21603   0.59806   0.09458   0.11446   0.02002   0.00437   0.01832   0.08769   0.02076   0.03603   0.12986   0.11097   0.00647   0.11196   0.15352   2.69058   0.98866   0.09297   0.47115   2.40939  
 28 78.2629  10561.345942  x:  0.00441   0.04844   0.01815   0.00659   0.00872   0.00000   0.00541   0.00484   0.00544   0.00575   0.00618   0.01437   0.03001   0.04654   0.21515   0.59714   0.09614   0.11309   0.02044   0.00428   0.01868   0.08470   0.02079   0.03622   0.12840   0.11224   0.00642   0.11128   0.15560   2.69418   0.98879   0.09316   0.47122   2.41244  
 29 37.3901  10561.035664  x:  0.00483   0.04868   0.01817   0.00658   0.00873   0.00000   0.00547   0.00551   0.00548   0.00573   0.00622   0.01437   0.02996   0.04682   0.21608   0.59360   0.10452   0.10768   0.01991   0.00432   0.01872   0.08736   0.02081   0.03611   0.12399   0.11060   0.00597   0.11433   0.15541   2.71720   0.98857   0.09499   0.48475   2.43608  
 30 27.1104  10560.314394  x:  0.00526   0.04921   0.01817   0.00653   0.00871   0.00000   0.00569   0.00744   0.00559   0.00565   0.00632   0.01430   0.02994   0.04724   0.21677   0.58599   0.10571   0.10017   0.01897   0.00431   0.01841   0.08633   0.02089   0.03623   0.13275   0.11170   0.00550   0.11087   0.15115   2.77345   0.98883   0.10096   0.52142   2.49691  
 31 131.8800  10559.501324  x:  0.00538   0.04974   0.01808   0.00643   0.00862   0.00000   0.00592   0.00933   0.00569   0.00555   0.00638   0.01424   0.02992   0.04785   0.20996   0.57812   0.09890   0.11496   0.01837   0.00420   0.01854   0.08676   0.02098   0.03627   0.13026   0.11086   0.00453   0.11011   0.15367   2.83557   0.98903   0.10642   0.56379   2.56965  
 32 190.8563  10559.429166  x:  0.00530   0.04982   0.01808   0.00641   0.00858   0.00000   0.00596   0.00939   0.00570   0.00553   0.00638   0.01423   0.02993   0.04789   0.20947   0.57784   0.09556   0.11385   0.01837   0.00415   0.01861   0.08669   0.02101   0.03635   0.12923   0.11129   0.00432   0.11288   0.15429   2.83903   0.98937   0.10708   0.56646   2.57723  
 33 45.1509  10556.356525  x:  0.00275   0.05343   0.01852   0.00597   0.00770   0.00000   0.00646   0.00517   0.00564   0.00528   0.00605   0.01470   0.03190   0.04944   0.22037   0.60630   0.10349   0.11822   0.02100   0.00291   0.02030   0.09162   0.02196   0.03892   0.13342   0.12073   0.00446   0.11554   0.15722   2.78614   0.99324   0.11673   0.57651   3.01590  
 34 20.0656  10550.886881  x:  0.00180   0.05372   0.01865   0.00597   0.00777   0.00000   0.00645   0.00061   0.00563   0.00529   0.00620   0.01486   0.03299   0.04946   0.21727   0.60300   0.10333   0.11679   0.02253   0.00291   0.02135   0.09078   0.02210   0.03958   0.13148   0.11878   0.00377   0.11473   0.15503   2.81959   0.99127   0.12137   0.60313   3.08100  
 35  1.1387  10540.822308  x:  0.00309   0.06002   0.01933   0.00738   0.00756   0.00000   0.00557   0.00378   0.00400   0.00599   0.00597   0.01634   0.03806   0.05479   0.20260   0.61117   0.10015   0.11664   0.02806   0.00283   0.02725   0.09049   0.02513   0.04313   0.12864   0.12042   0.00000   0.11495   0.15292   3.03760   0.97777   0.14865   0.76024   3.39614  
 36  0.8353  10540.822308  x:  0.00309   0.06002   0.01933   0.00738   0.00756   0.00000   0.00557   0.00378   0.00400   0.00599   0.00597   0.01634   0.03806   0.05479   0.20260   0.61117   0.10015   0.11664   0.02806   0.00283   0.02725   0.09049   0.02513   0.04313   0.12864   0.12042   0.00000   0.11495   0.15292   3.03760   0.97777   0.14865   0.76024   3.39614  
 37  0.1446  10537.736177  x:  0.00393   0.06024   0.01940   0.01055   0.00785   0.00000   0.00471   0.00076   0.00334   0.00663   0.00593   0.01659   0.03799   0.05493   0.20269   0.61117   0.10020   0.11666   0.02875   0.00332   0.02748   0.09050   0.02528   0.04316   0.12872   0.12060   0.00027   0.11502   0.15297   3.03761   0.97852   0.14836   0.76033   3.39612  
 38 991.1077  10537.152461  x:  0.00478   0.06050   0.01941   0.01270   0.00805   0.00000   0.00407   0.00186   0.00321   0.00707   0.00589   0.01684   0.03786   0.05508   0.20281   0.61116   0.10026   0.11668   0.02949   0.00372   0.02770   0.09051   0.02544   0.04317   0.12882   0.12081   0.00069   0.11508   0.15302   3.03763   0.97930   0.14801   0.76043   3.39611  
 39 617.2379  10537.005890  x:  0.00551   0.06084   0.01928   0.01269   0.00799   0.00000   0.00444   0.00178   0.00408   0.00701   0.00585   0.01704   0.03756   0.05525   0.20297   0.61113   0.10033   0.11669   0.03030   0.00380   0.02793   0.09048   0.02564   0.04318   0.12897   0.12111   0.00106   0.11515   0.15306   3.03767   0.97992   0.14757   0.76059   3.39610  
 40 191.3575  10536.886913  x:  0.00627   0.06133   0.01905   0.01215   0.00788   0.00000   0.00454   0.00174   0.00345   0.00677   0.00584   0.01726   0.03705   0.05552   0.20324   0.61108   0.10045   0.11667   0.03140   0.00369   0.02823   0.09041   0.02592   0.04317   0.12922   0.12164   0.00129   0.11522   0.15309   3.03773   0.98050   0.14690   0.76085   3.39607  
 41 181.6313  10536.836818  x:  0.00619   0.06171   0.01885   0.01199   0.00790   0.00000   0.00400   0.00172   0.00360   0.00690   0.00588   0.01724   0.03661   0.05576   0.20354   0.61099   0.10056   0.11661   0.03205   0.00332   0.02843   0.09029   0.02607   0.04312   0.12948   0.12222   0.00090   0.11524   0.15309   3.03780   0.98029   0.14630   0.76115   3.39604  
 42 89.0579  10536.787032  x:  0.00568   0.06219   0.01868   0.01219   0.00795   0.00000   0.00443   0.00176   0.00355   0.00714   0.00589   0.01715   0.03611   0.05609   0.20398   0.61084   0.10072   0.11651   0.03274   0.00298   0.02870   0.09010   0.02618   0.04302   0.12986   0.12312   0.00053   0.11526   0.15308   3.03793   0.97978   0.14546   0.76161   3.39599  
 43 129.2114  10536.749003  x:  0.00493   0.06256   0.01868   0.01233   0.00794   0.00000   0.00439   0.00176   0.00358   0.00673   0.00583   0.01707   0.03593   0.05633   0.20447   0.61068   0.10091   0.11640   0.03314   0.00315   0.02895   0.08993   0.02617   0.04295   0.13025   0.12408   0.00091   0.11534   0.15313   3.03807   0.97930   0.14473   0.76213   3.39592  
 44 98.6564  10536.735100  x:  0.00470   0.06268   0.01883   0.01219   0.00794   0.00000   0.00434   0.00174   0.00356   0.00706   0.00591   0.01714   0.03618   0.05638   0.20482   0.61057   0.10105   0.11635   0.03319   0.00332   0.02896   0.08987   0.02610   0.04297   0.13047   0.12468   0.00109   0.11539   0.15318   3.03819   0.97928   0.14446   0.76251   3.39587  
 45 49.3305  10536.715115  x:  0.00475   0.06278   0.01911   0.01220   0.00792   0.00000   0.00437   0.00175   0.00357   0.00691   0.00581   0.01729   0.03692   0.05634   0.20561   0.61036   0.10135   0.11628   0.03310   0.00326   0.02875   0.08980   0.02595   0.04307   0.13091   0.12583   0.00081   0.11547   0.15330   3.03847   0.97931   0.14429   0.76336   3.39574  
 46 48.3822  10536.703252  x:  0.00508   0.06272   0.01897   0.01223   0.00796   0.00000   0.00438   0.00175   0.00357   0.00688   0.00607   0.01715   0.03707   0.05621   0.20625   0.61017   0.10159   0.11621   0.03293   0.00311   0.02858   0.08982   0.02597   0.04315   0.13118   0.12659   0.00095   0.11557   0.15342   3.03874   0.97902   0.14454   0.76414   3.39562  
 47 38.8341  10536.693384  x:  0.00532   0.06262   0.01883   0.01223   0.00793   0.00000   0.00437   0.00175   0.00357   0.00697   0.00581   0.01707   0.03700   0.05610   0.20682   0.61000   0.10181   0.11616   0.03276   0.00315   0.02853   0.08988   0.02605   0.04322   0.13140   0.12718   0.00103   0.11565   0.15353   3.03902   0.97879   0.14490   0.76490   3.39549  
 48 70.9634  10536.681427  x:  0.00538   0.06246   0.01884   0.01221   0.00802   0.00000   0.00438   0.00176   0.00358   0.00693   0.00590   0.01723   0.03662   0.05608   0.20758   0.60978   0.10213   0.11612   0.03248   0.00343   0.02870   0.09007   0.02619   0.04327   0.13165   0.12778   0.00084   0.11578   0.15372   3.03947   0.97879   0.14552   0.76616   3.39528  
 49 49.9040  10536.671651  x:  0.00524   0.06237   0.01905   0.01226   0.00784   0.00000   0.00438   0.00176   0.00358   0.00694   0.00591   0.01732   0.03637   0.05619   0.20817   0.60960   0.10241   0.11612   0.03237   0.00312   0.02882   0.09026   0.02621   0.04326   0.13178   0.12798   0.00094   0.11592   0.15390   3.03994   0.97896   0.14609   0.76749   3.39505  
 50 44.0001  10536.655124  x:  0.00512   0.06242   0.01923   0.01221   0.00830   0.00000   0.00438   0.00175   0.00358   0.00694   0.00581   0.01713   0.03648   0.05648   0.20900   0.60930   0.10282   0.11610   0.03271   0.00296   0.02904   0.09059   0.02601   0.04315   0.13182   0.12778   0.00099   0.11615   0.15421   3.04097   0.97892   0.14701   0.77042   3.39457  
 51 46.4449  10536.624344  x:  0.00498   0.06259   0.01920   0.01221   0.00791   0.00000   0.00439   0.00176   0.00359   0.00695   0.00593   0.01692   0.03694   0.05690   0.21032   0.60875   0.10345   0.11606   0.03347   0.00320   0.02933   0.09108   0.02579   0.04301   0.13178   0.12717   0.00081   0.11649   0.15474   3.04298   0.97855   0.14849   0.77617   3.39363  
 52 152.9038  10536.585703  x:  0.00465   0.06282   0.01868   0.01224   0.00797   0.00000   0.00440   0.00176   0.00359   0.00696   0.00591   0.01777   0.03735   0.05699   0.21147   0.60816   0.10399   0.11603   0.03382   0.00313   0.02902   0.09138   0.02624   0.04325   0.13166   0.12626   0.00090   0.11681   0.15528   3.04569   0.97813   0.14966   0.78404   3.39236  
 53 129.4687  10536.486087  x:  0.00452   0.06335   0.01901   0.01223   0.00802   0.00000   0.00439   0.00176   0.00359   0.00695   0.00589   0.01684   0.03703   0.05650   0.21304   0.60701   0.10465   0.11603   0.03331   0.00345   0.02790   0.09130   0.02719   0.04414   0.13146   0.12443   0.00075   0.11719   0.15621   3.05300   0.97816   0.15109   0.80538   3.38891  
 54 170.7123  10536.326393  x:  0.00562   0.06347   0.01959   0.01221   0.00795   0.00000   0.00438   0.00175   0.00357   0.00694   0.00588   0.01746   0.03600   0.05559   0.21372   0.60551   0.10461   0.11583   0.03206   0.00351   0.02789   0.09044   0.02526   0.04370   0.13127   0.12274   0.00082   0.11712   0.15673   3.06491   0.97715   0.15359   0.84008   3.38325  
 55 332.1914  10536.088334  x:  0.00560   0.06212   0.01781   0.01225   0.00793   0.00000   0.00434   0.00173   0.00355   0.00689   0.00582   0.01691   0.03678   0.05542   0.21200   0.60390   0.10330   0.11530   0.03068   0.00300   0.03005   0.08919   0.02542   0.04211   0.13122   0.12295   0.00083   0.11611   0.15585   3.08295   0.97784   0.15931   0.89234   3.37456  
 56 405.4002  10535.848241  x:  0.00592   0.06078   0.01943   0.01217   0.00793   0.00000   0.00435   0.00172   0.00353   0.00690   0.00582   0.01717   0.03701   0.05609   0.20857   0.60262   0.10134   0.11460   0.03162   0.00296   0.03012   0.08825   0.02693   0.04183   0.13081   0.12459   0.00110   0.11457   0.15386   3.10096   0.97659   0.16700   0.94423   3.36576  
 57 636.1676  10535.733246  x:  0.00515   0.06092   0.01872   0.01221   0.00791   0.00000   0.00434   0.00171   0.00353   0.00689   0.00580   0.01705   0.03646   0.05622   0.20625   0.60242   0.10067   0.11471   0.03259   0.00316   0.02854   0.08858   0.02563   0.04293   0.13052   0.12615   0.00108   0.11407   0.15260   3.10970   0.97706   0.17142   0.96928   3.36133  
 58 374.1449  10535.709584  x:  0.00517   0.06222   0.01883   0.01222   0.00792   0.00000   0.00434   0.00171   0.00353   0.00689   0.00581   0.01708   0.03656   0.05557   0.20522   0.60305   0.10108   0.11543   0.03237   0.00309   0.02881   0.08978   0.02575   0.04282   0.13042   0.12670   0.00106   0.11455   0.15225   3.11154   0.97679   0.17233   0.97449   3.36010  
 59 46.1193  10535.700799  x:  0.00536   0.06202   0.01879   0.01222   0.00793   0.00000   0.00435   0.00172   0.00353   0.00690   0.00581   0.01710   0.03660   0.05633   0.20478   0.60438   0.10157   0.11614   0.03213   0.00313   0.02871   0.09013   0.02577   0.04282   0.13051   0.12693   0.00102   0.11515   0.15250   3.11224   0.97652   0.17237   0.97641   3.35913  
 60 13.9833  10535.687306  x:  0.00523   0.06150   0.01890   0.01222   0.00794   0.00000   0.00436   0.00172   0.00354   0.00691   0.00582   0.01712   0.03668   0.05579   0.20470   0.60803   0.10190   0.11682   0.03259   0.00306   0.02899   0.08993   0.02577   0.04316   0.13093   0.12715   0.00098   0.11570   0.15336   3.11334   0.97620   0.17279   0.97920   3.35684  
 61 16.0514  10535.671116  x:  0.00519   0.06217   0.01889   0.01223   0.00795   0.00000   0.00436   0.00172   0.00354   0.00691   0.00583   0.01715   0.03667   0.05600   0.20537   0.61311   0.10154   0.11676   0.03250   0.00315   0.02866   0.08977   0.02589   0.04262   0.13131   0.12735   0.00098   0.11554   0.15406   3.11467   0.97600   0.17357   0.98243   3.35353  
 62 29.5236  10535.665300  x:  0.00527   0.06237   0.01889   0.01223   0.00795   0.00000   0.00437   0.00172   0.00355   0.00692   0.00583   0.01716   0.03675   0.05625   0.20578   0.61495   0.10133   0.11653   0.03233   0.00310   0.02896   0.08999   0.02584   0.04315   0.13129   0.12735   0.00102   0.11532   0.15391   3.11516   0.97583   0.17369   0.98356   3.35208  
 63 25.9520  10535.661822  x:  0.00525   0.06205   0.01890   0.01223   0.00795   0.00000   0.00437   0.00172   0.00355   0.00692   0.00583   0.01716   0.03673   0.05613   0.20619   0.61587   0.10146   0.11636   0.03242   0.00311   0.02886   0.09042   0.02584   0.04300   0.13105   0.12734   0.00104   0.11524   0.15326   3.11547   0.97581   0.17352   0.98415   3.35071  
 64  9.2877  10535.656188  x:  0.00526   0.06225   0.01889   0.01224   0.00795   0.00000   0.00437   0.00172   0.00354   0.00692   0.00583   0.01716   0.03673   0.05616   0.20633   0.61627   0.10219   0.11623   0.03235   0.00313   0.02892   0.08968   0.02586   0.04302   0.13077   0.12726   0.00107   0.11550   0.15242   3.11604   0.97581   0.17375   0.98468   3.34671  
 65  5.7205  10535.515108  x:  0.00557   0.06203   0.01888   0.01230   0.00795   0.00000   0.00435   0.00169   0.00353   0.00692   0.00582   0.01716   0.03668   0.05613   0.20333   0.61662   0.10704   0.10922   0.03208   0.00315   0.02873   0.09034   0.02580   0.04299   0.13270   0.12652   0.00104   0.11542   0.15295   3.13029   0.97506   0.17455   0.99573   3.23551  
 66 21.1589  10534.976953  x:  0.00573   0.06178   0.01884   0.01253   0.00793   0.00000   0.00430   0.00158   0.00347   0.00693   0.00580   0.01717   0.03653   0.05607   0.20296   0.61449   0.10696   0.11101   0.03193   0.00299   0.02920   0.09008   0.02574   0.04283   0.12590   0.12811   0.00106   0.11199   0.15553   3.18123   0.97213   0.17756   1.03522   2.83099  
 67 293.2556  10534.779823  x:  0.00572   0.06173   0.01888   0.01262   0.00794   0.00000   0.00429   0.00155   0.00346   0.00695   0.00580   0.01720   0.03656   0.05614   0.20375   0.61333   0.10288   0.11285   0.03194   0.00311   0.02894   0.09020   0.02573   0.04288   0.12974   0.12676   0.00102   0.11504   0.15293   3.20035   0.97093   0.17922   1.05053   2.67494  
 68 629.6197  10534.776557  x:  0.00572   0.06173   0.01888   0.01263   0.00794   0.00000   0.00429   0.00155   0.00346   0.00695   0.00580   0.01720   0.03656   0.05616   0.20376   0.61330   0.10316   0.11329   0.03194   0.00312   0.02892   0.09022   0.02573   0.04289   0.13028   0.12658   0.00108   0.11435   0.15276   3.20013   0.97089   0.17929   1.05096   2.67231  
 69 12.8838  10534.616987  x:  0.00584   0.06154   0.01885   0.01276   0.00794   0.00000   0.00426   0.00149   0.00344   0.00696   0.00579   0.01720   0.03652   0.05611   0.20284   0.61153   0.10347   0.11247   0.03186   0.00313   0.02894   0.09016   0.02570   0.04279   0.12951   0.12669   0.00107   0.11413   0.15267   3.10579   0.96990   0.18446   1.09926   2.54790  
 70  4.6595  10534.312193  x:  0.00580   0.06210   0.01875   0.01406   0.00798   0.00000   0.00407   0.00104   0.00333   0.00712   0.00583   0.01720   0.03631   0.05610   0.20597   0.60624   0.10060   0.11566   0.03254   0.00334   0.02876   0.08987   0.02591   0.04291   0.13043   0.12561   0.00094   0.11508   0.15258   3.07943   0.96901   0.18800   1.14782   2.63492  
 71  0.1054  10534.220509  x:  0.00562   0.06239   0.01870   0.01429   0.00794   0.00000   0.00419   0.00106   0.00337   0.00708   0.00585   0.01715   0.03624   0.05599   0.20637   0.60595   0.10121   0.11529   0.03238   0.00329   0.02868   0.08955   0.02586   0.04294   0.12953   0.12555   0.00081   0.11465   0.15332   3.11252   0.96576   0.19464   1.23394   2.49282  
 72  0.1016  10534.197039  x:  0.00564   0.06227   0.01873   0.01403   0.00795   0.00000   0.00420   0.00115   0.00337   0.00706   0.00584   0.01717   0.03630   0.05597   0.20580   0.60647   0.10124   0.11499   0.03227   0.00328   0.02869   0.08958   0.02584   0.04289   0.13005   0.12545   0.00089   0.11472   0.15282   3.09649   0.96500   0.19734   1.26915   2.49691  
 73  0.0329  10534.194271  x:  0.00570   0.06224   0.01872   0.01394   0.00795   0.00000   0.00415   0.00110   0.00336   0.00708   0.00583   0.01718   0.03629   0.05598   0.20576   0.60628   0.10113   0.11501   0.03231   0.00329   0.02871   0.08958   0.02585   0.04288   0.13002   0.12544   0.00094   0.11469   0.15274   3.09479   0.96471   0.19843   1.28328   2.47777  
 74  0.0225  10534.194024  x:  0.00569   0.06226   0.01872   0.01393   0.00795   0.00000   0.00416   0.00111   0.00337   0.00708   0.00584   0.01717   0.03628   0.05598   0.20583   0.60617   0.10110   0.11506   0.03231   0.00329   0.02870   0.08957   0.02585   0.04289   0.12997   0.12543   0.00092   0.11468   0.15279   3.09626   0.96473   0.19864   1.28618   2.47741  
 75  0.0023  10534.193998  x:  0.00569   0.06225   0.01872   0.01394   0.00795   0.00000   0.00416   0.00111   0.00337   0.00708   0.00583   0.01717   0.03628   0.05597   0.20580   0.60618   0.10111   0.11503   0.03231   0.00329   0.02870   0.08956   0.02585   0.04288   0.12997   0.12542   0.00092   0.11467   0.15277   3.09597   0.96478   0.19867   1.28629   2.47847  
 76  0.0008  10534.193998  x:  0.00569   0.06225   0.01872   0.01394   0.00795   0.00000   0.00416   0.00111   0.00337   0.00708   0.00583   0.01717   0.03628   0.05597   0.20580   0.60618   0.10111   0.11503   0.03231   0.00329   0.02870   0.08956   0.02585   0.04288   0.12997   0.12542   0.00092   0.11467   0.15277   3.09596   0.96478   0.19866   1.28624   2.47843  
 77  0.0001  10534.193998  x:  0.00569   0.06225   0.01872   0.01394   0.00795   0.00000   0.00416   0.00111   0.00337   0.00708   0.00583   0.01717   0.03628   0.05597   0.20580   0.60618   0.10111   0.11503   0.03231   0.00329   0.02870   0.08956   0.02585   0.04288   0.12997   0.12542   0.00092   0.11467   0.15277   3.09596   0.96478   0.19866   1.28622   2.47843  