     1    318     77


 1

     1      1    -2.6786579214   0.068655233071      21.8324  -----------SSSSS
     2      1    -2.8462972665   0.058058900000      18.4627  ---------E------
     3      1    -2.9445850645   0.052623890809      16.7344  ----DDDDDD-DDDDD
     4      1    -8.6090469463   0.000182447710       0.0580  ----EEAEEE-EEEEE
     5      3    -2.9471337578   0.052489939424      16.6918  ----EEEEEE-EEEEE
     6      1    -3.3170848572   0.036258376185      11.5302  ----FFFFFF-FFFFF
     7      2    -2.5264888605   0.079939205815      25.4207  ----GGGGGG-GGGGG
     8      1    -3.7928730797   0.022530776056       7.1648  ----HHHHHH-HHHHH
     9      1    -3.1273995873   0.043831629508      13.9385  ----IIIIII-IIIII
    10      1    -9.2938936689   0.000091984206       0.0293  ----IIMIII-IIIII
    11      1    -2.8718624523   0.056593425807      17.9967  ----KKKKKK-KKKKK
    12      1   -11.1231994375   0.000014765762       0.0047  ----PPPPPL-LLLLL
    13      1    -3.1337032877   0.043556197081      13.8509  ----PPPPPP-PPPPP
    14      1    -9.1987005640   0.000101170781       0.0322  ----QQQQQK-QQQQQ
    15      1    -3.4167713558   0.032818222436      10.4362  ----QQQQQQ-QQQQQ
    16      1   -10.3131665063   0.000033193167       0.0106  ----RRHHHH-HHHHH
    17      2    -3.2036797898   0.040612483277      12.9148  ----RRRRRR-RRRRR
    18      1   -10.0537871593   0.000043022507       0.0137  ----SSCSSS-SSSSS
    19      1   -12.1483098781   0.000005297318       0.0017  ----SSSSSS-CSSSS
    20      3    -2.7796909387   0.062057684040      19.7343  ----SSSSSS-SSSSS
    21      1    -4.2796043783   0.013848139628       4.4037  ----WWWWWW-WWWWW
    22     13    -2.6892064513   0.067934827583      21.6033  AAAAAAAAAAAAAAAA
    23      1    -9.0957752019   0.000112138572       0.0357  AAAAAAAAATAAAAAA
    24      1   -14.3625255030   0.000000578675       0.0002  AATTTTTTTAAAAAAA
    25      1   -19.1096497921   0.000000005021       0.0000  ARQEQQQQQQQQQQQQ
    26      1    -7.3206906615   0.000661705039       0.2104  ATTTTTTTTTTTTTTT
    27      7    -4.0535503866   0.017360628150       5.5207  CCCCCCCCCCCCCCCC
    28      1   -10.4901033273   0.000027810322       0.0088  CRRRRRRRRRRRRRRR
    29     12    -3.0790284701   0.046003929137      14.6292  DDDDDDDDDDDDDDDD
    30      2    -6.7537649157   0.001166479646       0.3709  DEEEEEEEEEEEEEEE
    31      1    -6.7172436410   0.001209868454       0.3847  EDDDDDDDDDDDDDDD
    32     24    -3.1152211314   0.044368694752      14.1092  EEEEEEEEEEEEEEEE
    33      1   -11.7353417839   0.000008005820       0.0025  EEEEEEEEEHEEEEEE
    34      1   -10.0230497976   0.000044365439       0.0141  EEGEEEEEEEEEEEEE
    35      7    -3.4142687525   0.032900456282      10.4623  FFFFFFFFFFFFFFFF
    36     11    -2.5943090513   0.074697470368      23.7538  GGGGGGGGGGGGGGGG
    37     14    -3.9281839555   0.019679378748       6.2580  HHHHHHHHHHHHHHHH
    38      1   -14.5546257947   0.000000477536       0.0002  HHYYYYYYYYYYYYYY
    39     13    -3.2948403916   0.037073961892      11.7895  IIIIIIIIIIIIIIII
    40      1    -7.5658836364   0.000517819601       0.1647  IIIIIIVIIIIIIIII
    41      1    -8.4539018856   0.000213067427       0.0678  IVVIVVVVVVVVVVVV
    42     13    -3.0248102140   0.048567037737      15.4443  KKKKKKKKKKKKKKKK
    43     26    -2.6088918453   0.073616076577      23.4099  LLLLLLLLLLLLLLLL
    44      1    -8.8223189733   0.000147406133       0.0469  LLLLVVLLLLLLLLLL
    45      1   -21.1782855319   0.000000000634       0.0000  MIMMLLMMMMMMLMMM
    46      7    -4.2253755868   0.014619842659       4.6491  MMMMMMMMMMMMMMMM
    47      6    -3.5581276257   0.028492122721       9.0605  NNNNNNNNNNNNNNNN
    48      1   -21.2222137682   0.000000000607       0.0000  PATQAAAAAAAAAAAA
    49      8    -3.2163073407   0.040102871422      12.7527  PPPPPPPPPPPPPPPP
    50      1    -9.3044605570   0.000091017337       0.0289  PQQQQQQQQQQQQQQQ
    51      1    -8.6251057024   0.000179541226       0.0571  QQEQQQQQQQQQQQQQ
    52      1    -9.7298771451   0.000059479601       0.0189  QQHQQQQQQQQQQQQQ
    53     15    -3.6046730124   0.027196336224       8.6484  QQQQQQQQQQQQQQQQ
    54      1    -8.1619236192   0.000285313033       0.0907  RKRRRRRRRRRRRRRR
    55      1    -8.1880604695   0.000277952459       0.0884  RQQQQQQQQQQQQQQQ
    56      1   -14.5617564088   0.000000474143       0.0002  RQQQQQQQQRQQQQQQ
    57     14    -3.3363451142   0.035566712730      11.3102  RRRRRRRRRRRRRRRR
    58      1    -8.4511665781   0.000213651029       0.0679  RSSSSSSSSSSSSSSS
    59      1   -12.2499415928   0.000004785397       0.0015  SATTTTTTTTTTTTTT
    60      1   -18.6406174844   0.000000008026       0.0000  SFSSPPPSSSSSSSSS
    61      1    -8.9867141810   0.000125060345       0.0398  SSSSNNSSSSSSSSSS
    62     21    -2.9689898923   0.051355158383      16.3309  SSSSSSSSSSSSSSSS
    63      1   -19.2529242886   0.000000004351       0.0000  STTTTTATTAAAAAAA
    64      1   -13.4833464689   0.000001393982       0.0004  TTSTTTATTTTTTTTT
    65     12    -3.0480809454   0.047449896016      15.0891  TTTTTTTTTTTTTTTT
    66      3    -6.4828779221   0.001529402837       0.4864  VIIIIIIIIIIIIIII
    67      1   -10.7539211669   0.000021361482       0.0068  VIIIIIVIIIIIIIII
    68      1   -12.9776678796   0.000002311375       0.0007  VIVIVVVVVVVVVVVV
    69      1   -15.3406580633   0.000000217589       0.0001  VMMMMMMIMMMMMMMM
    70      1   -36.5831538670   0.000000000000       0.0000  VTTILLPTTTPTTTTT
    71      1   -19.1806054517   0.000000004677       0.0000  VVMVVVVGVVVVVVVV
    72      1   -10.5475959531   0.000026256527       0.0083  VVVMVVVVVVVVVVVV
    73      1    -9.6155277509   0.000066685185       0.0212  VVVVVVVVIVVVVVVV
    74      1    -9.6198205225   0.000066399534       0.0211  VVVVVVVVVVVVVIIV
    75     21    -2.8822969968   0.056005969437      17.8099  VVVVVVVVVVVVVVVV
    76      3    -4.3433050490   0.012993512962       4.1319  WWWWWWWWWWWWWWWW
    77      5    -3.5027572348   0.030114236827       9.5763  YYYYYYYYYYYYYYYY