

TREE # 1

  0  0.0000   1668.916800  x:  0.00000   0.02203   0.04410   0.03108   0.06334   0.06268   0.03188   0.03633   0.06196   0.01803   0.04752   0.02425   0.03945   0.02264   0.04019   0.07450   0.05681   0.04533   0.04547   0.03637   0.06628   0.03987   0.01173   0.01805   0.01602   0.06687   0.03217   0.04226   0.09627  
  1 99.0000   1668.910368  x:  0.00000   0.02202   0.04410   0.03108   0.06334   0.06268   0.03188   0.03633   0.06196   0.01803   0.04752   0.02425   0.03945   0.02264   0.04019   0.07450   0.05681   0.04533   0.04546   0.03637   0.06628   0.03987   0.01173   0.01805   0.01602   0.06687   0.03217   0.04226   0.09627  
  2 1533.5896   1599.214597  x:  0.00000   0.01604   0.03244   0.01937   0.05165   0.05097   0.02260   0.02460   0.05025   0.00629   0.03719   0.01628   0.03047   0.02311   0.03838   0.06619   0.05094   0.04444   0.03742   0.02467   0.05614   0.03531   0.00000   0.00633   0.00715   0.05697   0.02054   0.03217   0.08865  
  3 15131.1816   1567.462184  x:  0.00000   0.01555   0.02615   0.01307   0.04536   0.04466   0.01885   0.01831   0.04396   0.00000   0.03221   0.01399   0.02638   0.02699   0.03936   0.06220   0.04905   0.04126   0.03473   0.01838   0.05114   0.03502   0.00000   0.00000   0.00778   0.05219   0.01429   0.02745   0.08516  
  4 11577.1419   1521.187209  x:  0.00000   0.01958   0.01311   0.00000   0.03238   0.03156   0.01697   0.00537   0.03096   0.00000   0.02457   0.01667   0.02128   0.02844   0.04196   0.05615   0.04866   0.04590   0.03269   0.00536   0.04279   0.03747   0.00000   0.00000   0.00773   0.04450   0.00147   0.02103   0.08006  
  5 6687.2192   1516.957288  x:  0.00000   0.01975   0.01160   0.00000   0.03088   0.03005   0.01716   0.00388   0.02946   0.00000   0.02408   0.01689   0.02109   0.02804   0.04190   0.05565   0.04870   0.04561   0.03259   0.00386   0.04213   0.03749   0.00000   0.00000   0.00773   0.04389   0.00000   0.02077   0.07967  
  6 9323.1627   1507.870501  x:  0.00000   0.01969   0.00772   0.00000   0.02700   0.02617   0.01741   0.00002   0.02557   0.00000   0.02347   0.01684   0.02100   0.02810   0.04172   0.05473   0.04882   0.04565   0.03238   0.00000   0.04091   0.03727   0.00000   0.00000   0.00775   0.04279   0.00000   0.02071   0.07894  
  7 23298.1110   1507.870501  x:  0.00000   0.01969   0.00772   0.00000   0.02700   0.02617   0.01741   0.00002   0.02557   0.00000   0.02347   0.01684   0.02100   0.02810   0.04172   0.05473   0.04882   0.04565   0.03238   0.00000   0.04091   0.03727   0.00000   0.00000   0.00775   0.04279   0.00000   0.02071   0.07894  
  8 1890065.3413   1507.775809  x:  0.00000   0.01968   0.00770   0.00000   0.02699   0.02615   0.01739   0.00000   0.02555   0.00000   0.02345   0.01683   0.02098   0.02809   0.04171   0.05472   0.04881   0.04565   0.03237   0.00000   0.04090   0.03726   0.00000   0.00000   0.00778   0.04278   0.00000   0.02070   0.07893  
  9 1347.7895   1477.180657  x:  0.00000   0.01384   0.00000   0.00000   0.01926   0.01843   0.01119   0.00000   0.01781   0.00000   0.01683   0.01070   0.01515   0.02397   0.03869   0.04925   0.04419   0.04809   0.02597   0.00000   0.03440   0.03287   0.00000   0.00000   0.00711   0.03630   0.00000   0.01426   0.07378  
 10 5645.6458   1448.165976  x:  0.00000   0.01602   0.00000   0.00000   0.00145   0.00064   0.01505   0.00000   0.00000   0.00000   0.01117   0.01599   0.01223   0.02864   0.03940   0.03980   0.03821   0.04319   0.01888   0.00000   0.02361   0.03206   0.00000   0.00000   0.00724   0.02618   0.00000   0.01188   0.06500  
 11 1391.6008   1447.610621  x:  0.00000   0.01611   0.00000   0.00000   0.00081   0.00000   0.01506   0.00000   0.00000   0.00000   0.01127   0.01600   0.01230   0.02864   0.03943   0.03960   0.03816   0.04337   0.01881   0.00000   0.02343   0.03208   0.00000   0.00000   0.00724   0.02602   0.00000   0.01197   0.06480  
 12 1642.8795   1447.290682  x:  0.00000   0.01614   0.00000   0.00000   0.00000   0.00000   0.01503   0.00000   0.00000   0.00000   0.01130   0.01594   0.01234   0.02858   0.03944   0.03947   0.03817   0.04329   0.01883   0.00000   0.02341   0.03210   0.00000   0.00000   0.00724   0.02601   0.00000   0.01199   0.06465  
 13 1500.4585   1442.707757  x:  0.00000   0.01690   0.00000   0.00000   0.00000   0.00000   0.01769   0.00000   0.00000   0.00000   0.00234   0.01664   0.00835   0.03150   0.04068   0.01927   0.04688   0.04985   0.02431   0.00000   0.02950   0.03387   0.00000   0.00000   0.00718   0.03181   0.00000   0.00829   0.03683  
 14 168.2779   1441.541777  x:  0.00000   0.01464   0.00000   0.00000   0.00000   0.00000   0.01887   0.00000   0.00000   0.00000   0.00630   0.01804   0.00452   0.03404   0.04014   0.01337   0.04903   0.05116   0.02426   0.00000   0.03114   0.03296   0.00000   0.00000   0.00718   0.03318   0.00000   0.00480   0.02832  
 15 355.9015   1438.427181  x:  0.00000   0.00372   0.00000   0.00000   0.00000   0.00000   0.01898   0.00000   0.00000   0.00000   0.00695   0.02074   0.01031   0.03937   0.03602   0.00864   0.04989   0.05103   0.01688   0.00000   0.02972   0.02660   0.00000   0.00000   0.00730   0.03100   0.00000   0.00927   0.01990  
 16 110.9964   1430.767937  x:  0.00000   0.01260   0.00000   0.00000   0.00000   0.00000   0.01423   0.00000   0.00000   0.00000   0.00652   0.02068   0.01144   0.04420   0.02821   0.00658   0.04884   0.05212   0.00189   0.00000   0.02052   0.01541   0.00000   0.00000   0.00760   0.02074   0.00000   0.00976   0.01541  
 17 170.0859   1428.899284  x:  0.00261   0.01409   0.00000   0.00000   0.00000   0.00000   0.01308   0.00000   0.00000   0.00000   0.00638   0.02071   0.01155   0.04538   0.02650   0.00606   0.04811   0.05242   0.00000   0.00000   0.01755   0.01313   0.00000   0.00000   0.00768   0.01758   0.00000   0.00976   0.01467  
 18 1252.4482   1422.556258  x:  0.00206   0.01317   0.00000   0.00000   0.00000   0.00000   0.00992   0.00000   0.00000   0.00000   0.00565   0.02039   0.01039   0.04808   0.02447   0.00423   0.04112   0.05362   0.00000   0.00000   0.00380   0.01510   0.00000   0.00000   0.00791   0.00431   0.00000   0.00861   0.01533  
 19 549.0089   1420.957112  x:  0.00317   0.01268   0.00000   0.00000   0.00000   0.00000   0.00999   0.00000   0.00000   0.00000   0.00543   0.01984   0.00975   0.04701   0.02753   0.00402   0.03209   0.05418   0.00000   0.00000   0.00122   0.01903   0.00000   0.00000   0.00792   0.00683   0.00000   0.00862   0.01494  
 20 236.2810   1418.841439  x:  0.00507   0.01206   0.00000   0.00000   0.00000   0.00000   0.01030   0.00000   0.00000   0.00000   0.00512   0.01902   0.00879   0.04494   0.03285   0.00331   0.01602   0.05518   0.00000   0.00000   0.00341   0.02573   0.00000   0.00000   0.00786   0.00608   0.00000   0.00878   0.01439  
 21 1217.6154   1418.607146  x:  0.00522   0.01199   0.00000   0.00000   0.00000   0.00000   0.01093   0.00000   0.00000   0.00000   0.00506   0.01889   0.00864   0.04409   0.03400   0.00546   0.01396   0.05527   0.00000   0.00000   0.00335   0.02587   0.00000   0.00000   0.00787   0.00548   0.00000   0.00872   0.01256  
 22 192.7436   1418.413044  x:  0.00497   0.01178   0.00000   0.00000   0.00000   0.00000   0.01411   0.00000   0.00000   0.00000   0.00499   0.01925   0.00852   0.04081   0.03666   0.00509   0.01187   0.05554   0.00000   0.00000   0.00304   0.02210   0.00000   0.00000   0.00790   0.00511   0.00000   0.00849   0.01289  
 23 60.2242   1418.349045  x:  0.00516   0.01099   0.00000   0.00000   0.00000   0.00000   0.01563   0.00000   0.00000   0.00000   0.00491   0.02027   0.00809   0.03774   0.03830   0.00516   0.01340   0.05550   0.00000   0.00000   0.00311   0.02283   0.00000   0.00000   0.00788   0.00483   0.00000   0.00826   0.01340  
 24 29.6945   1418.262434  x:  0.00518   0.01092   0.00000   0.00000   0.00000   0.00000   0.01548   0.00000   0.00000   0.00000   0.00483   0.02487   0.00828   0.03306   0.03546   0.00517   0.01273   0.05572   0.00000   0.00000   0.00311   0.02328   0.00000   0.00000   0.00786   0.00504   0.00000   0.00773   0.01320  
 25 14.5768   1418.142759  x:  0.00508   0.01070   0.00000   0.00000   0.00000   0.00000   0.01266   0.00000   0.00000   0.00000   0.00473   0.02743   0.00605   0.03199   0.03652   0.00519   0.01255   0.05560   0.00000   0.00000   0.00309   0.02244   0.00000   0.00000   0.00788   0.00508   0.00000   0.00997   0.01317  
 26  9.1104   1417.760790  x:  0.00500   0.01033   0.00000   0.00000   0.00000   0.00000   0.00667   0.00000   0.00000   0.00000   0.00465   0.03132   0.00762   0.03170   0.04063   0.00538   0.01241   0.05569   0.00000   0.00000   0.00309   0.02098   0.00000   0.00000   0.00794   0.00512   0.00000   0.00763   0.01352  
 27 33.0237   1409.457733  x:  0.00596   0.00209   0.00000   0.00000   0.00000   0.00000   0.00533   0.00000   0.00000   0.00000   0.00281   0.01122   0.00224   0.03338   0.03053   0.00950   0.00563   0.05281   0.00000   0.00000   0.00331   0.02219   0.00000   0.00000   0.00875   0.00641   0.00000   0.00210   0.02352  
 28 10.6229   1406.246524  x:  0.00580   0.00283   0.00000   0.00000   0.00000   0.00000   0.00484   0.00000   0.00000   0.00000   0.00271   0.00193   0.00214   0.02878   0.02938   0.00937   0.00656   0.05374   0.00000   0.00000   0.00333   0.02100   0.00000   0.00000   0.00924   0.00666   0.00000   0.00221   0.02307  
 29  0.2410   1402.270062  x:  0.00540   0.00380   0.00000   0.00000   0.00000   0.00000   0.00174   0.00000   0.00000   0.00000   0.00279   0.00387   0.00264   0.01116   0.02544   0.00910   0.00888   0.05773   0.00000   0.00000   0.00333   0.01707   0.00000   0.00000   0.01079   0.00692   0.00000   0.00247   0.02212  
 30  0.1162   1401.885796  x:  0.00527   0.00376   0.00000   0.00000   0.00000   0.00000   0.00379   0.00000   0.00000   0.00000   0.00287   0.00387   0.00312   0.00919   0.02472   0.00912   0.00958   0.05923   0.00000   0.00000   0.00338   0.01552   0.00000   0.00000   0.01138   0.00721   0.00000   0.00247   0.02193  
 31  0.0379   1401.147043  x:  0.00508   0.00427   0.00000   0.00000   0.00000   0.00000   0.00401   0.00000   0.00000   0.00000   0.00328   0.00375   0.00366   0.01323   0.01995   0.00939   0.01023   0.06366   0.00000   0.00000   0.00334   0.01355   0.00000   0.00000   0.01310   0.00680   0.00000   0.00419   0.02240  
 32  0.0376   1400.536345  x:  0.00474   0.00411   0.00000   0.00000   0.00000   0.00000   0.00375   0.00000   0.00000   0.00000   0.00273   0.00306   0.00357   0.01427   0.02171   0.00824   0.01269   0.06767   0.00000   0.00000   0.00335   0.01261   0.00000   0.00000   0.01508   0.00619   0.00000   0.00223   0.01896  
 33  0.0246   1400.106191  x:  0.00492   0.00389   0.00000   0.00000   0.00000   0.00000   0.00326   0.00000   0.00000   0.00000   0.00304   0.00207   0.00324   0.01255   0.02332   0.00818   0.01254   0.07140   0.00000   0.00000   0.00342   0.01489   0.00000   0.00000   0.01711   0.00537   0.00000   0.00354   0.01832  
 34  0.0213   1399.855175  x:  0.00505   0.00568   0.00000   0.00000   0.00000   0.00000   0.00312   0.00000   0.00000   0.00000   0.00316   0.00309   0.00313   0.01216   0.02386   0.00889   0.01151   0.07346   0.00000   0.00000   0.00364   0.01612   0.00000   0.00000   0.01896   0.00561   0.00000   0.00322   0.01939  
 35  0.0090   1399.692690  x:  0.00469   0.00487   0.00000   0.00000   0.00000   0.00000   0.00256   0.00000   0.00000   0.00000   0.00313   0.00302   0.00376   0.01142   0.02359   0.00952   0.01111   0.07344   0.00000   0.00000   0.00388   0.01464   0.00000   0.00000   0.02086   0.00665   0.00000   0.00316   0.01999  
 36  0.0043   1399.616887  x:  0.00443   0.00443   0.00000   0.00000   0.00000   0.00000   0.00271   0.00000   0.00000   0.00000   0.00277   0.00321   0.00301   0.01150   0.02240   0.00942   0.01125   0.07248   0.00000   0.00000   0.00386   0.01457   0.00000   0.00000   0.02201   0.00641   0.00000   0.00313   0.01950  
 37  0.0043   1399.575130  x:  0.00436   0.00430   0.00000   0.00000   0.00000   0.00000   0.00289   0.00000   0.00000   0.00000   0.00292   0.00311   0.00341   0.01204   0.02224   0.00950   0.01083   0.07152   0.00000   0.00000   0.00380   0.01510   0.00000   0.00000   0.02289   0.00594   0.00000   0.00280   0.01970  
 38  0.0038   1399.559886  x:  0.00432   0.00441   0.00000   0.00000   0.00000   0.00000   0.00303   0.00000   0.00000   0.00000   0.00299   0.00307   0.00326   0.01236   0.02323   0.00954   0.01079   0.07088   0.00000   0.00000   0.00382   0.01476   0.00000   0.00000   0.02334   0.00601   0.00000   0.00292   0.01974  
 39  0.0031   1399.555177  x:  0.00435   0.00463   0.00000   0.00000   0.00000   0.00000   0.00301   0.00000   0.00000   0.00000   0.00296   0.00294   0.00322   0.01215   0.02300   0.00954   0.01075   0.07046   0.00000   0.00000   0.00380   0.01480   0.00000   0.00000   0.02366   0.00597   0.00000   0.00294   0.01978  
 40  0.0009   1399.553144  x:  0.00440   0.00454   0.00000   0.00000   0.00000   0.00000   0.00299   0.00000   0.00000   0.00000   0.00297   0.00298   0.00326   0.01208   0.02303   0.00946   0.01093   0.07019   0.00000   0.00000   0.00380   0.01495   0.00000   0.00000   0.02386   0.00600   0.00000   0.00302   0.01969  
 41  0.0006   1399.552711  x:  0.00446   0.00451   0.00000   0.00000   0.00000   0.00000   0.00297   0.00000   0.00000   0.00000   0.00302   0.00298   0.00325   0.01207   0.02301   0.00942   0.01096   0.07020   0.00000   0.00000   0.00378   0.01486   0.00000   0.00000   0.02390   0.00600   0.00000   0.00300   0.01973  
 42  0.0001   1399.552559  x:  0.00450   0.00451   0.00000   0.00000   0.00000   0.00000   0.00298   0.00000   0.00000   0.00000   0.00298   0.00299   0.00327   0.01210   0.02302   0.00939   0.01095   0.07020   0.00000   0.00000   0.00376   0.01485   0.00000   0.00000   0.02391   0.00602   0.00000   0.00299   0.01974  
 43  0.0001   1399.552542  x:  0.00450   0.00451   0.00000   0.00000   0.00000   0.00000   0.00298   0.00000   0.00000   0.00000   0.00298   0.00299   0.00326   0.01210   0.02301   0.00938   0.01095   0.07021   0.00000   0.00000   0.00376   0.01487   0.00000   0.00000   0.02390   0.00602   0.00000   0.00299   0.01973  
 44  0.0000   1399.552539  x:  0.00450   0.00451   0.00000   0.00000   0.00000   0.00000   0.00298   0.00000   0.00000   0.00000   0.00298   0.00299   0.00326   0.01210   0.02302   0.00937   0.01094   0.07021   0.00000   0.00000   0.00376   0.01487   0.00000   0.00000   0.02390   0.00602   0.00000   0.00299   0.01973  
 45  0.0000   1399.552538  x:  0.00450   0.00451   0.00000   0.00000   0.00000   0.00000   0.00298   0.00000   0.00000   0.00000   0.00298   0.00299   0.00326   0.01210   0.02302   0.00937   0.01095   0.07021   0.00000   0.00000   0.00375   0.01487   0.00000   0.00000   0.02390   0.00602   0.00000   0.00299   0.01973  
 46  0.0000   1399.552538  x:  0.00450   0.00451   0.00000   0.00000   0.00000   0.00000   0.00298   0.00000   0.00000   0.00000   0.00298   0.00299   0.00326   0.01210   0.02302   0.00937   0.01095   0.07021   0.00000   0.00000   0.00375   0.01487   0.00000   0.00000   0.02390   0.00602   0.00000   0.00299   0.01973  