

TREE # 1

  0  0.0000  22577.574883  x:  0.02721   0.10377   0.04423   0.01976   0.02492   0.01068   0.01216   0.00950   0.01456   0.01434   0.02081   0.02193   0.04067   0.09732   0.29697   0.43683   0.09685   0.10033   0.04482   0.00623   0.03908   0.14338   0.03727   0.03443   0.13317   0.21192   0.00000   0.12752   0.23388   2.00000   0.90000   0.29673   1.19979   2.14479  
  1 99.0000  22577.555601  x:  0.02721   0.10377   0.04422   0.01976   0.02492   0.01068   0.01216   0.00950   0.01456   0.01434   0.02081   0.02193   0.04067   0.09732   0.29697   0.43683   0.09685   0.10033   0.04482   0.00623   0.03908   0.14338   0.03727   0.03443   0.13317   0.21192   0.00000   0.12752   0.23388   2.00000   0.90000   0.29673   1.19979   2.14479  
  2 3008.0690  22554.594768  x:  0.02393   0.10605   0.04154   0.01971   0.02280   0.00000   0.01997   0.00994   0.01263   0.01880   0.01943   0.02349   0.03975   0.09740   0.29536   0.43981   0.09647   0.09975   0.04518   0.00803   0.03792   0.14433   0.03677   0.03340   0.13321   0.21281   0.00000   0.12782   0.23508   2.00209   0.90340   0.30684   1.19763   2.14353  
  3 2119.0255  22527.380038  x:  0.01243   0.11463   0.03229   0.01920   0.01472   0.00553   0.03893   0.00734   0.00375   0.02928   0.01374   0.02731   0.03677   0.09807   0.28967   0.45086   0.09539   0.09793   0.04674   0.01201   0.03369   0.14802   0.03547   0.03027   0.13354   0.21614   0.00000   0.12883   0.23953   2.00974   0.91565   0.34401   1.18967   2.13895  
  4 2759.5519  22500.979017  x:  0.00000   0.12723   0.02565   0.02010   0.01372   0.00770   0.04555   0.00225   0.02347   0.03132   0.01168   0.02668   0.03621   0.10010   0.28178   0.46767   0.09480   0.09628   0.04992   0.01195   0.02973   0.15350   0.03592   0.02998   0.13455   0.22103   0.00000   0.13020   0.24618   2.02157   0.93555   0.39686   1.17764   2.13227  
  5 2920.4842  22462.988898  x:  0.00041   0.15007   0.02897   0.02232   0.02453   0.00795   0.04118   0.02804   0.02615   0.02457   0.01935   0.02227   0.03966   0.10520   0.26861   0.49997   0.09546   0.09509   0.05837   0.00857   0.02857   0.16328   0.03863   0.03376   0.13730   0.22999   0.00000   0.13287   0.25851   2.04488   0.97456   0.49109   1.15464   2.12009  
  6 3539.2170  22455.147296  x:  0.00921   0.14830   0.03932   0.02032   0.02440   0.00788   0.03643   0.02285   0.02671   0.03140   0.02280   0.03224   0.04123   0.10533   0.26709   0.51044   0.09772   0.09731   0.05566   0.01464   0.03783   0.16336   0.03744   0.03402   0.13863   0.23155   0.00000   0.13447   0.26140   2.05503   0.97779   0.50987   1.14645   2.11698  
  7 785.6938  22448.799224  x:  0.00683   0.13597   0.04244   0.02428   0.02714   0.00731   0.02876   0.02083   0.02439   0.04361   0.02872   0.02700   0.04252   0.10332   0.26782   0.52502   0.10179   0.10187   0.04543   0.01346   0.04033   0.16053   0.03845   0.03610   0.13992   0.23249   0.00000   0.13714   0.26460   2.07278   0.96953   0.52333   1.13365   2.11328  
  8 519.3012  22445.015367  x:  0.01297   0.12749   0.03806   0.01791   0.02627   0.00723   0.02514   0.02219   0.02579   0.04992   0.02827   0.02541   0.04090   0.10280   0.27086   0.53792   0.10332   0.10400   0.04831   0.01083   0.03662   0.15834   0.03893   0.03505   0.14086   0.23326   0.00000   0.13919   0.26703   2.09191   0.96417   0.52646   1.12138   2.10984  
  9 489.2747  22440.992787  x:  0.01722   0.12001   0.03506   0.02660   0.02380   0.00736   0.02317   0.02415   0.02726   0.05230   0.02455   0.02881   0.04194   0.10424   0.27627   0.55551   0.10347   0.10489   0.05472   0.00976   0.03326   0.15688   0.03933   0.03417   0.14243   0.23457   0.00000   0.14128   0.26998   2.12219   0.96074   0.52393   1.10308   2.10465  
 10 726.0813  22423.136794  x:  0.00186   0.10870   0.04504   0.02142   0.02264   0.00804   0.03079   0.02896   0.02801   0.04244   0.01559   0.02846   0.04596   0.11617   0.30183   0.63087   0.09991   0.10332   0.06571   0.01678   0.03923   0.15895   0.04129   0.03941   0.15048   0.24186   0.00000   0.14720   0.28151   2.27132   0.95513   0.49389   1.01484   2.07961  
 11 1022.2169  22404.305689  x:  0.00130   0.12776   0.04063   0.02364   0.02830   0.00811   0.04362   0.01736   0.02410   0.02920   0.04037   0.02855   0.03946   0.11889   0.32853   0.71379   0.09981   0.10234   0.06570   0.01513   0.04070   0.16609   0.03624   0.03243   0.15538   0.24967   0.00000   0.14909   0.29221   2.46221   0.94497   0.45272   0.89976   2.04758  
 12 2313.0963  22392.267368  x:  0.00666   0.15463   0.03750   0.02249   0.02832   0.00844   0.04578   0.01668   0.02447   0.03399   0.03434   0.03247   0.04847   0.11118   0.33474   0.74721   0.10510   0.10442   0.05297   0.00990   0.03748   0.17282   0.04818   0.04416   0.15229   0.25222   0.00000   0.14561   0.29350   2.58287   0.93827   0.42673   0.82261   2.02713  
 13 1589.0315  22381.419144  x:  0.00691   0.17499   0.04078   0.02348   0.02684   0.00842   0.03817   0.02359   0.02700   0.04038   0.01906   0.02854   0.04436   0.10552   0.33029   0.75725   0.11042   0.10676   0.04398   0.01247   0.03804   0.17834   0.03911   0.03384   0.14795   0.25309   0.00000   0.14252   0.29079   2.68360   0.93197   0.40823   0.75270   2.00989  
 14 1494.9086  22366.180175  x:  0.00000   0.17986   0.03915   0.02271   0.02239   0.00744   0.02827   0.02472   0.02526   0.04481   0.02267   0.03144   0.04012   0.10696   0.31465   0.74365   0.11105   0.10602   0.05112   0.01557   0.03863   0.17989   0.03968   0.03649   0.14459   0.25179   0.00000   0.14168   0.28435   2.78275   0.92975   0.39426   0.67641   1.99241  
 15 1158.3174  22334.558554  x:  0.00409   0.17393   0.04103   0.02233   0.03313   0.00691   0.02961   0.01042   0.01868   0.05196   0.02230   0.01905   0.05832   0.11566   0.26473   0.68474   0.10710   0.10079   0.06502   0.01195   0.03936   0.17848   0.03819   0.02963   0.14206   0.24690   0.00000   0.14266   0.26745   3.09088   0.93805   0.35469   0.43211   1.93671  
 16 3985.6364  22322.438383  x:  0.00563   0.16193   0.04013   0.02155   0.03556   0.00666   0.03252   0.00934   0.01756   0.04475   0.01925   0.02614   0.05027   0.11403   0.25047   0.65773   0.10739   0.10230   0.05393   0.00279   0.03688   0.17543   0.03698   0.03012   0.14550   0.24606   0.00000   0.14445   0.26630   3.20763   0.95091   0.34001   0.33776   1.91479  
 17 2936.4725  22318.157291  x:  0.01006   0.15604   0.03676   0.02277   0.03242   0.00664   0.03327   0.00874   0.01770   0.04063   0.01906   0.02212   0.04583   0.11069   0.24708   0.64516   0.10849   0.10429   0.04784   0.01003   0.03575   0.17364   0.03949   0.03188   0.14750   0.24639   0.00000   0.14540   0.26806   3.25629   0.96032   0.33355   0.29977   1.90518  
 18 2193.2895  22316.568042  x:  0.00941   0.15404   0.03734   0.02227   0.02565   0.00640   0.03148   0.00891   0.01765   0.04266   0.02178   0.02019   0.04883   0.10766   0.24959   0.63873   0.10996   0.10641   0.04702   0.00785   0.03570   0.17287   0.03830   0.03018   0.14732   0.24713   0.00000   0.14514   0.27199   3.27533   0.96889   0.33027   0.29045   1.90040  
 19 398.2340  22315.586362  x:  0.00775   0.15334   0.03610   0.02204   0.02946   0.00602   0.02809   0.00676   0.01593   0.04641   0.02111   0.02035   0.04844   0.10567   0.25425   0.63238   0.11077   0.10765   0.04842   0.00809   0.03528   0.17221   0.03793   0.02992   0.14623   0.24808   0.00000   0.14461   0.27709   3.29014   0.97549   0.32859   0.28894   1.89551  
 20 246.5094  22314.458192  x:  0.00942   0.15389   0.03793   0.02306   0.02886   0.00616   0.02872   0.00666   0.01641   0.04806   0.02055   0.01856   0.04505   0.10881   0.26264   0.61956   0.10915   0.10606   0.04854   0.00629   0.03674   0.17119   0.03936   0.03118   0.14485   0.24891   0.00000   0.14371   0.28452   3.31313   0.97320   0.33178   0.29506   1.88542  
 21 157.8695  22313.188501  x:  0.00937   0.15340   0.03616   0.02231   0.02887   0.00617   0.02819   0.00836   0.01695   0.04567   0.02099   0.02089   0.04798   0.11107   0.27169   0.60409   0.10794   0.10497   0.04608   0.00818   0.03616   0.17015   0.03936   0.02957   0.14435   0.24972   0.00000   0.14331   0.29188   3.34123   0.96767   0.33689   0.30454   1.87241  
 22 553.3575  22312.393732  x:  0.00985   0.15184   0.03724   0.02235   0.02907   0.00633   0.03016   0.00842   0.01724   0.04322   0.02101   0.02092   0.04838   0.10712   0.27309   0.59606   0.10984   0.10734   0.04728   0.00870   0.03483   0.17062   0.03570   0.03276   0.14620   0.24921   0.00000   0.14420   0.29103   3.36088   0.96511   0.33984   0.31493   1.86206  
 23 224.9109  22311.567461  x:  0.00982   0.14924   0.03850   0.02246   0.02926   0.00642   0.03162   0.00854   0.01738   0.04090   0.02092   0.02109   0.04721   0.10275   0.27187   0.58914   0.11152   0.10960   0.04792   0.00836   0.03521   0.17132   0.03943   0.03010   0.14853   0.24804   0.00000   0.14521   0.28686   3.38254   0.96445   0.34215   0.32834   1.84977  
 24 370.4963  22310.829485  x:  0.01149   0.14600   0.03568   0.02243   0.02843   0.00624   0.03036   0.00843   0.01714   0.04069   0.02064   0.02065   0.04657   0.10467   0.26785   0.58561   0.10914   0.10755   0.04406   0.00794   0.03647   0.17046   0.03835   0.03062   0.14855   0.24628   0.00000   0.14467   0.27988   3.40225   0.96804   0.34264   0.34260   1.83658  
 25 207.9950  22310.708809  x:  0.01165   0.14545   0.03689   0.02232   0.02826   0.00619   0.03017   0.00811   0.01700   0.04048   0.02087   0.02072   0.04631   0.10486   0.26701   0.58535   0.10845   0.10692   0.04334   0.00840   0.03430   0.16923   0.03840   0.03049   0.14736   0.24575   0.00000   0.14382   0.27892   3.40506   0.96866   0.34268   0.34470   1.83358  
 26 100.2518  22310.580835  x:  0.01159   0.14480   0.03669   0.02229   0.02824   0.00619   0.03055   0.00816   0.01696   0.03931   0.02073   0.02072   0.04628   0.10311   0.26597   0.58553   0.10792   0.10648   0.04352   0.00836   0.03533   0.16596   0.03828   0.03049   0.14451   0.24447   0.00000   0.14143   0.27902   3.40645   0.96862   0.34271   0.34571   1.82772  
 27 44.3173  22309.790015  x:  0.01143   0.14598   0.03613   0.02222   0.02802   0.00609   0.03048   0.00779   0.01653   0.03833   0.02048   0.02069   0.04616   0.10777   0.26080   0.58586   0.11268   0.11079   0.04346   0.00853   0.03548   0.16116   0.03829   0.03030   0.14497   0.23662   0.00000   0.14198   0.28425   3.40213   0.96782   0.33691   0.34411   1.76970  
 28 39.1229  22306.433875  x:  0.01172   0.14375   0.03723   0.02185   0.02648   0.00529   0.02472   0.00622   0.01431   0.03784   0.02017   0.02034   0.04587   0.09982   0.25112   0.58492   0.10554   0.10283   0.04296   0.00839   0.03521   0.16434   0.03756   0.03004   0.15014   0.22447   0.00000   0.14609   0.29558   3.37838   0.96116   0.31512   0.33091   1.52052  
 29 455.5348  22298.914119  x:  0.01284   0.13252   0.03697   0.02153   0.02509   0.00419   0.01923   0.00304   0.01076   0.03409   0.02051   0.02018   0.04534   0.10309   0.25529   0.57780   0.11082   0.11080   0.04282   0.00775   0.03645   0.17468   0.03694   0.02921   0.13758   0.24408   0.00000   0.13552   0.28109   3.32506   0.94940   0.27518   0.29737   1.00000  
 30 1097.0057  22298.914119  x:  0.01284   0.13252   0.03697   0.02153   0.02509   0.00419   0.01923   0.00304   0.01076   0.03409   0.02051   0.02018   0.04534   0.10309   0.25529   0.57780   0.11082   0.11080   0.04282   0.00775   0.03645   0.17468   0.03694   0.02921   0.13758   0.24408   0.00000   0.13552   0.28109   3.32506   0.94940   0.27518   0.29737   1.00000  
 31 1065.5960  22283.641369  x:  0.01290   0.13322   0.03702   0.02124   0.02249   0.00000   0.01649   0.00209   0.00764   0.02969   0.01775   0.02032   0.04503   0.10364   0.25587   0.57807   0.11076   0.11074   0.04389   0.00658   0.03637   0.17475   0.03771   0.03024   0.13805   0.24424   0.00000   0.13567   0.28113   3.32504   0.94932   0.27581   0.29722   1.00002  
 32 2161.5018  22268.775133  x:  0.01298   0.13462   0.03711   0.02065   0.01749   0.00171   0.01144   0.00216   0.00221   0.02085   0.01267   0.02068   0.04440   0.10475   0.25706   0.57862   0.11062   0.11060   0.04600   0.00435   0.03621   0.17487   0.03918   0.03219   0.13901   0.24458   0.00000   0.13599   0.28121   3.32500   0.94918   0.27706   0.29694   1.00007  
 33 4960.6523  22260.339854  x:  0.01297   0.13601   0.03717   0.02019   0.01325   0.00216   0.00776   0.00332   0.00499   0.01234   0.00876   0.02097   0.04381   0.10583   0.25827   0.57917   0.11048   0.11044   0.04799   0.00258   0.03610   0.17498   0.04046   0.03382   0.13998   0.24491   0.00000   0.13630   0.28129   3.32497   0.94908   0.27825   0.29672   1.00012  
 34 3985.5701  22257.932648  x:  0.01277   0.13707   0.03715   0.02012   0.01257   0.00236   0.00989   0.00219   0.00517   0.00793   0.00976   0.02107   0.04348   0.10662   0.25927   0.57963   0.11035   0.11031   0.04933   0.00254   0.03615   0.17506   0.04107   0.03443   0.14075   0.24521   0.00000   0.13656   0.28133   3.32494   0.94906   0.27911   0.29665   1.00017  
 35 1079.8843  22257.476688  x:  0.01259   0.13777   0.03713   0.02013   0.01281   0.00214   0.01047   0.00339   0.00491   0.00717   0.01007   0.02111   0.04331   0.10711   0.25995   0.57995   0.11027   0.11022   0.05013   0.00266   0.03618   0.17511   0.04138   0.03469   0.14126   0.24541   0.00000   0.13674   0.28136   3.32492   0.94905   0.27968   0.29661   1.00020  
 36 646.4878  22253.432733  x:  0.00922   0.14916   0.03677   0.02037   0.01687   0.00236   0.01084   0.00293   0.00539   0.00845   0.00949   0.02185   0.04078   0.11519   0.27139   0.58535   0.10903   0.10884   0.06267   0.00369   0.03670   0.17600   0.04586   0.03848   0.14966   0.24881   0.00000   0.13970   0.28192   3.32458   0.94901   0.28922   0.29608   1.00073  
 37 605.7648  22251.928705  x:  0.00634   0.15383   0.03657   0.02088   0.01378   0.00234   0.01060   0.00317   0.00545   0.00998   0.01209   0.02127   0.04164   0.11803   0.27729   0.58847   0.10895   0.10864   0.06558   0.00192   0.03659   0.17660   0.04541   0.03751   0.15321   0.25064   0.00000   0.14107   0.28242   3.32440   0.94917   0.29420   0.29610   1.00104  
 38 607.8494  22250.512802  x:  0.00248   0.15822   0.03631   0.02129   0.01366   0.00236   0.01130   0.00315   0.00538   0.00959   0.01029   0.02103   0.04434   0.11971   0.28494   0.59309   0.10959   0.10910   0.06510   0.00338   0.03666   0.17758   0.04232   0.03359   0.15661   0.25320   0.00000   0.14269   0.28339   3.32415   0.94980   0.30048   0.29685   1.00151  
 39 482.4476  22249.916970  x:  0.00242   0.15989   0.03629   0.02087   0.01557   0.00236   0.01008   0.00302   0.00537   0.00878   0.01121   0.02153   0.04505   0.11953   0.28945   0.59625   0.11033   0.10972   0.06327   0.00230   0.03651   0.17827   0.04128   0.03304   0.15769   0.25470   0.00000   0.14335   0.28417   3.32399   0.95056   0.30397   0.29794   1.00184  
 40 373.0933  22248.480396  x:  0.00619   0.16332   0.03659   0.01962   0.01525   0.00238   0.01171   0.00317   0.00548   0.00948   0.01021   0.02253   0.04489   0.11747   0.30252   0.60634   0.11280   0.11188   0.05678   0.00130   0.03634   0.18044   0.04128   0.03551   0.15936   0.25907   0.00000   0.14484   0.28677   3.32350   0.95353   0.31381   0.30244   1.00293  
 41 504.3479  22247.969336  x:  0.00748   0.16408   0.03679   0.02025   0.01472   0.00240   0.01088   0.00315   0.00548   0.00941   0.01109   0.02216   0.04451   0.11653   0.30749   0.61061   0.11365   0.11266   0.05454   0.00348   0.03654   0.18130   0.04192   0.03639   0.15959   0.26075   0.00000   0.14530   0.28790   3.32329   0.95501   0.31763   0.30474   1.00341  
 42 722.9603  22247.544811  x:  0.00676   0.16268   0.03714   0.02279   0.01517   0.00242   0.01105   0.00313   0.00549   0.00929   0.01075   0.02054   0.04362   0.11576   0.31116   0.61551   0.11375   0.11288   0.05420   0.00275   0.03662   0.18196   0.04358   0.03598   0.15835   0.26187   0.00000   0.14505   0.28921   3.32304   0.95742   0.32110   0.30868   1.00405  
 43 216.6331  22246.652525  x:  0.00423   0.15744   0.03759   0.02116   0.01483   0.00239   0.01105   0.00316   0.00549   0.00945   0.01097   0.02253   0.04225   0.11470   0.31778   0.62766   0.11301   0.11261   0.05669   0.00279   0.03713   0.18310   0.04605   0.03394   0.15420   0.26366   0.00000   0.14385   0.29233   3.32241   0.96425   0.32903   0.31998   1.00580  
 44 328.0645  22246.115577  x:  0.00546   0.15455   0.03732   0.02017   0.01501   0.00241   0.01102   0.00315   0.00550   0.00944   0.01096   0.02065   0.04436   0.11513   0.32010   0.63567   0.11216   0.11198   0.05978   0.00286   0.03727   0.18323   0.04381   0.03493   0.15207   0.26387   0.00000   0.14307   0.29387   3.32191   0.96941   0.33480   0.32864   1.00717  
 45 285.5488  22245.876303  x:  0.00578   0.15383   0.03713   0.02181   0.01490   0.00240   0.01105   0.00315   0.00550   0.00946   0.01096   0.02225   0.04490   0.11586   0.31971   0.63942   0.11180   0.11159   0.06034   0.00289   0.03712   0.18286   0.04224   0.03596   0.15191   0.26334   0.00000   0.14290   0.29415   3.32159   0.97225   0.33835   0.33353   1.00800  
 46 227.7039  22245.116996  x:  0.00414   0.15441   0.03677   0.02106   0.01493   0.00239   0.01105   0.00315   0.00550   0.00943   0.01095   0.02141   0.04219   0.11913   0.31315   0.65049   0.11141   0.11063   0.05745   0.00314   0.03635   0.18047   0.04064   0.03753   0.15470   0.25963   0.00000   0.14335   0.29327   3.32028   0.98221   0.35312   0.35121   1.01123  
 47 211.5959  22244.563538  x:  0.00650   0.15665   0.03684   0.02111   0.01496   0.00239   0.01104   0.00315   0.00550   0.00942   0.01094   0.02169   0.04405   0.11971   0.30695   0.65759   0.11177   0.11052   0.05666   0.00296   0.03669   0.17903   0.04349   0.03489   0.15697   0.25684   0.00000   0.14381   0.29190   3.31910   0.98976   0.36576   0.36522   1.01390  
 48 339.7216  22244.264533  x:  0.00499   0.15872   0.03673   0.02108   0.01504   0.00241   0.01111   0.00316   0.00553   0.00949   0.01100   0.02168   0.04448   0.11502   0.30294   0.65756   0.11305   0.11189   0.05820   0.00290   0.03763   0.18047   0.04328   0.03596   0.15623   0.25731   0.00000   0.14391   0.29041   3.31793   0.99311   0.37598   0.37372   1.01570  
 49 101.1581  22244.141917  x:  0.00586   0.15915   0.03782   0.02119   0.01500   0.00241   0.01110   0.00316   0.00553   0.00949   0.01099   0.02164   0.04324   0.11469   0.30199   0.65541   0.11303   0.11198   0.05882   0.00297   0.03652   0.18148   0.04245   0.03512   0.15523   0.25848   0.00000   0.14387   0.28988   3.31713   0.99420   0.38106   0.37820   1.01660  
 50 89.8161  22243.862695  x:  0.00575   0.15801   0.03739   0.02107   0.01513   0.00242   0.01116   0.00317   0.00555   0.00952   0.01102   0.02171   0.04446   0.11714   0.30141   0.64681   0.11195   0.11118   0.05755   0.00310   0.03553   0.18369   0.04339   0.03581   0.15300   0.26212   0.00000   0.14370   0.28919   3.31466   0.99624   0.39322   0.39067   1.01892  
 51 123.8647  22243.732217  x:  0.00641   0.15712   0.03645   0.02118   0.01508   0.00241   0.01113   0.00317   0.00554   0.00949   0.01101   0.02168   0.04369   0.11778   0.30220   0.64183   0.11182   0.11114   0.05739   0.00284   0.03791   0.18369   0.04296   0.03534   0.15335   0.26301   0.00000   0.14364   0.28937   3.31317   0.99693   0.39830   0.39781   1.02009  
 52 132.4071  22243.539294  x:  0.00609   0.15574   0.03796   0.02108   0.01506   0.00241   0.01111   0.00316   0.00553   0.00948   0.01099   0.02166   0.04404   0.11665   0.30529   0.63336   0.11262   0.11194   0.05778   0.00286   0.03731   0.18091   0.04298   0.03562   0.15588   0.26184   0.00000   0.14364   0.29064   3.31020   0.99688   0.40423   0.41090   1.02196  
 53 97.2204  22243.493543  x:  0.00617   0.15598   0.03662   0.02110   0.01503   0.00240   0.01109   0.00316   0.00552   0.00946   0.01097   0.02164   0.04382   0.11608   0.30619   0.63161   0.11253   0.11181   0.05789   0.00293   0.03639   0.18034   0.04299   0.03541   0.15592   0.26095   0.00000   0.14360   0.29089   3.30920   0.99594   0.40554   0.41435   1.02246  
 54 72.0007  22243.369594  x:  0.00586   0.15863   0.03710   0.02104   0.01499   0.00240   0.01107   0.00315   0.00551   0.00943   0.01094   0.02162   0.04385   0.11558   0.30855   0.62838   0.11114   0.11023   0.05720   0.00297   0.03694   0.18030   0.04287   0.03548   0.15350   0.25666   0.00000   0.14313   0.29092   3.30502   0.98886   0.40874   0.42528   1.02417  
 55 51.4059  22242.831591  x:  0.00543   0.16013   0.03652   0.02104   0.01495   0.00239   0.01106   0.00315   0.00550   0.00944   0.01094   0.02161   0.04389   0.11918   0.31188   0.62193   0.11606   0.11559   0.05747   0.00305   0.03681   0.18392   0.04279   0.03537   0.15085   0.24972   0.00000   0.14311   0.28752   3.28330   0.94432   0.42034   0.47519   1.03440  
 56 77.2983  22241.703526  x:  0.00521   0.16177   0.03647   0.02093   0.01484   0.00236   0.01099   0.00313   0.00547   0.00937   0.01089   0.02157   0.04401   0.11874   0.31488   0.61272   0.11584   0.11576   0.05700   0.00299   0.03638   0.18743   0.04261   0.03521   0.15253   0.24689   0.00000   0.14436   0.28325   3.24490   0.86360   0.43935   0.56289   1.05539  
 57 605.9686  22241.465293  x:  0.00443   0.16751   0.03611   0.02086   0.01472   0.00234   0.01092   0.00312   0.00544   0.00933   0.01084   0.02152   0.04400   0.11984   0.31470   0.61010   0.11758   0.11703   0.05663   0.00284   0.03646   0.18720   0.04245   0.03513   0.15046   0.25015   0.00000   0.14444   0.28481   3.23451   0.84462   0.43966   0.58867   1.06400  
 58 151.7731  22241.427772  x:  0.00432   0.16801   0.03607   0.02084   0.01469   0.00234   0.01090   0.00311   0.00543   0.00931   0.01082   0.02151   0.04399   0.11981   0.31512   0.60941   0.11738   0.11717   0.05657   0.00282   0.03620   0.19030   0.04241   0.03510   0.15138   0.24932   0.00000   0.14490   0.28460   3.23243   0.84265   0.43873   0.59261   1.06871  
 59 20.5400  22241.312268  x:  0.00427   0.16764   0.03598   0.02084   0.01468   0.00233   0.01090   0.00311   0.00543   0.00931   0.01082   0.02151   0.04396   0.12039   0.31740   0.60753   0.11810   0.11799   0.05660   0.00290   0.03624   0.19011   0.04238   0.03510   0.15029   0.24627   0.00000   0.14393   0.28167   3.22457   0.83525   0.44051   0.59883   1.09370  
 60 21.1729  22241.304910  x:  0.00430   0.16746   0.03600   0.02085   0.01469   0.00234   0.01091   0.00311   0.00543   0.00931   0.01083   0.02151   0.04397   0.12046   0.31728   0.60739   0.11820   0.11805   0.05665   0.00290   0.03628   0.19008   0.04240   0.03511   0.15001   0.24587   0.00000   0.14501   0.28250   3.22375   0.83471   0.44086   0.59898   1.09531  
 61 12.2736  22241.301401  x:  0.00432   0.16743   0.03600   0.02086   0.01470   0.00234   0.01092   0.00311   0.00543   0.00932   0.01083   0.02152   0.04398   0.12052   0.31706   0.60735   0.11825   0.11810   0.05665   0.00291   0.03627   0.19025   0.04241   0.03512   0.15013   0.24566   0.00000   0.14453   0.28352   3.22288   0.83451   0.44118   0.59882   1.09588  
 62  5.0457  22241.191233  x:  0.00438   0.16705   0.03603   0.02087   0.01470   0.00231   0.01092   0.00310   0.00542   0.00930   0.01083   0.02153   0.04397   0.12037   0.31657   0.60814   0.11727   0.11848   0.05670   0.00292   0.03632   0.18955   0.04243   0.03516   0.15023   0.24631   0.00000   0.14455   0.28341   3.17035   0.84247   0.44117   0.59428   1.09857  
 63  3.0671  22241.186443  x:  0.00438   0.16697   0.03603   0.02087   0.01470   0.00231   0.01092   0.00310   0.00542   0.00930   0.01083   0.02153   0.04397   0.12036   0.31657   0.60816   0.11819   0.11755   0.05674   0.00292   0.03632   0.18963   0.04244   0.03516   0.15025   0.24634   0.00000   0.14454   0.28337   3.16864   0.84272   0.44117   0.59417   1.09870  
 64  8.4308  22236.090322  x:  0.00336   0.16801   0.03656   0.02074   0.01359   0.00063   0.01093   0.00230   0.00463   0.00810   0.01071   0.02187   0.04414   0.12121   0.31973   0.63174   0.11614   0.11546   0.06060   0.00229   0.03653   0.18997   0.04368   0.03612   0.15728   0.25407   0.00000   0.14659   0.28573   3.20179   0.79783   0.47293   0.69302   1.24761  
 65  0.3028  22230.568333  x:  0.00321   0.16457   0.03686   0.02102   0.01451   0.00000   0.01236   0.00187   0.00501   0.00866   0.01175   0.02196   0.04442   0.12235   0.31911   0.65439   0.11553   0.11461   0.06245   0.00263   0.03723   0.18672   0.04404   0.03612   0.15775   0.25791   0.00000   0.14621   0.29229   3.29754   0.87488   0.50140   0.68639   1.43269  
 66  0.2060  22227.127757  x:  0.00343   0.16275   0.03702   0.02132   0.01564   0.00110   0.01355   0.00175   0.00591   0.00939   0.01259   0.02179   0.04480   0.12207   0.31739   0.66483   0.11489   0.11389   0.06260   0.00295   0.03750   0.18554   0.04396   0.03577   0.15870   0.26177   0.00000   0.14629   0.29556   3.35774   0.90165   0.53387   0.72589   1.58642  
 67  0.5692  22225.217506  x:  0.00424   0.16214   0.03699   0.02136   0.01597   0.00108   0.01353   0.00246   0.00603   0.00989   0.01264   0.02182   0.04480   0.12063   0.31393   0.66089   0.11421   0.11314   0.06117   0.00304   0.03729   0.18568   0.04371   0.03545   0.15948   0.26509   0.00000   0.14645   0.29575   3.37656   0.87646   0.56611   0.81011   1.68784  
 68  0.2723  22224.203004  x:  0.00558   0.16017   0.03693   0.02123   0.01464   0.00107   0.01177   0.00294   0.00552   0.00901   0.01136   0.02197   0.04419   0.11931   0.31063   0.65113   0.11340   0.11240   0.06048   0.00267   0.03699   0.18471   0.04414   0.03622   0.15914   0.26547   0.00000   0.14588   0.29542   3.35494   0.89513   0.60137   0.84737   1.75868  
 69  0.1078  22224.134265  x:  0.00548   0.16046   0.03682   0.02115   0.01474   0.00109   0.01145   0.00270   0.00546   0.00901   0.01120   0.02191   0.04419   0.11896   0.31027   0.64926   0.11333   0.11236   0.06008   0.00262   0.03686   0.18443   0.04386   0.03596   0.15872   0.26479   0.00000   0.14560   0.29449   3.34325   0.89189   0.61018   0.86368   1.76445  
 70  0.0235  22224.121563  x:  0.00537   0.16051   0.03679   0.02113   0.01488   0.00111   0.01149   0.00268   0.00543   0.00916   0.01127   0.02187   0.04424   0.11888   0.31030   0.64904   0.11333   0.11236   0.05992   0.00264   0.03683   0.18435   0.04368   0.03578   0.15851   0.26434   0.00000   0.14550   0.29409   3.33911   0.89319   0.61460   0.86785   1.76137  
 71  0.0069  22224.115049  x:  0.00532   0.16077   0.03681   0.02115   0.01478   0.00115   0.01154   0.00265   0.00541   0.00912   0.01129   0.02189   0.04421   0.11914   0.31066   0.64926   0.11342   0.11244   0.06013   0.00264   0.03686   0.18448   0.04379   0.03591   0.15857   0.26436   0.00000   0.14560   0.29430   3.34462   0.89142   0.61971   0.87693   1.75353  
 72  0.0058  22224.107960  x:  0.00542   0.16075   0.03682   0.02115   0.01490   0.00120   0.01157   0.00273   0.00540   0.00910   0.01128   0.02188   0.04426   0.11886   0.31036   0.64902   0.11335   0.11236   0.05993   0.00265   0.03686   0.18457   0.04376   0.03583   0.15880   0.26492   0.00000   0.14567   0.29433   3.34310   0.88859   0.62666   0.89603   1.73986  
 73  0.0064  22224.097935  x:  0.00527   0.16078   0.03678   0.02113   0.01483   0.00122   0.01148   0.00270   0.00541   0.00910   0.01126   0.02187   0.04422   0.11906   0.31062   0.64898   0.11357   0.11258   0.05999   0.00264   0.03687   0.18439   0.04373   0.03584   0.15834   0.26421   0.00000   0.14545   0.29412   3.33994   0.88509   0.63363   0.92278   1.71777  
 74  0.0104  22224.094755  x:  0.00535   0.16039   0.03683   0.02114   0.01482   0.00120   0.01152   0.00267   0.00543   0.00913   0.01128   0.02188   0.04421   0.11893   0.31037   0.64905   0.11328   0.11228   0.06004   0.00264   0.03688   0.18426   0.04375   0.03586   0.15854   0.26427   0.00000   0.14551   0.29419   3.34022   0.88333   0.63655   0.93284   1.70745  
 75  0.0099  22224.093136  x:  0.00537   0.16049   0.03681   0.02114   0.01483   0.00115   0.01153   0.00268   0.00542   0.00912   0.01127   0.02188   0.04421   0.11894   0.31032   0.64883   0.11337   0.11239   0.06000   0.00265   0.03689   0.18433   0.04376   0.03585   0.15846   0.26425   0.00000   0.14549   0.29426   3.34170   0.88235   0.63933   0.94041   1.70401  
 76  0.0039  22224.092986  x:  0.00534   0.16053   0.03681   0.02114   0.01483   0.00115   0.01152   0.00268   0.00541   0.00912   0.01127   0.02188   0.04421   0.11895   0.31040   0.64891   0.11337   0.11238   0.06001   0.00265   0.03688   0.18431   0.04375   0.03585   0.15847   0.26426   0.00000   0.14549   0.29421   3.34091   0.88216   0.63984   0.94135   1.70241  
 77  0.0018  22224.092979  x:  0.00533   0.16053   0.03682   0.02114   0.01483   0.00115   0.01152   0.00268   0.00542   0.00912   0.01127   0.02188   0.04421   0.11896   0.31041   0.64893   0.11337   0.11238   0.06001   0.00265   0.03688   0.18431   0.04375   0.03585   0.15848   0.26427   0.00000   0.14550   0.29420   3.34087   0.88226   0.63962   0.94067   1.70309  
 78  0.0008  22224.092979  x:  0.00533   0.16053   0.03682   0.02114   0.01483   0.00115   0.01152   0.00268   0.00542   0.00912   0.01127   0.02188   0.04421   0.11896   0.31041   0.64893   0.11337   0.11238   0.06001   0.00265   0.03688   0.18431   0.04375   0.03585   0.15848   0.26427   0.00000   0.14550   0.29421   3.34089   0.88226   0.63964   0.94069   1.70302  
 79  0.0001  22224.092979  x:  0.00533   0.16053   0.03682   0.02114   0.01483   0.00115   0.01152   0.00268   0.00542   0.00912   0.01127   0.02188   0.04421   0.11896   0.31041   0.64893   0.11337   0.11238   0.06001   0.00265   0.03688   0.18431   0.04375   0.03585   0.15848   0.26427   0.00000   0.14550   0.29421   3.34089   0.88226   0.63964   0.94070   1.70301  
 80  0.0000  22224.092979  x:  0.00533   0.16053   0.03682   0.02114   0.01483   0.00115   0.01152   0.00268   0.00542   0.00912   0.01127   0.02188   0.04421   0.11896   0.31041   0.64893   0.11337   0.11238   0.06001   0.00265   0.03688   0.18431   0.04375   0.03585   0.15848   0.26427   0.00000   0.14550   0.29421   3.34089   0.88226   0.63964   0.94070   1.70301  
 81  0.0000  22224.092979  x:  0.00533   0.16053   0.03682   0.02114   0.01483   0.00115   0.01152   0.00268   0.00542   0.00912   0.01127   0.02188   0.04421   0.11896   0.31041   0.64893   0.11337   0.11238   0.06001   0.00265   0.03688   0.18431   0.04375   0.03585   0.15848   0.26427   0.00000   0.14550   0.29421   3.34089   0.88226   0.63964   0.94070   1.70301  