

TREE # 1

  0  0.0000  12348.725075  x:  0.13950   0.02578   0.01427   0.02931   0.01354   0.02222   0.00564   0.00623   0.01554   0.01911   0.01937   0.03779   0.11819   0.27163   0.15119   0.13481   0.03853   0.00523   0.01997   0.17256   0.08663   0.05619   0.13502   0.13852   0.00000   0.12690   0.16467   2.00000   0.90000   0.60884   1.99821  
  1 99.0000  12333.398859  x:  0.14025   0.02682   0.01369   0.02733   0.00933   0.01971   0.00041   0.00088   0.01170   0.01812   0.01957   0.03691   0.11805   0.27249   0.15130   0.13470   0.03929   0.00660   0.02062   0.17348   0.08630   0.05560   0.13495   0.13822   0.00159   0.12598   0.16513   2.00027   0.89660   0.61042   1.99777  
  2 1707.4634  12331.651903  x:  0.14045   0.02708   0.01355   0.02681   0.00826   0.01907   0.00090   0.00023   0.01074   0.01789   0.01962   0.03668   0.11801   0.27273   0.15132   0.13467   0.03949   0.00685   0.02078   0.17374   0.08621   0.05544   0.13492   0.13814   0.00181   0.12572   0.16524   2.00034   0.89566   0.61085   1.99765  
  3 2617.9707  12323.654748  x:  0.14157   0.02857   0.01282   0.02393   0.00236   0.01551   0.00180   0.00088   0.00538   0.01659   0.01990   0.03538   0.11779   0.27407   0.15148   0.13449   0.04059   0.00823   0.02166   0.17515   0.08569   0.05454   0.13477   0.13765   0.00299   0.12425   0.16590   2.00076   0.89040   0.61329   1.99698  
  4 8507.8930  12316.563083  x:  0.14393   0.03135   0.01233   0.01874   0.00616   0.01020   0.00204   0.00105   0.00224   0.01535   0.02036   0.03288   0.11723   0.27712   0.15181   0.13406   0.04266   0.00844   0.02298   0.17830   0.08457   0.05265   0.13433   0.13645   0.00149   0.12077   0.16724   2.00178   0.87839   0.61881   1.99544  
  5 1274.1880  12309.720579  x:  0.14707   0.03485   0.01203   0.01257   0.00657   0.00519   0.00220   0.00116   0.00597   0.01399   0.02092   0.02979   0.11645   0.28128   0.15227   0.13349   0.04533   0.00872   0.02464   0.18256   0.08310   0.05018   0.13372   0.13484   0.00000   0.11612   0.16907   2.00319   0.86203   0.62632   1.99336  
  6 4444.0694  12309.720579  x:  0.14707   0.03485   0.01203   0.01257   0.00657   0.00519   0.00220   0.00116   0.00597   0.01399   0.02092   0.02979   0.11645   0.28128   0.15227   0.13349   0.04533   0.00872   0.02464   0.18256   0.08310   0.05018   0.13372   0.13484   0.00000   0.11612   0.16907   2.00319   0.86203   0.62632   1.99336  
  7 3407.9740  12303.784596  x:  0.14724   0.03476   0.01267   0.01403   0.00541   0.01056   0.00038   0.00076   0.00610   0.01457   0.02089   0.03007   0.11638   0.28164   0.15231   0.13345   0.04534   0.00856   0.02453   0.18288   0.08306   0.05017   0.13366   0.13474   0.00061   0.11586   0.16923   2.00335   0.86062   0.62695   1.99318  
  8 1801.4290  12302.110210  x:  0.14740   0.03466   0.01322   0.01531   0.00444   0.01382   0.00240   0.00118   0.00618   0.01510   0.02085   0.03034   0.11630   0.28201   0.15235   0.13341   0.04534   0.00839   0.02443   0.18320   0.08302   0.05017   0.13360   0.13463   0.00107   0.11559   0.16939   2.00351   0.85918   0.62760   1.99299  
  9 2547.3424  12294.987961  x:  0.14943   0.03372   0.01673   0.02427   0.00132   0.01131   0.00200   0.00080   0.00627   0.01923   0.02048   0.03289   0.11549   0.28651   0.15295   0.13300   0.04541   0.00638   0.02344   0.18707   0.08263   0.05015   0.13299   0.13348   0.00247   0.11236   0.17121   2.00551   0.84189   0.63544   1.99079  
 10 664.9370  12288.945048  x:  0.15226   0.03248   0.02066   0.03515   0.00578   0.00975   0.00150   0.00221   0.00639   0.02412   0.02001   0.03609   0.11439   0.29283   0.15380   0.13245   0.04551   0.00410   0.02222   0.19248   0.08214   0.05015   0.13219   0.13193   0.00405   0.10792   0.17375   2.00834   0.81765   0.64642   1.98770  
 11 6374.6309  12285.394237  x:  0.15328   0.03225   0.01996   0.03567   0.00637   0.00985   0.00192   0.00036   0.00632   0.02377   0.01999   0.03639   0.11413   0.29510   0.15416   0.13232   0.04555   0.00502   0.02224   0.19436   0.08209   0.05023   0.13207   0.13159   0.00363   0.10662   0.17463   2.00942   0.80906   0.65032   1.98661  
 12 1847.7366  12264.612746  x:  0.15976   0.03108   0.01333   0.03533   0.00589   0.01058   0.00183   0.00129   0.00577   0.01931   0.02007   0.03740   0.11261   0.30959   0.15650   0.13158   0.04588   0.01225   0.02284   0.20623   0.08190   0.05084   0.13153   0.12963   0.00000   0.09871   0.18023   2.01640   0.75441   0.67509   1.97962  
 13 9181.2009  12253.553012  x:  0.16537   0.03301   0.01211   0.02195   0.00503   0.01105   0.00193   0.00130   0.01204   0.01618   0.02160   0.03507   0.11301   0.32285   0.15916   0.13205   0.04606   0.00324   0.02380   0.21551   0.08323   0.05218   0.13233   0.12965   0.01294   0.09862   0.18522   2.02419   0.70501   0.69718   1.97337  
 14 1852.9818  12249.998483  x:  0.16669   0.03499   0.01711   0.01563   0.00481   0.01154   0.00200   0.00132   0.00625   0.01874   0.02227   0.03370   0.11435   0.32672   0.16037   0.13299   0.04590   0.00157   0.02487   0.21706   0.08461   0.05283   0.13373   0.13142   0.01320   0.10249   0.18630   2.02762   0.69087   0.70329   1.97161  
 15 907.3437  12248.547592  x:  0.16710   0.03698   0.02128   0.01381   0.00489   0.01141   0.00196   0.00141   0.00811   0.02044   0.02277   0.03254   0.11620   0.32888   0.16143   0.13424   0.04568   0.00497   0.02596   0.21684   0.08615   0.05336   0.13554   0.13398   0.01340   0.10807   0.18661   2.03070   0.68321   0.70637   1.97071  
 16 621.5193  12245.973913  x:  0.16705   0.04075   0.02290   0.01611   0.00496   0.01163   0.00202   0.00133   0.01070   0.01795   0.02346   0.03029   0.12121   0.33258   0.16395   0.13776   0.04505   0.00216   0.02747   0.21451   0.08989   0.05441   0.14014   0.14051   0.00790   0.12209   0.18656   2.03833   0.67062   0.71104   1.96929  
 17 546.4341  12244.681029  x:  0.16644   0.04109   0.01858   0.01850   0.00510   0.01136   0.00198   0.00138   0.00802   0.01818   0.02308   0.03215   0.12481   0.33458   0.16575   0.14055   0.04506   0.00323   0.02681   0.21174   0.09182   0.05463   0.14334   0.14508   0.01090   0.13122   0.18648   2.04511   0.66414   0.71297   1.96865  
 18 365.9136  12244.281458  x:  0.16595   0.03914   0.01704   0.01739   0.00503   0.01154   0.00201   0.00136   0.00894   0.02062   0.02245   0.03441   0.12612   0.33526   0.16653   0.14186   0.04546   0.00276   0.02544   0.20999   0.09176   0.05420   0.14450   0.14653   0.00973   0.13293   0.18640   2.05006   0.66212   0.71312   1.96854  
 19 175.6384  12243.553898  x:  0.16482   0.03347   0.01948   0.01671   0.00503   0.01154   0.00200   0.00137   0.00887   0.01783   0.02226   0.03608   0.12842   0.33640   0.16805   0.14468   0.04712   0.00291   0.02312   0.20549   0.09022   0.05304   0.14658   0.14837   0.00985   0.13264   0.18641   2.06589   0.65896   0.71206   1.96862  
 20 161.7536  12241.836084  x:  0.16319   0.02966   0.01842   0.01759   0.00505   0.01145   0.00199   0.00137   0.00874   0.02020   0.02411   0.02912   0.13328   0.33850   0.17060   0.14987   0.05042   0.00266   0.02603   0.19592   0.08678   0.05277   0.15045   0.15001   0.01040   0.12713   0.18655   2.11360   0.65244   0.70739   1.96930  
 21 299.7573  12238.257412  x:  0.16171   0.04141   0.01913   0.01711   0.00505   0.01146   0.00199   0.00136   0.00893   0.01887   0.02236   0.03550   0.14095   0.34141   0.17305   0.15612   0.05256   0.00226   0.03067   0.18181   0.08458   0.05620   0.15373   0.14961   0.01076   0.11540   0.18673   2.22881   0.63962   0.69448   1.97139  
 22 682.7628  12230.686057  x:  0.15984   0.04452   0.01857   0.01696   0.00496   0.01148   0.00198   0.00136   0.00864   0.01922   0.02289   0.02991   0.13794   0.34247   0.16910   0.15242   0.04145   0.00338   0.01531   0.18511   0.09518   0.05775   0.14484   0.14355   0.01020   0.11603   0.18722   2.46224   0.61748   0.66547   1.97651  
 23 777.2950  12223.617337  x:  0.16017   0.03433   0.01841   0.01681   0.00500   0.01143   0.00197   0.00135   0.00865   0.01866   0.02259   0.03437   0.12803   0.34208   0.16286   0.14353   0.03585   0.00255   0.03017   0.20075   0.10219   0.05296   0.13661   0.13830   0.00986   0.12581   0.18734   2.71412   0.59504   0.63263   1.98252  
 24 2295.1982  12221.485278  x:  0.16635   0.03652   0.01799   0.01702   0.00499   0.01144   0.00197   0.00135   0.00861   0.01869   0.02205   0.03407   0.12265   0.34083   0.16166   0.13874   0.05000   0.00239   0.02770   0.21149   0.09464   0.05075   0.13714   0.14085   0.00920   0.13146   0.18690   2.78885   0.58887   0.62124   1.98489  
 25 650.5318  12221.133978  x:  0.16734   0.03632   0.01795   0.01701   0.00500   0.01144   0.00197   0.00135   0.00863   0.01871   0.02341   0.03449   0.12181   0.33910   0.16341   0.13811   0.04737   0.00227   0.02703   0.21630   0.08955   0.05442   0.14113   0.14403   0.00919   0.13132   0.18688   2.80051   0.58746   0.61786   1.98591  
 26 111.7243  12221.075030  x:  0.16774   0.03648   0.01800   0.01701   0.00499   0.01144   0.00197   0.00135   0.00862   0.01868   0.02172   0.03407   0.12203   0.33834   0.16436   0.13822   0.04659   0.00223   0.02694   0.21761   0.08929   0.05360   0.14242   0.14483   0.00930   0.13083   0.18696   2.80226   0.58683   0.61650   1.98643  
 27 49.2756  12221.024525  x:  0.16844   0.03673   0.01799   0.01701   0.00500   0.01144   0.00197   0.00135   0.00863   0.01870   0.02270   0.03428   0.12267   0.33712   0.16581   0.13856   0.04638   0.00220   0.02677   0.21905   0.09034   0.05201   0.14373   0.14544   0.00934   0.12998   0.18712   2.80353   0.58563   0.61401   1.98744  
 28 38.0226  12220.964969  x:  0.16935   0.03604   0.01803   0.01701   0.00500   0.01144   0.00197   0.00135   0.00864   0.01871   0.02243   0.03430   0.12360   0.33525   0.16742   0.13899   0.04746   0.00218   0.02685   0.22020   0.09240   0.05353   0.14421   0.14537   0.00935   0.12935   0.18740   2.80452   0.58274   0.60872   1.98971  
 29 31.3036  12220.560642  x:  0.17043   0.03584   0.01783   0.01691   0.00498   0.01143   0.00196   0.00134   0.00858   0.01857   0.02248   0.03421   0.12762   0.32504   0.17087   0.13973   0.04704   0.00233   0.02718   0.21972   0.08897   0.05318   0.13936   0.14184   0.00894   0.13123   0.18908   2.80846   0.55469   0.56258   2.01019  
 30 46.7562  12219.654317  x:  0.16758   0.03622   0.01741   0.01668   0.00494   0.01138   0.00194   0.00132   0.00849   0.01830   0.02245   0.03407   0.12024   0.31869   0.16399   0.13607   0.04773   0.00214   0.02718   0.21459   0.09104   0.05287   0.14270   0.14653   0.00865   0.12914   0.18717   2.81607   0.49057   0.45290   2.06027  
 31 173.3069  12218.962880  x:  0.16614   0.03646   0.01717   0.01665   0.00493   0.01135   0.00192   0.00131   0.00841   0.01818   0.02247   0.03412   0.12145   0.33719   0.16422   0.14191   0.04759   0.00229   0.02686   0.22038   0.09048   0.05294   0.14396   0.14272   0.00828   0.12910   0.18586   2.82179   0.44671   0.36369   2.10398  
 32 164.3917  12218.869359  x:  0.16874   0.03600   0.01716   0.01666   0.00493   0.01134   0.00192   0.00131   0.00842   0.01818   0.02247   0.03414   0.12328   0.34110   0.16532   0.13871   0.04687   0.00222   0.02708   0.21981   0.09061   0.05298   0.14206   0.14543   0.00824   0.12852   0.18813   2.82266   0.44174   0.35284   2.11216  
 33 49.0146  12218.806825  x:  0.17121   0.03580   0.01709   0.01667   0.00493   0.01134   0.00192   0.00130   0.00840   0.01817   0.02247   0.03419   0.12196   0.34234   0.16744   0.13661   0.04623   0.00226   0.02697   0.21801   0.09058   0.05298   0.14389   0.14311   0.00814   0.12932   0.18861   2.82354   0.43893   0.34984   2.12385  
 34 15.3761  12217.451561  x:  0.17475   0.03602   0.01671   0.01661   0.00491   0.01139   0.00190   0.00127   0.00824   0.01799   0.02252   0.03413   0.11576   0.34742   0.17757   0.13920   0.04510   0.00231   0.02772   0.21745   0.09066   0.05310   0.13702   0.14744   0.00769   0.12804   0.18013   2.84364   0.38433   0.32150   2.40569  
 35 44.4880  12216.318106  x:  0.17303   0.03551   0.01649   0.01656   0.00489   0.01144   0.00189   0.00124   0.00813   0.01785   0.02255   0.03417   0.12194   0.34997   0.17207   0.13757   0.04600   0.00242   0.02728   0.22052   0.09063   0.05321   0.14109   0.14513   0.00687   0.12764   0.18811   2.86095   0.33814   0.29795   2.64868  
 36 707.1242  12216.295657  x:  0.17412   0.03557   0.01646   0.01657   0.00489   0.01144   0.00189   0.00124   0.00813   0.01786   0.02256   0.03420   0.12066   0.34990   0.17162   0.13945   0.04575   0.00241   0.02732   0.22032   0.09068   0.05323   0.14087   0.14548   0.00680   0.12775   0.19026   2.86130   0.33748   0.29752   2.65327  
 37 20.8776  12216.275504  x:  0.17655   0.03524   0.01646   0.01658   0.00489   0.01145   0.00189   0.00124   0.00812   0.01786   0.02255   0.03421   0.12148   0.34975   0.16987   0.14023   0.04521   0.00242   0.02731   0.22023   0.09066   0.05324   0.14103   0.14538   0.00680   0.12767   0.18904   2.86148   0.33775   0.29838   2.65324  
 38  1.5084  12211.308616  x:  0.17286   0.03523   0.01622   0.01928   0.00497   0.01310   0.00191   0.00094   0.00680   0.01863   0.02256   0.03501   0.12956   0.35375   0.16572   0.14134   0.04785   0.00491   0.02615   0.22464   0.09070   0.05437   0.14697   0.14390   0.00000   0.11976   0.19905   2.89783   0.43280   0.52766   2.51129  
 39  3.7653  12210.159457  x:  0.17394   0.03507   0.01508   0.02113   0.00496   0.01374   0.00165   0.00104   0.00611   0.01830   0.02245   0.03551   0.12926   0.35905   0.16925   0.14238   0.04809   0.00662   0.02578   0.22530   0.09072   0.05481   0.14708   0.14411   0.00371   0.11435   0.19824   2.92969   0.45877   0.63543   2.55621  
 40  0.1547  12209.362159  x:  0.17624   0.03511   0.01514   0.02210   0.00473   0.01467   0.00125   0.00115   0.00726   0.01836   0.02238   0.03591   0.12497   0.36402   0.17488   0.14305   0.04758   0.00832   0.02558   0.22366   0.09042   0.05500   0.14441   0.14467   0.00128   0.11371   0.19319   2.95610   0.45430   0.70538   2.70791  
 41  0.1471  12209.074035  x:  0.17494   0.03537   0.01486   0.02105   0.00449   0.01508   0.00102   0.00118   0.00666   0.01794   0.02249   0.03547   0.12623   0.36195   0.17086   0.14274   0.04758   0.00882   0.02563   0.22321   0.09061   0.05482   0.14519   0.14394   0.00080   0.11836   0.19587   2.93899   0.45285   0.76087   2.81058  
 42  0.0803  12208.979862  x:  0.17508   0.03513   0.01572   0.02077   0.00453   0.01516   0.00106   0.00115   0.00699   0.01847   0.02248   0.03541   0.12649   0.36033   0.17035   0.14236   0.04748   0.00873   0.02581   0.22464   0.09079   0.05466   0.14528   0.14408   0.00150   0.11635   0.19667   2.92027   0.44879   0.79458   2.92036  
 43  0.0728  12208.895961  x:  0.17613   0.03514   0.01483   0.02084   0.00455   0.01526   0.00118   0.00107   0.00668   0.01824   0.02249   0.03560   0.12588   0.36131   0.17286   0.14252   0.04747   0.00835   0.02598   0.22530   0.09074   0.05484   0.14489   0.14471   0.00140   0.11543   0.19557   2.90941   0.45303   0.87052   3.11494  
 44  0.0879  12208.812041  x:  0.17569   0.03519   0.01544   0.02128   0.00462   0.01484   0.00116   0.00113   0.00701   0.01816   0.02247   0.03574   0.12559   0.36264   0.17186   0.14237   0.04765   0.00765   0.02582   0.22450   0.09033   0.05486   0.14495   0.14400   0.00143   0.11745   0.19584   2.91242   0.45899   0.96767   3.39313  
 45  0.1159  12208.741797  x:  0.17541   0.03533   0.01521   0.02111   0.00459   0.01447   0.00114   0.00120   0.00674   0.01831   0.02249   0.03545   0.12547   0.36224   0.17114   0.14235   0.04736   0.00716   0.02584   0.22427   0.09077   0.05471   0.14493   0.14441   0.00155   0.11639   0.19584   2.92219   0.44736   1.03473   3.78097  
 46  0.1671  12208.621833  x:  0.17513   0.03518   0.01475   0.02051   0.00457   0.01432   0.00116   0.00125   0.00676   0.01823   0.02253   0.03520   0.12727   0.36060   0.17114   0.14285   0.04724   0.00715   0.02580   0.22434   0.09121   0.05478   0.14570   0.14494   0.00171   0.11462   0.19693   2.93438   0.45823   1.20867   4.46338  
 47  0.2211  12208.336403  x:  0.17610   0.03468   0.01594   0.02067   0.00471   0.01464   0.00119   0.00129   0.00673   0.01828   0.02244   0.03586   0.12649   0.36090   0.17406   0.14301   0.04751   0.00848   0.02557   0.22374   0.09032   0.05504   0.14492   0.14427   0.00112   0.11715   0.19537   2.94114   0.43902   1.57019   6.39323  
 48  0.5432  12208.152162  x:  0.17517   0.03572   0.01489   0.02104   0.00476   0.01479   0.00123   0.00116   0.00709   0.01825   0.02248   0.03550   0.12570   0.36168   0.17013   0.14215   0.04766   0.00892   0.02581   0.22407   0.09064   0.05480   0.14515   0.14394   0.00130   0.11711   0.19618   2.91238   0.44859   1.96853   8.24886  
 49  0.7988  12208.021462  x:  0.17542   0.03511   0.01521   0.02104   0.00473   0.01454   0.00118   0.00113   0.00666   0.01818   0.02252   0.03538   0.12619   0.36170   0.17106   0.14256   0.04744   0.00871   0.02602   0.22517   0.09101   0.05473   0.14523   0.14463   0.00117   0.11590   0.19632   2.91159   0.43450   2.53063  11.17457  
 50  1.2068  12207.913158  x:  0.17596   0.03477   0.01564   0.02109   0.00463   0.01447   0.00111   0.00111   0.00661   0.01833   0.02250   0.03565   0.12639   0.36171   0.17296   0.14286   0.04747   0.00820   0.02595   0.22492   0.09063   0.05491   0.14511   0.14459   0.00114   0.11683   0.19585   2.91525   0.44418   3.24145  14.61078  
 51  1.5659  12207.829024  x:  0.17570   0.03531   0.01500   0.02090   0.00451   0.01468   0.00112   0.00110   0.00713   0.01825   0.02249   0.03559   0.12614   0.36149   0.17188   0.14246   0.04756   0.00788   0.02586   0.22421   0.09047   0.05494   0.14517   0.14413   0.00139   0.11733   0.19603   2.92066   0.43523   4.14239  19.25431  
 52  2.7146  12207.768467  x:  0.17522   0.03544   0.01554   0.02102   0.00447   0.01521   0.00114   0.00109   0.00663   0.01832   0.02248   0.03547   0.12597   0.36150   0.17054   0.14229   0.04751   0.00797   0.02584   0.22423   0.09092   0.05477   0.14526   0.14455   0.00130   0.11590   0.19625   2.92080   0.43533   5.47321  26.00061  
 53  2.6626  12207.724476  x:  0.17582   0.03484   0.01509   0.02119   0.00449   0.01528   0.00112   0.00113   0.00698   0.01831   0.02250   0.03564   0.12652   0.36181   0.17269   0.14291   0.04751   0.00784   0.02589   0.22468   0.09065   0.05494   0.14521   0.14451   0.00139   0.11730   0.19606   2.92207   0.43516   7.18787  34.70992  
 54  3.0349  12207.678312  x:  0.17552   0.03567   0.01546   0.02101   0.00461   0.01503   0.00112   0.00116   0.00675   0.01822   0.02251   0.03540   0.12603   0.36164   0.17084   0.14218   0.04747   0.00794   0.02593   0.22434   0.09068   0.05486   0.14529   0.14424   0.00124   0.11630   0.19626   2.91788   0.43162  10.41948  51.21980  
 55  4.3808  12207.651347  x:  0.17560   0.03496   0.01517   0.02094   0.00470   0.01481   0.00114   0.00115   0.00684   0.01830   0.02247   0.03562   0.12615   0.36163   0.17172   0.14256   0.04758   0.00810   0.02592   0.22467   0.09075   0.05484   0.14517   0.14453   0.00129   0.11672   0.19616   2.91707   0.43516  13.56319  67.21526  
 56  6.7157  12207.636614  x:  0.17572   0.03516   0.01524   0.02094   0.00470   0.01473   0.00114   0.00115   0.00687   0.01825   0.02250   0.03557   0.12621   0.36179   0.17199   0.14265   0.04750   0.00822   0.02588   0.22456   0.09068   0.05490   0.14515   0.14440   0.00122   0.11685   0.19608   2.92137   0.43043  17.75567  88.65121  
 57  9.4184  12207.628700  x:  0.17566   0.03526   0.01527   0.02095   0.00467   0.01475   0.00115   0.00114   0.00685   0.01824   0.02250   0.03553   0.12620   0.36177   0.17174   0.14257   0.04749   0.00822   0.02588   0.22448   0.09069   0.05490   0.14518   0.14436   0.00122   0.11674   0.19613   2.92115   0.43127  19.78667  99.00000  
 58 11.7425  12207.628700  x:  0.17566   0.03526   0.01527   0.02095   0.00467   0.01475   0.00115   0.00114   0.00685   0.01824   0.02250   0.03553   0.12620   0.36177   0.17174   0.14257   0.04749   0.00822   0.02588   0.22448   0.09069   0.05490   0.14518   0.14436   0.00122   0.11674   0.19613   2.92115   0.43127  19.78667  99.00000  
 59  9.6834  12207.628042  x:  0.17566   0.03526   0.01528   0.02096   0.00462   0.01477   0.00113   0.00112   0.00685   0.01824   0.02250   0.03553   0.12620   0.36177   0.17174   0.14257   0.04749   0.00820   0.02588   0.22448   0.09069   0.05490   0.14518   0.14436   0.00123   0.11674   0.19613   2.92115   0.43128  19.78667  99.00000  
 60 19.1110  12207.627478  x:  0.17566   0.03525   0.01528   0.02097   0.00457   0.01482   0.00114   0.00114   0.00684   0.01825   0.02250   0.03554   0.12620   0.36177   0.17174   0.14257   0.04749   0.00817   0.02588   0.22448   0.09069   0.05490   0.14518   0.14436   0.00124   0.11674   0.19613   2.92115   0.43129  19.78667  99.00000  
 61 27.2242  12207.627059  x:  0.17566   0.03524   0.01528   0.02100   0.00460   0.01490   0.00114   0.00113   0.00683   0.01828   0.02250   0.03555   0.12620   0.36177   0.17173   0.14257   0.04750   0.00810   0.02589   0.22449   0.09070   0.05490   0.14519   0.14437   0.00126   0.11674   0.19614   2.92115   0.43132  19.78666  99.00000  
 62  8.7142  12207.627031  x:  0.17566   0.03524   0.01528   0.02100   0.00460   0.01489   0.00113   0.00114   0.00684   0.01828   0.02250   0.03555   0.12620   0.36177   0.17173   0.14257   0.04750   0.00809   0.02589   0.22449   0.09070   0.05490   0.14519   0.14437   0.00127   0.11674   0.19614   2.92115   0.43133  19.78666  99.00000  
 63  2.8606  12207.626935  x:  0.17566   0.03522   0.01528   0.02102   0.00459   0.01487   0.00114   0.00113   0.00686   0.01829   0.02250   0.03556   0.12620   0.36177   0.17172   0.14257   0.04751   0.00806   0.02591   0.22450   0.09071   0.05489   0.14520   0.14439   0.00128   0.11673   0.19615   2.92115   0.43139  19.78666  99.00000  
 64 12.5360  12207.626812  x:  0.17566   0.03520   0.01527   0.02103   0.00460   0.01485   0.00114   0.00113   0.00682   0.01829   0.02249   0.03557   0.12621   0.36177   0.17171   0.14256   0.04753   0.00804   0.02593   0.22451   0.09073   0.05489   0.14522   0.14442   0.00128   0.11673   0.19617   2.92115   0.43150  19.78665  99.00000  
 65  5.6091  12207.626469  x:  0.17565   0.03514   0.01525   0.02102   0.00460   0.01488   0.00114   0.00113   0.00684   0.01827   0.02249   0.03558   0.12622   0.36176   0.17166   0.14255   0.04759   0.00808   0.02598   0.22455   0.09078   0.05488   0.14528   0.14451   0.00126   0.11671   0.19622   2.92114   0.43188  19.78663  99.00000  
 66  7.1267  12207.626216  x:  0.17564   0.03516   0.01530   0.02099   0.00459   0.01487   0.00114   0.00113   0.00684   0.01830   0.02250   0.03555   0.12623   0.36176   0.17162   0.14254   0.04759   0.00809   0.02591   0.22458   0.09079   0.05487   0.14529   0.14456   0.00128   0.11670   0.19625   2.92113   0.43222  19.78661  99.00000  
 67  5.1319  12207.626129  x:  0.17564   0.03518   0.01530   0.02099   0.00459   0.01487   0.00114   0.00113   0.00684   0.01829   0.02250   0.03554   0.12624   0.36175   0.17161   0.14254   0.04758   0.00806   0.02587   0.22459   0.09078   0.05487   0.14529   0.14456   0.00125   0.11670   0.19626   2.92113   0.43235  19.78660  99.00000  
 68  6.4227  12207.626041  x:  0.17563   0.03521   0.01526   0.02101   0.00459   0.01487   0.00114   0.00113   0.00684   0.01826   0.02250   0.03554   0.12624   0.36175   0.17161   0.14254   0.04755   0.00807   0.02585   0.22459   0.09075   0.05487   0.14528   0.14453   0.00127   0.11670   0.19625   2.92113   0.43249  19.78659  99.00000  
 69  3.8555  12207.625970  x:  0.17562   0.03522   0.01526   0.02102   0.00459   0.01487   0.00114   0.00113   0.00684   0.01829   0.02249   0.03555   0.12622   0.36174   0.17161   0.14254   0.04750   0.00808   0.02588   0.22458   0.09072   0.05488   0.14525   0.14448   0.00126   0.11670   0.19623   2.92112   0.43262  19.78657  99.00000  
 70  2.6340  12207.625937  x:  0.17562   0.03521   0.01528   0.02100   0.00459   0.01487   0.00114   0.00113   0.00684   0.01827   0.02249   0.03556   0.12621   0.36174   0.17162   0.14254   0.04749   0.00807   0.02590   0.22456   0.09070   0.05488   0.14523   0.14444   0.00127   0.11670   0.19621   2.92111   0.43268  19.78656  99.00000  
 71  1.8214  12207.625924  x:  0.17562   0.03519   0.01527   0.02100   0.00459   0.01487   0.00114   0.00113   0.00684   0.01828   0.02249   0.03554   0.12620   0.36173   0.17163   0.14254   0.04751   0.00808   0.02590   0.22455   0.09070   0.05488   0.14522   0.14442   0.00127   0.11670   0.19619   2.92110   0.43271  19.78655  99.00000  
 72  0.7410  12207.625920  x:  0.17562   0.03519   0.01528   0.02101   0.00459   0.01487   0.00114   0.00113   0.00684   0.01827   0.02249   0.03554   0.12619   0.36173   0.17163   0.14254   0.04751   0.00808   0.02589   0.22454   0.09071   0.05488   0.14521   0.14441   0.00126   0.11670   0.19618   2.92110   0.43272  19.78654  99.00000  
 73  0.6249  12207.625916  x:  0.17562   0.03520   0.01527   0.02100   0.00459   0.01487   0.00114   0.00113   0.00684   0.01828   0.02249   0.03555   0.12619   0.36173   0.17163   0.14253   0.04752   0.00808   0.02589   0.22452   0.09072   0.05487   0.14520   0.14441   0.00127   0.11670   0.19617   2.92109   0.43273  19.78653  99.00000  
 74  0.4111  12207.625914  x:  0.17562   0.03520   0.01527   0.02100   0.00459   0.01487   0.00114   0.00113   0.00684   0.01828   0.02250   0.03554   0.12619   0.36172   0.17164   0.14253   0.04752   0.00808   0.02590   0.22451   0.09072   0.05487   0.14521   0.14442   0.00127   0.11669   0.19616   2.92107   0.43273  19.78651  99.00000  
 75  0.2581  12207.625910  x:  0.17561   0.03520   0.01527   0.02100   0.00459   0.01487   0.00114   0.00113   0.00684   0.01828   0.02249   0.03555   0.12619   0.36170   0.17164   0.14252   0.04751   0.00808   0.02589   0.22449   0.09072   0.05487   0.14521   0.14443   0.00127   0.11669   0.19615   2.92104   0.43273  19.78647  99.00000  
 76  0.3380  12207.625905  x:  0.17561   0.03519   0.01527   0.02100   0.00459   0.01487   0.00114   0.00113   0.00684   0.01828   0.02250   0.03555   0.12619   0.36168   0.17164   0.14252   0.04751   0.00808   0.02589   0.22448   0.09071   0.05488   0.14521   0.14443   0.00127   0.11669   0.19615   2.92099   0.43273  19.78641  99.00000  
 77  0.4533  12207.625882  x:  0.17560   0.03520   0.01527   0.02100   0.00459   0.01487   0.00114   0.00113   0.00684   0.01828   0.02249   0.03554   0.12620   0.36160   0.17163   0.14251   0.04755   0.00808   0.02590   0.22446   0.09067   0.05488   0.14523   0.14442   0.00126   0.11670   0.19617   2.92070   0.43274  19.78603  99.00000  
 78  1.3313  12207.625825  x:  0.17558   0.03520   0.01527   0.02100   0.00459   0.01487   0.00114   0.00113   0.00684   0.01828   0.02249   0.03555   0.12620   0.36146   0.17162   0.14254   0.04752   0.00808   0.02589   0.22448   0.09074   0.05488   0.14521   0.14438   0.00126   0.11670   0.19621   2.91999   0.43275  19.78512  99.00000  
 79  2.4871  12207.625732  x:  0.17561   0.03520   0.01527   0.02100   0.00459   0.01487   0.00114   0.00113   0.00684   0.01827   0.02249   0.03555   0.12615   0.36147   0.17162   0.14256   0.04752   0.00808   0.02590   0.22457   0.09070   0.05483   0.14516   0.14444   0.00127   0.11667   0.19615   2.91881   0.43277  19.78356  99.00000  
 80  2.9625  12207.625678  x:  0.17563   0.03520   0.01527   0.02100   0.00459   0.01487   0.00114   0.00113   0.00684   0.01828   0.02249   0.03555   0.12615   0.36154   0.17162   0.14255   0.04752   0.00808   0.02590   0.22458   0.09070   0.05491   0.14518   0.14445   0.00127   0.11668   0.19612   2.91813   0.43279  19.78263  99.00000  
 81  5.8352  12207.625620  x:  0.17563   0.03520   0.01527   0.02100   0.00459   0.01487   0.00114   0.00113   0.00684   0.01828   0.02249   0.03555   0.12619   0.36168   0.17163   0.14252   0.04751   0.00808   0.02589   0.22453   0.09072   0.05487   0.14523   0.14441   0.00127   0.11671   0.19613   2.91742   0.43280  19.78162  99.00000  
 82  4.6565  12207.625609  x:  0.17561   0.03520   0.01527   0.02100   0.00459   0.01487   0.00114   0.00113   0.00684   0.01828   0.02249   0.03555   0.12619   0.36171   0.17163   0.14252   0.04751   0.00808   0.02590   0.22450   0.09071   0.05488   0.14520   0.14442   0.00127   0.11668   0.19617   2.91732   0.43280  19.78142  99.00000  
 83  0.7725  12207.625597  x:  0.17560   0.03520   0.01527   0.02100   0.00459   0.01487   0.00114   0.00113   0.00684   0.01828   0.02249   0.03555   0.12617   0.36172   0.17163   0.14254   0.04752   0.00808   0.02590   0.22448   0.09072   0.05488   0.14518   0.14443   0.00126   0.11673   0.19619   2.91730   0.43280  19.78112  99.00000  
 84  0.3428  12207.624808  x:  0.17538   0.03527   0.01527   0.02100   0.00459   0.01487   0.00114   0.00113   0.00684   0.01828   0.02249   0.03555   0.12575   0.36177   0.17151   0.14275   0.04755   0.00808   0.02587   0.22443   0.09071   0.05488   0.14545   0.14438   0.00127   0.11665   0.19620   2.91737   0.43266  19.76012  99.00000  
 85  1.4415  12207.603899  x:  0.17378   0.03529   0.01528   0.02099   0.00459   0.01487   0.00114   0.00114   0.00683   0.01827   0.02248   0.03552   0.12653   0.36207   0.16973   0.14310   0.04789   0.00809   0.02592   0.22465   0.09068   0.05484   0.14480   0.14428   0.00128   0.11666   0.19540   2.91997   0.42896  19.20485  99.00000  
 86 86.3703  12207.569135  x:  0.17566   0.03515   0.01526   0.02101   0.00458   0.01487   0.00115   0.00115   0.00683   0.01828   0.02249   0.03554   0.12627   0.36190   0.17155   0.14273   0.04751   0.00806   0.02590   0.22446   0.09073   0.05486   0.14519   0.14442   0.00126   0.11668   0.19611   2.92429   0.42322  18.28904  99.00000  
 87 1154.4523  12207.569049  x:  0.17560   0.03517   0.01526   0.02101   0.00458   0.01487   0.00115   0.00115   0.00683   0.01828   0.02249   0.03554   0.12619   0.36190   0.17156   0.14256   0.04752   0.00806   0.02590   0.22452   0.09073   0.05486   0.14517   0.14441   0.00126   0.11667   0.19614   2.92430   0.42320  18.28675  99.00000  
 88  8.7531  12207.569047  x:  0.17558   0.03517   0.01526   0.02101   0.00458   0.01487   0.00115   0.00115   0.00683   0.01828   0.02249   0.03554   0.12620   0.36190   0.17159   0.14256   0.04753   0.00806   0.02590   0.22453   0.09073   0.05486   0.14517   0.14441   0.00126   0.11668   0.19614   2.92431   0.42320  18.28668  99.00000  
 89  0.2518  12207.568901  x:  0.17570   0.03518   0.01527   0.02100   0.00459   0.01487   0.00114   0.00114   0.00683   0.01827   0.02248   0.03555   0.12619   0.36179   0.17154   0.14254   0.04750   0.00806   0.02590   0.22452   0.09071   0.05486   0.14523   0.14442   0.00125   0.11672   0.19615   2.92456   0.42301  18.29195  99.00000  
 90  0.0081  12207.568869  x:  0.17567   0.03518   0.01527   0.02100   0.00459   0.01487   0.00114   0.00114   0.00684   0.01827   0.02248   0.03555   0.12620   0.36180   0.17165   0.14254   0.04751   0.00806   0.02590   0.22453   0.09071   0.05486   0.14522   0.14442   0.00126   0.11670   0.19615   2.92473   0.42292  18.29540  99.00000  
 91  0.0045  12207.568858  x:  0.17564   0.03518   0.01527   0.02100   0.00459   0.01487   0.00114   0.00113   0.00684   0.01827   0.02249   0.03555   0.12620   0.36182   0.17167   0.14254   0.04752   0.00806   0.02589   0.22453   0.09072   0.05486   0.14521   0.14442   0.00126   0.11669   0.19615   2.92469   0.42295  18.29233  99.00000  
 92  0.0012  12207.568858  x:  0.17565   0.03518   0.01527   0.02100   0.00459   0.01487   0.00114   0.00113   0.00684   0.01827   0.02249   0.03555   0.12620   0.36182   0.17166   0.14254   0.04751   0.00806   0.02589   0.22453   0.09072   0.05486   0.14521   0.14442   0.00126   0.11670   0.19615   2.92469   0.42295  18.29296  99.00000  
 93  0.0015  12207.568858  x:  0.17565   0.03518   0.01527   0.02100   0.00459   0.01487   0.00114   0.00113   0.00684   0.01827   0.02249   0.03555   0.12620   0.36182   0.17166   0.14254   0.04751   0.00806   0.02589   0.22453   0.09072   0.05486   0.14521   0.14442   0.00126   0.11670   0.19615   2.92469   0.42295  18.29297  99.00000  
 94  0.0009  12207.568858  x:  0.17565   0.03518   0.01527   0.02100   0.00459   0.01487   0.00114   0.00113   0.00684   0.01827   0.02249   0.03555   0.12620   0.36182   0.17166   0.14254   0.04751   0.00806   0.02589   0.22453   0.09072   0.05486   0.14521   0.14442   0.00126   0.11670   0.19615   2.92469   0.42295  18.29297  99.00000  
 95  0.0008  12207.568858  x:  0.17565   0.03518   0.01527   0.02100   0.00459   0.01487   0.00114   0.00113   0.00684   0.01827   0.02249   0.03555   0.12620   0.36182   0.17166   0.14254   0.04751   0.00806   0.02589   0.22453   0.09072   0.05486   0.14521   0.14442   0.00126   0.11670   0.19615   2.92469   0.42295  18.29297  99.00000  
check convergence!
