

Model 0: one-ratio

TREE # 1

  0  0.0000   4528.453596  x:  0.00397   0.10912   0.01397   0.01062   0.00674   0.00000   0.00362   0.00626   0.00205   0.00690   0.00642   0.01228   0.01846   0.07452   0.17429   0.30388   0.05677   0.06317   0.01334   0.00763   0.01018   0.10372   0.03456   0.03151   0.08170   0.06781   0.00195   0.07143   0.23038   2.00000   0.40000  
  1 99.0000   4528.452291  x:  0.00397   0.10912   0.01397   0.01062   0.00674   0.00000   0.00362   0.00626   0.00205   0.00690   0.00642   0.01228   0.01846   0.07452   0.17429   0.30388   0.05677   0.06317   0.01334   0.00763   0.01018   0.10372   0.03456   0.03151   0.08170   0.06781   0.00195   0.07143   0.23038   2.00000   0.40000  
  2 796.5748   4527.269126  x:  0.00407   0.10925   0.01394   0.01062   0.00686   0.00000   0.00328   0.00640   0.00000   0.00657   0.00619   0.01204   0.01839   0.07458   0.17425   0.30402   0.05670   0.06319   0.01401   0.00726   0.01086   0.10381   0.03454   0.03155   0.08166   0.06771   0.00183   0.07140   0.23042   2.00021   0.39920  
  3 927.2017   4526.549168  x:  0.00369   0.11005   0.01364   0.01066   0.00667   0.00000   0.00574   0.00585   0.00000   0.00604   0.00602   0.01107   0.01809   0.07502   0.17394   0.30504   0.05623   0.06329   0.01649   0.00542   0.01227   0.10432   0.03442   0.03179   0.08126   0.06693   0.00000   0.07116   0.23067   2.00177   0.39342  
  4 430.0839   4523.832511  x:  0.00000   0.11308   0.01253   0.01079   0.00481   0.00000   0.00508   0.00287   0.00000   0.00766   0.00794   0.00950   0.01731   0.07675   0.17258   0.30922   0.05447   0.06368   0.02094   0.00263   0.01086   0.10617   0.03402   0.03259   0.07962   0.06388   0.00136   0.07059   0.23177   2.00824   0.36944  
  5 527.1410   4523.832511  x:  0.00000   0.11308   0.01253   0.01079   0.00481   0.00000   0.00508   0.00287   0.00000   0.00766   0.00794   0.00950   0.01731   0.07675   0.17258   0.30922   0.05447   0.06368   0.02094   0.00263   0.01086   0.10617   0.03402   0.03259   0.07962   0.06388   0.00136   0.07059   0.23177   2.00824   0.36944  
  6 2727.6810   4519.684058  x:  0.00150   0.11335   0.01297   0.01074   0.00775   0.00000   0.00514   0.01115   0.00000   0.00605   0.00621   0.00993   0.01746   0.07679   0.17258   0.30953   0.05447   0.06370   0.02194   0.00632   0.01349   0.10631   0.03407   0.03252   0.07972   0.06391   0.00825   0.07096   0.23192   2.00874   0.36769  
  7 997.8980   4518.500270  x:  0.00339   0.11391   0.01376   0.01068   0.00823   0.00000   0.00516   0.00837   0.00000   0.00369   0.00353   0.01056   0.01776   0.07691   0.17253   0.31040   0.05449   0.06377   0.02339   0.00542   0.01761   0.10665   0.03414   0.03245   0.07977   0.06391   0.01085   0.07108   0.23221   2.01020   0.36253  
  8 256.0171   4517.355126  x:  0.00532   0.11488   0.01467   0.01062   0.00852   0.00000   0.00515   0.00592   0.00000   0.00609   0.00642   0.01105   0.01816   0.07714   0.17240   0.31217   0.05451   0.06391   0.02544   0.00435   0.02305   0.10724   0.03423   0.03235   0.07980   0.06387   0.01421   0.07119   0.23278   2.01323   0.35195  
  9 405.7106   4513.359238  x:  0.00276   0.11787   0.01426   0.01077   0.00357   0.00000   0.00506   0.01011   0.00000   0.00643   0.00616   0.00917   0.01842   0.07795   0.17164   0.31959   0.05459   0.06450   0.02819   0.00157   0.02933   0.10923   0.03440   0.03227   0.07940   0.06353   0.01059   0.07060   0.23501   2.02636   0.30673  
 10 392.0981   4510.204074  x:  0.00000   0.12018   0.01366   0.01087   0.00584   0.00000   0.00510   0.01056   0.00000   0.00645   0.00604   0.00840   0.01848   0.07860   0.17109   0.32562   0.05467   0.06496   0.02985   0.00451   0.03221   0.11073   0.03453   0.03227   0.07909   0.06332   0.00638   0.07016   0.23681   2.03710   0.27025  
 11 2665.4809   4508.922556  x:  0.00000   0.12123   0.01352   0.01068   0.00755   0.00000   0.00537   0.00985   0.00000   0.00560   0.00639   0.01200   0.01813   0.07887   0.17122   0.32907   0.05480   0.06516   0.02915   0.00209   0.02699   0.11125   0.03468   0.03240   0.07910   0.06342   0.00935   0.07063   0.23799   2.04343   0.25232  
 12 488.1381   4508.471997  x:  0.00000   0.12165   0.01373   0.01063   0.00568   0.00000   0.00520   0.00854   0.00000   0.00565   0.00612   0.01242   0.01808   0.07899   0.17148   0.33065   0.05489   0.06523   0.02873   0.00368   0.02399   0.11142   0.03477   0.03248   0.07927   0.06362   0.01173   0.07106   0.23857   2.04638   0.24571  
 13 447.6657   4508.285492  x:  0.00000   0.12185   0.01414   0.01079   0.00607   0.00000   0.00506   0.00808   0.00000   0.00620   0.00552   0.00991   0.01830   0.07907   0.17195   0.33178   0.05500   0.06526   0.02833   0.00325   0.02224   0.11147   0.03484   0.03254   0.07964   0.06393   0.01286   0.07143   0.23906   2.04860   0.24375  
 14 126.1280   4508.132544  x:  0.00000   0.12206   0.01444   0.01084   0.00595   0.00000   0.00571   0.00820   0.00000   0.00485   0.00670   0.00909   0.01861   0.07916   0.17311   0.33387   0.05519   0.06527   0.02775   0.00326   0.02103   0.11154   0.03492   0.03261   0.08054   0.06466   0.01255   0.07198   0.23999   2.05291   0.24354  
 15 68.1026   4507.377624  x:  0.00000   0.12308   0.01496   0.01075   0.00556   0.00000   0.00463   0.00974   0.00000   0.00577   0.00631   0.01041   0.01956   0.07959   0.17965   0.34549   0.05618   0.06526   0.02465   0.00326   0.01579   0.11189   0.03525   0.03291   0.08541   0.06841   0.00915   0.07472   0.24518   2.07748   0.24441  
 16 259.1464   4507.268123  x:  0.00000   0.12309   0.01393   0.01068   0.00547   0.00000   0.00616   0.00980   0.00000   0.00629   0.00591   0.01047   0.01871   0.07955   0.18050   0.34742   0.05613   0.06523   0.02428   0.00328   0.01535   0.11191   0.03518   0.03285   0.08565   0.06840   0.00898   0.07484   0.24597   2.08247   0.24474  
 17 164.5540   4507.014520  x:  0.00000   0.12283   0.01100   0.01067   0.00546   0.00000   0.00525   0.00966   0.00000   0.00596   0.00620   0.01003   0.01612   0.07932   0.18179   0.35147   0.05565   0.06511   0.02381   0.00322   0.01510   0.11190   0.03483   0.03256   0.08509   0.06726   0.00923   0.07446   0.24749   2.09484   0.24568  
 18 200.7905   4505.440578  x:  0.00000   0.11987   0.01514   0.01297   0.00559   0.00000   0.00532   0.00950   0.00000   0.00588   0.00615   0.01040   0.01549   0.07828   0.18664   0.37701   0.05136   0.06439   0.02289   0.00355   0.01546   0.11134   0.03268   0.03116   0.07603   0.05541   0.00973   0.06878   0.25597   2.18774   0.25267  
 19 245.0673   4504.493602  x:  0.00000   0.11847   0.01278   0.00801   0.00581   0.00000   0.00528   0.00903   0.00000   0.00584   0.00600   0.01024   0.02036   0.07791   0.18755   0.38918   0.05124   0.06473   0.02407   0.00356   0.01662   0.11094   0.03398   0.03224   0.07346   0.05524   0.01071   0.06752   0.25924   2.24396   0.25647  
 20 534.6291   4503.096587  x:  0.00000   0.11713   0.01016   0.01390   0.00616   0.00000   0.00541   0.00810   0.00000   0.00580   0.00573   0.01076   0.02326   0.07794   0.18652   0.40544   0.05377   0.06607   0.02706   0.00355   0.01969   0.11027   0.03735   0.03459   0.07390   0.06298   0.01243   0.06852   0.26222   2.34177   0.26250  
 21 775.4505   4501.573487  x:  0.00000   0.11696   0.01536   0.01082   0.00659   0.00000   0.00533   0.00760   0.00000   0.00573   0.00555   0.01076   0.01624   0.07863   0.18350   0.41719   0.05679   0.06704   0.02910   0.00356   0.02287   0.10973   0.03815   0.03472   0.07773   0.07189   0.01319   0.07133   0.26279   2.44158   0.26826  
 22 1008.0453   4499.920708  x:  0.00000   0.12035   0.01412   0.01094   0.00672   0.00000   0.00533   0.00718   0.00000   0.00571   0.00544   0.01087   0.01863   0.07951   0.17559   0.41247   0.05623   0.06448   0.02609   0.00355   0.02399   0.11003   0.02844   0.02698   0.08691   0.07112   0.01386   0.07598   0.25539   2.54967   0.27398  
 23 355.7365   4496.818186  x:  0.00000   0.12874   0.01353   0.01113   0.00664   0.00000   0.00533   0.00744   0.00000   0.00563   0.00551   0.01088   0.01836   0.08041   0.15970   0.38434   0.05235   0.05940   0.02468   0.00356   0.02087   0.11153   0.03581   0.03663   0.09806   0.05885   0.01311   0.07974   0.23427   2.77013   0.28610  
 24 647.7374   4494.660475  x:  0.00000   0.12866   0.01343   0.01111   0.00642   0.00000   0.00530   0.00818   0.00000   0.00552   0.00568   0.01079   0.01787   0.07882   0.15927   0.35248   0.05599   0.06584   0.03248   0.00348   0.01422   0.11160   0.03692   0.03046   0.08717   0.06264   0.01189   0.07217   0.22231   2.91883   0.29380  
 25 481.9988   4493.815593  x:  0.00000   0.12454   0.01367   0.01104   0.00631   0.00000   0.00530   0.00807   0.00000   0.00559   0.00573   0.01068   0.01787   0.07819   0.16484   0.33577   0.05624   0.06674   0.02296   0.00359   0.01602   0.11122   0.03548   0.03282   0.08065   0.06690   0.01241   0.07064   0.22186   2.97622   0.29526  
 26 314.7996   4493.467555  x:  0.00000   0.12055   0.01372   0.01108   0.00635   0.00000   0.00530   0.00808   0.00000   0.00558   0.00571   0.01071   0.01779   0.07880   0.17342   0.32467   0.05387   0.06329   0.02626   0.00354   0.01601   0.11033   0.03382   0.03429   0.08160   0.06654   0.01212   0.07410   0.22833   3.00192   0.29521  
 27 97.8145   4493.398007  x:  0.00000   0.12038   0.01371   0.01108   0.00637   0.00000   0.00530   0.00802   0.00000   0.00558   0.00569   0.01072   0.01786   0.07890   0.17526   0.32186   0.05503   0.06390   0.02571   0.00356   0.01641   0.11028   0.03598   0.03235   0.08322   0.06514   0.01219   0.07420   0.23152   3.00709   0.29514  
 28 42.5324   4493.380804  x:  0.00000   0.12144   0.01368   0.01108   0.00638   0.00000   0.00530   0.00800   0.00000   0.00558   0.00569   0.01072   0.01787   0.07880   0.17505   0.32088   0.05568   0.06482   0.02577   0.00358   0.01639   0.11056   0.03527   0.03309   0.08393   0.06483   0.01225   0.07324   0.23367   3.00841   0.29524  
 29 13.8317   4493.374682  x:  0.00000   0.12230   0.01368   0.01107   0.00638   0.00000   0.00530   0.00800   0.00000   0.00558   0.00569   0.01072   0.01786   0.07875   0.17425   0.32043   0.05499   0.06448   0.02568   0.00358   0.01634   0.11074   0.03545   0.03288   0.08366   0.06527   0.01224   0.07301   0.23512   3.00892   0.29534  
 30  7.1054   4493.372712  x:  0.00000   0.12221   0.01368   0.01107   0.00637   0.00000   0.00530   0.00802   0.00000   0.00558   0.00569   0.01072   0.01786   0.07881   0.17366   0.32033   0.05534   0.06445   0.02569   0.00358   0.01630   0.11066   0.03541   0.03291   0.08324   0.06517   0.01218   0.07357   0.23566   3.00913   0.29538  
 31  2.4685   4493.365333  x:  0.00000   0.12050   0.01369   0.01108   0.00636   0.00000   0.00530   0.00803   0.00000   0.00558   0.00570   0.01071   0.01786   0.07875   0.17244   0.32034   0.05514   0.06451   0.02574   0.00358   0.01620   0.11015   0.03541   0.03293   0.08370   0.06525   0.01216   0.07307   0.23633   3.01025   0.29531  
 32  1.1515   4492.396858  x:  0.00000   0.11516   0.01374   0.01073   0.00686   0.00000   0.00516   0.00862   0.00000   0.00537   0.00541   0.01055   0.01793   0.07632   0.17439   0.33837   0.05387   0.06713   0.02653   0.00393   0.01765   0.12781   0.03525   0.03223   0.08220   0.06550   0.00933   0.07412   0.24331   3.17221   0.28865  
 33  2.7892   4491.589966  x:  0.00000   0.12002   0.01332   0.01043   0.00724   0.00000   0.00506   0.00911   0.00000   0.00522   0.00520   0.01037   0.01794   0.08174   0.17823   0.35288   0.05671   0.06346   0.02643   0.00416   0.01956   0.11330   0.03486   0.03203   0.08004   0.06601   0.00723   0.07047   0.24802   3.30204   0.28279  
 34 203.5561   4491.545764  x:  0.00000   0.12067   0.01340   0.01041   0.00726   0.00000   0.00506   0.00915   0.00000   0.00522   0.00519   0.01036   0.01797   0.07905   0.17853   0.35366   0.05523   0.06561   0.02642   0.00417   0.01978   0.11094   0.03487   0.03205   0.08003   0.06591   0.00700   0.07175   0.24825   3.30922   0.28238  
 35 34.3929   4491.544287  x:  0.00000   0.12069   0.01343   0.01041   0.00727   0.00000   0.00506   0.00915   0.00000   0.00521   0.00519   0.01036   0.01797   0.07845   0.17854   0.35366   0.05553   0.06516   0.02643   0.00417   0.01977   0.11094   0.03486   0.03206   0.08006   0.06592   0.00701   0.07162   0.24824   3.30988   0.28239  
 36  0.2204   4491.228385  x:  0.00000   0.12142   0.01341   0.01055   0.00777   0.00000   0.00513   0.00748   0.00000   0.00495   0.00499   0.01045   0.01821   0.07894   0.17877   0.35330   0.05488   0.06501   0.02484   0.00465   0.01766   0.11063   0.03472   0.03240   0.08126   0.06512   0.00943   0.07255   0.24692   3.45836   0.28771  
 37  2.8110   4491.187648  x:  0.00000   0.12157   0.01335   0.01064   0.00781   0.00000   0.00520   0.00779   0.00000   0.00514   0.00513   0.01040   0.01804   0.07890   0.17697   0.35030   0.05480   0.06498   0.02536   0.00486   0.01764   0.11159   0.03471   0.03221   0.08163   0.06471   0.00845   0.07262   0.24494   3.51044   0.28887  
 38  0.0519   4491.186373  x:  0.00000   0.12146   0.01339   0.01065   0.00779   0.00000   0.00516   0.00776   0.00000   0.00516   0.00517   0.01041   0.01805   0.07894   0.17711   0.35088   0.05489   0.06502   0.02542   0.00494   0.01771   0.11130   0.03478   0.03223   0.08148   0.06493   0.00844   0.07255   0.24529   3.51748   0.28892  
 39  0.0060   4491.186261  x:  0.00000   0.12147   0.01340   0.01065   0.00777   0.00000   0.00517   0.00776   0.00000   0.00517   0.00516   0.01041   0.01805   0.07892   0.17716   0.35089   0.05487   0.06502   0.02538   0.00499   0.01770   0.11141   0.03478   0.03225   0.08151   0.06491   0.00844   0.07259   0.24533   3.51701   0.28888  
 40  0.0003   4491.186239  x:  0.00000   0.12148   0.01339   0.01065   0.00777   0.00000   0.00517   0.00776   0.00000   0.00516   0.00517   0.01041   0.01805   0.07893   0.17714   0.35084   0.05487   0.06502   0.02539   0.00501   0.01770   0.11138   0.03478   0.03224   0.08150   0.06490   0.00844   0.07257   0.24529   3.51611   0.28888  
 41  0.0007   4491.186237  x:  0.00000   0.12147   0.01340   0.01065   0.00777   0.00000   0.00517   0.00776   0.00000   0.00516   0.00516   0.01041   0.01805   0.07893   0.17713   0.35084   0.05487   0.06502   0.02539   0.00501   0.01770   0.11137   0.03478   0.03224   0.08150   0.06491   0.00844   0.07257   0.24529   3.51599   0.28887  
 42  0.0001   4491.186236  x:  0.00000   0.12147   0.01340   0.01065   0.00778   0.00000   0.00517   0.00776   0.00000   0.00516   0.00516   0.01041   0.01805   0.07893   0.17714   0.35085   0.05487   0.06502   0.02539   0.00501   0.01770   0.11137   0.03478   0.03224   0.08150   0.06491   0.00844   0.07257   0.24530   3.51602   0.28887  
 43  0.0000   4491.186236  x:  0.00000   0.12147   0.01340   0.01065   0.00778   0.00000   0.00517   0.00776   0.00000   0.00516   0.00516   0.01041   0.01805   0.07893   0.17714   0.35084   0.05487   0.06502   0.02539   0.00501   0.01770   0.11137   0.03478   0.03224   0.08150   0.06491   0.00844   0.07257   0.24530   3.51603   0.28887  
 44  0.0000   4491.186236  x:  0.00000   0.12147   0.01340   0.01065   0.00778   0.00000   0.00517   0.00776   0.00000   0.00516   0.00516   0.01041   0.01805   0.07893   0.17714   0.35084   0.05487   0.06502   0.02539   0.00501   0.01770   0.11137   0.03478   0.03224   0.08150   0.06491   0.00844   0.07257   0.24530   3.51603   0.28887  

Model 1: NearlyNeutral

TREE # 1

  0  0.0000   4480.339548  x:  0.00405   0.10897   0.01372   0.01108   0.00640   0.00000   0.00369   0.00632   0.00222   0.00737   0.00681   0.01216   0.01838   0.07453   0.17397   0.30318   0.05657   0.06348   0.01337   0.00783   0.01031   0.10351   0.03512   0.03199   0.08211   0.06792   0.00199   0.07124   0.22969   3.51603   0.50913   0.13125  
  1 99.0000   4480.338283  x:  0.00405   0.10897   0.01372   0.01108   0.00640   0.00000   0.00369   0.00632   0.00222   0.00737   0.00681   0.01216   0.01838   0.07453   0.17397   0.30318   0.05657   0.06348   0.01338   0.00783   0.01031   0.10351   0.03512   0.03199   0.08211   0.06792   0.00199   0.07124   0.22969   3.51603   0.50913   0.13125  
  2 761.1257   4478.962235  x:  0.00420   0.10927   0.01383   0.01112   0.00650   0.00000   0.00294   0.00640   0.00000   0.00704   0.00659   0.01201   0.01842   0.07474   0.17409   0.30354   0.05664   0.06364   0.01410   0.00752   0.01101   0.10377   0.03520   0.03214   0.08218   0.06793   0.00209   0.07138   0.22992   3.51606   0.51001   0.13046  
  3 1065.5921   4477.273717  x:  0.00410   0.11078   0.01409   0.01124   0.00602   0.00000   0.00369   0.00579   0.00000   0.00620   0.00616   0.01149   0.01857   0.07583   0.17471   0.30547   0.05700   0.06440   0.01640   0.00590   0.01255   0.10504   0.03554   0.03285   0.08251   0.06795   0.00000   0.07195   0.23111   3.51622   0.51478   0.12618  
  4 677.4754   4470.868681  x:  0.00000   0.11778   0.01387   0.01128   0.00400   0.00000   0.00365   0.00418   0.00000   0.00810   0.00812   0.01101   0.01895   0.08086   0.17770   0.31526   0.05859   0.06788   0.01979   0.00348   0.00989   0.11088   0.03693   0.03549   0.08392   0.06797   0.00170   0.07536   0.23732   3.51708   0.53936   0.10429  
  5 880.5389   4470.868681  x:  0.00000   0.11778   0.01387   0.01128   0.00400   0.00000   0.00365   0.00418   0.00000   0.00810   0.00812   0.01101   0.01895   0.08086   0.17770   0.31526   0.05859   0.06788   0.01979   0.00348   0.00989   0.11088   0.03693   0.03549   0.08392   0.06797   0.00170   0.07536   0.23732   3.51708   0.53936   0.10429  
  6 3114.5160   4466.979355  x:  0.00225   0.11841   0.01416   0.01132   0.01094   0.00000   0.00695   0.01061   0.00000   0.00587   0.00588   0.01100   0.01894   0.08104   0.17803   0.31620   0.05859   0.06796   0.02160   0.00654   0.01458   0.11133   0.03690   0.03533   0.08419   0.06806   0.00688   0.07591   0.23796   3.51717   0.54179   0.10239  
  7 747.2849   4465.009268  x:  0.00502   0.12018   0.01484   0.01147   0.00850   0.00000   0.00383   0.00841   0.00000   0.00362   0.00360   0.01099   0.01898   0.08170   0.17910   0.31933   0.05868   0.06830   0.02485   0.00573   0.02144   0.11268   0.03681   0.03506   0.08474   0.06827   0.01090   0.07666   0.23993   3.51746   0.54963   0.09636  
  8 275.7897   4463.341491  x:  0.00682   0.12248   0.01529   0.01157   0.00631   0.00000   0.00582   0.00653   0.00000   0.00690   0.00695   0.01099   0.01900   0.08261   0.18057   0.32389   0.05878   0.06877   0.02806   0.00414   0.02784   0.11448   0.03668   0.03476   0.08538   0.06849   0.01389   0.07744   0.24275   3.51787   0.56106   0.08781  
  9 609.6382   4459.798796  x:  0.00204   0.12702   0.01413   0.01136   0.00880   0.00000   0.00516   0.00848   0.00000   0.00651   0.00648   0.01110   0.01896   0.08455   0.18394   0.33534   0.05899   0.06976   0.02940   0.00050   0.02872   0.11816   0.03647   0.03460   0.08623   0.06878   0.00825   0.07801   0.24955   3.51893   0.58948   0.06857  
 10 409.4426   4458.548487  x:  0.00000   0.12884   0.01364   0.01126   0.00893   0.00000   0.00503   0.00855   0.00000   0.00637   0.00632   0.01109   0.01892   0.08529   0.18532   0.34013   0.05904   0.07011   0.02982   0.00300   0.02856   0.11961   0.03638   0.03452   0.08654   0.06891   0.00591   0.07825   0.25236   3.51937   0.60133   0.06105  
 11 2204.0308   4457.813708  x:  0.00000   0.12998   0.01370   0.01100   0.00721   0.00000   0.00848   0.00772   0.00000   0.00449   0.00461   0.01050   0.01864   0.08522   0.18627   0.34476   0.05856   0.06977   0.02919   0.00281   0.02496   0.12002   0.03617   0.03424   0.08625   0.06855   0.00800   0.07853   0.25479   3.51987   0.61207   0.06073  
 12 233.7669   4455.781014  x:  0.00000   0.13269   0.01428   0.01076   0.00783   0.00000   0.00507   0.00804   0.00000   0.00612   0.00554   0.00987   0.01791   0.08412   0.18873   0.35892   0.05663   0.06803   0.02695   0.00306   0.01447   0.12027   0.03548   0.03324   0.08494   0.06707   0.01637   0.07906   0.26178   3.52150   0.64447   0.06815  
 13 415.6309   4452.539420  x:  0.00000   0.13487   0.01280   0.01253   0.00906   0.00000   0.00597   0.00709   0.00000   0.00300   0.00792   0.01493   0.01906   0.08101   0.19192   0.38434   0.05400   0.06490   0.02100   0.00331   0.01642   0.11939   0.03498   0.03310   0.08316   0.06515   0.01131   0.07652   0.27276   3.52477   0.70428   0.09713  
 14 380.5305   4451.467227  x:  0.00000   0.13534   0.01269   0.01223   0.00851   0.00000   0.00650   0.00789   0.00000   0.00597   0.00460   0.01447   0.01919   0.07999   0.19289   0.39329   0.05340   0.06405   0.01952   0.00338   0.01777   0.11892   0.03496   0.03323   0.08264   0.06470   0.00855   0.07557   0.27640   3.52599   0.72600   0.10815  
 15 1331.7154   4450.960097  x:  0.00000   0.13493   0.01366   0.01051   0.00784   0.00000   0.00642   0.00917   0.00000   0.00532   0.00534   0.01012   0.01858   0.07985   0.19290   0.39662   0.05393   0.06435   0.02076   0.00341   0.01829   0.11839   0.03522   0.03353   0.08267   0.06504   0.00665   0.07538   0.27727   3.52660   0.73580   0.11335  
 16 322.3519   4450.803799  x:  0.00000   0.13367   0.01422   0.01068   0.00921   0.00000   0.00667   0.00768   0.00000   0.00541   0.00506   0.00975   0.01815   0.08026   0.19212   0.39675   0.05524   0.06547   0.02319   0.00339   0.01778   0.11768   0.03561   0.03377   0.08310   0.06591   0.00613   0.07592   0.27629   3.52697   0.74004   0.11524  
 17 88.4521   4450.639374  x:  0.00000   0.13136   0.01426   0.01112   0.00828   0.00000   0.00663   0.00881   0.00000   0.00534   0.00510   0.01112   0.01797   0.08099   0.19057   0.39599   0.05717   0.06718   0.02590   0.00336   0.01712   0.11658   0.03608   0.03396   0.08388   0.06721   0.00602   0.07700   0.27412   3.52753   0.74543   0.11714  
 18 122.7148   4450.472199  x:  0.00000   0.12752   0.01226   0.01076   0.00827   0.00000   0.00644   0.00847   0.00000   0.00537   0.00516   0.01043   0.01906   0.08186   0.18767   0.39332   0.05838   0.06837   0.02459   0.00332   0.01784   0.11527   0.03594   0.03350   0.08495   0.06817   0.00725   0.07856   0.26985   3.52842   0.75236   0.11830  
 19 69.1463   4450.359980  x:  0.00000   0.12489   0.01453   0.01080   0.00825   0.00000   0.00637   0.00837   0.00000   0.00536   0.00517   0.01056   0.01809   0.08226   0.18511   0.39015   0.05777   0.06799   0.02306   0.00334   0.01849   0.11449   0.03538   0.03308   0.08524   0.06793   0.00773   0.07896   0.26569   3.52929   0.75791   0.11867  
 20 77.2622   4450.225290  x:  0.00000   0.12326   0.01346   0.01130   0.00817   0.00000   0.00637   0.00843   0.00000   0.00532   0.00512   0.01031   0.01744   0.08111   0.18196   0.38402   0.05458   0.06532   0.02473   0.00331   0.01829   0.11410   0.03473   0.03317   0.08399   0.06590   0.00766   0.07730   0.25914   3.53079   0.76518   0.11892  
 21 54.3699   4450.202723  x:  0.00000   0.12348   0.01363   0.01038   0.00824   0.00000   0.00639   0.00837   0.00000   0.00532   0.00510   0.01061   0.01806   0.08074   0.18158   0.38255   0.05451   0.06512   0.02486   0.00330   0.01812   0.11413   0.03487   0.03315   0.08356   0.06562   0.00761   0.07678   0.25796   3.53117   0.76649   0.11896  
 22 42.3865   4450.176810  x:  0.00000   0.12453   0.01392   0.01094   0.00823   0.00000   0.00641   0.00844   0.00000   0.00530   0.00510   0.01036   0.01875   0.08011   0.18144   0.38006   0.05530   0.06543   0.02440   0.00330   0.01784   0.11430   0.03531   0.03299   0.08283   0.06552   0.00749   0.07593   0.25653   3.53185   0.76818   0.11903  
 23 32.6498   4450.159863  x:  0.00000   0.12551   0.01357   0.01073   0.00826   0.00000   0.00642   0.00841   0.00000   0.00529   0.00510   0.01044   0.01789   0.07974   0.18159   0.37809   0.05601   0.06581   0.02388   0.00328   0.01771   0.11445   0.03542   0.03286   0.08245   0.06564   0.00742   0.07550   0.25572   3.53245   0.76931   0.11916  
 24 35.4383   4450.149915  x:  0.00000   0.12639   0.01355   0.01074   0.00827   0.00000   0.00644   0.00843   0.00000   0.00528   0.00509   0.01043   0.01802   0.08014   0.18240   0.37604   0.05579   0.06580   0.02379   0.00327   0.01755   0.11448   0.03450   0.03301   0.08290   0.06607   0.00721   0.07610   0.25587   3.53336   0.77010   0.11949  
 25 10.0541   4450.144651  x:  0.00000   0.12661   0.01354   0.01074   0.00827   0.00000   0.00644   0.00843   0.00000   0.00528   0.00509   0.01043   0.01800   0.08044   0.18308   0.37460   0.05544   0.06567   0.02374   0.00328   0.01756   0.11447   0.03523   0.03315   0.08323   0.06605   0.00720   0.07653   0.25643   3.53428   0.77059   0.11969  
 26  9.7175   4450.140893  x:  0.00000   0.12626   0.01356   0.01074   0.00826   0.00000   0.00643   0.00842   0.00000   0.00528   0.00509   0.01043   0.01800   0.08035   0.18358   0.37348   0.05554   0.06573   0.02390   0.00329   0.01765   0.11446   0.03516   0.03257   0.08315   0.06568   0.00726   0.07638   0.25739   3.53558   0.77094   0.11981  
 27  6.2495   4450.138266  x:  0.00000   0.12586   0.01359   0.01074   0.00825   0.00000   0.00641   0.00841   0.00000   0.00529   0.00510   0.01043   0.01799   0.08015   0.18372   0.37277   0.05569   0.06577   0.02391   0.00329   0.01773   0.11446   0.03499   0.03309   0.08294   0.06562   0.00740   0.07610   0.25818   3.53695   0.77113   0.11981  
 28  7.6265   4450.133190  x:  0.00000   0.12551   0.01358   0.01074   0.00826   0.00000   0.00642   0.00841   0.00000   0.00528   0.00509   0.01043   0.01799   0.07999   0.18293   0.37219   0.05549   0.06547   0.02387   0.00328   0.01765   0.11441   0.03508   0.03289   0.08261   0.06661   0.00731   0.07595   0.25919   3.54136   0.77107   0.11968  
 29  4.9053   4450.112768  x:  0.00000   0.12561   0.01348   0.01073   0.00830   0.00000   0.00646   0.00845   0.00000   0.00527   0.00507   0.01042   0.01799   0.08035   0.17997   0.37140   0.05573   0.06565   0.02373   0.00327   0.01731   0.11424   0.03504   0.03298   0.08296   0.06539   0.00676   0.07672   0.26116   3.56115   0.77037   0.11941  
 30 15.9945   4449.980751  x:  0.00000   0.12882   0.01361   0.01073   0.00817   0.00000   0.00623   0.00835   0.00000   0.00531   0.00510   0.01043   0.01802   0.07978   0.17962   0.37309   0.05492   0.06682   0.02433   0.00339   0.01823   0.11462   0.03511   0.03292   0.08509   0.06617   0.00775   0.07487   0.25975   3.69865   0.76606   0.11936  
 31 35.9217   4449.920789  x:  0.00000   0.12718   0.01355   0.01074   0.00820   0.00000   0.00623   0.00837   0.00000   0.00530   0.00509   0.01042   0.01801   0.08063   0.18251   0.37416   0.05602   0.06546   0.02419   0.00339   0.01821   0.11476   0.03508   0.03300   0.08225   0.06600   0.00722   0.07675   0.25792   3.75989   0.76378   0.11875  
 32 127.1564   4449.913529  x:  0.00000   0.12605   0.01355   0.01073   0.00823   0.00000   0.00627   0.00839   0.00000   0.00529   0.00509   0.01042   0.01802   0.08030   0.18344   0.37429   0.05576   0.06580   0.02396   0.00336   0.01788   0.11455   0.03511   0.03299   0.08309   0.06598   0.00697   0.07629   0.25756   3.76725   0.76339   0.11841  
 33 21.0558   4449.913267  x:  0.00000   0.12605   0.01354   0.01073   0.00823   0.00000   0.00626   0.00839   0.00000   0.00529   0.00509   0.01042   0.01802   0.08041   0.18345   0.37428   0.05559   0.06604   0.02395   0.00337   0.01789   0.11446   0.03510   0.03299   0.08293   0.06598   0.00696   0.07625   0.25756   3.76726   0.76337   0.11841  
 34  0.1827   4449.884049  x:  0.00000   0.12654   0.01356   0.01073   0.00817   0.00000   0.00594   0.00828   0.00000   0.00528   0.00514   0.01044   0.01804   0.07930   0.18341   0.37305   0.05577   0.06570   0.02398   0.00348   0.01833   0.11085   0.03509   0.03304   0.08278   0.06594   0.00652   0.07664   0.25726   3.76314   0.76226   0.11800  
 35  0.1793   4449.805104  x:  0.00000   0.12565   0.01342   0.01077   0.00805   0.00000   0.00512   0.00802   0.00000   0.00525   0.00526   0.01054   0.01814   0.08118   0.18258   0.36947   0.05625   0.06547   0.02413   0.00385   0.01878   0.11335   0.03519   0.03311   0.08318   0.06605   0.00562   0.07548   0.25613   3.75204   0.75917   0.11850  
 36 10.5618   4449.800380  x:  0.00000   0.12552   0.01348   0.01077   0.00804   0.00000   0.00507   0.00800   0.00000   0.00524   0.00527   0.01054   0.01815   0.08020   0.18250   0.36925   0.05593   0.06595   0.02417   0.00387   0.01883   0.11405   0.03519   0.03311   0.08308   0.06607   0.00548   0.07621   0.25604   3.75136   0.75899   0.11856  
 37  6.3508   4449.779538  x:  0.00000   0.12547   0.01362   0.01070   0.00765   0.00000   0.00514   0.00770   0.00000   0.00515   0.00507   0.01037   0.01809   0.08021   0.18256   0.37003   0.05588   0.06592   0.02402   0.00439   0.01813   0.11444   0.03519   0.03310   0.08304   0.06602   0.00578   0.07612   0.25645   3.74793   0.75948   0.11920  
 38  0.0025   4449.773545  x:  0.00000   0.12567   0.01357   0.01077   0.00775   0.00000   0.00519   0.00768   0.00000   0.00514   0.00523   0.01052   0.01811   0.08022   0.18275   0.37086   0.05583   0.06589   0.02391   0.00469   0.01819   0.11447   0.03518   0.03307   0.08300   0.06599   0.00546   0.07615   0.25678   3.74906   0.76039   0.11879  
 39  0.0013   4449.772166  x:  0.00000   0.12561   0.01358   0.01074   0.00778   0.00000   0.00519   0.00780   0.00000   0.00517   0.00519   0.01046   0.01811   0.08021   0.18268   0.37021   0.05588   0.06592   0.02394   0.00482   0.01822   0.11437   0.03519   0.03309   0.08301   0.06601   0.00554   0.07616   0.25652   3.74910   0.75976   0.11850  
 40  0.0009   4449.772131  x:  0.00000   0.12561   0.01358   0.01074   0.00779   0.00000   0.00518   0.00780   0.00000   0.00518   0.00518   0.01046   0.01811   0.08021   0.18269   0.37033   0.05588   0.06592   0.02393   0.00483   0.01822   0.11439   0.03519   0.03309   0.08301   0.06601   0.00555   0.07615   0.25658   3.74916   0.75980   0.11854  
 41  0.0002   4449.772130  x:  0.00000   0.12561   0.01358   0.01074   0.00779   0.00000   0.00519   0.00780   0.00000   0.00518   0.00518   0.01046   0.01811   0.08021   0.18269   0.37033   0.05588   0.06592   0.02393   0.00483   0.01822   0.11439   0.03519   0.03309   0.08301   0.06601   0.00554   0.07615   0.25659   3.74915   0.75981   0.11856  
 42  0.0000   4449.772130  x:  0.00000   0.12561   0.01358   0.01074   0.00779   0.00000   0.00519   0.00780   0.00000   0.00518   0.00518   0.01046   0.01811   0.08021   0.18269   0.37033   0.05588   0.06592   0.02393   0.00483   0.01822   0.11439   0.03519   0.03309   0.08301   0.06601   0.00554   0.07615   0.25658   3.74915   0.75981   0.11856  
 43  0.0000   4449.772130  x:  0.00000   0.12561   0.01358   0.01074   0.00779   0.00000   0.00519   0.00780   0.00000   0.00518   0.00518   0.01046   0.01811   0.08021   0.18269   0.37033   0.05588   0.06592   0.02393   0.00483   0.01822   0.11439   0.03519   0.03309   0.08301   0.06601   0.00554   0.07615   0.25658   3.74915   0.75981   0.11856  
 44  0.0000   4449.772130  x:  0.00000   0.12561   0.01358   0.01074   0.00779   0.00000   0.00519   0.00780   0.00000   0.00518   0.00518   0.01046   0.01811   0.08021   0.18269   0.37033   0.05588   0.06592   0.02393   0.00483   0.01822   0.11439   0.03519   0.03309   0.08301   0.06601   0.00554   0.07615   0.25658   3.74915   0.75981   0.11856  

Model 2: PositiveSelection

TREE # 1

  0  0.0000   4519.319957  x:  0.00400   0.10919   0.01402   0.01121   0.00701   0.00000   0.00356   0.00630   0.00195   0.00754   0.00692   0.01291   0.01883   0.07459   0.17427   0.30271   0.05669   0.06346   0.01311   0.00820   0.00978   0.10319   0.03474   0.03162   0.08211   0.06794   0.00252   0.07138   0.22916   3.74915   0.91827   0.57566   0.25513   2.18071  
  1 99.0000   4519.318618  x:  0.00400   0.10919   0.01402   0.01121   0.00701   0.00000   0.00356   0.00631   0.00195   0.00754   0.00692   0.01291   0.01883   0.07459   0.17427   0.30271   0.05669   0.06346   0.01311   0.00820   0.00978   0.10319   0.03474   0.03162   0.08211   0.06794   0.00252   0.07138   0.22916   3.74915   0.91827   0.57566   0.25513   2.18071  
  2 772.8884   4518.119008  x:  0.00429   0.10949   0.01417   0.01127   0.00714   0.00000   0.00274   0.00641   0.00000   0.00723   0.00672   0.01273   0.01887   0.07482   0.17442   0.30308   0.05681   0.06365   0.01379   0.00791   0.01049   0.10347   0.03487   0.03184   0.08222   0.06799   0.00273   0.07157   0.22943   3.74918   0.91852   0.57558   0.25445   2.18063  
  3 983.7763   4516.667075  x:  0.00433   0.11166   0.01478   0.01158   0.00703   0.00000   0.00329   0.00539   0.00000   0.00610   0.00619   0.01181   0.01909   0.07652   0.17554   0.30590   0.05774   0.06503   0.01655   0.00565   0.01168   0.10547   0.03574   0.03332   0.08294   0.06835   0.00000   0.07270   0.23139   3.74944   0.92047   0.57496   0.24920   2.18000  
  4 419.4469   4512.499209  x:  0.00000   0.12040   0.01565   0.01207   0.00534   0.00000   0.00337   0.00417   0.00000   0.00678   0.00735   0.01030   0.01973   0.08335   0.18021   0.31805   0.06137   0.07048   0.02114   0.00157   0.00765   0.11350   0.03887   0.03832   0.08585   0.06976   0.00236   0.07806   0.24001   3.75055   0.92902   0.57223   0.22621   2.17726  
  5 695.3139   4512.499209  x:  0.00000   0.12040   0.01565   0.01207   0.00534   0.00000   0.00337   0.00417   0.00000   0.00678   0.00735   0.01030   0.01973   0.08335   0.18021   0.31805   0.06137   0.07048   0.02114   0.00157   0.00765   0.11350   0.03887   0.03832   0.08585   0.06976   0.00236   0.07806   0.24001   3.75055   0.92902   0.57223   0.22621   2.17726  
  6 2357.7409   4507.332653  x:  0.00411   0.12111   0.01560   0.01201   0.00912   0.00000   0.00775   0.01086   0.00000   0.00574   0.00590   0.01102   0.01971   0.08358   0.18071   0.31913   0.06145   0.07059   0.02298   0.00968   0.01567   0.11407   0.03879   0.03804   0.08631   0.06999   0.00736   0.07868   0.24079   3.75067   0.92988   0.57194   0.22392   2.17699  
  7 898.9240   4505.103610  x:  0.00835   0.12338   0.01593   0.01213   0.00897   0.00000   0.00315   0.00813   0.00000   0.00543   0.00488   0.01231   0.01986   0.08458   0.18252   0.32325   0.06187   0.07123   0.02553   0.00586   0.02398   0.11603   0.03860   0.03746   0.08729   0.07059   0.01075   0.07972   0.24372   3.75107   0.93313   0.57085   0.21510   2.17600  
  8 261.2812   4503.680565  x:  0.01011   0.12552   0.01607   0.01224   0.00822   0.00000   0.00660   0.00611   0.00000   0.00584   0.00586   0.01271   0.02001   0.08560   0.18435   0.32752   0.06230   0.07190   0.02711   0.00146   0.02862   0.11791   0.03849   0.03706   0.08819   0.07117   0.01193   0.08060   0.24673   3.75149   0.93656   0.56970   0.20581   2.17496  
  9 578.8695   4494.505915  x:  0.00480   0.13991   0.01545   0.01295   0.00195   0.00000   0.00563   0.00977   0.00000   0.00896   0.01174   0.00960   0.02109   0.09315   0.19770   0.35975   0.06568   0.07678   0.03234   0.00255   0.03477   0.13075   0.03851   0.03599   0.09425   0.07600   0.00486   0.08634   0.26897   3.75470   0.96298   0.56076   0.13429   2.16702  
 10 509.2414   4489.434475  x:  0.00070   0.14935   0.01510   0.01339   0.00577   0.00000   0.00490   0.01075   0.00000   0.01040   0.01472   0.00814   0.02178   0.09810   0.20654   0.38119   0.06789   0.07998   0.03538   0.00231   0.03723   0.13915   0.03864   0.03546   0.09819   0.07915   0.00000   0.09011   0.28375   3.75685   0.98066   0.55479   0.08662   2.16169  
 11 8428.2653   4488.164545  x:  0.00000   0.15069   0.01512   0.01331   0.00559   0.00000   0.00522   0.01007   0.00000   0.00957   0.01372   0.00928   0.02180   0.09873   0.20791   0.38465   0.06815   0.08037   0.03547   0.00276   0.03618   0.14027   0.03883   0.03566   0.09868   0.07956   0.00119   0.09079   0.28612   3.75722   0.98366   0.55380   0.07922   2.16077  
 12 1104.7131   4487.300335  x:  0.00224   0.15183   0.01525   0.01298   0.00508   0.00000   0.00600   0.01075   0.00000   0.00710   0.00875   0.00762   0.02154   0.09887   0.20943   0.38894   0.06808   0.08035   0.03514   0.00197   0.03453   0.14088   0.03934   0.03642   0.09887   0.07952   0.00000   0.09107   0.28876   3.75774   0.98779   0.55260   0.07259   2.15938  
 13 339.7455   4487.300335  x:  0.00224   0.15183   0.01525   0.01298   0.00508   0.00000   0.00600   0.01075   0.00000   0.00710   0.00875   0.00762   0.02154   0.09887   0.20943   0.38894   0.06808   0.08035   0.03514   0.00197   0.03453   0.14088   0.03934   0.03642   0.09887   0.07952   0.00000   0.09107   0.28876   3.75774   0.98779   0.55260   0.07259   2.15938  
 14 110.2975   4485.349510  x:  0.00212   0.15155   0.01534   0.01279   0.01108   0.00000   0.00607   0.00959   0.00000   0.00597   0.00639   0.01219   0.02139   0.09853   0.20944   0.38947   0.06786   0.08008   0.03433   0.00536   0.03266   0.14045   0.03966   0.03690   0.09865   0.07933   0.00548   0.09136   0.28905   3.75785   0.98866   0.55240   0.07253   2.15904  
 15 458.6177   4484.651415  x:  0.00177   0.15051   0.01569   0.01252   0.00813   0.00000   0.00610   0.00804   0.00000   0.00610   0.00442   0.01353   0.02106   0.09736   0.20960   0.39147   0.06718   0.07922   0.03104   0.00412   0.02586   0.13903   0.04061   0.03850   0.09780   0.07841   0.00852   0.09094   0.28988   3.75826   0.99184   0.55167   0.07244   2.15781  
 16 132.7801   4484.296042  x:  0.00187   0.14957   0.01582   0.01246   0.00792   0.00000   0.00604   0.00846   0.00000   0.00603   0.00698   0.01350   0.02087   0.09634   0.20973   0.39328   0.06660   0.07847   0.02851   0.00424   0.02089   0.13775   0.04120   0.03959   0.09710   0.07766   0.00980   0.09043   0.29057   3.75865   0.99484   0.55098   0.07234   2.15664  
 17 251.7439   4483.998451  x:  0.00277   0.14830   0.01577   0.01266   0.00925   0.00000   0.00601   0.00990   0.00000   0.00616   0.00573   0.01145   0.02083   0.09502   0.20992   0.39581   0.06594   0.07755   0.02611   0.00533   0.01771   0.13613   0.04148   0.04031   0.09634   0.07683   0.00863   0.08947   0.29144   3.75922   0.99926   0.54998   0.07222   2.15489  
 18 145.9358   4483.367754  x:  0.00560   0.14434   0.01571   0.01267   0.00942   0.00000   0.00610   0.00686   0.00000   0.00508   0.00595   0.01240   0.02091   0.09122   0.21033   0.40402   0.06418   0.07509   0.02141   0.00722   0.01864   0.13143   0.04129   0.04076   0.09445   0.07471   0.00551   0.08659   0.29411   3.76119   1.01448   0.54654   0.07185   2.14882  
 19 131.8316   4482.683630  x:  0.00798   0.13935   0.01612   0.01227   0.00865   0.00000   0.00582   0.00944   0.00000   0.00770   0.00590   0.01470   0.02085   0.08680   0.21066   0.41487   0.06227   0.07244   0.01788   0.00703   0.02189   0.12568   0.04074   0.04059   0.09224   0.07236   0.00586   0.08357   0.29759   3.76392   1.03560   0.54178   0.07153   2.14036  
 20 411.9500   4481.855162  x:  0.00856   0.13456   0.01686   0.01226   0.00876   0.00000   0.00623   0.01062   0.00000   0.00438   0.00584   0.01261   0.02068   0.08345   0.21074   0.42667   0.06115   0.07086   0.01904   0.00442   0.02427   0.12047   0.03999   0.03969   0.09034   0.07084   0.00898   0.08150   0.30115   3.76715   1.06051   0.53619   0.07171   2.13033  
 21 406.4881   4481.005233  x:  0.00710   0.12997   0.01720   0.01259   0.00945   0.00000   0.00586   0.00791   0.00000   0.00707   0.00628   0.00913   0.02047   0.08140   0.21053   0.43986   0.06091   0.07037   0.02334   0.00421   0.02487   0.11589   0.03921   0.03846   0.08884   0.07033   0.01154   0.08019   0.30479   3.77108   1.09072   0.52943   0.07260   2.11810  
 22 620.7259   4479.000453  x:  0.00000   0.12350   0.01621   0.01308   0.00751   0.00000   0.00561   0.00924   0.00000   0.00619   0.00594   0.01216   0.02031   0.08177   0.20944   0.46508   0.06273   0.07215   0.03310   0.00783   0.02194   0.11080   0.03836   0.03648   0.08775   0.07198   0.00809   0.07964   0.31073   3.77951   1.15548   0.51501   0.07638   2.09170  
 23 626.6577   4479.000453  x:  0.00000   0.12350   0.01621   0.01308   0.00751   0.00000   0.00561   0.00924   0.00000   0.00619   0.00594   0.01216   0.02031   0.08177   0.20944   0.46508   0.06273   0.07215   0.03310   0.00783   0.02194   0.11080   0.03836   0.03648   0.08775   0.07198   0.00809   0.07964   0.31073   3.77951   1.15548   0.51501   0.07638   2.09170  
 24 701.7094   4478.374147  x:  0.00160   0.12588   0.01640   0.01227   0.01105   0.00000   0.00671   0.00856   0.00000   0.00536   0.00589   0.01185   0.02049   0.08377   0.20926   0.46391   0.06327   0.07288   0.03124   0.00381   0.02218   0.11363   0.03917   0.03749   0.08888   0.07266   0.00703   0.08102   0.30990   3.77976   1.15731   0.51463   0.07758   2.09086  
 25 146.3489   4477.346362  x:  0.00512   0.13385   0.01639   0.01150   0.00960   0.00000   0.00412   0.00910   0.00000   0.00812   0.00611   0.01172   0.02101   0.09025   0.20862   0.45971   0.06500   0.07528   0.02558   0.00322   0.02348   0.12297   0.04141   0.04021   0.09283   0.07514   0.00572   0.08602   0.30700   3.78068   1.16399   0.51322   0.08172   2.08783  
 26 180.3973   4476.754213  x:  0.00681   0.13954   0.01623   0.01179   0.00824   0.00000   0.00703   0.00930   0.00000   0.00721   0.00604   0.01192   0.02128   0.09463   0.20821   0.45653   0.06612   0.07692   0.02210   0.00539   0.02412   0.12952   0.04264   0.04167   0.09559   0.07688   0.00546   0.08953   0.30489   3.78139   1.16923   0.51210   0.08473   2.08549  
 27 493.9957   4476.534867  x:  0.00626   0.14165   0.01602   0.01266   0.00872   0.00000   0.00588   0.00912   0.00000   0.00510   0.00599   0.01223   0.02121   0.09581   0.20815   0.45504   0.06634   0.07742   0.02199   0.00629   0.02367   0.13176   0.04248   0.04143   0.09644   0.07738   0.00600   0.09058   0.30406   3.78176   1.17205   0.51147   0.08592   2.08428  
 28 161.4942   4476.105970  x:  0.00220   0.14672   0.01533   0.01464   0.01042   0.00000   0.00613   0.00860   0.00000   0.00683   0.00603   0.01279   0.02063   0.09736   0.20834   0.45045   0.06629   0.07822   0.02488   0.00659   0.02089   0.13661   0.04056   0.03897   0.09792   0.07805   0.00779   0.09214   0.30184   3.78301   1.18169   0.50923   0.08899   2.08025  
 29 144.5206   4475.744976  x:  0.00000   0.14995   0.01522   0.01345   0.00853   0.00000   0.00639   0.00949   0.00000   0.00606   0.00607   0.01221   0.02045   0.09761   0.20875   0.44675   0.06601   0.07844   0.02791   0.00487   0.01959   0.13932   0.03928   0.03732   0.09852   0.07815   0.00762   0.09235   0.30024   3.78411   1.19020   0.50721   0.09096   2.07675  
 30 202.4788   4475.207304  x:  0.00040   0.15435   0.01550   0.01009   0.00935   0.00000   0.00611   0.00793   0.00000   0.00611   0.00563   0.01173   0.02118   0.09597   0.21007   0.43905   0.06505   0.07783   0.03378   0.00674   0.02139   0.14188   0.03860   0.03628   0.09853   0.07753   0.00534   0.09086   0.29726   3.78663   1.21001   0.50242   0.09357   2.06870  
 31 181.2200   4474.339314  x:  0.00098   0.15936   0.01596   0.01392   0.00975   0.00000   0.00632   0.01067   0.00000   0.00615   0.00766   0.01270   0.02255   0.09171   0.21246   0.42527   0.06342   0.07613   0.03870   0.00640   0.02560   0.14341   0.03999   0.03739   0.09738   0.07561   0.00255   0.08726   0.29241   3.79146   1.24813   0.49312   0.09678   2.05326  
 32 365.0725   4473.090182  x:  0.00000   0.16228   0.01609   0.01538   0.00863   0.00000   0.00636   0.00929   0.00000   0.00618   0.00442   0.01275   0.02243   0.08749   0.21462   0.41147   0.06232   0.07446   0.03881   0.00498   0.02806   0.14306   0.04220   0.03953   0.09570   0.07364   0.00504   0.08426   0.28796   3.79661   1.28895   0.48312   0.09930   2.03674  
 33 675.1628   4471.457662  x:  0.00000   0.16544   0.01561   0.01332   0.00779   0.00000   0.00635   0.00599   0.00000   0.00588   0.00962   0.01163   0.02039   0.08054   0.21817   0.38542   0.06104   0.07171   0.03477   0.00423   0.02871   0.14051   0.04508   0.04248   0.09219   0.07045   0.01062   0.07950   0.27984   3.80682   1.36988   0.46329   0.10370   2.00394  
 34 1491.1944   4469.735336  x:  0.00000   0.16609   0.01492   0.00871   0.01079   0.00000   0.00597   0.01150   0.00000   0.00594   0.00916   0.01090   0.01840   0.07559   0.22094   0.35980   0.06057   0.06958   0.02792   0.00637   0.02569   0.13621   0.04547   0.04316   0.08863   0.06821   0.01249   0.07563   0.27200   3.81753   1.45493   0.44245   0.10795   1.96936  
 35 1680.8364   4466.909336  x:  0.00000   0.16213   0.01521   0.00964   0.00972   0.00000   0.00549   0.00822   0.00000   0.00576   0.00750   0.01128   0.01964   0.07440   0.22262   0.32857   0.06119   0.06825   0.01760   0.00738   0.01740   0.12788   0.04066   0.03914   0.08450   0.06740   0.00354   0.07243   0.26254   3.83236   1.57312   0.41354   0.11350   1.92098  
 36 1303.8091   4463.578757  x:  0.00000   0.14543   0.01711   0.01137   0.00919   0.00000   0.00568   0.00914   0.00000   0.00574   0.00780   0.00912   0.02072   0.08736   0.21695   0.30354   0.06311   0.07040   0.01966   0.00538   0.02134   0.11485   0.03072   0.03030   0.08435   0.07158   0.00867   0.08122   0.25490   3.85180   1.72864   0.37565   0.11980   1.85605  
 37 658.8480   4462.096320  x:  0.00000   0.13595   0.01219   0.01030   0.00824   0.00000   0.00584   0.00892   0.00000   0.00554   0.00771   0.01619   0.01659   0.09265   0.21105   0.29858   0.06263   0.07125   0.02448   0.00427   0.01904   0.11149   0.03297   0.03208   0.08558   0.07287   0.00784   0.08528   0.25272   3.86145   1.80616   0.35692   0.12441   1.82304  
 38 805.1324   4460.210337  x:  0.00000   0.12598   0.00946   0.01174   0.00861   0.00000   0.00567   0.00875   0.00000   0.00549   0.00727   0.00909   0.01582   0.09545   0.20139   0.30063   0.06037   0.07121   0.02931   0.00527   0.01459   0.11195   0.03899   0.03670   0.08770   0.07244   0.00534   0.08793   0.25179   3.87266   1.89649   0.33526   0.13150   1.78388  
 39 851.0176   4457.729689  x:  0.00000   0.11465   0.02020   0.00939   0.00909   0.00000   0.00548   0.00842   0.00000   0.00538   0.00750   0.01144   0.02107   0.09389   0.18352   0.31322   0.05572   0.06948   0.02913   0.00588   0.01497   0.11824   0.04330   0.03867   0.09077   0.06893   0.00373   0.08811   0.25227   3.89065   2.04217   0.30055   0.14429   1.71981  
 40 988.3489   4455.458421  x:  0.00000   0.11175   0.01396   0.00893   0.00917   0.00000   0.00532   0.00770   0.00000   0.00524   0.00704   0.01050   0.01745   0.08794   0.16944   0.33198   0.05421   0.06792   0.02339   0.00540   0.02365   0.12520   0.03841   0.03379   0.09173   0.06607   0.00083   0.08492   0.25448   3.90558   2.16372   0.27178   0.15399   1.66541  
 41 922.6954   4453.876595  x:  0.00000   0.12035   0.01072   0.00945   0.00844   0.00000   0.00548   0.00844   0.00000   0.00528   0.00729   0.01162   0.02126   0.08304   0.16495   0.35592   0.05771   0.06756   0.02267   0.00509   0.01711   0.12738   0.03262   0.03279   0.08812   0.06693   0.00493   0.08091   0.25847   3.91503   2.24186   0.25361   0.15563   1.62880  
 42 409.9269   4453.385565  x:  0.00000   0.12477   0.01396   0.01035   0.00825   0.00000   0.00547   0.00847   0.00000   0.00531   0.00714   0.01119   0.01633   0.08276   0.16605   0.36433   0.05895   0.06765   0.02283   0.00534   0.01552   0.12674   0.03206   0.03219   0.08659   0.06790   0.00477   0.08002   0.25967   3.91791   2.26608   0.24808   0.15496   1.61702  
 43 376.4776   4452.862624  x:  0.00000   0.13285   0.01336   0.00964   0.00855   0.00000   0.00543   0.00826   0.00000   0.00528   0.00712   0.01114   0.01796   0.08648   0.17640   0.37483   0.05890   0.06792   0.02249   0.00539   0.01756   0.12152   0.03668   0.03063   0.08485   0.07025   0.00334   0.08169   0.26013   3.92165   2.29852   0.24110   0.15134   1.59983  
 44 134.7153   4452.776747  x:  0.00000   0.13349   0.01337   0.00953   0.00861   0.00000   0.00542   0.00821   0.00000   0.00527   0.00710   0.01111   0.01801   0.08713   0.18019   0.37682   0.05790   0.06788   0.02245   0.00544   0.01788   0.12078   0.03427   0.03347   0.08592   0.06928   0.00299   0.08255   0.25998   3.92217   2.30373   0.24035   0.15129   1.59591  
 45 49.7225   4452.737477  x:  0.00000   0.13218   0.01336   0.00964   0.00855   0.00000   0.00543   0.00827   0.00000   0.00529   0.00711   0.01117   0.01790   0.08659   0.18394   0.37821   0.05718   0.06803   0.02217   0.00542   0.01736   0.12149   0.03459   0.03232   0.08760   0.06784   0.00323   0.08304   0.25971   3.92204   2.30435   0.24123   0.15247   1.59248  
 46 16.8665   4452.707602  x:  0.00000   0.13040   0.01348   0.00965   0.00857   0.00000   0.00543   0.00827   0.00000   0.00529   0.00712   0.01117   0.01796   0.08588   0.18625   0.37848   0.05866   0.06873   0.02230   0.00541   0.01753   0.12275   0.03448   0.03263   0.08709   0.06967   0.00333   0.08222   0.25913   3.92161   2.30441   0.24334   0.15332   1.58598  
 47 12.1420   4452.479317  x:  0.00000   0.12754   0.01314   0.00964   0.00847   0.00000   0.00540   0.00826   0.00000   0.00525   0.00707   0.01115   0.01767   0.08854   0.18774   0.37702   0.05562   0.06373   0.02202   0.00544   0.01720   0.12594   0.03387   0.03222   0.08087   0.06991   0.00389   0.08069   0.25564   3.91612   2.29769   0.26717   0.15009   1.52121  
 48 21.0480   4451.127357  x:  0.00000   0.12347   0.01296   0.00914   0.00822   0.00000   0.00520   0.00790   0.00000   0.00499   0.00667   0.01069   0.01767   0.08574   0.18308   0.36318   0.06065   0.06727   0.02304   0.00549   0.01688   0.12233   0.03351   0.03141   0.07774   0.05911   0.00432   0.07584   0.23918   3.88319   2.25930   0.41014   0.12632   1.13006  
 49 255.5908   4450.533430  x:  0.00000   0.12389   0.01303   0.00904   0.00812   0.00000   0.00515   0.00783   0.00000   0.00494   0.00656   0.01056   0.01759   0.08158   0.18095   0.35806   0.05673   0.06566   0.02258   0.00523   0.01640   0.11761   0.03317   0.03104   0.08116   0.06382   0.00458   0.07512   0.23723   3.87201   2.24572   0.45806   0.12203   1.00000  
 50 667.3480   4450.351543  x:  0.00000   0.12550   0.01307   0.00899   0.00812   0.00000   0.00513   0.00781   0.00000   0.00493   0.00653   0.01049   0.01765   0.08106   0.18084   0.35286   0.05695   0.06533   0.02259   0.00524   0.01675   0.11334   0.03338   0.03132   0.07847   0.06308   0.00443   0.07582   0.24712   3.86478   2.23767   0.48765   0.12670   1.00000  
 51 53.2863   4450.308998  x:  0.00000   0.12521   0.01305   0.00899   0.00812   0.00000   0.00513   0.00781   0.00000   0.00492   0.00652   0.01048   0.01764   0.08135   0.18149   0.35050   0.05689   0.06496   0.02265   0.00528   0.01666   0.11474   0.03337   0.03126   0.07971   0.06333   0.00445   0.07475   0.25302   3.86272   2.23622   0.49464   0.12396   1.00000  
 52 21.2637   4450.307244  x:  0.00000   0.12515   0.01307   0.00899   0.00811   0.00000   0.00513   0.00780   0.00000   0.00492   0.00652   0.01048   0.01764   0.08092   0.18154   0.35039   0.05675   0.06515   0.02265   0.00527   0.01666   0.11495   0.03335   0.03125   0.07943   0.06338   0.00436   0.07538   0.25328   3.86238   2.23623   0.49509   0.12364   1.00000  
 53  3.4751   4450.084537  x:  0.00000   0.12484   0.01314   0.00946   0.00804   0.00000   0.00514   0.00789   0.00000   0.00500   0.00626   0.01044   0.01764   0.08095   0.18127   0.35306   0.05317   0.06905   0.02258   0.00515   0.01707   0.11335   0.03376   0.03168   0.07943   0.06441   0.00521   0.07339   0.25207   3.70586   2.26793   0.62758   0.11999   1.00000  
 54  1.4285   4450.005898  x:  0.00000   0.12472   0.01327   0.00964   0.00803   0.00000   0.00514   0.00789   0.00000   0.00502   0.00614   0.01042   0.01769   0.07994   0.18123   0.35395   0.05591   0.06515   0.02288   0.00505   0.01723   0.11264   0.03400   0.03187   0.08075   0.06451   0.00514   0.07499   0.25144   3.65014   2.27951   0.67491   0.11855   1.00000  
 55 219.4402   4449.850932  x:  0.00000   0.12437   0.01350   0.01041   0.00793   0.00000   0.00516   0.00796   0.00000   0.00514   0.00563   0.01038   0.01783   0.07945   0.18241   0.36212   0.05577   0.06559   0.02344   0.00482   0.01796   0.11206   0.03472   0.03259   0.08204   0.06532   0.00553   0.07529   0.25323   3.77217   2.29395   0.81360   0.11537   1.00000  
 56  0.6270   4449.777393  x:  0.00000   0.12514   0.01363   0.01097   0.00781   0.00000   0.00518   0.00794   0.00000   0.00521   0.00515   0.01038   0.01806   0.08002   0.18325   0.36816   0.05597   0.06601   0.02407   0.00475   0.01838   0.11419   0.03529   0.03314   0.08277   0.06554   0.00550   0.07600   0.25597   3.74981   2.30559   0.76770   0.11883   1.00000  
 57  0.1329   4449.772325  x:  0.00000   0.12550   0.01360   0.01074   0.00778   0.00000   0.00518   0.00778   0.00000   0.00518   0.00517   0.01047   0.01811   0.08031   0.18293   0.37025   0.05594   0.06601   0.02391   0.00485   0.01818   0.11435   0.03521   0.03311   0.08300   0.06595   0.00552   0.07620   0.25659   3.74832   2.30967   0.78166   0.11856   1.00000  
 58  0.0177   4449.772137  x:  0.00000   0.12564   0.01358   0.01074   0.00779   0.00000   0.00519   0.00779   0.00000   0.00518   0.00518   0.01046   0.01811   0.08022   0.18272   0.37031   0.05588   0.06592   0.02394   0.00484   0.01822   0.11442   0.03520   0.03310   0.08301   0.06599   0.00555   0.07616   0.25657   3.74916   2.30892   0.78014   0.11855   1.00000  
 59  0.0023   4449.772130  x:  0.00000   0.12561   0.01358   0.01074   0.00779   0.00000   0.00519   0.00780   0.00000   0.00518   0.00518   0.01046   0.01811   0.08021   0.18269   0.37034   0.05588   0.06592   0.02393   0.00483   0.01822   0.11439   0.03519   0.03309   0.08301   0.06600   0.00554   0.07615   0.25658   3.74917   2.30897   0.77999   0.11855   1.00000  
 60  0.0002   4449.772130  x:  0.00000   0.12561   0.01358   0.01074   0.00779   0.00000   0.00519   0.00780   0.00000   0.00518   0.00518   0.01046   0.01811   0.08021   0.18269   0.37033   0.05588   0.06592   0.02393   0.00483   0.01822   0.11439   0.03519   0.03309   0.08301   0.06601   0.00554   0.07615   0.25658   3.74915   2.30897   0.78000   0.11856   1.00000  
 61  0.0000   4449.772130  x:  0.00000   0.12561   0.01358   0.01074   0.00779   0.00000   0.00519   0.00780   0.00000   0.00518   0.00518   0.01046   0.01811   0.08021   0.18269   0.37033   0.05588   0.06592   0.02393   0.00483   0.01822   0.11439   0.03519   0.03309   0.08301   0.06601   0.00554   0.07615   0.25658   3.74915   2.30896   0.77999   0.11856   1.00000  
 62  0.0000   4449.772130  x:  0.00000   0.12561   0.01358   0.01074   0.00779   0.00000   0.00519   0.00780   0.00000   0.00518   0.00518   0.01046   0.01811   0.08021   0.18269   0.37033   0.05588   0.06592   0.02393   0.00483   0.01822   0.11439   0.03519   0.03309   0.08301   0.06601   0.00554   0.07615   0.25658   3.74915   2.30896   0.77999   0.11856   1.00000  

Model 7: beta

TREE # 1

  0  0.0000   4459.950699  x:  0.00413   0.10950   0.01386   0.01058   0.00648   0.00000   0.00352   0.00617   0.00183   0.00709   0.00622   0.01216   0.01850   0.07466   0.17438   0.30377   0.05652   0.06338   0.01341   0.00755   0.01009   0.10360   0.03484   0.03147   0.08178   0.06758   0.00212   0.07164   0.23018   3.74915   0.74676   1.92879  
  1 99.0000   4459.949720  x:  0.00413   0.10950   0.01386   0.01058   0.00648   0.00000   0.00352   0.00617   0.00183   0.00709   0.00622   0.01216   0.01850   0.07466   0.17438   0.30377   0.05652   0.06338   0.01341   0.00755   0.01009   0.10360   0.03484   0.03147   0.08178   0.06758   0.00212   0.07164   0.23018   3.74915   0.74676   1.92879  
  2 688.2491   4458.976531  x:  0.00403   0.10969   0.01388   0.01059   0.00659   0.00000   0.00303   0.00627   0.00000   0.00678   0.00606   0.01197   0.01846   0.07475   0.17443   0.30401   0.05649   0.06342   0.01398   0.00733   0.01064   0.10375   0.03485   0.03151   0.08179   0.06753   0.00251   0.07171   0.23032   3.74914   0.74671   1.92878  
  3 1381.1676   4458.613073  x:  0.00257   0.11108   0.01366   0.01062   0.00571   0.00000   0.00332   0.00478   0.00000   0.00636   0.00629   0.01117   0.01822   0.07545   0.17475   0.30604   0.05627   0.06371   0.01648   0.00544   0.01174   0.10482   0.03484   0.03183   0.08179   0.06710   0.00147   0.07190   0.23134   3.74905   0.74628   1.92870  
  4 180.7734   4458.326332  x:  0.00000   0.11334   0.01316   0.01065   0.00587   0.00000   0.00331   0.00643   0.00000   0.00716   0.00689   0.01092   0.01801   0.07659   0.17528   0.30953   0.05594   0.06416   0.01858   0.00441   0.01123   0.10648   0.03481   0.03225   0.08173   0.06642   0.00042   0.07225   0.23308   3.74890   0.74554   1.92856  
  5 189.2407   4458.326332  x:  0.00000   0.11334   0.01316   0.01065   0.00587   0.00000   0.00331   0.00643   0.00000   0.00716   0.00689   0.01092   0.01801   0.07659   0.17528   0.30953   0.05594   0.06416   0.01858   0.00441   0.01123   0.10648   0.03481   0.03225   0.08173   0.06642   0.00042   0.07225   0.23308   3.74890   0.74554   1.92856  
  6 291.1949   4456.480019  x:  0.00056   0.11397   0.01355   0.01063   0.00808   0.00000   0.00722   0.00786   0.00000   0.00517   0.00510   0.01059   0.01802   0.07679   0.17546   0.31039   0.05589   0.06426   0.02029   0.00611   0.01406   0.10692   0.03486   0.03226   0.08189   0.06635   0.00637   0.07287   0.23361   3.74886   0.74533   1.92852  
  7 496.6011   4456.012179  x:  0.00065   0.11502   0.01383   0.01067   0.00801   0.00000   0.00438   0.00796   0.00000   0.00474   0.00488   0.01030   0.01802   0.07719   0.17581   0.31206   0.05581   0.06445   0.02238   0.00540   0.01690   0.10769   0.03489   0.03237   0.08201   0.06620   0.00830   0.07321   0.23450   3.74879   0.74496   1.92845  
  8 171.2673   4455.762339  x:  0.00000   0.11651   0.01385   0.01071   0.00736   0.00000   0.00515   0.00754   0.00000   0.00595   0.00573   0.01031   0.01802   0.07780   0.17632   0.31470   0.05572   0.06472   0.02450   0.00408   0.01893   0.10876   0.03492   0.03254   0.08210   0.06595   0.00827   0.07343   0.23582   3.74866   0.74438   1.92831  
  9 134.8628   4455.407707  x:  0.00000   0.12001   0.01337   0.01074   0.00746   0.00000   0.00592   0.00743   0.00000   0.00455   0.00465   0.01072   0.01806   0.07923   0.17763   0.32153   0.05557   0.06537   0.02786   0.00444   0.02027   0.11119   0.03497   0.03288   0.08221   0.06543   0.00554   0.07378   0.23916   3.74833   0.74286   1.92795  
 10 152.4667   4455.118863  x:  0.00000   0.12356   0.01303   0.01067   0.00883   0.00000   0.00547   0.00849   0.00000   0.00568   0.00560   0.01064   0.01813   0.08060   0.17904   0.32946   0.05545   0.06598   0.02931   0.00631   0.01926   0.11359   0.03506   0.03301   0.08231   0.06500   0.00504   0.07441   0.24300   3.74792   0.74103   1.92750  
 11 205.7232   4454.617423  x:  0.00000   0.12932   0.01335   0.01061   0.00760   0.00000   0.00516   0.00770   0.00000   0.00537   0.00517   0.01006   0.01829   0.08257   0.18155   0.34474   0.05535   0.06690   0.02805   0.00525   0.01518   0.11747   0.03531   0.03289   0.08253   0.06448   0.00733   0.07577   0.25034   3.74709   0.73732   1.92654  
 12 241.0179   4454.424648  x:  0.00000   0.13039   0.01338   0.01085   0.00845   0.00000   0.00515   0.00820   0.00000   0.00482   0.00565   0.01110   0.01823   0.08250   0.18245   0.35197   0.05543   0.06689   0.02435   0.00437   0.01665   0.11824   0.03539   0.03261   0.08295   0.06493   0.00721   0.07595   0.25348   3.74660   0.73522   1.92594  
 13 115.2397   4454.343686  x:  0.00000   0.13041   0.01338   0.01082   0.00804   0.00000   0.00514   0.00794   0.00000   0.00543   0.00492   0.01090   0.01820   0.08218   0.18280   0.35534   0.05548   0.06677   0.02268   0.00502   0.01774   0.11823   0.03540   0.03251   0.08319   0.06533   0.00708   0.07592   0.25483   3.74633   0.73409   1.92559  
 14 154.5369   4454.310941  x:  0.00000   0.12992   0.01344   0.01069   0.00767   0.00000   0.00520   0.00775   0.00000   0.00507   0.00542   0.01030   0.01821   0.08174   0.18291   0.35700   0.05553   0.06660   0.02240   0.00545   0.01808   0.11780   0.03537   0.03254   0.08329   0.06566   0.00703   0.07578   0.25535   3.74616   0.73335   1.92535  
 15 67.4899   4454.212805  x:  0.00000   0.12678   0.01381   0.01043   0.00821   0.00000   0.00522   0.00812   0.00000   0.00520   0.00511   0.00943   0.01834   0.07951   0.18308   0.36280   0.05572   0.06576   0.02336   0.00483   0.01788   0.11510   0.03519   0.03284   0.08349   0.06698   0.00688   0.07492   0.25673   3.74537   0.73014   1.92422  
 16 66.8879   4454.163305  x:  0.00000   0.12489   0.01386   0.01066   0.00792   0.00000   0.00515   0.00786   0.00000   0.00521   0.00522   0.01055   0.01833   0.07841   0.18309   0.36593   0.05583   0.06535   0.02411   0.00512   0.01768   0.11352   0.03511   0.03297   0.08355   0.06753   0.00715   0.07453   0.25732   3.74489   0.72816   1.92350  
 17 125.0202   4454.138073  x:  0.00000   0.12348   0.01313   0.01124   0.00777   0.00000   0.00516   0.00809   0.00000   0.00519   0.00520   0.01039   0.01784   0.07922   0.18259   0.36741   0.05588   0.06566   0.02422   0.00506   0.01772   0.11282   0.03529   0.03268   0.08322   0.06637   0.00718   0.07483   0.25674   3.74422   0.72560   1.92245  
 18 19.0154   4454.115023  x:  0.00000   0.12230   0.01325   0.01071   0.00810   0.00000   0.00514   0.00761   0.00000   0.00520   0.00522   0.01042   0.01785   0.08017   0.18202   0.36864   0.05587   0.06599   0.02424   0.00508   0.01779   0.11235   0.03541   0.03248   0.08290   0.06527   0.00716   0.07515   0.25597   3.74349   0.72281   1.92127  
 19 58.5553   4454.100984  x:  0.00000   0.12178   0.01374   0.01046   0.00781   0.00000   0.00517   0.00805   0.00000   0.00519   0.00520   0.01051   0.01823   0.08070   0.18161   0.36927   0.05581   0.06614   0.02423   0.00510   0.01783   0.11222   0.03541   0.03250   0.08273   0.06485   0.00708   0.07530   0.25534   3.74293   0.72070   1.92034  
 20 52.7572   4454.074818  x:  0.00000   0.12158   0.01427   0.01130   0.00799   0.00000   0.00518   0.00780   0.00000   0.00519   0.00521   0.01036   0.01889   0.08113   0.18083   0.37002   0.05553   0.06620   0.02417   0.00516   0.01781   0.11251   0.03520   0.03285   0.08262   0.06508   0.00702   0.07537   0.25384   3.74158   0.71579   1.91810  
 21 41.6378   4453.964100  x:  0.00000   0.12205   0.01327   0.01066   0.00788   0.00000   0.00518   0.00787   0.00000   0.00519   0.00519   0.01046   0.01824   0.08142   0.17786   0.37233   0.05445   0.06605   0.02399   0.00501   0.01754   0.11432   0.03434   0.03408   0.08254   0.06741   0.00718   0.07525   0.24761   3.73558   0.69425   1.90800  
 22 111.5772   4453.895202  x:  0.00000   0.12338   0.01409   0.01082   0.00788   0.00000   0.00522   0.00787   0.00000   0.00520   0.00520   0.01044   0.01750   0.07981   0.17754   0.37244   0.05522   0.06580   0.02412   0.00508   0.01740   0.11465   0.03536   0.03162   0.08288   0.06707   0.00702   0.07465   0.24546   3.73132   0.68008   1.90052  
 23 65.7385   4453.851907  x:  0.00000   0.12421   0.01311   0.01060   0.00786   0.00000   0.00521   0.00783   0.00000   0.00520   0.00520   0.01043   0.01887   0.07866   0.17817   0.37180   0.05586   0.06558   0.02399   0.00502   0.01740   0.11433   0.03584   0.03142   0.08312   0.06603   0.00708   0.07432   0.24532   3.72831   0.67088   1.89503  
 24 82.5176   4453.778227  x:  0.00000   0.12515   0.01369   0.01071   0.00785   0.00000   0.00523   0.00783   0.00000   0.00521   0.00521   0.01042   0.01801   0.07785   0.18035   0.36968   0.05637   0.06514   0.02358   0.00509   0.01741   0.11311   0.03536   0.03364   0.08329   0.06406   0.00696   0.07410   0.24715   3.72272   0.65529   1.88441  
 25 86.6655   4453.702874  x:  0.00000   0.12459   0.01351   0.01069   0.00784   0.00000   0.00524   0.00782   0.00000   0.00521   0.00521   0.01042   0.01817   0.07959   0.18278   0.36677   0.05521   0.06504   0.02356   0.00506   0.01741   0.11198   0.03358   0.03234   0.08272   0.06529   0.00680   0.07463   0.25107   3.71633   0.64021   1.87161  
 26 65.6087   4453.667789  x:  0.00000   0.12369   0.01351   0.01069   0.00784   0.00000   0.00524   0.00782   0.00000   0.00522   0.00521   0.01043   0.01816   0.08042   0.18312   0.36546   0.05479   0.06548   0.02360   0.00505   0.01738   0.11224   0.03573   0.03260   0.08238   0.06650   0.00672   0.07490   0.25322   3.71280   0.63384   1.86404  
 27 52.5825   4453.556227  x:  0.00000   0.12034   0.01363   0.01071   0.00786   0.00000   0.00523   0.00783   0.00000   0.00520   0.00520   0.01042   0.01814   0.07878   0.17880   0.36361   0.05646   0.06770   0.02393   0.00512   0.01719   0.11681   0.03472   0.03265   0.08285   0.06621   0.00665   0.07471   0.25829   3.69926   0.61990   1.83229  
 28 32.2340   4453.266218  x:  0.00000   0.12039   0.01359   0.01071   0.00787   0.00000   0.00520   0.00784   0.00000   0.00517   0.00518   0.01039   0.01811   0.07795   0.17059   0.36279   0.05192   0.06146   0.02424   0.00518   0.01715   0.11811   0.03523   0.03216   0.08357   0.06350   0.00658   0.07450   0.26301   3.66281   0.59074   1.74449  
 29 93.1770   4451.800789  x:  0.00000   0.13035   0.01319   0.01076   0.00790   0.00000   0.00510   0.00786   0.00000   0.00511   0.00513   0.01039   0.01818   0.08249   0.15314   0.36466   0.06022   0.06152   0.02448   0.00501   0.01791   0.10583   0.03473   0.03305   0.08189   0.06675   0.00680   0.07465   0.26618   3.48210   0.45559   1.30539  
 30 359.3434   4450.354287  x:  0.00000   0.12810   0.01354   0.01077   0.00793   0.00000   0.00505   0.00788   0.00000   0.00508   0.00512   0.01038   0.01826   0.07893   0.16138   0.36875   0.05383   0.06629   0.02437   0.00506   0.01819   0.10902   0.03474   0.03287   0.08140   0.06515   0.00703   0.07490   0.25855   3.31374   0.33191   0.89325  
 31 859.7073   4450.288703  x:  0.00000   0.12667   0.01348   0.01080   0.00792   0.00000   0.00507   0.00788   0.00000   0.00510   0.00513   0.01040   0.01824   0.08064   0.16314   0.36902   0.05679   0.06277   0.02443   0.00505   0.01801   0.11093   0.03475   0.03292   0.08198   0.06547   0.00705   0.07433   0.25774   3.30570   0.32576   0.87220  
 32 83.3500   4450.259997  x:  0.00000   0.12649   0.01345   0.01080   0.00785   0.00000   0.00538   0.00780   0.00000   0.00523   0.00522   0.01047   0.01824   0.08007   0.16287   0.36912   0.05694   0.06256   0.02372   0.00508   0.01715   0.11067   0.03474   0.03290   0.08169   0.06562   0.00602   0.07575   0.25790   3.30774   0.32406   0.86250  
 33  3.3125   4450.251814  x:  0.00000   0.12649   0.01340   0.01080   0.00782   0.00000   0.00544   0.00778   0.00000   0.00527   0.00525   0.01050   0.01825   0.08050   0.16276   0.36915   0.05666   0.06290   0.02350   0.00509   0.01693   0.11055   0.03475   0.03287   0.08201   0.06552   0.00597   0.07413   0.25800   3.30898   0.32359   0.85968  
 34  9.4561   4449.665752  x:  0.00000   0.12709   0.01342   0.01081   0.00788   0.00000   0.00523   0.00783   0.00000   0.00517   0.00517   0.01044   0.01827   0.08101   0.16238   0.37021   0.05654   0.06354   0.02424   0.00498   0.01752   0.11007   0.03485   0.03292   0.08528   0.06566   0.00634   0.07555   0.25865   3.50977   0.28791   0.66756  
 35  4.0388   4449.646329  x:  0.00000   0.12722   0.01344   0.01081   0.00787   0.00000   0.00522   0.00783   0.00000   0.00517   0.00517   0.01044   0.01825   0.08064   0.16239   0.37029   0.05668   0.06324   0.02416   0.00502   0.01768   0.11038   0.03477   0.03294   0.08238   0.06559   0.00644   0.07484   0.25872   3.51672   0.28673   0.66095  
 36 37.4180   4449.200848  x:  0.00000   0.12542   0.01355   0.01081   0.00788   0.00000   0.00515   0.00785   0.00000   0.00515   0.00515   0.01045   0.01825   0.08065   0.17273   0.36977   0.05622   0.06424   0.02457   0.00497   0.01805   0.11298   0.03500   0.03298   0.08352   0.06568   0.00674   0.07531   0.25501   3.45718   0.33871   0.75550  
 37  0.4624   4448.948481  x:  0.00000   0.12486   0.01355   0.01077   0.00782   0.00000   0.00522   0.00781   0.00000   0.00519   0.00518   0.01047   0.01820   0.08027   0.17939   0.37026   0.05580   0.06516   0.02437   0.00493   0.01795   0.11436   0.03510   0.03293   0.08272   0.06574   0.00638   0.07525   0.25390   3.62915   0.34695   0.80425  
 38  0.4863   4448.932790  x:  0.00000   0.12515   0.01354   0.01075   0.00782   0.00000   0.00521   0.00781   0.00000   0.00520   0.00519   0.01048   0.01817   0.08023   0.18179   0.36882   0.05558   0.06610   0.02435   0.00490   0.01802   0.11418   0.03520   0.03294   0.08302   0.06594   0.00626   0.07547   0.25519   3.63796   0.33938   0.77607  
 39  0.0333   4448.932611  x:  0.00000   0.12519   0.01355   0.01075   0.00782   0.00000   0.00520   0.00782   0.00000   0.00519   0.00519   0.01048   0.01818   0.08027   0.18190   0.36887   0.05567   0.06607   0.02435   0.00490   0.01805   0.11423   0.03521   0.03296   0.08293   0.06597   0.00628   0.07545   0.25542   3.63546   0.33911   0.77615  
 40  0.0024   4448.932607  x:  0.00000   0.12519   0.01355   0.01075   0.00782   0.00000   0.00520   0.00781   0.00000   0.00519   0.00519   0.01048   0.01818   0.08027   0.18190   0.36893   0.05567   0.06607   0.02435   0.00490   0.01805   0.11425   0.03521   0.03296   0.08294   0.06597   0.00627   0.07545   0.25541   3.63544   0.33902   0.77589  
 41  0.0003   4448.932607  x:  0.00000   0.12519   0.01355   0.01075   0.00782   0.00000   0.00520   0.00781   0.00000   0.00519   0.00519   0.01048   0.01818   0.08027   0.18190   0.36894   0.05567   0.06607   0.02436   0.00490   0.01805   0.11425   0.03521   0.03296   0.08295   0.06597   0.00627   0.07545   0.25541   3.63545   0.33902   0.77590  
 42  0.0000   4448.932607  x:  0.00000   0.12519   0.01355   0.01075   0.00782   0.00000   0.00520   0.00781   0.00000   0.00519   0.00519   0.01048   0.01818   0.08027   0.18190   0.36894   0.05567   0.06607   0.02436   0.00490   0.01805   0.11425   0.03521   0.03296   0.08295   0.06597   0.00627   0.07545   0.25541   3.63545   0.33902   0.77590  

Model 8: beta&w>1

TREE # 1

  0  0.0000   4468.742321  x:  0.00435   0.10919   0.01386   0.01076   0.00651   0.00000   0.00349   0.00649   0.00184   0.00701   0.00618   0.01240   0.01847   0.07463   0.17443   0.30385   0.05665   0.06308   0.01341   0.00770   0.00985   0.10366   0.03471   0.03151   0.08212   0.06745   0.00193   0.07149   0.23012   3.63545   0.90000   0.76687   1.93569   2.47532  
  1 99.0000   4468.741185  x:  0.00435   0.10919   0.01386   0.01076   0.00651   0.00000   0.00349   0.00649   0.00184   0.00701   0.00618   0.01240   0.01847   0.07463   0.17443   0.30385   0.05665   0.06308   0.01341   0.00770   0.00985   0.10366   0.03471   0.03151   0.08212   0.06745   0.00193   0.07150   0.23012   3.63545   0.90000   0.76687   1.93569   2.47532  
  2 728.0997   4467.496626  x:  0.00449   0.10946   0.01396   0.01080   0.00665   0.00000   0.00295   0.00663   0.00000   0.00674   0.00605   0.01222   0.01847   0.07478   0.17455   0.30417   0.05671   0.06320   0.01397   0.00746   0.01053   0.10389   0.03478   0.03164   0.08219   0.06747   0.00227   0.07167   0.23035   3.63547   0.90105   0.76679   1.93572   2.47525  
  3 1612.3535   4464.193683  x:  0.00392   0.11252   0.01439   0.01097   0.00487   0.00000   0.00332   0.00465   0.00000   0.00636   0.00642   0.01106   0.01842   0.07653   0.17596   0.30831   0.05744   0.06450   0.01729   0.00426   0.01120   0.10641   0.03544   0.03306   0.08283   0.06759   0.00000   0.07318   0.23301   3.63569   0.91436   0.76583   1.93604   2.47441  
  4 549.3360   4464.193683  x:  0.00392   0.11252   0.01439   0.01097   0.00487   0.00000   0.00332   0.00465   0.00000   0.00636   0.00642   0.01106   0.01842   0.07653   0.17596   0.30831   0.05744   0.06450   0.01729   0.00426   0.01120   0.10641   0.03544   0.03306   0.08283   0.06759   0.00000   0.07318   0.23301   3.63569   0.91436   0.76583   1.93604   2.47441  
  5 1339.0741   4461.185368  x:  0.00453   0.11350   0.01463   0.01104   0.00980   0.00000   0.00805   0.01028   0.00000   0.00503   0.00503   0.01082   0.01843   0.07699   0.17638   0.30962   0.05759   0.06482   0.01918   0.00570   0.01535   0.10722   0.03562   0.03328   0.08318   0.06764   0.00586   0.07418   0.23396   3.63576   0.91861   0.76549   1.93615   2.47416  
  6 609.3333   4457.705307  x:  0.00496   0.11728   0.01520   0.01136   0.00870   0.00000   0.00252   0.00865   0.00000   0.00562   0.00559   0.01048   0.01858   0.07892   0.17825   0.31510   0.05832   0.06618   0.02432   0.00453   0.02396   0.11038   0.03624   0.03438   0.08428   0.06793   0.01101   0.07647   0.23758   3.63603   0.93541   0.76417   1.93657   2.47317  
  7 317.6803   4455.576449  x:  0.00415   0.12065   0.01531   0.01143   0.00569   0.00000   0.00615   0.00504   0.00000   0.00603   0.00604   0.01048   0.01865   0.08063   0.17999   0.32040   0.05895   0.06734   0.02775   0.00223   0.02856   0.11319   0.03665   0.03524   0.08511   0.06816   0.01164   0.07807   0.24096   3.63628   0.95119   0.76287   1.93696   2.47227  
  8 879.1263   4453.062416  x:  0.00000   0.12491   0.01418   0.01089   0.00689   0.00000   0.00600   0.00867   0.00000   0.00483   0.00492   0.01098   0.01845   0.08263   0.18238   0.32850   0.05949   0.06844   0.02938   0.00015   0.02742   0.11660   0.03664   0.03567   0.08573   0.06837   0.00491   0.07917   0.24580   3.63662   0.97341   0.76077   1.93754   2.47104  
  9 539.3272   4452.529499  x:  0.00000   0.12616   0.01372   0.01071   0.00741   0.00000   0.00604   0.00861   0.00000   0.00495   0.00498   0.01092   0.01834   0.08310   0.18309   0.33121   0.05951   0.06858   0.02965   0.00334   0.02627   0.11751   0.03649   0.03554   0.08581   0.06840   0.00336   0.07947   0.24735   3.63673   0.97983   0.76001   1.93773   2.47066  
 10 621.1857   4452.137984  x:  0.00000   0.12715   0.01342   0.01069   0.00896   0.00000   0.00577   0.00732   0.00000   0.00562   0.00556   0.01011   0.01812   0.08290   0.18363   0.33503   0.05872   0.06803   0.02827   0.00297   0.02194   0.11788   0.03581   0.03434   0.08530   0.06784   0.00604   0.07950   0.24931   3.63684   0.98373   0.75874   1.93796   2.47026  
 11 138.1579   4451.983665  x:  0.00000   0.12762   0.01345   0.01077   0.00757   0.00000   0.00559   0.00769   0.00000   0.00470   0.00476   0.01030   0.01809   0.08266   0.18388   0.33754   0.05813   0.06760   0.02753   0.00322   0.02030   0.11798   0.03549   0.03369   0.08496   0.06742   0.00743   0.07930   0.25050   3.63690   0.98462   0.75783   1.93810   2.47001  
 12 131.4137   4451.864022  x:  0.00000   0.12811   0.01362   0.01083   0.00669   0.00000   0.00568   0.00866   0.00000   0.00564   0.00555   0.01087   0.01815   0.08225   0.18414   0.34113   0.05738   0.06702   0.02682   0.00335   0.01995   0.11803   0.03529   0.03321   0.08455   0.06687   0.00772   0.07872   0.25206   3.63699   0.98432   0.75643   1.93829   2.46964  
 13 95.3031   4451.298045  x:  0.00000   0.13052   0.01447   0.01090   0.00811   0.00000   0.00579   0.00780   0.00000   0.00508   0.00518   0.01210   0.01854   0.08003   0.18546   0.36117   0.05374   0.06419   0.02381   0.00357   0.02103   0.11818   0.03483   0.03168   0.08254   0.06416   0.00612   0.07518   0.26049   3.63749   0.98027   0.74833   1.93936   2.46757  
 14 198.3356   4451.144049  x:  0.00000   0.13079   0.01390   0.01058   0.00784   0.00000   0.00587   0.00817   0.00000   0.00527   0.00501   0.00961   0.01828   0.07966   0.18574   0.36685   0.05389   0.06424   0.02402   0.00361   0.02065   0.11798   0.03518   0.03237   0.08234   0.06424   0.00570   0.07480   0.26259   3.63765   0.97870   0.74558   1.93970   2.46690  
 15 131.6477   4450.991177  x:  0.00000   0.13039   0.01301   0.01071   0.00805   0.00000   0.00590   0.00821   0.00000   0.00458   0.00585   0.01033   0.01793   0.07977   0.18588   0.37336   0.05583   0.06554   0.02539   0.00361   0.01895   0.11735   0.03598   0.03421   0.08274   0.06564   0.00571   0.07554   0.26450   3.63790   0.97659   0.74152   1.94020   2.46596  
 16 97.9249   4450.930815  x:  0.00000   0.13007   0.01300   0.01083   0.00817   0.00000   0.00591   0.00817   0.00000   0.00527   0.00505   0.01082   0.01794   0.07995   0.18589   0.37594   0.05677   0.06618   0.02583   0.00360   0.01825   0.11705   0.03619   0.03477   0.08304   0.06637   0.00570   0.07605   0.26513   3.63802   0.97577   0.73966   1.94041   2.46555  
 17 177.9044   4450.867300  x:  0.00000   0.12904   0.01468   0.01092   0.00822   0.00000   0.00594   0.00824   0.00000   0.00515   0.00520   0.01054   0.01868   0.08074   0.18572   0.37861   0.05811   0.06706   0.02518   0.00364   0.01793   0.11658   0.03570   0.03403   0.08401   0.06763   0.00543   0.07746   0.26522   3.63822   0.97510   0.73645   1.94077   2.46487  
 18 52.5414   4450.824442  x:  0.00000   0.12786   0.01360   0.01052   0.00819   0.00000   0.00594   0.00819   0.00000   0.00516   0.00518   0.01061   0.01820   0.08136   0.18550   0.38007   0.05851   0.06728   0.02413   0.00360   0.01833   0.11630   0.03521   0.03292   0.08496   0.06830   0.00532   0.07875   0.26463   3.63845   0.97485   0.73299   1.94112   2.46417  
 19 40.2478   4450.787060  x:  0.00000   0.12668   0.01324   0.01187   0.00819   0.00000   0.00596   0.00822   0.00000   0.00516   0.00518   0.01046   0.01816   0.08177   0.18522   0.38077   0.05776   0.06671   0.02411   0.00358   0.01829   0.11617   0.03541   0.03286   0.08555   0.06811   0.00515   0.07947   0.26329   3.63878   0.97494   0.72803   1.94157   2.46318  
 20 33.3932   4450.675986  x:  0.00000   0.12361   0.01378   0.01072   0.00820   0.00000   0.00597   0.00820   0.00000   0.00514   0.00517   0.01056   0.01809   0.08253   0.18440   0.38213   0.05525   0.06483   0.02506   0.00352   0.01770   0.11596   0.03626   0.03357   0.08663   0.06696   0.00496   0.08071   0.25894   3.63985   0.97535   0.71225   1.94298   2.46000  
 21 109.5159   4450.506442  x:  0.00000   0.12307   0.01325   0.01064   0.00814   0.00000   0.00597   0.00817   0.00000   0.00511   0.00514   0.01051   0.01904   0.08033   0.18325   0.38180   0.05689   0.06606   0.02545   0.00349   0.01775   0.11613   0.03420   0.03314   0.08427   0.06568   0.00511   0.07728   0.25286   3.64177   0.97620   0.68440   1.94506   2.45410  
 22 61.1341   4450.468365  x:  0.00000   0.12375   0.01388   0.01083   0.00813   0.00000   0.00597   0.00817   0.00000   0.00511   0.00513   0.01050   0.01753   0.07998   0.18308   0.38125   0.05725   0.06630   0.02477   0.00352   0.01785   0.11611   0.03481   0.03317   0.08372   0.06601   0.00515   0.07666   0.25217   3.64225   0.97631   0.67784   1.94539   2.45256  
 23 73.6752   4450.431012  x:  0.00000   0.12568   0.01359   0.01070   0.00812   0.00000   0.00596   0.00817   0.00000   0.00511   0.00513   0.01051   0.01837   0.08008   0.18314   0.37985   0.05710   0.06610   0.02369   0.00353   0.01791   0.11593   0.03635   0.03326   0.08349   0.06719   0.00523   0.07680   0.25298   3.64280   0.97609   0.67071   1.94540   2.45053  
 24 41.0650   4450.392338  x:  0.00000   0.12822   0.01353   0.01074   0.00817   0.00000   0.00598   0.00821   0.00000   0.00511   0.00513   0.01050   0.01815   0.08074   0.18365   0.37763   0.05647   0.06559   0.02462   0.00346   0.01762   0.11568   0.03531   0.03276   0.08396   0.06791   0.00495   0.07777   0.25561   3.64347   0.97523   0.66299   1.94486   2.44779  
 25 35.9895   4450.374389  x:  0.00000   0.12799   0.01356   0.01075   0.00817   0.00000   0.00596   0.00821   0.00000   0.00511   0.00513   0.01051   0.01816   0.08092   0.18413   0.37633   0.05683   0.06588   0.02401   0.00352   0.01770   0.11581   0.03489   0.03368   0.08457   0.06659   0.00497   0.07830   0.25806   3.64389   0.97501   0.65932   1.94392   2.44576  
 26 17.8650   4450.362506  x:  0.00000   0.12671   0.01359   0.01074   0.00817   0.00000   0.00596   0.00820   0.00000   0.00511   0.00513   0.01050   0.01817   0.08070   0.18455   0.37554   0.05708   0.06611   0.02452   0.00351   0.01772   0.11605   0.03562   0.03285   0.08461   0.06621   0.00495   0.07812   0.26012   3.64428   0.97499   0.65699   1.94253   2.44361  
 27 14.3683   4450.352948  x:  0.00000   0.12540   0.01364   0.01076   0.00814   0.00000   0.00594   0.00819   0.00000   0.00511   0.00513   0.01051   0.01816   0.08047   0.18467   0.37525   0.05672   0.06586   0.02450   0.00350   0.01792   0.11627   0.03520   0.03328   0.08418   0.06734   0.00506   0.07770   0.26137   3.64473   0.97515   0.65535   1.94036   2.44080  
 28 10.7776   4450.140363  x:  0.00000   0.12560   0.01355   0.01085   0.00808   0.00000   0.00573   0.00810   0.00000   0.00513   0.00513   0.01049   0.01820   0.08423   0.17898   0.38043   0.05759   0.06569   0.02590   0.00354   0.02018   0.11463   0.03538   0.03351   0.07877   0.06635   0.00595   0.08026   0.26235   3.65843   0.97427   0.62780   1.86444   2.35043  
 29 11.0532   4449.728730  x:  0.00000   0.12830   0.01399   0.01098   0.00803   0.00000   0.00536   0.00799   0.00000   0.00519   0.00514   0.01048   0.01839   0.08044   0.17541   0.38833   0.05717   0.06687   0.02766   0.00371   0.02248   0.11522   0.03575   0.03386   0.08776   0.06728   0.00819   0.07834   0.26061   3.68572   0.97201   0.57465   1.71247   2.16975  
 30 278.9762   4449.165756  x:  0.00000   0.12809   0.01404   0.01110   0.00829   0.00000   0.00514   0.00811   0.00000   0.00525   0.00518   0.01042   0.01849   0.08361   0.19249   0.38849   0.05693   0.06782   0.02672   0.00433   0.02202   0.12240   0.03576   0.03372   0.08552   0.06752   0.00962   0.07934   0.25315   3.72276   0.96582   0.50618   1.50492   1.92284  
 31 234.8795   4448.604316  x:  0.00000   0.12451   0.01402   0.01100   0.00846   0.00000   0.00515   0.00819   0.00000   0.00522   0.00519   0.01029   0.01825   0.07866   0.18914   0.37811   0.05745   0.06424   0.02522   0.00488   0.02016   0.10938   0.03507   0.03314   0.08328   0.06644   0.00909   0.07920   0.25110   3.75841   0.96478   0.44347   1.30432   1.68360  
 32 227.2310   4448.435577  x:  0.00000   0.12342   0.01371   0.01097   0.00860   0.00000   0.00517   0.00826   0.00000   0.00522   0.00521   0.01024   0.01818   0.08175   0.18162   0.37371   0.05546   0.06639   0.02443   0.00524   0.01842   0.11293   0.03490   0.03272   0.08371   0.06628   0.00913   0.07638   0.25131   3.76934   0.96332   0.42440   1.24221   1.60944  
 33 210.5154   4448.425175  x:  0.00000   0.12343   0.01377   0.01097   0.00862   0.00000   0.00518   0.00828   0.00000   0.00522   0.00521   0.01024   0.01817   0.08063   0.18066   0.37339   0.05592   0.06568   0.02441   0.00524   0.01827   0.11446   0.03487   0.03269   0.08341   0.06630   0.00898   0.07738   0.25133   3.76993   0.96311   0.42326   1.23839   1.60481  
 34 21.6839   4448.423499  x:  0.00000   0.12343   0.01375   0.01097   0.00862   0.00000   0.00517   0.00827   0.00000   0.00522   0.00521   0.01024   0.01817   0.08094   0.18064   0.37336   0.05640   0.06504   0.02442   0.00524   0.01825   0.11453   0.03487   0.03269   0.08357   0.06630   0.00902   0.07707   0.25135   3.76921   0.96310   0.42340   1.23841   1.60424  
 35  0.4528   4448.167130  x:  0.00000   0.12430   0.01376   0.01089   0.00846   0.00000   0.00516   0.00817   0.00000   0.00519   0.00517   0.01033   0.01816   0.08036   0.18149   0.37000   0.05591   0.06573   0.02409   0.00543   0.01806   0.11433   0.03498   0.03281   0.08313   0.06622   0.00801   0.07664   0.25357   3.64471   0.96138   0.44986   1.25095   1.51814  
 36  3.4650   4448.097058  x:  0.00000   0.12529   0.01367   0.01079   0.00822   0.00000   0.00527   0.00806   0.00000   0.00516   0.00514   0.01044   0.01817   0.08030   0.18233   0.37180   0.05607   0.06586   0.02406   0.00520   0.01805   0.11446   0.03515   0.03301   0.08315   0.06627   0.00640   0.07655   0.25627   3.71612   0.96279   0.44018   1.18509   1.60751  
 37  0.3541   4448.076758  x:  0.00000   0.12572   0.01365   0.01075   0.00808   0.00000   0.00529   0.00798   0.00000   0.00515   0.00514   0.01049   0.01818   0.08027   0.18259   0.37229   0.05612   0.06590   0.02411   0.00509   0.01813   0.11461   0.03523   0.03311   0.08315   0.06626   0.00574   0.07648   0.25725   3.66927   0.96346   0.43318   1.17625   1.62115  
 38  0.1918   4448.059291  x:  0.00000   0.12633   0.01366   0.01072   0.00794   0.00000   0.00523   0.00789   0.00000   0.00516   0.00515   0.01049   0.01815   0.08023   0.18311   0.37150   0.05616   0.06602   0.02406   0.00497   0.01820   0.11500   0.03527   0.03313   0.08316   0.06631   0.00530   0.07639   0.25837   3.69231   0.96150   0.44748   1.24338   1.57899  
 39  0.1913   4448.051886  x:  0.00000   0.12606   0.01369   0.01077   0.00772   0.00000   0.00516   0.00775   0.00000   0.00520   0.00521   0.01047   0.01817   0.08030   0.18330   0.37202   0.05610   0.06603   0.02417   0.00475   0.01825   0.11509   0.03527   0.03308   0.08343   0.06631   0.00551   0.07643   0.25715   3.68868   0.95923   0.44659   1.25088   1.53358  
 40  0.0252   4448.045617  x:  0.00000   0.12566   0.01368   0.01077   0.00774   0.00000   0.00520   0.00775   0.00000   0.00523   0.00522   0.01048   0.01817   0.08026   0.18259   0.37127   0.05604   0.06597   0.02407   0.00451   0.01800   0.11477   0.03522   0.03304   0.08329   0.06626   0.00549   0.07642   0.25673   3.68680   0.95613   0.45494   1.29203   1.52837  
 41  0.0165   4448.039180  x:  0.00000   0.12612   0.01369   0.01075   0.00788   0.00000   0.00522   0.00785   0.00000   0.00520   0.00517   0.01050   0.01817   0.08031   0.18294   0.37175   0.05615   0.06606   0.02407   0.00450   0.01831   0.11487   0.03527   0.03315   0.08325   0.06631   0.00548   0.07648   0.25787   3.69010   0.95061   0.46517   1.34774   1.46992  
 42  0.0411   4448.035943  x:  0.00000   0.12616   0.01367   0.01075   0.00785   0.00000   0.00522   0.00787   0.00000   0.00515   0.00517   0.01048   0.01816   0.08023   0.18339   0.37225   0.05609   0.06600   0.02406   0.00469   0.01826   0.11494   0.03527   0.03311   0.08332   0.06627   0.00547   0.07636   0.25758   3.68822   0.94710   0.47095   1.38813   1.45664  
 43  0.0209   4448.035209  x:  0.00000   0.12606   0.01368   0.01076   0.00782   0.00000   0.00521   0.00783   0.00000   0.00517   0.00519   0.01048   0.01816   0.08024   0.18317   0.37202   0.05608   0.06599   0.02406   0.00473   0.01819   0.11487   0.03526   0.03310   0.08332   0.06627   0.00543   0.07641   0.25742   3.68835   0.94529   0.47455   1.40996   1.43544  
 44  0.0317   4448.035113  x:  0.00000   0.12606   0.01368   0.01076   0.00781   0.00000   0.00520   0.00781   0.00000   0.00519   0.00519   0.01049   0.01817   0.08027   0.18307   0.37196   0.05610   0.06601   0.02407   0.00473   0.01822   0.11487   0.03526   0.03311   0.08332   0.06629   0.00542   0.07645   0.25747   3.68869   0.94502   0.47525   1.41408   1.43615  
 45  0.0044   4448.035110  x:  0.00000   0.12606   0.01368   0.01076   0.00782   0.00000   0.00520   0.00781   0.00000   0.00519   0.00519   0.01049   0.01817   0.08026   0.18310   0.37196   0.05610   0.06601   0.02407   0.00473   0.01822   0.11487   0.03526   0.03311   0.08331   0.06628   0.00543   0.07644   0.25749   3.68876   0.94486   0.47561   1.41620   1.43508  
 46  0.0020   4448.035110  x:  0.00000   0.12606   0.01368   0.01076   0.00782   0.00000   0.00520   0.00781   0.00000   0.00519   0.00519   0.01049   0.01817   0.08026   0.18310   0.37196   0.05610   0.06601   0.02407   0.00473   0.01822   0.11487   0.03526   0.03311   0.08331   0.06628   0.00542   0.07644   0.25748   3.68874   0.94485   0.47565   1.41647   1.43504  
 47  0.0002   4448.035110  x:  0.00000   0.12606   0.01368   0.01076   0.00782   0.00000   0.00520   0.00781   0.00000   0.00519   0.00519   0.01049   0.01817   0.08026   0.18310   0.37196   0.05610   0.06601   0.02407   0.00473   0.01822   0.11487   0.03526   0.03311   0.08331   0.06628   0.00542   0.07644   0.25748   3.68874   0.94485   0.47565   1.41649   1.43503  
 48  0.0000   4448.035110  x:  0.00000   0.12606   0.01368   0.01076   0.00782   0.00000   0.00520   0.00781   0.00000   0.00519   0.00519   0.01049   0.01817   0.08026   0.18310   0.37196   0.05610   0.06601   0.02407   0.00473   0.01822   0.11487   0.03526   0.03311   0.08331   0.06628   0.00542   0.07644   0.25748   3.68874   0.94485   0.47565   1.41649   1.43503  