

Model 0: one-ratio

TREE # 1

  0  0.0000  11454.512972  x:  0.00000   0.08933   0.06290   0.02124   0.06047   0.05785   0.03230   0.02853   0.05822   0.02059   0.04866   0.02937   0.04016   0.06252   0.21013   0.29808   0.13028   0.13036   0.07451   0.03253   0.08160   0.14789   0.03098   0.04235   0.08150   0.17142   0.02860   0.11958   0.35569   2.00000   0.40000  
  1 99.0000  11294.284662  x:  0.04007   0.11248   0.05794   0.01321   0.03639   0.03095   0.01024   0.00000   0.02967   0.00998   0.03030   0.02167   0.04533   0.08263   0.24101   0.32159   0.14355   0.15482   0.08644   0.01813   0.08168   0.17092   0.04978   0.05301   0.10910   0.18585   0.03078   0.12991   0.37801   2.00492   0.42267  
  2 2053.2068  11259.519179  x:  0.05629   0.12193   0.05590   0.00997   0.02652   0.01991   0.00131   0.00097   0.01794   0.00574   0.02280   0.01856   0.04744   0.09084   0.25367   0.33124   0.14899   0.16483   0.09130   0.01222   0.08170   0.18036   0.05741   0.05734   0.12037   0.19176   0.03166   0.13413   0.38717   2.00695   0.43196  
  3 25494.8387  11215.898955  x:  0.07396   0.13402   0.05305   0.00790   0.01288   0.00447   0.01529   0.00181   0.00083   0.00637   0.01356   0.01577   0.05002   0.10110   0.27097   0.34478   0.15637   0.17833   0.09716   0.00415   0.08154   0.19314   0.06600   0.06232   0.13487   0.19999   0.03241   0.13979   0.40023   2.00996   0.44488  
  4 8441.8303  11192.319042  x:  0.07671   0.14272   0.04990   0.01875   0.00421   0.00515   0.01572   0.00201   0.00903   0.02436   0.01665   0.02175   0.05122   0.10742   0.28821   0.35985   0.16334   0.19086   0.09996   0.00000   0.08064   0.20525   0.06733   0.06329   0.14557   0.20875   0.03137   0.14487   0.41553   2.01413   0.45843  
  5 1793.6853  11160.921824  x:  0.06840   0.15429   0.04394   0.02817   0.02300   0.01376   0.01532   0.00213   0.00050   0.03658   0.02563   0.03236   0.05146   0.11458   0.31789   0.38758   0.17469   0.21130   0.10210   0.01169   0.07861   0.22531   0.06321   0.06135   0.16025   0.22436   0.02823   0.15307   0.44439   2.02278   0.48224  
  6 2231.0444  11141.072992  x:  0.04365   0.16903   0.03531   0.02084   0.04965   0.00980   0.02286   0.00236   0.02894   0.02306   0.02938   0.03671   0.04944   0.12235   0.36512   0.43388   0.19142   0.24223   0.10239   0.02671   0.07409   0.25593   0.05199   0.05575   0.17958   0.24885   0.02151   0.16508   0.49343   2.03894   0.52003  
  7 2807.3836  11106.687463  x:  0.00000   0.16880   0.03685   0.01660   0.03820   0.00811   0.01861   0.00185   0.02237   0.01571   0.02851   0.03046   0.04576   0.11758   0.39147   0.46475   0.19711   0.25549   0.09523   0.01766   0.06842   0.26967   0.03774   0.04890   0.18049   0.26119   0.01463   0.16918   0.52814   2.05412   0.54065  
  8 1188.2133  11106.687463  x:  0.00000   0.16880   0.03685   0.01660   0.03820   0.00811   0.01861   0.00185   0.02237   0.01571   0.02851   0.03046   0.04576   0.11758   0.39147   0.46475   0.19711   0.25549   0.09523   0.01766   0.06842   0.26967   0.03774   0.04890   0.18049   0.26119   0.01463   0.16918   0.52814   2.05412   0.54065  
  9 429.2650  11084.610235  x:  0.00195   0.16852   0.03983   0.01440   0.02191   0.00463   0.00752   0.00170   0.00123   0.01258   0.02162   0.02424   0.04714   0.11614   0.39451   0.46938   0.19593   0.25549   0.09644   0.00766   0.06795   0.26982   0.04472   0.05281   0.17893   0.26124   0.01707   0.16918   0.53371   2.05844   0.54188  
 10 839.4640  11080.893942  x:  0.00268   0.16823   0.04135   0.01434   0.01173   0.01010   0.00883   0.00410   0.00151   0.01292   0.01914   0.02197   0.04794   0.11506   0.39680   0.47295   0.19504   0.25548   0.09729   0.00232   0.06778   0.26995   0.04787   0.05468   0.17776   0.26133   0.01842   0.16912   0.53799   2.06187   0.54284  
 11 714.5582  11079.698559  x:  0.00287   0.16802   0.04194   0.01465   0.00846   0.00937   0.00973   0.00156   0.00260   0.01339   0.01886   0.02191   0.04830   0.11444   0.39819   0.47513   0.19451   0.25548   0.09781   0.00177   0.06782   0.27002   0.04901   0.05538   0.17708   0.26143   0.01906   0.16907   0.54060   2.06402   0.54343  
 12 550.6761  11077.548330  x:  0.00303   0.16722   0.04340   0.01607   0.00526   0.00626   0.01374   0.00316   0.00168   0.01514   0.01975   0.02366   0.04932   0.11230   0.40310   0.48290   0.19264   0.25546   0.09960   0.00377   0.06817   0.27030   0.05162   0.05705   0.17471   0.26183   0.02085   0.16888   0.54993   2.07184   0.54552  
 13 549.6385  11070.772348  x:  0.00342   0.16456   0.04793   0.01826   0.01018   0.00739   0.01715   0.00166   0.00028   0.01704   0.02027   0.02676   0.05237   0.10541   0.41937   0.50877   0.18646   0.25542   0.10507   0.00272   0.06894   0.27119   0.06003   0.06229   0.16696   0.26307   0.02586   0.16809   0.58095   2.09815   0.55244  
 14 1248.7622  11066.918851  x:  0.00388   0.16182   0.05266   0.01976   0.01491   0.00589   0.01712   0.00255   0.00250   0.01781   0.02012   0.02918   0.05545   0.09835   0.43625   0.53564   0.18006   0.25539   0.11068   0.00152   0.06971   0.27211   0.06897   0.06778   0.15896   0.26433   0.03096   0.16726   0.61318   2.12556   0.55960  
 15 16377.0758  11060.978981  x:  0.00000   0.15911   0.05194   0.01573   0.01261   0.01078   0.01223   0.00180   0.00259   0.01379   0.02359   0.02863   0.05412   0.09466   0.45142   0.56087   0.17469   0.25546   0.11354   0.01026   0.07088   0.27284   0.06674   0.06582   0.15324   0.26549   0.02952   0.16586   0.64350   2.15414   0.56587  
 16 1019.5994  11051.582054  x:  0.00000   0.15508   0.04352   0.01164   0.01171   0.00692   0.01305   0.00269   0.00218   0.01450   0.02419   0.02383   0.04688   0.09513   0.47652   0.60515   0.16692   0.25595   0.11338   0.00140   0.07174   0.27375   0.04728   0.05245   0.14763   0.26675   0.01643   0.16246   0.69696   2.21108   0.57580  
 17 1049.5843  11049.878612  x:  0.00000   0.15515   0.04183   0.01987   0.01128   0.00758   0.01099   0.00270   0.00218   0.01512   0.01945   0.02346   0.04670   0.09926   0.48046   0.61420   0.16669   0.25637   0.11106   0.00268   0.07187   0.27374   0.04370   0.05084   0.14972   0.26671   0.01327   0.16285   0.70824   2.22805   0.57706  
 18 504.4744  11045.092831  x:  0.00000   0.15973   0.04000   0.01508   0.01167   0.00732   0.01351   0.00254   0.00225   0.01167   0.01489   0.02792   0.05029   0.12474   0.48213   0.63333   0.17342   0.25885   0.09504   0.00363   0.07103   0.27266   0.04657   0.05727   0.16978   0.26487   0.00995   0.17040   0.73415   2.29449   0.57555  
 19 330.6872  11043.233235  x:  0.00000   0.16224   0.03986   0.01594   0.01127   0.00779   0.01061   0.00272   0.00227   0.01656   0.02170   0.02676   0.05111   0.13297   0.48113   0.63986   0.17680   0.25986   0.08912   0.00264   0.07017   0.27208   0.04814   0.05908   0.17805   0.26392   0.01058   0.17408   0.74356   2.32565   0.57420  
 20 816.5427  11040.320513  x:  0.00000   0.16725   0.04165   0.01824   0.01261   0.00668   0.01363   0.00264   0.00229   0.01258   0.02356   0.01713   0.04815   0.12986   0.47366   0.64298   0.18223   0.26064   0.08848   0.00327   0.06740   0.27101   0.04947   0.05602   0.18515   0.26242   0.01712   0.17942   0.75061   2.38124   0.57018  
 21 347.8214  11032.872517  x:  0.00000   0.18020   0.04564   0.01588   0.01144   0.00751   0.01044   0.00278   0.00225   0.01691   0.01718   0.02588   0.04024   0.10875   0.44854   0.64578   0.19601   0.26167   0.09347   0.00267   0.06012   0.26827   0.05001   0.04566   0.19773   0.25859   0.02689   0.19005   0.76360   2.54447   0.55852  
 22 1064.0486  11027.399877  x:  0.00000   0.18354   0.04484   0.01856   0.01035   0.00716   0.01028   0.00295   0.00213   0.01152   0.02096   0.02855   0.04932   0.09573   0.43290   0.64322   0.20048   0.26076   0.09819   0.00000   0.06068   0.26774   0.04984   0.05145   0.19716   0.25742   0.01626   0.18890   0.76614   2.64973   0.55423  
 23 934.4170  11024.025209  x:  0.00000   0.18410   0.04475   0.01548   0.01134   0.00700   0.01077   0.00280   0.00217   0.01743   0.01736   0.02245   0.05524   0.08875   0.42163   0.63957   0.20192   0.25945   0.10208   0.00290   0.06274   0.26785   0.05129   0.05802   0.19320   0.25705   0.00630   0.18594   0.76594   2.73272   0.55281  
 24 1844.2702  11014.893566  x:  0.00000   0.16633   0.05127   0.01700   0.01124   0.00682   0.01036   0.00293   0.00213   0.01721   0.01739   0.02303   0.04094   0.11143   0.40492   0.61612   0.18662   0.25141   0.11170   0.00115   0.07973   0.27267   0.05393   0.06651   0.15328   0.26172   0.01123   0.16958   0.74753   2.95899   0.56975  
 25 574.7232  11012.274138  x:  0.00000   0.15850   0.04550   0.01558   0.01104   0.00685   0.00980   0.00295   0.00211   0.01836   0.01590   0.02270   0.05532   0.11579   0.41040   0.60534   0.17836   0.25029   0.10914   0.00116   0.07721   0.27451   0.05438   0.05771   0.14507   0.26418   0.02089   0.16650   0.73513   3.02966   0.58424  
 26 424.0484  11009.159144  x:  0.00000   0.15280   0.04280   0.01703   0.01117   0.00678   0.01057   0.00289   0.00212   0.01740   0.01681   0.02325   0.04928   0.10954   0.43633   0.58824   0.16709   0.25334   0.09988   0.00187   0.06512   0.27677   0.06464   0.05427   0.15218   0.26756   0.01550   0.16275   0.70872   3.11162   0.61529  
 27 268.0208  11007.757777  x:  0.00000   0.15604   0.05016   0.01621   0.01106   0.00681   0.01019   0.00291   0.00210   0.01768   0.01645   0.02312   0.05014   0.10624   0.45483   0.58003   0.16587   0.25721   0.10134   0.00161   0.07029   0.27746   0.05473   0.05986   0.15989   0.26841   0.01785   0.16519   0.69204   3.14919   0.63259  
 28 207.4924  11007.437346  x:  0.00000   0.16001   0.04455   0.01624   0.01107   0.00691   0.01023   0.00288   0.00211   0.01768   0.01665   0.02322   0.04947   0.10776   0.46075   0.57897   0.17084   0.25924   0.10610   0.00152   0.07315   0.27631   0.05556   0.06022   0.15907   0.26713   0.01777   0.16739   0.68533   3.15750   0.63527  
 29 58.5364  11007.295403  x:  0.00000   0.16147   0.04698   0.01616   0.01113   0.00697   0.01042   0.00285   0.00212   0.01743   0.01713   0.02335   0.05029   0.10959   0.46321   0.57909   0.17472   0.25991   0.10711   0.00176   0.07222   0.27494   0.05581   0.05781   0.15682   0.26574   0.01583   0.16806   0.68056   3.16101   0.63464  
 30 36.9033  11007.121297  x:  0.00000   0.15939   0.04581   0.01612   0.01119   0.00708   0.01066   0.00280   0.00214   0.01724   0.01739   0.02367   0.04966   0.10895   0.46417   0.58002   0.17801   0.25873   0.10288   0.00217   0.07082   0.27301   0.05284   0.05953   0.15451   0.26390   0.01675   0.16809   0.67247   3.16490   0.63031  
 31 23.1755  11007.004582  x:  0.00000   0.15820   0.04538   0.01609   0.01129   0.00719   0.01094   0.00275   0.00216   0.01702   0.01784   0.02391   0.04973   0.10890   0.46262   0.58039   0.17627   0.25663   0.10218   0.00233   0.07430   0.27322   0.05285   0.05732   0.15739   0.26435   0.01642   0.16680   0.66655   3.16723   0.62674  
 32 21.6581  11006.955681  x:  0.00000   0.15916   0.04489   0.01599   0.01132   0.00726   0.01102   0.00273   0.00217   0.01692   0.01813   0.02402   0.04977   0.11017   0.46041   0.57986   0.17404   0.25621   0.10416   0.00252   0.07213   0.27424   0.05160   0.05771   0.15872   0.26566   0.01634   0.16666   0.66461   3.16801   0.62620  
 33 15.0719  11006.929878  x:  0.00000   0.16002   0.04469   0.01598   0.01134   0.00729   0.01111   0.00271   0.00217   0.01683   0.01826   0.02411   0.04970   0.11002   0.45719   0.57792   0.17408   0.25848   0.10294   0.00259   0.07259   0.27565   0.05122   0.05741   0.15805   0.26684   0.01592   0.16788   0.66527   3.16818   0.62864  
 34  6.7029  11006.918683  x:  0.00000   0.15907   0.04463   0.01596   0.01135   0.00731   0.01113   0.00270   0.00217   0.01679   0.01833   0.02414   0.04970   0.11013   0.45606   0.57598   0.17503   0.25871   0.10347   0.00265   0.07250   0.27465   0.05098   0.05736   0.15879   0.26562   0.01606   0.16685   0.66667   3.16836   0.63016  
 35  3.7668  11006.900033  x:  0.00000   0.16017   0.04453   0.01596   0.01135   0.00732   0.01116   0.00269   0.00217   0.01674   0.01840   0.02418   0.04969   0.11012   0.45649   0.57279   0.17448   0.25620   0.10302   0.00270   0.07272   0.27316   0.05086   0.05731   0.15842   0.26473   0.01568   0.16813   0.66887   3.16928   0.63031  
 36  2.5872  11006.799002  x:  0.00000   0.15897   0.04449   0.01591   0.01132   0.00731   0.01111   0.00266   0.00217   0.01661   0.01854   0.02423   0.04969   0.11016   0.46110   0.56563   0.17805   0.25504   0.10329   0.00275   0.07240   0.27671   0.05061   0.05722   0.15885   0.26972   0.01564   0.16738   0.67487   3.17591   0.62565  
 37  3.4127  11005.929024  x:  0.00000   0.16086   0.04399   0.01567   0.01089   0.00713   0.01052   0.00246   0.00214   0.01536   0.01947   0.02469   0.04985   0.11029   0.46912   0.56588   0.16710   0.27393   0.10260   0.00355   0.07254   0.28018   0.05046   0.05701   0.15920   0.25627   0.01526   0.16754   0.69022   3.23451   0.61268  
 38  8.2773  11003.479178  x:  0.00000   0.15740   0.04384   0.01505   0.00961   0.00646   0.00857   0.00193   0.00203   0.01219   0.02158   0.02543   0.04974   0.10798   0.46387   0.60650   0.17300   0.26826   0.10257   0.00478   0.07190   0.26364   0.05043   0.05685   0.16478   0.27143   0.01275   0.17690   0.71493   3.39799   0.62637  
 39 61.4141  11003.193281  x:  0.00000   0.16396   0.04367   0.01495   0.00946   0.00641   0.00835   0.00186   0.00202   0.01176   0.02181   0.02561   0.04983   0.10732   0.46259   0.61273   0.17688   0.26086   0.09979   0.00513   0.07147   0.27255   0.05032   0.05676   0.16481   0.26681   0.01415   0.17091   0.71743   3.41693   0.63109  
 40 44.6408  11003.181650  x:  0.00000   0.16254   0.04371   0.01496   0.00945   0.00640   0.00834   0.00186   0.00202   0.01175   0.02183   0.02561   0.04980   0.10732   0.46245   0.61306   0.17724   0.25998   0.10036   0.00512   0.07136   0.27436   0.05032   0.05675   0.16502   0.26559   0.01377   0.17259   0.71744   3.41773   0.63146  
 41  7.1086  11002.559410  x:  0.00000   0.16401   0.04336   0.01475   0.01031   0.00687   0.01112   0.00151   0.00204   0.01389   0.02106   0.02421   0.04925   0.10778   0.46110   0.61865   0.17910   0.25929   0.09938   0.00392   0.07046   0.27423   0.04905   0.05572   0.16675   0.26506   0.01258   0.17316   0.72278   3.51173   0.63418  
 42  0.1593  11002.383055  x:  0.00000   0.16425   0.04335   0.01466   0.01041   0.00702   0.01009   0.00227   0.00196   0.01405   0.02037   0.02326   0.04864   0.10814   0.45853   0.61451   0.17954   0.25967   0.09926   0.00350   0.07020   0.27396   0.04928   0.05523   0.16690   0.26481   0.01214   0.17310   0.71879   3.56273   0.63491  
 43  0.0823  11002.338195  x:  0.00000   0.16380   0.04378   0.01517   0.01041   0.00698   0.00988   0.00203   0.00193   0.01367   0.02025   0.02374   0.04864   0.10781   0.45782   0.61189   0.17893   0.26008   0.10020   0.00348   0.07068   0.27401   0.04995   0.05566   0.16589   0.26506   0.01302   0.17290   0.71753   3.58760   0.63551  
 44  0.0270  11002.335229  x:  0.00000   0.16382   0.04369   0.01500   0.01044   0.00690   0.00987   0.00196   0.00190   0.01361   0.02025   0.02382   0.04888   0.10798   0.45810   0.61222   0.17900   0.25996   0.10003   0.00339   0.07079   0.27411   0.04968   0.05581   0.16592   0.26502   0.01291   0.17296   0.71788   3.58891   0.63543  
 45  0.0013  11002.334051  x:  0.00000   0.16386   0.04371   0.01502   0.01050   0.00695   0.00995   0.00199   0.00186   0.01357   0.02031   0.02391   0.04895   0.10793   0.45818   0.61266   0.17903   0.25985   0.10003   0.00337   0.07078   0.27417   0.04977   0.05586   0.16595   0.26505   0.01298   0.17297   0.71832   3.58776   0.63550  
 46  0.0009  11002.333118  x:  0.00000   0.16388   0.04370   0.01503   0.01052   0.00697   0.00988   0.00197   0.00181   0.01360   0.02030   0.02384   0.04888   0.10791   0.45806   0.61246   0.17904   0.25990   0.10003   0.00333   0.07072   0.27412   0.04981   0.05577   0.16601   0.26505   0.01295   0.17296   0.71805   3.58673   0.63546  
 47  0.0008  11002.332936  x:  0.00000   0.16385   0.04371   0.01504   0.01052   0.00694   0.00989   0.00198   0.00179   0.01360   0.02030   0.02383   0.04885   0.10792   0.45806   0.61234   0.17900   0.25995   0.10007   0.00336   0.07075   0.27410   0.04976   0.05578   0.16595   0.26505   0.01296   0.17294   0.71795   3.58691   0.63545  
 48  0.0002  11002.332907  x:  0.00000   0.16384   0.04371   0.01503   0.01051   0.00695   0.00989   0.00198   0.00179   0.01361   0.02029   0.02383   0.04885   0.10793   0.45807   0.61234   0.17901   0.25994   0.10005   0.00338   0.07075   0.27411   0.04977   0.05579   0.16595   0.26504   0.01295   0.17295   0.71796   3.58716   0.63544  
 49  0.0002  11002.332906  x:  0.00000   0.16385   0.04371   0.01504   0.01051   0.00695   0.00989   0.00198   0.00179   0.01361   0.02029   0.02383   0.04886   0.10793   0.45807   0.61235   0.17901   0.25994   0.10005   0.00338   0.07075   0.27411   0.04977   0.05579   0.16596   0.26504   0.01295   0.17295   0.71797   3.58717   0.63545  
 50  0.0000  11002.332906  x:  0.00000   0.16385   0.04371   0.01504   0.01051   0.00695   0.00989   0.00198   0.00179   0.01361   0.02029   0.02383   0.04886   0.10793   0.45807   0.61235   0.17901   0.25994   0.10005   0.00338   0.07075   0.27411   0.04977   0.05579   0.16596   0.26504   0.01295   0.17295   0.71797   3.58717   0.63545  
 51  0.0000  11002.332906  x:  0.00000   0.16385   0.04371   0.01504   0.01051   0.00695   0.00989   0.00198   0.00179   0.01361   0.02029   0.02383   0.04886   0.10793   0.45807   0.61235   0.17901   0.25994   0.10005   0.00338   0.07075   0.27411   0.04977   0.05579   0.16596   0.26504   0.01295   0.17295   0.71797   3.58717   0.63545  

Model 1: NearlyNeutral

TREE # 1

  0  0.0000  11087.665431  x:  0.00000   0.11779   0.03083   0.04199   0.01434   0.02968   0.02416   0.01431   0.04028   0.04120   0.05240   0.01643   0.03581   0.08408   0.27812   0.36464   0.13343   0.18489   0.06971   0.03223   0.06800   0.17766   0.06874   0.07439   0.13784   0.19882   0.01114   0.13694   0.42341   3.58717   0.50913   0.13125  
  1 99.0000  11037.642792  x:  0.00451   0.12186   0.03507   0.03186   0.00955   0.01669   0.01336   0.00000   0.02495   0.02958   0.04170   0.02057   0.03869   0.08704   0.28502   0.37100   0.13707   0.18888   0.07390   0.02396   0.06784   0.18306   0.06343   0.06936   0.13942   0.20168   0.01384   0.13914   0.43008   3.58705   0.50810   0.13190  
  2 1524.4729  11005.800035  x:  0.00903   0.12598   0.03934   0.02157   0.00477   0.00353   0.00250   0.00037   0.00937   0.01778   0.03083   0.02472   0.04160   0.09005   0.29203   0.37746   0.14076   0.19294   0.07814   0.01556   0.06768   0.18855   0.05804   0.06426   0.14103   0.20458   0.01656   0.14137   0.43685   3.58692   0.50706   0.13256  
  3 10148.4954  10994.674391  x:  0.01052   0.12790   0.04092   0.01696   0.00533   0.00112   0.00636   0.00043   0.00141   0.01263   0.02574   0.02595   0.04278   0.09138   0.29555   0.38077   0.14258   0.19496   0.07999   0.01138   0.06759   0.19129   0.05548   0.06183   0.14181   0.20606   0.01756   0.14240   0.44034   3.58685   0.50663   0.13276  
  4 3473.3174  10993.149655  x:  0.01074   0.12819   0.04115   0.01629   0.00541   0.00162   0.00651   0.00044   0.00040   0.01191   0.02499   0.02612   0.04296   0.09157   0.29609   0.38128   0.14285   0.19526   0.08027   0.01076   0.06758   0.19171   0.05509   0.06146   0.14192   0.20628   0.01771   0.14255   0.44088   3.58684   0.50657   0.13279  
  5 6442.1820  10984.973784  x:  0.01262   0.13099   0.04324   0.01003   0.00665   0.00384   0.00855   0.00051   0.00209   0.00542   0.01780   0.02755   0.04459   0.09347   0.30140   0.38630   0.14555   0.19829   0.08293   0.00464   0.06744   0.19582   0.05136   0.05791   0.14308   0.20852   0.01903   0.14405   0.44619   3.58674   0.50595   0.13305  
  6 3106.6086  10978.720307  x:  0.01313   0.13350   0.04430   0.00824   0.00882   0.00414   0.00880   0.00053   0.00230   0.01019   0.01351   0.02740   0.04570   0.09499   0.30678   0.39154   0.14816   0.20130   0.08511   0.00000   0.06735   0.19992   0.04821   0.05487   0.14417   0.21084   0.01967   0.14537   0.45177   3.58664   0.50541   0.13318  
  7 1379.6394  10956.975551  x:  0.01063   0.15077   0.04764   0.02350   0.01355   0.00528   0.01042   0.00064   0.00301   0.01356   0.01084   0.02009   0.05117   0.10448   0.34761   0.43214   0.16712   0.22370   0.09953   0.01200   0.06816   0.23050   0.02933   0.03618   0.15220   0.22910   0.02196   0.15472   0.49534   3.58582   0.50120   0.13413  
  8 1288.5782  10935.684812  x:  0.00000   0.16565   0.04516   0.02034   0.00932   0.00621   0.01265   0.00070   0.00352   0.01463   0.03702   0.01651   0.05045   0.11108   0.39046   0.47660   0.18495   0.24614   0.10934   0.00453   0.06763   0.26094   0.03434   0.03755   0.15994   0.24749   0.01819   0.16287   0.54366   3.58492   0.49339   0.13863  
  9 1528.6597  10921.725274  x:  0.00000   0.17302   0.03477   0.02353   0.01901   0.00569   0.01071   0.00071   0.00328   0.01444   0.02832   0.02919   0.04334   0.11058   0.42819   0.51973   0.19581   0.26318   0.11027   0.01081   0.06745   0.28383   0.05671   0.06028   0.16523   0.26254   0.00780   0.16798   0.59177   3.58403   0.47904   0.15003  
 10 1040.5956  10916.717013  x:  0.00000   0.17123   0.03322   0.02362   0.00821   0.00638   0.01285   0.00070   0.00362   0.01576   0.02039   0.02206   0.04206   0.10779   0.43877   0.53502   0.19529   0.26598   0.10520   0.01202   0.06742   0.28726   0.06058   0.06579   0.16581   0.26567   0.00484   0.16913   0.60988   3.58372   0.46932   0.15801  
 11 569.6417  10911.650580  x:  0.00000   0.16250   0.03778   0.02175   0.01537   0.00521   0.00990   0.00062   0.00300   0.01307   0.02057   0.01389   0.04513   0.10144   0.45049   0.55865   0.18781   0.26521   0.09078   0.01093   0.06773   0.28511   0.05729   0.06644   0.16493   0.26695   0.00659   0.17090   0.63965   3.58327   0.44912   0.17270  
 12 428.8606  10907.894631  x:  0.00000   0.15451   0.04307   0.02134   0.01286   0.00558   0.01078   0.00064   0.00320   0.01397   0.02268   0.02459   0.04809   0.09702   0.45954   0.57988   0.17972   0.26330   0.07909   0.01102   0.06857   0.28118   0.05091   0.06323   0.16403   0.26721   0.00961   0.17268   0.66683   3.58291   0.43107   0.18360  
 13 828.9969  10903.904858  x:  0.00000   0.15369   0.03777   0.01902   0.01243   0.00470   0.00889   0.00053   0.00270   0.01160   0.02052   0.02549   0.04153   0.10977   0.46134   0.61132   0.16357   0.25427   0.09617   0.00846   0.07428   0.26325   0.05183   0.05437   0.16449   0.26230   0.00942   0.17479   0.70943   3.58289   0.41436   0.16714  
 14 146.9988  10902.931995  x:  0.00000   0.15573   0.04285   0.01927   0.01176   0.00460   0.00871   0.00051   0.00264   0.01119   0.01947   0.02550   0.05089   0.11125   0.45993   0.61991   0.16233   0.25316   0.10009   0.00793   0.07420   0.25916   0.05276   0.05782   0.16495   0.26087   0.00798   0.17527   0.72156   3.58306   0.41051   0.15747  
 15 171.2896  10902.423048  x:  0.00000   0.15889   0.04416   0.01567   0.01161   0.00437   0.00819   0.00048   0.00252   0.01129   0.01894   0.02550   0.04915   0.10702   0.45648   0.62388   0.16715   0.25518   0.09849   0.00963   0.07203   0.25962   0.04896   0.06022   0.16570   0.26045   0.00814   0.17602   0.72812   3.58345   0.40702   0.14838  
 16 76.8142  10902.229915  x:  0.00000   0.16038   0.04408   0.01769   0.01140   0.00421   0.00790   0.00047   0.00242   0.01027   0.01852   0.02569   0.04819   0.10520   0.45446   0.62515   0.16991   0.25640   0.09716   0.00745   0.07098   0.26053   0.04815   0.06031   0.16608   0.26033   0.00822   0.17631   0.73059   3.58371   0.40464   0.14472  
 17 111.6141  10902.062638  x:  0.00000   0.16219   0.04334   0.01707   0.01135   0.00414   0.00774   0.00046   0.00239   0.01023   0.01803   0.02588   0.04952   0.10586   0.45072   0.62507   0.17403   0.25823   0.09580   0.00779   0.07126   0.26374   0.05134   0.05685   0.16664   0.26065   0.00931   0.17679   0.73215   3.58439   0.39831   0.14259  
 18 42.3839  10901.971194  x:  0.00000   0.16333   0.04456   0.01712   0.01144   0.00414   0.00772   0.00046   0.00239   0.01021   0.01817   0.02601   0.04901   0.10859   0.44804   0.62400   0.17586   0.25912   0.09700   0.00771   0.07236   0.26680   0.05031   0.05783   0.16692   0.26142   0.00811   0.17670   0.73230   3.58526   0.39138   0.14243  
 19 32.9823  10901.948417  x:  0.00000   0.16335   0.04383   0.01721   0.01139   0.00416   0.00776   0.00046   0.00240   0.01023   0.01823   0.02599   0.04941   0.10860   0.44777   0.62339   0.17568   0.25922   0.09798   0.00763   0.07235   0.26774   0.04983   0.05873   0.16700   0.26200   0.00945   0.17719   0.73215   3.58579   0.38887   0.14187  
 20 21.0168  10901.924184  x:  0.00000   0.16271   0.04368   0.01714   0.01143   0.00415   0.00774   0.00046   0.00239   0.01023   0.01828   0.02604   0.04965   0.10730   0.44883   0.62220   0.17432   0.25924   0.09900   0.00765   0.07159   0.26873   0.04988   0.05829   0.16719   0.26335   0.00859   0.17738   0.73156   3.58713   0.38512   0.13955  
 21 13.2675  10901.913383  x:  0.00000   0.16239   0.04452   0.01725   0.01141   0.00417   0.00779   0.00046   0.00240   0.01027   0.01822   0.02597   0.04915   0.10741   0.44976   0.62158   0.17374   0.25937   0.09873   0.00768   0.07170   0.26884   0.05034   0.05831   0.16733   0.26380   0.00907   0.17758   0.73126   3.58812   0.38341   0.13788  
 22 14.8592  10901.902934  x:  0.00000   0.16222   0.04391   0.01721   0.01141   0.00417   0.00778   0.00046   0.00240   0.01026   0.01822   0.02594   0.04938   0.10817   0.45104   0.62100   0.17363   0.25969   0.09765   0.00767   0.07228   0.26834   0.05008   0.05849   0.16738   0.26373   0.00894   0.17742   0.73094   3.58967   0.38172   0.13603  
 23 11.0999  10901.892058  x:  0.00000   0.16308   0.04392   0.01729   0.01143   0.00420   0.00784   0.00047   0.00242   0.01034   0.01831   0.02593   0.04933   0.10807   0.45216   0.62072   0.17444   0.26002   0.09788   0.00777   0.07175   0.26675   0.05020   0.05848   0.16686   0.26246   0.00906   0.17698   0.73073   3.59269   0.37983   0.13551  
 24  5.7912  10901.868430  x:  0.00000   0.16290   0.04411   0.01735   0.01144   0.00422   0.00790   0.00047   0.00243   0.01037   0.01839   0.02591   0.04932   0.10662   0.45244   0.62113   0.17548   0.25959   0.09857   0.00766   0.07403   0.26631   0.05028   0.05841   0.16771   0.26155   0.00894   0.17703   0.73090   3.60213   0.37903   0.13524  
 25  6.0117  10901.667124  x:  0.00000   0.15873   0.04390   0.01737   0.01135   0.00431   0.00813   0.00050   0.00246   0.01048   0.01850   0.02582   0.04929   0.10824   0.45144   0.62577   0.17919   0.25524   0.09862   0.00761   0.07110   0.26826   0.05009   0.05843   0.16999   0.26067   0.00828   0.17908   0.73351   3.68617   0.37793   0.13381  
 26 35.1121  10901.545881  x:  0.00000   0.16400   0.04380   0.01723   0.01125   0.00432   0.00820   0.00051   0.00246   0.01044   0.01851   0.02582   0.04933   0.10786   0.45113   0.62732   0.17568   0.25658   0.09718   0.00735   0.07229   0.26962   0.05002   0.05815   0.16622   0.26413   0.00863   0.17752   0.73517   3.73596   0.37855   0.13424  
 27 66.3568  10901.513075  x:  0.00000   0.16321   0.04395   0.01711   0.01120   0.00429   0.00815   0.00051   0.00244   0.01035   0.01842   0.02588   0.04943   0.10810   0.45230   0.62628   0.17430   0.26231   0.09791   0.00723   0.07204   0.26886   0.04989   0.05806   0.16794   0.26448   0.00878   0.17724   0.73543   3.74714   0.37938   0.13551  
 28 13.3023  10901.487281  x:  0.00000   0.16299   0.04411   0.01696   0.01114   0.00426   0.00809   0.00051   0.00242   0.01024   0.01832   0.02594   0.04951   0.10819   0.45545   0.62440   0.17454   0.26271   0.09827   0.00709   0.07240   0.27050   0.04979   0.05791   0.16612   0.26269   0.00828   0.17973   0.73580   3.74888   0.38029   0.13621  
 29  2.4026  10901.385690  x:  0.00000   0.16544   0.04432   0.01664   0.01097   0.00423   0.00806   0.00051   0.00239   0.01007   0.01817   0.02605   0.04970   0.10864   0.46310   0.61962   0.17665   0.25842   0.09836   0.00676   0.07158   0.27253   0.04950   0.05763   0.17001   0.26365   0.00915   0.17688   0.73828   3.74723   0.38184   0.13846  
 30  4.2627  10900.882510  x:  0.00000   0.16045   0.04456   0.01643   0.01051   0.00446   0.00878   0.00061   0.00246   0.01016   0.01847   0.02595   0.04986   0.10918   0.46805   0.61707   0.18738   0.25919   0.10105   0.00531   0.07332   0.26851   0.04914   0.05666   0.16351   0.27754   0.00893   0.17658   0.74978   3.72556   0.38325   0.13926  
 31  6.9643  10899.453639  x:  0.00000   0.17107   0.04315   0.01645   0.00957   0.00544   0.01150   0.00091   0.00283   0.01138   0.02029   0.02511   0.04980   0.10981   0.46571   0.62766   0.18167   0.26811   0.09754   0.00310   0.07133   0.27696   0.04825   0.05494   0.17332   0.27351   0.00457   0.18972   0.77570   3.65760   0.38171   0.13662  
 32 34.6912  10899.227399  x:  0.00000   0.16771   0.04317   0.01628   0.00931   0.00553   0.01181   0.00095   0.00286   0.01143   0.02036   0.02499   0.04978   0.10967   0.46718   0.63549   0.18062   0.27088   0.09877   0.00269   0.07141   0.28422   0.04805   0.05463   0.17031   0.26827   0.00653   0.18089   0.77482   3.64695   0.38177   0.13429  
 33 28.6036  10899.134321  x:  0.00000   0.16888   0.04338   0.01606   0.00918   0.00552   0.01182   0.00096   0.00284   0.01131   0.02027   0.02506   0.04994   0.11007   0.47114   0.64771   0.18153   0.27097   0.09882   0.00233   0.07145   0.28400   0.04787   0.05439   0.17112   0.27053   0.00675   0.18238   0.76331   3.64234   0.38061   0.13480  
 34 10.8230  10898.804136  x:  0.00000   0.16899   0.04341   0.01491   0.01148   0.00580   0.01181   0.00107   0.00281   0.01270   0.02056   0.02408   0.04951   0.11055   0.47719   0.65769   0.18223   0.27197   0.09966   0.00353   0.07187   0.28475   0.04982   0.05646   0.17098   0.27213   0.00713   0.18204   0.76971   3.65321   0.37660   0.13522  
 35  0.0167  10898.671550  x:  0.00000   0.16826   0.04345   0.01517   0.01121   0.00593   0.01137   0.00110   0.00265   0.01333   0.02086   0.02361   0.04925   0.11045   0.47885   0.65835   0.18219   0.27116   0.09977   0.00190   0.07229   0.28310   0.05061   0.05713   0.17064   0.27322   0.00714   0.18241   0.77647   3.66809   0.37458   0.13594  
 36  0.0148  10898.538119  x:  0.00000   0.16784   0.04333   0.01467   0.01005   0.00619   0.01047   0.00117   0.00230   0.01467   0.02011   0.02377   0.04940   0.11003   0.47776   0.65884   0.18131   0.27060   0.09897   0.00254   0.07206   0.28227   0.05064   0.05709   0.17059   0.27227   0.00661   0.18248   0.77464   3.66028   0.37516   0.13611  
 37  0.0043  10898.441958  x:  0.00000   0.16853   0.04332   0.01515   0.01090   0.00643   0.00981   0.00130   0.00191   0.01491   0.02023   0.02423   0.04955   0.11032   0.47571   0.65622   0.18148   0.27119   0.09940   0.00207   0.07186   0.28349   0.04999   0.05630   0.17090   0.27156   0.00690   0.18229   0.76978   3.65059   0.37730   0.13494  
 38  0.0076  10898.360863  x:  0.00000   0.16888   0.04360   0.01519   0.01096   0.00693   0.01046   0.00152   0.00169   0.01410   0.02036   0.02410   0.04940   0.11059   0.47580   0.65480   0.18202   0.27178   0.09977   0.00268   0.07216   0.28441   0.04928   0.05624   0.17088   0.27214   0.00763   0.18191   0.77045   3.66077   0.37566   0.13599  
 39  0.0033  10898.335594  x:  0.00000   0.16820   0.04344   0.01516   0.01060   0.00714   0.01038   0.00160   0.00158   0.01384   0.02045   0.02394   0.04945   0.11028   0.47653   0.65595   0.18175   0.27080   0.09945   0.00237   0.07203   0.28287   0.05005   0.05655   0.17064   0.27221   0.00697   0.18223   0.77128   3.65869   0.37622   0.13541  
 40  0.0024  10898.324358  x:  0.00000   0.16825   0.04329   0.01512   0.01064   0.00724   0.01023   0.00165   0.00174   0.01351   0.02057   0.02419   0.04943   0.11027   0.47627   0.65647   0.18154   0.27093   0.09931   0.00246   0.07194   0.28304   0.05046   0.05683   0.17082   0.27177   0.00691   0.18226   0.77085   3.65472   0.37658   0.13572  
 41  0.0012  10898.317338  x:  0.00000   0.16838   0.04340   0.01504   0.01063   0.00735   0.00988   0.00173   0.00173   0.01365   0.02047   0.02427   0.04939   0.11033   0.47614   0.65591   0.18168   0.27113   0.09942   0.00244   0.07203   0.28334   0.05014   0.05670   0.17078   0.27201   0.00709   0.18215   0.77100   3.65781   0.37614   0.13562  
 42  0.0017  10898.312726  x:  0.00000   0.16829   0.04345   0.01521   0.01062   0.00738   0.01000   0.00181   0.00181   0.01371   0.02038   0.02400   0.04943   0.11033   0.47655   0.65595   0.18177   0.27099   0.09949   0.00240   0.07205   0.28316   0.04993   0.05651   0.17065   0.27226   0.00701   0.18219   0.77144   3.65872   0.37612   0.13541  
 43  0.0005  10898.305971  x:  0.00000   0.16823   0.04341   0.01499   0.01064   0.00721   0.00994   0.00193   0.00182   0.01377   0.02063   0.02388   0.04953   0.11031   0.47605   0.65593   0.18162   0.27070   0.09935   0.00245   0.07193   0.28274   0.05020   0.05646   0.17083   0.27168   0.00709   0.18229   0.77014   3.65546   0.37678   0.13581  
 44  0.0008  10898.301794  x:  0.00000   0.16829   0.04339   0.01513   0.01062   0.00702   0.00999   0.00199   0.00178   0.01375   0.02043   0.02405   0.04943   0.11028   0.47597   0.65556   0.18168   0.27091   0.09946   0.00242   0.07201   0.28307   0.05013   0.05672   0.17073   0.27191   0.00702   0.18211   0.77037   3.65735   0.37629   0.13563  
 45  0.0012  10898.301550  x:  0.00000   0.16829   0.04342   0.01512   0.01060   0.00701   0.00999   0.00199   0.00178   0.01373   0.02048   0.02409   0.04943   0.11030   0.47620   0.65572   0.18169   0.27094   0.09943   0.00242   0.07202   0.28308   0.05011   0.05662   0.17070   0.27205   0.00705   0.18216   0.77086   3.65783   0.37625   0.13555  
 46  0.0006  10898.301532  x:  0.00000   0.16829   0.04341   0.01513   0.01060   0.00701   0.00999   0.00199   0.00178   0.01374   0.02048   0.02410   0.04943   0.11030   0.47625   0.65584   0.18168   0.27094   0.09943   0.00243   0.07202   0.28309   0.05011   0.05663   0.17072   0.27203   0.00704   0.18218   0.77091   3.65763   0.37626   0.13558  
 47  0.0002  10898.301532  x:  0.00000   0.16829   0.04341   0.01513   0.01060   0.00701   0.00999   0.00199   0.00178   0.01373   0.02048   0.02409   0.04943   0.11030   0.47624   0.65585   0.18169   0.27095   0.09943   0.00243   0.07202   0.28310   0.05011   0.05663   0.17072   0.27203   0.00704   0.18218   0.77093   3.65767   0.37625   0.13557  
 48  0.0000  10898.301531  x:  0.00000   0.16829   0.04341   0.01513   0.01060   0.00701   0.00998   0.00199   0.00178   0.01373   0.02048   0.02409   0.04943   0.11030   0.47624   0.65585   0.18169   0.27095   0.09943   0.00243   0.07202   0.28310   0.05011   0.05663   0.17072   0.27204   0.00704   0.18218   0.77092   3.65765   0.37626   0.13558  
 49  0.0000  10898.301531  x:  0.00000   0.16829   0.04341   0.01513   0.01060   0.00701   0.00998   0.00199   0.00178   0.01373   0.02048   0.02409   0.04943   0.11030   0.47624   0.65585   0.18169   0.27095   0.09943   0.00243   0.07202   0.28310   0.05011   0.05663   0.17072   0.27204   0.00704   0.18218   0.77092   3.65765   0.37626   0.13558  

Model 2: PositiveSelection

TREE # 1

  0  0.0000  11256.307089  x:  0.00000   0.11912   0.04781   0.05341   0.05212   0.03159   0.01677   0.01712   0.02659   0.05518   0.06224   0.06232   0.06042   0.08193   0.25638   0.29120   0.12287   0.16109   0.04651   0.05707   0.03287   0.13384   0.04667   0.05104   0.12820   0.17689   0.04802   0.12672   0.32667   3.65765   0.91827   0.57566   0.25513   2.18071  
  1 99.0000  11162.364790  x:  0.01154   0.12417   0.04573   0.03975   0.03658   0.01604   0.00673   0.00000   0.00878   0.04008   0.04848   0.04944   0.05473   0.08531   0.26679   0.30404   0.12952   0.16877   0.05753   0.04722   0.04582   0.14804   0.04616   0.05111   0.13254   0.18300   0.04335   0.12976   0.34056   3.65772   0.91927   0.57573   0.25261   2.17952  
  2 1928.7144  11130.594412  x:  0.01698   0.12656   0.04475   0.03327   0.02921   0.00867   0.00202   0.00015   0.00035   0.03292   0.04196   0.04334   0.05204   0.08691   0.27172   0.31012   0.13268   0.17240   0.06274   0.04255   0.05194   0.15476   0.04593   0.05114   0.13460   0.18589   0.04114   0.13121   0.34715   3.65775   0.91974   0.57576   0.25142   2.17895  
  3 20766.6025  11099.625744  x:  0.02202   0.12923   0.04359   0.02555   0.02034   0.00082   0.00651   0.00022   0.00159   0.02433   0.03416   0.03606   0.04895   0.08874   0.27762   0.31747   0.13638   0.17673   0.06836   0.03665   0.05840   0.16259   0.04564   0.05114   0.13695   0.18933   0.03838   0.13287   0.35517   3.65779   0.92034   0.57579   0.24991   2.17825  
  4 6936.3995  11060.681365  x:  0.03005   0.13413   0.04139   0.01107   0.00372   0.00758   0.01393   0.00034   0.00201   0.00819   0.01949   0.02239   0.04332   0.09211   0.28890   0.33163   0.14338   0.18496   0.07838   0.02497   0.06971   0.17727   0.04510   0.05111   0.14130   0.19586   0.03299   0.13599   0.37070   3.65787   0.92153   0.57584   0.24690   2.17689  
  5 9467.6986  11036.943185  x:  0.02736   0.13931   0.03868   0.00691   0.02597   0.01063   0.01571   0.00041   0.00417   0.01020   0.00744   0.01290   0.04001   0.09593   0.30617   0.35429   0.15284   0.19692   0.08614   0.00350   0.07634   0.19625   0.04461   0.05078   0.14624   0.20541   0.02399   0.14008   0.39643   3.65807   0.92382   0.57591   0.24114   2.17439  
  6 1461.5088  11029.968290  x:  0.02613   0.14025   0.03837   0.00855   0.02672   0.01093   0.01620   0.00042   0.00415   0.01066   0.00997   0.01299   0.03977   0.09663   0.30969   0.35896   0.15464   0.19928   0.08738   0.00000   0.07717   0.19986   0.04458   0.05075   0.14713   0.20735   0.02239   0.14092   0.40180   3.65812   0.92431   0.57593   0.23993   2.17384  
  7 2260.0262  10986.080729  x:  0.00000   0.14992   0.03677   0.02087   0.02908   0.01329   0.01977   0.00046   0.00396   0.02227   0.01309   0.03014   0.04224   0.10381   0.35295   0.41722   0.17501   0.22712   0.09772   0.01923   0.08062   0.24004   0.04507   0.05078   0.15639   0.23151   0.00699   0.15171   0.46955   3.65878   0.93063   0.57643   0.22444   2.16637  
  8 2244.6275  10963.857384  x:  0.00000   0.15290   0.04360   0.00437   0.02704   0.01129   0.01133   0.00039   0.00754   0.01725   0.02128   0.02655   0.05429   0.10452   0.38089   0.45695   0.18120   0.24053   0.09080   0.02169   0.05915   0.25234   0.04898   0.05359   0.15785   0.24373   0.01965   0.16120   0.51823   3.65957   0.93490   0.57815   0.21573   2.15892  
  9 947.4432  10951.925196  x:  0.00000   0.15453   0.04909   0.01394   0.02150   0.00899   0.00832   0.00029   0.00619   0.00907   0.01422   0.01824   0.06245   0.10402   0.40059   0.48566   0.18341   0.24851   0.08325   0.01979   0.04130   0.25743   0.05167   0.05584   0.15825   0.25124   0.03038   0.16766   0.55384   3.66026   0.93785   0.57999   0.21061   2.15267  
 10 1941.2662  10948.252438  x:  0.00000   0.15476   0.04971   0.01334   0.01777   0.00800   0.01213   0.00023   0.00137   0.01327   0.01123   0.01742   0.06244   0.10328   0.40571   0.49374   0.18265   0.24961   0.08038   0.01706   0.03880   0.25680   0.05170   0.05619   0.15842   0.25253   0.03237   0.16869   0.56403   3.66055   0.93856   0.58095   0.21011   2.15028  
 11 807.3448  10945.054715  x:  0.00000   0.15506   0.04837   0.01304   0.01253   0.00717   0.00792   0.00021   0.00347   0.01615   0.00740   0.01943   0.05767   0.10169   0.41121   0.50349   0.17957   0.24908   0.07731   0.01331   0.04333   0.25323   0.05026   0.05596   0.15911   0.25279   0.03175   0.16839   0.57643   3.66105   0.93919   0.58294   0.21128   2.14626  
 12 497.4101  10938.882193  x:  0.00000   0.15585   0.04441   0.01212   0.01192   0.00563   0.00794   0.00012   0.00071   0.00977   0.00769   0.01850   0.04584   0.09864   0.42071   0.52151   0.17223   0.24660   0.07318   0.01363   0.05638   0.24449   0.04693   0.05520   0.16063   0.25218   0.02833   0.16670   0.59941   3.66216   0.94016   0.58740   0.21495   2.13772  
 13 836.8108  10938.030003  x:  0.00000   0.15651   0.04411   0.01251   0.01135   0.00555   0.00729   0.00012   0.00107   0.01135   0.00874   0.01417   0.04460   0.09858   0.42217   0.52474   0.17048   0.24565   0.07461   0.01510   0.05900   0.24247   0.04691   0.05532   0.16084   0.25159   0.02776   0.16633   0.60347   3.66245   0.94024   0.58863   0.21636   2.13555  
 14 397.5744  10936.000786  x:  0.00000   0.16189   0.04766   0.01276   0.01151   0.00561   0.00761   0.00011   0.00082   0.01139   0.00831   0.01484   0.05240   0.10236   0.42469   0.53503   0.16219   0.23912   0.09351   0.01464   0.06518   0.23282   0.05183   0.05763   0.16050   0.24592   0.02717   0.16496   0.61609   3.66422   0.93987   0.59593   0.22608   2.12348  
 15 193.0411  10935.241986  x:  0.00000   0.16359   0.04547   0.01274   0.01179   0.00569   0.00753   0.00012   0.00100   0.01147   0.00848   0.01596   0.04673   0.10422   0.42372   0.53968   0.16056   0.23600   0.09942   0.01495   0.05851   0.22980   0.04849   0.05527   0.16005   0.24192   0.02777   0.16558   0.62161   3.66617   0.93902   0.60394   0.23579   2.11056  
 16 90.5210  10933.833964  x:  0.00000   0.16019   0.04147   0.01229   0.01188   0.00577   0.00766   0.00013   0.00112   0.01114   0.00869   0.01574   0.05313   0.10352   0.41655   0.54736   0.16344   0.23165   0.08985   0.01517   0.05746   0.22973   0.04946   0.05773   0.16203   0.23519   0.02167   0.16562   0.63098   3.67296   0.93752   0.63011   0.25854   2.06661  
 17 98.1170  10932.918457  x:  0.00000   0.15914   0.05160   0.01296   0.01305   0.00619   0.00823   0.00014   0.00129   0.01175   0.00901   0.01659   0.05024   0.10350   0.41133   0.54985   0.16613   0.23085   0.08530   0.01551   0.06201   0.23121   0.05140   0.05741   0.16288   0.23514   0.02667   0.16794   0.63460   3.67883   0.93798   0.65094   0.26663   2.02952  
 18 170.6675  10928.161967  x:  0.00000   0.16294   0.04243   0.01364   0.01256   0.00603   0.00806   0.00013   0.00102   0.01211   0.00875   0.01622   0.05391   0.09617   0.39088   0.54303   0.17852   0.24042   0.09633   0.01493   0.06663   0.24147   0.04928   0.04811   0.15853   0.26190   0.03594   0.17005   0.63037   3.71510   0.95044   0.76993   0.24820   1.80497  
 19 171.0647  10925.073257  x:  0.00000   0.16528   0.04503   0.01268   0.01140   0.00549   0.00713   0.00010   0.00087   0.01150   0.00849   0.01579   0.04628   0.10290   0.38570   0.53731   0.18003   0.24466   0.09998   0.01463   0.06005   0.24575   0.05324   0.06354   0.15729   0.27076   0.02585   0.16604   0.62516   3.73953   0.95990   0.84976   0.22425   1.65265  
 20 707.3036  10922.125021  x:  0.00000   0.16537   0.05056   0.01191   0.01111   0.00540   0.00709   0.00011   0.00087   0.01102   0.00841   0.01504   0.05081   0.11134   0.39742   0.53315   0.16913   0.24272   0.09531   0.01446   0.05875   0.24334   0.04188   0.05675   0.16194   0.26004   0.01805   0.16413   0.62020   3.76161   0.96947   0.92308   0.18755   1.51132  
 21 444.3723  10920.219789  x:  0.00000   0.16399   0.04319   0.01248   0.01212   0.00586   0.00773   0.00013   0.00115   0.01142   0.00868   0.01621   0.04866   0.10921   0.41051   0.53137   0.15972   0.23986   0.09185   0.01472   0.05999   0.23942   0.05043   0.05535   0.16479   0.24692   0.02262   0.16598   0.61734   3.77596   0.97589   0.97218   0.15937   1.41664  
 22 598.4744  10920.024713  x:  0.00000   0.16223   0.04447   0.01249   0.01230   0.00593   0.00784   0.00013   0.00120   0.01143   0.00871   0.01636   0.04870   0.10259   0.41395   0.53182   0.16130   0.23988   0.09321   0.01471   0.06014   0.23746   0.04838   0.05757   0.16145   0.24463   0.02219   0.16524   0.61664   3.77668   0.97618   0.97741   0.15645   1.40718  
 23 58.7125  10919.991078  x:  0.00000   0.16090   0.04490   0.01241   0.01222   0.00590   0.00779   0.00013   0.00119   0.01137   0.00869   0.01627   0.04849   0.10279   0.41548   0.53216   0.16304   0.23988   0.09339   0.01468   0.06005   0.23643   0.04955   0.05617   0.15950   0.24443   0.02137   0.16447   0.61601   3.77601   0.97589   0.97855   0.15621   1.40571  
 24 17.2023  10919.968314  x:  0.00000   0.15988   0.04431   0.01249   0.01228   0.00593   0.00784   0.00013   0.00120   0.01143   0.00870   0.01633   0.04863   0.10434   0.41714   0.53257   0.16458   0.23953   0.09341   0.01468   0.06067   0.23566   0.04894   0.05685   0.15849   0.24467   0.02234   0.16429   0.61514   3.77450   0.97528   0.97961   0.15631   1.40498  
 25 11.7940  10919.859975  x:  0.00000   0.16109   0.04470   0.01248   0.01227   0.00592   0.00781   0.00013   0.00120   0.01145   0.00875   0.01643   0.04872   0.10357   0.42464   0.53483   0.16679   0.23612   0.09360   0.01472   0.06021   0.23634   0.04931   0.05689   0.16273   0.24799   0.02252   0.16401   0.60927   3.76048   0.96975   0.98630   0.15805   1.40332  
 26  8.6938  10919.425072  x:  0.00000   0.16580   0.04458   0.01242   0.01202   0.00586   0.00771   0.00013   0.00118   0.01150   0.00889   0.01658   0.04907   0.10450   0.42927   0.54213   0.16202   0.24033   0.09291   0.01488   0.06155   0.24560   0.04950   0.05704   0.15548   0.24583   0.02163   0.16952   0.60192   3.69621   0.94622   1.01348   0.15524   1.40007  
 27 23.7289  10918.529156  x:  0.00000   0.16033   0.04487   0.01238   0.01189   0.00590   0.00778   0.00014   0.00125   0.01155   0.00913   0.01712   0.04918   0.10538   0.42256   0.55137   0.16400   0.25309   0.09636   0.01492   0.06181   0.24269   0.04948   0.05721   0.16443   0.24520   0.02232   0.16517   0.60638   3.56394   0.90068   1.06676   0.13808   1.39506  
 28 101.6100  10918.201784  x:  0.00000   0.16372   0.04472   0.01230   0.01211   0.00603   0.00799   0.00015   0.00137   0.01152   0.00928   0.01745   0.04948   0.10550   0.42159   0.54575   0.16429   0.24422   0.09436   0.01477   0.06217   0.24020   0.04949   0.05735   0.16051   0.25329   0.02080   0.16542   0.61740   3.51873   0.88794   1.08344   0.13085   1.39340  
 29 58.4359  10918.024461  x:  0.00000   0.16181   0.04482   0.01227   0.01183   0.00593   0.00785   0.00014   0.00131   0.01151   0.00927   0.01739   0.04928   0.10564   0.42475   0.53469   0.16880   0.24121   0.09648   0.01483   0.06231   0.24554   0.04950   0.05732   0.16205   0.24909   0.02032   0.16788   0.62537   3.50138   0.88801   1.08773   0.13108   1.39207  
 30 18.3977  10917.676994  x:  0.00000   0.16640   0.04459   0.01227   0.01194   0.00603   0.00801   0.00015   0.00139   0.01158   0.00946   0.01780   0.04966   0.10592   0.43386   0.52337   0.16580   0.25272   0.09519   0.01492   0.06299   0.24340   0.04976   0.05742   0.16186   0.25067   0.02100   0.16335   0.63192   3.48482   0.90385   1.08512   0.14001   1.38890  
 31 10.8217  10915.707484  x:  0.00000   0.14808   0.04484   0.01158   0.01145   0.00612   0.00829   0.00017   0.00166   0.01125   0.01000   0.01890   0.04956   0.10597   0.43979   0.53119   0.15540   0.25867   0.09921   0.01435   0.06388   0.24048   0.04983   0.05783   0.16369   0.26178   0.01110   0.18359   0.63947   3.42213   1.01867   1.05062   0.16206   1.37361  
 32 29.1659  10912.289795  x:  0.00000   0.16437   0.04302   0.01086   0.01024   0.00621   0.00872   0.00021   0.00200   0.01103   0.01098   0.02081   0.04920   0.10665   0.43330   0.56544   0.17153   0.24889   0.09671   0.01427   0.06717   0.25151   0.04933   0.05678   0.16232   0.25064   0.00953   0.17045   0.64896   3.32140   1.22235   0.98773   0.18638   1.34943  
 33 186.3086  10912.081939  x:  0.00000   0.15890   0.04307   0.01090   0.01023   0.00625   0.00878   0.00021   0.00203   0.01106   0.01103   0.02098   0.04906   0.10646   0.43410   0.56728   0.16692   0.24665   0.09779   0.01423   0.06714   0.25787   0.04918   0.05656   0.16114   0.25248   0.01162   0.16254   0.65068   3.32526   1.22526   0.98871   0.18737   1.35201  
 34 14.7421  10903.745605  x:  0.00000   0.16609   0.04354   0.00962   0.00792   0.00652   0.00965   0.00029   0.00275   0.01121   0.01385   0.02612   0.05123   0.11183   0.45912   0.61102   0.18011   0.26581   0.10292   0.01461   0.07636   0.27953   0.05035   0.05778   0.16828   0.26866   0.00000   0.17349   0.71041   3.74935   1.07787   1.15662   0.16352   1.56450  
 35 19.0371  10897.595887  x:  0.00000   0.16948   0.04394   0.01139   0.00909   0.00711   0.01155   0.00032   0.00183   0.01497   0.01664   0.02671   0.04884   0.11111   0.48932   0.66292   0.18245   0.27258   0.09637   0.01204   0.07521   0.28224   0.04941   0.05611   0.17279   0.27164   0.01431   0.18332   0.77312   3.85747   1.71903   2.20878   0.16064   2.14708  
 36  1.5955  10894.620057  x:  0.00000   0.16872   0.04378   0.01304   0.01199   0.00757   0.01215   0.00036   0.00184   0.01480   0.01773   0.02596   0.04954   0.11097   0.49739   0.67988   0.18296   0.27578   0.09644   0.00482   0.07179   0.28743   0.04966   0.05657   0.17292   0.27442   0.00668   0.18591   0.79940   3.84809   2.44991   3.12590   0.13506   2.68452  
 37  0.9805  10893.541042  x:  0.00000   0.16841   0.04369   0.01382   0.01269   0.00763   0.01208   0.00037   0.00186   0.01472   0.01795   0.02550   0.04998   0.11042   0.49325   0.68115   0.18347   0.27594   0.09733   0.00198   0.07073   0.28781   0.04992   0.05640   0.17238   0.27545   0.00540   0.18651   0.80430   3.80226   2.39822   2.94387   0.12945   2.60089  
 38  0.7307  10892.956476  x:  0.00000   0.16949   0.04375   0.01437   0.01041   0.00710   0.01135   0.00040   0.00207   0.01321   0.01824   0.02429   0.05006   0.11130   0.48187   0.67048   0.18502   0.27177   0.10012   0.00241   0.07219   0.28700   0.05056   0.05731   0.17232   0.27344   0.00368   0.18594   0.78978   3.76220   2.49273   2.95960   0.14384   2.70763  
 39  0.1122  10892.709873  x:  0.00000   0.16944   0.04366   0.01496   0.00953   0.00676   0.01073   0.00043   0.00194   0.01348   0.01947   0.02380   0.05000   0.11135   0.48016   0.66558   0.18521   0.27179   0.10030   0.00181   0.07314   0.28608   0.05034   0.05684   0.17259   0.27324   0.00493   0.18629   0.78329   3.75149   2.57076   3.09695   0.13067   2.85361  
 40  0.1252  10892.549580  x:  0.00000   0.16896   0.04348   0.01549   0.01130   0.00689   0.01073   0.00047   0.00181   0.01386   0.02103   0.02353   0.04944   0.11113   0.48095   0.66456   0.18525   0.27162   0.09979   0.00291   0.07350   0.28596   0.05006   0.05656   0.17260   0.27288   0.00480   0.18592   0.78062   3.75931   2.54597   3.06852   0.13106   2.94269  
 41  0.0609  10892.432017  x:  0.00000   0.16881   0.04366   0.01529   0.01116   0.00691   0.01080   0.00053   0.00189   0.01391   0.02156   0.02394   0.04990   0.11103   0.48365   0.66799   0.18531   0.27205   0.09960   0.00166   0.07319   0.28667   0.05026   0.05682   0.17255   0.27365   0.00473   0.18613   0.78424   3.76704   2.55949   3.07911   0.13588   3.03349  
 42  0.0770  10892.334759  x:  0.00000   0.16960   0.04394   0.01491   0.01013   0.00687   0.01096   0.00061   0.00199   0.01370   0.02192   0.02423   0.05019   0.11149   0.48771   0.67112   0.18524   0.27393   0.10011   0.00227   0.07288   0.28790   0.05062   0.05729   0.17314   0.27451   0.00510   0.18668   0.78792   3.77036   2.44823   2.97320   0.13486   3.04640  
 43  0.0974  10892.266341  x:  0.00000   0.17022   0.04381   0.01471   0.01070   0.00699   0.01107   0.00070   0.00201   0.01361   0.02166   0.02418   0.05002   0.11199   0.48843   0.67346   0.18580   0.27403   0.10046   0.00192   0.07276   0.28822   0.05059   0.05726   0.17395   0.27411   0.00321   0.18793   0.79221   3.77047   2.40002   2.95030   0.12917   3.06610  
 44  0.0234  10892.101106  x:  0.00000   0.17000   0.04387   0.01436   0.01099   0.00691   0.01024   0.00091   0.00186   0.01419   0.01982   0.02416   0.05056   0.11151   0.48567   0.67345   0.18689   0.27244   0.09928   0.00233   0.07354   0.28670   0.05017   0.05647   0.17390   0.27415   0.00414   0.18990   0.79534   3.79675   2.43030   2.96875   0.13178   3.10302  
 45  0.0121  10892.008520  x:  0.00000   0.16950   0.04370   0.01467   0.01057   0.00690   0.01014   0.00109   0.00174   0.01387   0.01921   0.02372   0.04971   0.11158   0.48667   0.67136   0.18569   0.27359   0.10047   0.00223   0.07306   0.28820   0.05065   0.05757   0.17317   0.27453   0.00367   0.18701   0.79034   3.76393   2.51778   3.05069   0.13253   3.16168  
 46  0.0606  10891.936334  x:  0.00000   0.16969   0.04417   0.01492   0.01093   0.00710   0.01008   0.00132   0.00181   0.01343   0.01989   0.02468   0.05079   0.11172   0.48866   0.67289   0.18550   0.27480   0.10030   0.00215   0.07318   0.28890   0.05062   0.05701   0.17319   0.27480   0.00551   0.18611   0.78892   3.76426   2.52964   3.06647   0.13102   3.19194  
 47  0.0120  10891.861108  x:  0.00000   0.16946   0.04354   0.01496   0.01060   0.00732   0.01039   0.00159   0.00161   0.01417   0.02015   0.02509   0.05011   0.11123   0.48650   0.67256   0.18516   0.27254   0.09900   0.00239   0.07238   0.28647   0.05031   0.05663   0.17331   0.27306   0.00442   0.18689   0.78853   3.76129   2.52767   3.05568   0.13277   3.13438  
 48  0.0254  10891.799547  x:  0.00000   0.16958   0.04375   0.01486   0.01051   0.00739   0.01021   0.00182   0.00181   0.01349   0.02009   0.02492   0.04986   0.11148   0.48365   0.66944   0.18584   0.27217   0.10025   0.00226   0.07304   0.28647   0.05047   0.05724   0.17323   0.27383   0.00404   0.18772   0.78727   3.76979   2.50194   3.03011   0.13314   3.02457  
 49  0.0576  10891.775542  x:  0.00000   0.16925   0.04386   0.01483   0.01059   0.00727   0.00995   0.00195   0.00176   0.01377   0.02067   0.02435   0.05014   0.11129   0.48535   0.66905   0.18512   0.27312   0.09994   0.00209   0.07300   0.28691   0.05049   0.05703   0.17286   0.27405   0.00458   0.18669   0.78751   3.76745   2.46602   2.99057   0.13326   2.97800  
 50  0.0366  10891.773214  x:  0.00000   0.16952   0.04375   0.01481   0.01067   0.00720   0.00996   0.00196   0.00176   0.01378   0.02062   0.02414   0.05004   0.11144   0.48557   0.67008   0.18535   0.27304   0.09990   0.00217   0.07298   0.28718   0.05042   0.05701   0.17308   0.27386   0.00447   0.18685   0.78812   3.76989   2.46263   2.99025   0.13350   2.97929  
 51  0.0029  10891.771703  x:  0.00000   0.16954   0.04380   0.01486   0.01064   0.00708   0.00998   0.00199   0.00179   0.01379   0.02057   0.02416   0.05010   0.11144   0.48542   0.67076   0.18547   0.27292   0.09990   0.00214   0.07292   0.28727   0.05042   0.05706   0.17311   0.27390   0.00442   0.18692   0.78801   3.76962   2.46256   2.98774   0.13352   2.98480  
 52  0.0018  10891.771183  x:  0.00000   0.16944   0.04379   0.01487   0.01066   0.00703   0.01003   0.00201   0.00179   0.01380   0.02058   0.02422   0.05007   0.11139   0.48550   0.67031   0.18534   0.27301   0.09990   0.00216   0.07293   0.28713   0.05044   0.05703   0.17304   0.27394   0.00448   0.18687   0.78784   3.76953   2.46501   2.99210   0.13334   2.98311  
 53  0.0031  10891.771139  x:  0.00000   0.16946   0.04378   0.01486   0.01067   0.00702   0.01003   0.00200   0.00179   0.01380   0.02058   0.02422   0.05007   0.11140   0.48545   0.67006   0.18532   0.27300   0.09990   0.00216   0.07296   0.28710   0.05043   0.05702   0.17304   0.27389   0.00448   0.18685   0.78790   3.76919   2.46486   2.99122   0.13345   2.98241  
 54  0.0008  10891.771135  x:  0.00000   0.16946   0.04378   0.01485   0.01067   0.00702   0.01004   0.00200   0.00178   0.01380   0.02058   0.02422   0.05007   0.11140   0.48546   0.67008   0.18533   0.27300   0.09990   0.00215   0.07296   0.28711   0.05043   0.05703   0.17305   0.27390   0.00448   0.18685   0.78794   3.76925   2.46500   2.99154   0.13342   2.98263  
 55  0.0003  10891.771135  x:  0.00000   0.16946   0.04378   0.01485   0.01067   0.00702   0.01004   0.00200   0.00178   0.01380   0.02059   0.02422   0.05007   0.11140   0.48545   0.67008   0.18533   0.27300   0.09990   0.00216   0.07296   0.28711   0.05043   0.05703   0.17304   0.27390   0.00448   0.18685   0.78792   3.76923   2.46507   2.99154   0.13343   2.98250  
 56  0.0001  10891.771135  x:  0.00000   0.16946   0.04378   0.01485   0.01067   0.00702   0.01004   0.00200   0.00178   0.01380   0.02059   0.02422   0.05007   0.11140   0.48546   0.67009   0.18533   0.27300   0.09990   0.00216   0.07296   0.28711   0.05043   0.05703   0.17304   0.27390   0.00448   0.18685   0.78792   3.76923   2.46508   2.99157   0.13343   2.98252  
 57  0.0000  10891.771135  x:  0.00000   0.16946   0.04378   0.01485   0.01067   0.00702   0.01004   0.00200   0.00178   0.01380   0.02059   0.02422   0.05007   0.11140   0.48546   0.67009   0.18533   0.27300   0.09990   0.00216   0.07296   0.28711   0.05043   0.05703   0.17304   0.27390   0.00448   0.18685   0.78792   3.76923   2.46508   2.99157   0.13343   2.98252  

Model 7: beta

TREE # 1

  0  0.0000  11074.092423  x:  0.00000   0.15880   0.04116   0.01464   0.01886   0.02812   0.01556   0.00267   0.01880   0.02403   0.02105   0.01836   0.04669   0.09853   0.35209   0.45049   0.15626   0.21139   0.08115   0.01661   0.06179   0.21404   0.05384   0.05082   0.13627   0.21518   0.01339   0.18263   0.53395   3.76923   0.74676   1.92879  
  1 99.0000  11074.070416  x:  0.00000   0.15880   0.04116   0.01463   0.01885   0.02811   0.01555   0.00266   0.01879   0.02403   0.02105   0.01836   0.04669   0.09853   0.35210   0.45050   0.15626   0.21139   0.08115   0.01660   0.06179   0.21404   0.05384   0.05082   0.13627   0.21518   0.01339   0.18263   0.53396   3.76923   0.74676   1.92879  
  2 1075.5206  11052.450268  x:  0.00000   0.15821   0.04052   0.01338   0.01113   0.01227   0.00906   0.00937   0.00000   0.01498   0.01883   0.01986   0.04543   0.09827   0.35556   0.45459   0.15759   0.21348   0.08229   0.00794   0.06241   0.21708   0.05104   0.05011   0.13813   0.21722   0.01103   0.18015   0.53792   3.76847   0.75383   1.92539  
  3 5358.6655  11048.547158  x:  0.00000   0.15796   0.04025   0.01285   0.00789   0.00560   0.00634   0.01185   0.00017   0.01117   0.01789   0.02050   0.04489   0.09817   0.35703   0.45632   0.15815   0.21436   0.08277   0.00429   0.06267   0.21837   0.04985   0.04981   0.13892   0.21808   0.01003   0.17910   0.53959   3.76815   0.75682   1.92396  
  4 2284.5061  11045.573134  x:  0.00000   0.15741   0.03973   0.01332   0.00924   0.00334   0.01073   0.01147   0.00015   0.01083   0.01804   0.02112   0.04433   0.09793   0.36031   0.46025   0.15930   0.21625   0.08398   0.00000   0.06330   0.22113   0.04784   0.04945   0.14051   0.22002   0.00876   0.17696   0.54345   3.76740   0.76357   1.92061  
  5 524.0354  11028.572091  x:  0.00000   0.15307   0.03602   0.01485   0.00815   0.00876   0.01754   0.01310   0.00019   0.00450   0.01763   0.02499   0.03998   0.09621   0.38630   0.49148   0.16839   0.23120   0.09385   0.00251   0.06883   0.24296   0.03281   0.04690   0.15303   0.23560   0.00000   0.16046   0.57415   3.76143   0.81734   1.89395  
  6 1317.1993  11028.572091  x:  0.00000   0.15307   0.03602   0.01485   0.00815   0.00876   0.01754   0.01310   0.00019   0.00450   0.01763   0.02499   0.03998   0.09621   0.38630   0.49148   0.16839   0.23120   0.09385   0.00251   0.06883   0.24296   0.03281   0.04690   0.15303   0.23560   0.00000   0.16046   0.57415   3.76143   0.81734   1.89395  
  7 5434.0655  11026.241330  x:  0.00000   0.15307   0.03609   0.01478   0.00827   0.00850   0.01706   0.01230   0.00488   0.00621   0.01767   0.02487   0.04008   0.09624   0.38640   0.49161   0.16840   0.23124   0.09384   0.00253   0.06880   0.24301   0.03312   0.04701   0.15304   0.23563   0.00034   0.16051   0.57430   3.76140   0.81760   1.89381  
  8 3325.7521  11016.311925  x:  0.00000   0.15306   0.03710   0.01390   0.00965   0.00534   0.01075   0.00177   0.00304   0.01952   0.01812   0.02336   0.04136   0.09664   0.38760   0.49327   0.16852   0.23172   0.09381   0.00271   0.06839   0.24359   0.03701   0.04840   0.15307   0.23609   0.00447   0.16112   0.57615   3.76099   0.82094   1.89204  
  9 1129.9479  11014.962529  x:  0.00000   0.15306   0.03775   0.01359   0.00962   0.00660   0.00857   0.00057   0.00324   0.01815   0.01830   0.02252   0.04217   0.09692   0.38858   0.49465   0.16863   0.23212   0.09375   0.00249   0.06807   0.24407   0.03916   0.04917   0.15310   0.23645   0.00623   0.16139   0.57764   3.76066   0.82372   1.89057  
 10 416.6637  11013.290940  x:  0.00000   0.15306   0.03888   0.01305   0.00971   0.00790   0.00491   0.00149   0.00335   0.01727   0.01862   0.02107   0.04355   0.09741   0.39029   0.49703   0.16881   0.23281   0.09365   0.00218   0.06751   0.24489   0.04292   0.05051   0.15315   0.23709   0.00937   0.16187   0.58023   3.76007   0.82854   1.88801  
 11 3063.7360  11006.618092  x:  0.00000   0.15310   0.04499   0.01113   0.01052   0.00599   0.01158   0.00203   0.00369   0.01384   0.01984   0.01492   0.05083   0.10025   0.40090   0.51190   0.16996   0.23707   0.09300   0.00159   0.06430   0.25001   0.06241   0.05729   0.15353   0.24104   0.02518   0.16430   0.59629   3.75641   0.85871   1.87197  
 12 1035.1081  10997.003073  x:  0.00000   0.15365   0.04885   0.02011   0.01076   0.00278   0.01166   0.00200   0.00403   0.01115   0.01720   0.03679   0.05405   0.10398   0.42228   0.54231   0.17239   0.24561   0.09159   0.00696   0.06070   0.26019   0.07411   0.05818   0.15499   0.24903   0.03328   0.16474   0.62859   3.74866   0.92177   1.83810  
 13 815.2851  10991.946538  x:  0.00000   0.15422   0.05005   0.02275   0.00957   0.01379   0.01557   0.00280   0.00345   0.01556   0.01663   0.04746   0.05440   0.10636   0.43846   0.56555   0.17425   0.25204   0.09054   0.00742   0.05872   0.26784   0.07842   0.05701   0.15632   0.25500   0.03568   0.16443   0.65325   3.74264   0.97048   1.81175  
 14 3355.3417  10975.765679  x:  0.00000   0.15539   0.04779   0.01631   0.00629   0.01186   0.01466   0.00263   0.00345   0.01591   0.01956   0.04690   0.05053   0.10841   0.45938   0.59627   0.17666   0.26024   0.08949   0.00000   0.05843   0.27754   0.07413   0.05206   0.15867   0.26251   0.03041   0.16281   0.68580   3.73436   1.03639   1.77553  
 15 2046.8960  10959.557736  x:  0.00000   0.15789   0.04271   0.00533   0.01454   0.01013   0.01239   0.00229   0.00360   0.01521   0.02222   0.03460   0.04398   0.11118   0.49485   0.64917   0.18057   0.27390   0.08886   0.01324   0.06055   0.29368   0.06221   0.04421   0.16312   0.27515   0.01808   0.16039   0.74198   3.71973   1.15159   1.71153  
 16 5431.6211  10952.396620  x:  0.00000   0.15959   0.04042   0.01781   0.01594   0.00905   0.01088   0.00208   0.00358   0.01570   0.02174   0.02035   0.04292   0.11197   0.51129   0.67461   0.18211   0.27998   0.08912   0.01616   0.06276   0.30074   0.05408   0.04289   0.16551   0.28062   0.01028   0.15990   0.76917   3.71229   1.20885   1.67904  
 17 3215.3700  10950.074952  x:  0.00000   0.16146   0.04201   0.01634   0.01213   0.00875   0.01044   0.00202   0.00353   0.01627   0.01475   0.01879   0.04826   0.11028   0.51187   0.67912   0.18112   0.27916   0.09148   0.01719   0.06645   0.29935   0.04822   0.05301   0.16645   0.27936   0.00627   0.16356   0.77473   3.70951   1.22607   1.66689  
 18 352.8234  10948.339777  x:  0.00000   0.16394   0.04390   0.01640   0.01352   0.00887   0.01038   0.00200   0.00352   0.01640   0.02173   0.02005   0.05329   0.10760   0.50901   0.68089   0.17921   0.27646   0.09489   0.01690   0.07096   0.29532   0.04230   0.06358   0.16738   0.27604   0.00340   0.16984   0.77797   3.70642   1.24242   1.65339  
 19 402.3282  10945.585171  x:  0.00000   0.16902   0.04289   0.01703   0.02175   0.00931   0.01071   0.00205   0.00359   0.01571   0.01764   0.02091   0.04632   0.10190   0.49270   0.67566   0.17382   0.26619   0.10175   0.01200   0.07676   0.28009   0.04178   0.06364   0.16852   0.26409   0.00593   0.18779   0.77730   3.69897   1.27322   1.62098  
 20 215.2134  10943.097777  x:  0.00000   0.17175   0.04326   0.01713   0.01232   0.00895   0.01062   0.00204   0.00354   0.01623   0.02023   0.02009   0.04432   0.10045   0.47480   0.66754   0.17013   0.25678   0.10507   0.01722   0.07813   0.26594   0.04742   0.05728   0.16866   0.25370   0.00264   0.19974   0.77367   3.69156   1.30006   1.58913  
 21 404.3566  10942.177166  x:  0.00000   0.17112   0.04372   0.01692   0.01375   0.00896   0.01055   0.00203   0.00354   0.01632   0.01980   0.02011   0.04790   0.10226   0.46885   0.66365   0.17039   0.25493   0.10376   0.01655   0.07632   0.26305   0.04874   0.05524   0.16827   0.25197   0.00000   0.19975   0.77124   3.68905   1.30715   1.57859  
 22 239.7757  10939.913195  x:  0.00000   0.16440   0.04135   0.01704   0.01268   0.00895   0.01064   0.00205   0.00358   0.01596   0.02013   0.01989   0.04681   0.11139   0.44302   0.64072   0.17739   0.25232   0.09354   0.01770   0.06772   0.25949   0.04078   0.05914   0.16631   0.25267   0.00996   0.18971   0.75558   3.67644   1.33332   1.52736  
 23 215.2945  10938.635329  x:  0.00000   0.16296   0.04156   0.01743   0.01371   0.00904   0.01074   0.00207   0.00357   0.01604   0.02023   0.02037   0.04099   0.10846   0.43151   0.62440   0.18227   0.25358   0.09341   0.01723   0.07166   0.26388   0.04667   0.06480   0.16698   0.25732   0.00732   0.17829   0.74265   3.66743   1.34538   1.49220  
 24 208.7055  10937.403990  x:  0.00000   0.16512   0.04358   0.01727   0.01314   0.00912   0.01096   0.00210   0.00359   0.01582   0.02009   0.02088   0.04632   0.10043   0.42645   0.60673   0.18571   0.25674   0.10074   0.01695   0.07883   0.27256   0.04550   0.05902   0.16836   0.26402   0.01298   0.17033   0.72718   3.65672   1.35304   1.45188  
 25 212.6600  10935.691870  x:  0.00000   0.17289   0.04501   0.01728   0.01329   0.00909   0.01083   0.00208   0.00358   0.01597   0.02018   0.02064   0.04429   0.10746   0.44478   0.58386   0.18025   0.26275   0.11181   0.01693   0.06759   0.28526   0.04495   0.06040   0.16591   0.26915   0.01050   0.17917   0.70038   3.63551   1.34597   1.37682  
 26 103.4077  10934.492919  x:  0.00000   0.16972   0.03527   0.01728   0.01284   0.00913   0.01095   0.00210   0.00358   0.01590   0.02036   0.02121   0.04702   0.10702   0.46113   0.57534   0.17657   0.26561   0.10284   0.01707   0.07198   0.28690   0.04701   0.06104   0.16780   0.26797   0.01060   0.18541   0.68649   3.61825   1.33134   1.31729  
 27 161.1779  10933.113212  x:  0.00000   0.16419   0.04548   0.01722   0.01296   0.00915   0.01093   0.00210   0.00358   0.01593   0.02020   0.02125   0.04527   0.10631   0.47926   0.57065   0.17412   0.26789   0.08985   0.01699   0.07858   0.28416   0.04589   0.05933   0.17039   0.26460   0.01077   0.18903   0.67428   3.59580   1.30746   1.24046  
 28 353.8598  10927.406829  x:  0.00000   0.15690   0.04516   0.01711   0.01310   0.00920   0.01107   0.00212   0.00358   0.01577   0.02022   0.02216   0.04565   0.09458   0.51373   0.59305   0.18691   0.26715   0.10186   0.01672   0.06801   0.25200   0.04605   0.06152   0.16877   0.25155   0.01509   0.16635   0.66786   3.50289   1.17892   0.92369  
 29 240.2151  10923.510324  x:  0.00000   0.16389   0.04330   0.01707   0.01295   0.00943   0.01134   0.00216   0.00358   0.01566   0.02018   0.02367   0.04594   0.11769   0.51276   0.61386   0.19116   0.26309   0.10803   0.01566   0.08291   0.25363   0.04750   0.06027   0.17231   0.25702   0.01644   0.16578   0.67926   3.43612   1.07714   0.69489  
 30 517.4257  10921.630718  x:  0.00000   0.16664   0.04428   0.01698   0.01283   0.00937   0.01124   0.00214   0.00356   0.01575   0.02027   0.02365   0.04618   0.10681   0.50171   0.62304   0.18936   0.26343   0.09982   0.01588   0.07447   0.26761   0.04748   0.06041   0.17262   0.26508   0.01353   0.17698   0.69277   3.40350   1.02523   0.58411  
 31 333.9583  10921.507799  x:  0.00000   0.16244   0.04436   0.01699   0.01282   0.00938   0.01124   0.00214   0.00356   0.01576   0.02026   0.02370   0.04613   0.10735   0.50046   0.61723   0.18610   0.27193   0.10211   0.01586   0.07461   0.26805   0.04750   0.06038   0.17366   0.26112   0.01317   0.17738   0.70062   3.39838   1.02117   0.57787  
 32 16.9308  10921.454356  x:  0.00000   0.16637   0.04426   0.01696   0.01282   0.00937   0.01125   0.00214   0.00356   0.01574   0.02026   0.02372   0.04620   0.10717   0.50168   0.61180   0.18500   0.27310   0.10054   0.01586   0.07480   0.26561   0.04753   0.06039   0.17258   0.26214   0.01331   0.17619   0.70649   3.39305   1.01948   0.57673  
 33 10.2267  10921.368936  x:  0.00000   0.16314   0.04439   0.01696   0.01283   0.00937   0.01124   0.00214   0.00356   0.01575   0.02025   0.02375   0.04617   0.10724   0.50433   0.60512   0.18857   0.26724   0.10180   0.01577   0.07460   0.26536   0.04757   0.06035   0.17367   0.26481   0.01275   0.17769   0.71363   3.37892   1.01734   0.57794  
 34  8.9968  10921.117431  x:  0.00000   0.16619   0.04427   0.01692   0.01280   0.00934   0.01124   0.00214   0.00356   0.01572   0.02026   0.02383   0.04631   0.10722   0.50394   0.60489   0.19277   0.26314   0.10046   0.01575   0.07462   0.27312   0.04765   0.06026   0.17147   0.25486   0.01291   0.17664   0.71745   3.32921   1.01280   0.58604  
 35 13.3387  10920.420242  x:  0.00000   0.16554   0.04423   0.01681   0.01281   0.00926   0.01119   0.00213   0.00354   0.01568   0.02023   0.02399   0.04656   0.10733   0.49536   0.61682   0.18488   0.26962   0.10041   0.01528   0.07336   0.27058   0.04790   0.06005   0.17446   0.26364   0.01242   0.17843   0.71546   3.19252   1.00102   0.60982  
 36 59.5807  10920.360814  x:  0.00000   0.16434   0.04427   0.01681   0.01281   0.00926   0.01118   0.00213   0.00354   0.01569   0.02022   0.02399   0.04656   0.10728   0.49498   0.61754   0.18654   0.27110   0.10059   0.01518   0.07470   0.27009   0.04798   0.05990   0.16856   0.26481   0.01206   0.18006   0.71569   3.19021   0.99967   0.61000  
 37  4.9367  10914.102510  x:  0.00000   0.18190   0.04438   0.01547   0.01250   0.00827   0.01063   0.00202   0.00332   0.01516   0.01999   0.02612   0.04954   0.11181   0.48458   0.65886   0.23329   0.30008   0.09437   0.01030   0.06994   0.27194   0.05172   0.05674   0.18947   0.27319   0.00427   0.20548   0.77061   3.32416   0.83787   0.55602  
 38  3.9486  10906.432029  x:  0.00000   0.17362   0.04457   0.01391   0.01268   0.00713   0.01007   0.00191   0.00308   0.01431   0.01950   0.02841   0.05260   0.11535   0.47672   0.70626   0.19192   0.27998   0.09454   0.00434   0.06830   0.29520   0.05418   0.05397   0.17526   0.28190   0.00322   0.19326   0.84036   3.48040   0.65610   0.49135  
 39 235.8688  10901.408056  x:  0.00000   0.17319   0.04398   0.01319   0.01179   0.00637   0.00982   0.00187   0.00274   0.01409   0.02008   0.02744   0.05225   0.11704   0.48657   0.70913   0.19374   0.27633   0.09895   0.00000   0.07101   0.28865   0.05390   0.05374   0.17532   0.27914   0.00393   0.18707   0.83248   3.47576   0.43088   0.25376  
 40  0.4568  10900.048443  x:  0.00000   0.17039   0.04388   0.01370   0.00964   0.00655   0.00988   0.00190   0.00253   0.01424   0.02076   0.02605   0.05111   0.11440   0.48471   0.69053   0.18471   0.27261   0.10008   0.00206   0.07209   0.28731   0.05262   0.05492   0.17244   0.27674   0.00549   0.18323   0.81116   3.53454   0.41296   0.21616  
 41  0.1698  10898.898174  x:  0.00000   0.16751   0.04369   0.01440   0.00878   0.00675   0.00995   0.00194   0.00224   0.01435   0.02133   0.02392   0.04923   0.11013   0.48252   0.66216   0.17787   0.27107   0.10099   0.00308   0.07289   0.28388   0.05051   0.05652   0.17022   0.27273   0.00730   0.18076   0.77989   3.57467   0.40587   0.23955  
 42  0.1461  10898.674637  x:  0.00000   0.16763   0.04363   0.01478   0.01081   0.00696   0.01003   0.00196   0.00210   0.01420   0.02109   0.02344   0.04887   0.10934   0.47959   0.65389   0.17969   0.27149   0.10053   0.00202   0.07266   0.28322   0.05000   0.05699   0.17043   0.27209   0.00805   0.18154   0.76993   3.58945   0.38870   0.22544  
 43  0.0579  10898.632205  x:  0.00000   0.16818   0.04367   0.01494   0.01050   0.00711   0.01005   0.00197   0.00199   0.01408   0.02078   0.02405   0.04931   0.11006   0.47697   0.65342   0.18251   0.27124   0.09969   0.00243   0.07190   0.28296   0.05036   0.05677   0.17089   0.27198   0.00767   0.18222   0.76845   3.59015   0.37760   0.21697  
 44  0.0191  10898.620482  x:  0.00000   0.16822   0.04367   0.01504   0.01061   0.00711   0.01001   0.00198   0.00193   0.01397   0.02056   0.02418   0.04951   0.11032   0.47540   0.65328   0.18237   0.27044   0.09951   0.00256   0.07174   0.28317   0.05038   0.05663   0.17075   0.27195   0.00742   0.18211   0.76828   3.59486   0.38467   0.22108  
 45  0.0154  10898.615460  x:  0.00000   0.16816   0.04365   0.01510   0.01065   0.00702   0.00996   0.00198   0.00184   0.01382   0.02044   0.02409   0.04957   0.11037   0.47557   0.65417   0.18176   0.27009   0.09968   0.00256   0.07202   0.28320   0.05023   0.05654   0.17065   0.27198   0.00722   0.18189   0.76946   3.59606   0.38222   0.21979  
 46  0.0028  10898.614207  x:  0.00000   0.16815   0.04366   0.01512   0.01063   0.00700   0.00998   0.00199   0.00179   0.01376   0.02047   0.02411   0.04954   0.11023   0.47615   0.65395   0.18204   0.27049   0.09974   0.00255   0.07199   0.28303   0.05021   0.05665   0.17073   0.27193   0.00732   0.18199   0.76925   3.59422   0.38336   0.22059  
 47  0.0019  10898.614102  x:  0.00000   0.16816   0.04366   0.01511   0.01062   0.00701   0.01000   0.00199   0.00178   0.01375   0.02050   0.02412   0.04953   0.11024   0.47602   0.65397   0.18194   0.27047   0.09970   0.00253   0.07195   0.28312   0.05024   0.05664   0.17071   0.27198   0.00733   0.18201   0.76928   3.59391   0.38340   0.22063  
 48  0.0003  10898.614092  x:  0.00000   0.16816   0.04366   0.01511   0.01062   0.00701   0.01000   0.00199   0.00178   0.01375   0.02051   0.02411   0.04951   0.11026   0.47602   0.65399   0.18197   0.27046   0.09970   0.00253   0.07196   0.28312   0.05024   0.05662   0.17072   0.27198   0.00732   0.18200   0.76927   3.59376   0.38344   0.22065  
 49  0.0002  10898.614091  x:  0.00000   0.16815   0.04366   0.01510   0.01062   0.00702   0.01000   0.00199   0.00178   0.01375   0.02051   0.02411   0.04952   0.11026   0.47603   0.65399   0.18197   0.27045   0.09970   0.00253   0.07196   0.28311   0.05024   0.05663   0.17071   0.27197   0.00732   0.18200   0.76927   3.59382   0.38343   0.22064  
 50  0.0000  10898.614090  x:  0.00000   0.16816   0.04366   0.01510   0.01062   0.00702   0.01000   0.00199   0.00178   0.01375   0.02051   0.02411   0.04952   0.11026   0.47603   0.65399   0.18197   0.27046   0.09970   0.00253   0.07196   0.28311   0.05024   0.05663   0.17072   0.27197   0.00732   0.18200   0.76927   3.59384   0.38342   0.22064  
 51  0.0000  10898.614090  x:  0.00000   0.16816   0.04366   0.01510   0.01062   0.00702   0.01000   0.00200   0.00178   0.01375   0.02051   0.02411   0.04952   0.11026   0.47603   0.65399   0.18197   0.27046   0.09970   0.00253   0.07196   0.28311   0.05024   0.05663   0.17072   0.27197   0.00732   0.18200   0.76927   3.59384   0.38343   0.22064  
 52  0.0000  10898.614090  x:  0.00000   0.16816   0.04366   0.01510   0.01062   0.00702   0.01000   0.00200   0.00178   0.01375   0.02051   0.02411   0.04952   0.11026   0.47603   0.65399   0.18197   0.27046   0.09970   0.00253   0.07196   0.28311   0.05024   0.05663   0.17072   0.27197   0.00732   0.18200   0.76927   3.59383   0.38343   0.22064  
 53  0.0000  10898.614090  x:  0.00000   0.16816   0.04366   0.01510   0.01062   0.00702   0.01000   0.00200   0.00178   0.01375   0.02051   0.02411   0.04952   0.11026   0.47603   0.65399   0.18197   0.27046   0.09970   0.00253   0.07196   0.28311   0.05024   0.05663   0.17072   0.27197   0.00732   0.18200   0.76927   3.59383   0.38343   0.22064  
 54  0.0000  10898.614090  x:  0.00000   0.16816   0.04366   0.01510   0.01062   0.00702   0.01000   0.00200   0.00178   0.01375   0.02051   0.02411   0.04952   0.11026   0.47603   0.65399   0.18197   0.27046   0.09970   0.00253   0.07196   0.28311   0.05024   0.05663   0.17072   0.27197   0.00732   0.18200   0.76927   3.59383   0.38343   0.22064  
 55  0.0000  10898.614090  x:  0.00000   0.16816   0.04366   0.01510   0.01062   0.00702   0.01000   0.00200   0.00178   0.01375   0.02051   0.02411   0.04952   0.11026   0.47603   0.65399   0.18197   0.27046   0.09970   0.00253   0.07196   0.28311   0.05024   0.05663   0.17072   0.27197   0.00732   0.18200   0.76927   3.59383   0.38343   0.22064  
check convergence!


Model 8: beta&w>1

TREE # 1

  0  0.0000  11024.529592  x:  0.00393   0.15119   0.03863   0.02003   0.01757   0.02154   0.01360   0.01070   0.01591   0.01709   0.01863   0.02659   0.04513   0.10015   0.37294   0.48003   0.16813   0.20750   0.07866   0.02000   0.05034   0.22834   0.04666   0.05418   0.15449   0.22041   0.00000   0.18136   0.56101   3.59383   0.90000   0.76687   1.93569   2.47532  
  1 99.0000  11004.374016  x:  0.00249   0.15114   0.03852   0.01597   0.01202   0.01270   0.00862   0.00053   0.00487   0.01326   0.01786   0.02381   0.04440   0.09987   0.37446   0.48195   0.16846   0.20879   0.07925   0.01434   0.05211   0.22950   0.04590   0.05321   0.15461   0.22130   0.00053   0.18060   0.56308   3.59381   0.90087   0.77013   1.93435   2.47440  
  2 1143.9591  11000.340447  x:  0.00192   0.15111   0.03846   0.01459   0.01019   0.00950   0.00738   0.00160   0.00081   0.01208   0.01763   0.02286   0.04413   0.09974   0.37506   0.48271   0.16858   0.20928   0.07948   0.01215   0.05277   0.22994   0.04560   0.05283   0.15463   0.22164   0.00077   0.18028   0.56389   3.59380   0.90122   0.77142   1.93381   2.47403  
  3 2465.6759  10997.631419  x:  0.00077   0.15102   0.03829   0.01261   0.00788   0.00435   0.00724   0.00234   0.00275   0.01084   0.01736   0.02141   0.04368   0.09942   0.37626   0.48427   0.16876   0.21026   0.07994   0.00780   0.05399   0.23080   0.04500   0.05206   0.15461   0.22229   0.00128   0.17955   0.56557   3.59380   0.90201   0.77412   1.93269   2.47325  
  4 963.6960  10996.072288  x:  0.00000   0.15095   0.03815   0.01211   0.00796   0.00455   0.00833   0.00227   0.00262   0.01101   0.01736   0.02090   0.04347   0.09917   0.37710   0.48536   0.16886   0.21092   0.08028   0.00516   0.05474   0.23137   0.04463   0.05157   0.15456   0.22273   0.00163   0.17901   0.56674   3.59379   0.90260   0.77604   1.93188   2.47267  
  5 685.1641  10993.296300  x:  0.00000   0.15077   0.03780   0.01340   0.01000   0.00560   0.00458   0.00263   0.00321   0.01192   0.01760   0.02080   0.04308   0.09817   0.38073   0.49017   0.16918   0.21365   0.08207   0.00074   0.05767   0.23372   0.04357   0.05000   0.15422   0.22463   0.00294   0.17666   0.57188   3.59378   0.90531   0.78456   1.92827   2.47014  
  6 761.3781  10977.584934  x:  0.00000   0.14956   0.03593   0.02278   0.01715   0.00144   0.00651   0.00235   0.00253   0.01479   0.01905   0.02199   0.04092   0.09108   0.40889   0.52750   0.17153   0.23456   0.09625   0.00490   0.07943   0.25169   0.03729   0.03990   0.15159   0.23949   0.01216   0.15882   0.61179   3.59367   0.92646   0.85118   1.89996   2.45042  
  7 1436.3222  10969.259964  x:  0.00000   0.14878   0.03538   0.02442   0.01245   0.00740   0.00567   0.00326   0.00408   0.01106   0.01920   0.02114   0.03952   0.08650   0.43109   0.55701   0.17348   0.25092   0.10689   0.01001   0.09540   0.26575   0.03437   0.03430   0.14976   0.25116   0.01833   0.14538   0.64332   3.59353   0.94259   0.90417   1.87735   2.43491  
  8 6805.9626  10956.667137  x:  0.00000   0.14886   0.04296   0.01954   0.00980   0.00774   0.00560   0.00351   0.00433   0.02150   0.01906   0.03128   0.04716   0.09028   0.46058   0.59806   0.17503   0.27021   0.11525   0.01040   0.10027   0.28193   0.05530   0.05745   0.14758   0.26439   0.01652   0.13319   0.68723   3.59298   0.95502   0.98308   1.84244   2.41337  
  9 1191.2069  10947.924703  x:  0.00000   0.15053   0.04641   0.01995   0.02029   0.00756   0.00699   0.00386   0.00473   0.00795   0.02083   0.03071   0.05158   0.09876   0.47638   0.62213   0.17506   0.27804   0.11458   0.01033   0.08963   0.28809   0.05933   0.06404   0.14815   0.26938   0.01165   0.13683   0.71326   3.59224   0.94441   1.03518   1.81796   2.40064  
 10 804.8972  10932.205239  x:  0.00000   0.15659   0.04870   0.02007   0.02137   0.00843   0.00540   0.00440   0.00537   0.02036   0.02197   0.01770   0.05530   0.11972   0.50934   0.67526   0.17472   0.29142   0.10758   0.01576   0.05558   0.29811   0.05201   0.06199   0.15334   0.27766   0.00168   0.15874   0.77121   3.59023   0.90482   1.15686   1.75908   2.37189  
 11 1550.5618  10927.538639  x:  0.00000   0.16113   0.04551   0.02516   0.01457   0.00869   0.00673   0.00428   0.00520   0.02050   0.02000   0.03732   0.05257   0.12303   0.51742   0.69147   0.17495   0.29212   0.10274   0.01326   0.04975   0.29855   0.04890   0.05911   0.16036   0.27821   0.00434   0.17468   0.78966   3.58963   0.88896   1.19991   1.73657   2.36125  
 12 726.5715  10924.095201  x:  0.00000   0.16946   0.04017   0.02605   0.01538   0.00918   0.00655   0.00449   0.00548   0.02124   0.02602   0.03516   0.04913   0.11680   0.51573   0.69852   0.17688   0.28435   0.09649   0.01438   0.06821   0.29311   0.05666   0.06298   0.17554   0.27451   0.00581   0.19600   0.79945   3.58963   0.87678   1.23413   1.71474   2.35082  
 13 270.6720  10923.185486  x:  0.00000   0.17269   0.04269   0.02668   0.01621   0.00925   0.00667   0.00457   0.00557   0.02129   0.01883   0.03429   0.05093   0.11373   0.51296   0.69866   0.17860   0.28055   0.09622   0.01444   0.07240   0.29043   0.05692   0.06277   0.17934   0.27306   0.00274   0.20030   0.80063   3.58991   0.87624   1.24339   1.70737   2.34684  
 14 206.5830  10922.564672  x:  0.00000   0.17456   0.04516   0.02668   0.01588   0.00918   0.00674   0.00457   0.00555   0.02132   0.02014   0.03477   0.05242   0.11181   0.51010   0.69759   0.18023   0.27766   0.09703   0.01419   0.07270   0.28840   0.05583   0.06198   0.18046   0.27213   0.00000   0.20134   0.80038   3.59025   0.87798   1.24836   1.70244   2.34390  
 15 165.2288  10920.524811  x:  0.00000   0.18058   0.04108   0.02120   0.01869   0.00882   0.00615   0.00451   0.00551   0.02067   0.01946   0.03353   0.04762   0.10527   0.48727   0.68525   0.19114   0.25835   0.10292   0.01469   0.06221   0.27544   0.05403   0.06279   0.17914   0.26682   0.00344   0.20391   0.79497   3.59330   0.89622   1.27833   1.66725   2.32221  
 16 174.2248  10919.534246  x:  0.00000   0.17848   0.03811   0.02938   0.01497   0.00858   0.00696   0.00434   0.00527   0.01950   0.01929   0.03024   0.04811   0.10828   0.47391   0.67570   0.19444   0.24899   0.10137   0.01291   0.06038   0.27035   0.05545   0.06344   0.17583   0.26416   0.00454   0.20117   0.78947   3.59520   0.90389   1.29446   1.64543   2.30919  
 17 225.8771  10917.881934  x:  0.00000   0.16683   0.03806   0.02491   0.01587   0.00849   0.00620   0.00431   0.00527   0.01992   0.01887   0.03240   0.04753   0.11931   0.45167   0.65504   0.19437   0.23738   0.09199   0.01365   0.06685   0.26637   0.05430   0.05897   0.16791   0.26043   0.00507   0.19121   0.77553   3.59873   0.90924   1.32101   1.60385   2.28535  
 18 227.1454  10916.405213  x:  0.00000   0.15837   0.04221   0.02505   0.01446   0.00848   0.00606   0.00422   0.00520   0.01949   0.01891   0.03176   0.04790   0.10538   0.44014   0.62782   0.18284   0.24300   0.09501   0.01347   0.06562   0.27134   0.05306   0.06215   0.16334   0.25870   0.01148   0.18258   0.75152   3.60293   0.90135   1.34070   1.55461   2.25799  
 19 107.7748  10915.643120  x:  0.00000   0.16144   0.03575   0.02438   0.01423   0.00838   0.00605   0.00424   0.00521   0.01941   0.01855   0.03258   0.04706   0.10621   0.44119   0.61351   0.17773   0.25115   0.09903   0.01324   0.06493   0.27413   0.05502   0.06029   0.16656   0.25896   0.00561   0.18062   0.73581   3.60574   0.90189   1.34593   1.52552   2.24057  
 20 123.0395  10914.890615  x:  0.00000   0.16735   0.03998   0.02447   0.01428   0.00830   0.00613   0.00426   0.00526   0.01934   0.01875   0.03173   0.04684   0.11371   0.44672   0.59976   0.17441   0.26068   0.10144   0.01300   0.06463   0.27572   0.05571   0.05877   0.17127   0.25975   0.00980   0.18440   0.71874   3.60922   0.90641   1.34715   1.49210   2.21956  
 21 181.5257  10914.291473  x:  0.00000   0.16717   0.03753   0.02365   0.01426   0.00823   0.00593   0.00428   0.00529   0.01911   0.01879   0.03151   0.05121   0.11234   0.45719   0.59626   0.17817   0.26396   0.09386   0.01317   0.06486   0.27392   0.04981   0.06315   0.17020   0.26135   0.01038   0.18752   0.70864   3.61266   0.90963   1.33923   1.46030   2.19871  
 22 81.0011  10913.501296  x:  0.00000   0.16513   0.04057   0.02473   0.01369   0.00809   0.00590   0.00430   0.00531   0.01868   0.01855   0.03112   0.04371   0.10889   0.47101   0.59689   0.18385   0.26335   0.08703   0.01302   0.06434   0.27068   0.05151   0.06288   0.16636   0.26302   0.00730   0.18859   0.69934   3.61746   0.90964   1.32335   1.41572   2.16946  
 23 175.7929  10911.984355  x:  0.00000   0.16100   0.03979   0.02252   0.01241   0.00794   0.00567   0.00431   0.00537   0.01843   0.01864   0.03143   0.05050   0.10660   0.49215   0.60498   0.19060   0.25402   0.09037   0.01267   0.06455   0.26543   0.06145   0.05365   0.16001   0.26412   0.01074   0.18844   0.68907   3.62743   0.90156   1.28352   1.32264   2.10859  
 24 253.3738  10909.331023  x:  0.00000   0.15917   0.03951   0.02188   0.00936   0.00792   0.00564   0.00441   0.00556   0.01800   0.01829   0.03189   0.04738   0.11552   0.51182   0.62460   0.19245   0.23624   0.10817   0.01177   0.07092   0.26493   0.05297   0.06366   0.16115   0.26390   0.01157   0.18128   0.68479   3.64525   0.88335   1.20506   1.15692   1.99989  
 25 386.5575  10904.949969  x:  0.00000   0.16274   0.04058   0.01975   0.00666   0.00742   0.00491   0.00454   0.00581   0.01659   0.01832   0.03083   0.04919   0.11358   0.49868   0.65789   0.18613   0.24231   0.09320   0.01169   0.06290   0.28648   0.05611   0.06149   0.18448   0.26655   0.01382   0.17455   0.71194   3.67485   0.87304   1.06460   0.88806   1.81986  
 26 326.8803  10903.767979  x:  0.00000   0.16453   0.04037   0.01935   0.00572   0.00739   0.00489   0.00463   0.00592   0.01636   0.01817   0.03110   0.04916   0.11487   0.48738   0.66180   0.18695   0.25793   0.09715   0.01134   0.06751   0.28628   0.05648   0.06228   0.16758   0.27046   0.00962   0.18855   0.72814   3.68302   0.86869   1.02304   0.81198   1.76906  
 27 182.2458  10903.607055  x:  0.00000   0.15978   0.04056   0.01930   0.00570   0.00738   0.00490   0.00462   0.00591   0.01633   0.01816   0.03105   0.04911   0.11495   0.49042   0.65328   0.18513   0.25999   0.09860   0.01128   0.06720   0.27816   0.05642   0.06238   0.17083   0.27334   0.00906   0.18860   0.73873   3.68391   0.86837   1.01579   0.80035   1.76121  
 28 20.7030  10903.501294  x:  0.00000   0.16418   0.04048   0.01928   0.00574   0.00742   0.00492   0.00460   0.00589   0.01640   0.01819   0.03113   0.04920   0.11481   0.49506   0.64356   0.18514   0.25742   0.09724   0.01133   0.06758   0.27974   0.05651   0.06240   0.16873   0.27133   0.00940   0.18681   0.74809   3.68419   0.86695   1.01000   0.79157   1.75523  
 29 16.3075  10903.427209  x:  0.00000   0.16092   0.04062   0.01946   0.00605   0.00747   0.00500   0.00460   0.00588   0.01650   0.01823   0.03118   0.04922   0.11500   0.49641   0.63971   0.18930   0.25608   0.09880   0.01136   0.06735   0.28514   0.05666   0.06253   0.16986   0.27058   0.00867   0.18922   0.75091   3.68414   0.86667   1.00519   0.78462   1.74985  
 30  9.9469  10902.882299  x:  0.00000   0.16578   0.04076   0.02021   0.00813   0.00788   0.00559   0.00440   0.00556   0.01738   0.01853   0.03161   0.04961   0.11523   0.49234   0.64756   0.18935   0.25669   0.09767   0.01152   0.06772   0.28220   0.05717   0.06350   0.16914   0.28185   0.00980   0.18601   0.74640   3.68237   0.85982   0.96731   0.72934   1.70260  
 31 10.1160  10902.707112  x:  0.00000   0.16397   0.04073   0.02026   0.00869   0.00795   0.00571   0.00430   0.00543   0.01747   0.01853   0.03150   0.04952   0.11505   0.49290   0.65213   0.18473   0.25956   0.09763   0.01161   0.06758   0.27901   0.05695   0.06351   0.16827   0.27021   0.00943   0.18618   0.74540   3.68212   0.86087   0.95649   0.71492   1.68654  
 32 30.3552  10902.018774  x:  0.00000   0.16211   0.04084   0.01940   0.00900   0.00802   0.00608   0.00408   0.00511   0.01739   0.01852   0.03126   0.04957   0.11406   0.49347   0.65259   0.17028   0.25260   0.09654   0.01119   0.06701   0.28242   0.05712   0.06386   0.16526   0.27506   0.00648   0.19366   0.74813   3.69007   0.85490   0.94162   0.75686   1.58515  
 33  3.9269  10900.797167  x:  0.00000   0.16572   0.04130   0.01833   0.00893   0.00841   0.00670   0.00373   0.00464   0.01784   0.01868   0.03182   0.05010   0.11487   0.48827   0.65187   0.18303   0.26218   0.09620   0.01098   0.06841   0.27765   0.05825   0.06572   0.16775   0.27049   0.00820   0.18603   0.75299   3.70316   0.82701   0.91660   0.83172   1.41042  
 34 143.9459  10894.687432  x:  0.00000   0.17073   0.04402   0.01052   0.01061   0.00711   0.01016   0.00220   0.00249   0.01501   0.02019   0.02598   0.05050   0.11265   0.48525   0.68234   0.18261   0.27809   0.09791   0.00526   0.07057   0.28489   0.05261   0.05995   0.17068   0.27290   0.00420   0.18546   0.80532   3.55401   0.85715   0.80802   0.76078   1.61835  
 35  1.9821  10894.090584  x:  0.00000   0.17148   0.04439   0.01077   0.01072   0.00706   0.01059   0.00196   0.00214   0.01480   0.02036   0.02538   0.05057   0.11241   0.48694   0.68793   0.18312   0.27962   0.09795   0.00459   0.07089   0.28622   0.05214   0.05948   0.17147   0.27346   0.00342   0.18597   0.81252   3.75419   0.85763   0.79154   0.73488   1.67209  
 36  3.7682  10892.964783  x:  0.00000   0.17075   0.04492   0.01576   0.01027   0.00700   0.01144   0.00132   0.00116   0.01422   0.02084   0.02389   0.05075   0.11165   0.48805   0.68839   0.18312   0.27773   0.09918   0.00236   0.07108   0.28892   0.05122   0.05841   0.17284   0.27500   0.00281   0.18599   0.81297   3.70269   0.86175   0.70315   0.63898   1.66726  
 37  0.5088  10891.976248  x:  0.00000   0.16943   0.04498   0.01690   0.00994   0.00672   0.01159   0.00217   0.00219   0.01328   0.02100   0.02271   0.05044   0.11100   0.48987   0.68269   0.18422   0.27321   0.10052   0.00094   0.07206   0.29168   0.04991   0.05665   0.17430   0.27723   0.00335   0.18672   0.80382   3.70551   0.87003   0.58668   0.46627   1.68912  
 38  0.3456  10891.478778  x:  0.00000   0.16867   0.04437   0.01609   0.01060   0.00689   0.01089   0.00204   0.00192   0.01352   0.02095   0.02349   0.04996   0.11098   0.48769   0.67355   0.18465   0.27163   0.10041   0.00235   0.07291   0.28975   0.04934   0.05568   0.17321   0.27630   0.00482   0.18654   0.79265   3.70792   0.87862   0.51920   0.37384   1.72903  
 39  0.1905  10891.085717  x:  0.00000   0.16886   0.04360   0.01548   0.01136   0.00696   0.01018   0.00213   0.00195   0.01369   0.02064   0.02438   0.04953   0.11108   0.48336   0.66369   0.18528   0.27251   0.09989   0.00319   0.07353   0.28527   0.04956   0.05549   0.17151   0.27373   0.00584   0.18620   0.78233   3.70195   0.88855   0.51274   0.39121   1.79596  
 40  0.1129  10890.578586  x:  0.00000   0.16893   0.04290   0.01447   0.01191   0.00656   0.00980   0.00201   0.00164   0.01344   0.02026   0.02461   0.04929   0.11063   0.47751   0.65412   0.18504   0.27271   0.09910   0.00242   0.07319   0.28142   0.04962   0.05493   0.17079   0.27030   0.00544   0.18663   0.77183   3.71203   0.92516   0.50330   0.34264   2.00076  
 41  0.2165  10890.350991  x:  0.00000   0.16941   0.04305   0.01466   0.01194   0.00651   0.00973   0.00207   0.00170   0.01357   0.02038   0.02438   0.04954   0.11103   0.48079   0.66012   0.18489   0.27345   0.09900   0.00220   0.07319   0.28340   0.05000   0.05571   0.17191   0.27123   0.00490   0.18706   0.77733   3.71564   0.94162   0.46484   0.29480   2.11503  
 42  0.2225  10890.098723  x:  0.00000   0.17021   0.04379   0.01512   0.01123   0.00672   0.01001   0.00209   0.00182   0.01405   0.02071   0.02413   0.05014   0.11140   0.48771   0.67243   0.18535   0.27382   0.09944   0.00225   0.07330   0.28802   0.05086   0.05770   0.17400   0.27448   0.00452   0.18581   0.78920   3.71753   0.93828   0.46055   0.30325   2.16308  
 43  0.0670  10889.934656  x:  0.00000   0.16980   0.04441   0.01519   0.01024   0.00708   0.01021   0.00197   0.00178   0.01426   0.02071   0.02456   0.05024   0.11101   0.48672   0.67061   0.18730   0.27273   0.10071   0.00235   0.07389   0.28778   0.05103   0.05794   0.17275   0.27575   0.00515   0.18435   0.78973   3.71455   0.94679   0.44914   0.27975   2.33781  
 44  0.0771  10889.857391  x:  0.00000   0.16951   0.04422   0.01458   0.01023   0.00717   0.01013   0.00191   0.00172   0.01369   0.02048   0.02422   0.05002   0.11098   0.48470   0.66842   0.18590   0.27236   0.10029   0.00231   0.07346   0.28661   0.05066   0.05702   0.17238   0.27415   0.00430   0.18673   0.78769   3.71238   0.94661   0.43712   0.27491   2.39744  
 45  0.0455  10889.840444  x:  0.00000   0.16954   0.04404   0.01482   0.01039   0.00720   0.01003   0.00198   0.00180   0.01365   0.02050   0.02417   0.05000   0.11122   0.48481   0.66866   0.18530   0.27277   0.09986   0.00246   0.07316   0.28655   0.05056   0.05687   0.17271   0.27350   0.00406   0.18752   0.78747   3.71362   0.94969   0.44115   0.27743   2.44282  
 46  0.0701  10889.831587  x:  0.00000   0.16956   0.04390   0.01491   0.01056   0.00720   0.01003   0.00201   0.00182   0.01374   0.02060   0.02429   0.05004   0.11143   0.48585   0.66977   0.18514   0.27299   0.09971   0.00235   0.07292   0.28706   0.05048   0.05689   0.17313   0.27359   0.00413   0.18739   0.78781   3.71616   0.94997   0.43540   0.27004   2.47233  
 47  0.0326  10889.829264  x:  0.00000   0.16945   0.04392   0.01481   0.01066   0.00714   0.01002   0.00200   0.00178   0.01379   0.02060   0.02422   0.05006   0.11132   0.48602   0.66982   0.18546   0.27262   0.09984   0.00226   0.07288   0.28731   0.05049   0.05697   0.17312   0.27395   0.00421   0.18710   0.78773   3.71561   0.95052   0.43604   0.27094   2.48531  
 48  0.0117  10889.828790  x:  0.00000   0.16946   0.04397   0.01487   0.01070   0.00711   0.01001   0.00201   0.00179   0.01380   0.02058   0.02418   0.05007   0.11128   0.48589   0.66974   0.18561   0.27260   0.09990   0.00230   0.07297   0.28729   0.05053   0.05698   0.17305   0.27401   0.00418   0.18713   0.78792   3.71479   0.95025   0.43636   0.27129   2.48574  
 49  0.0011  10889.828523  x:  0.00000   0.16945   0.04400   0.01486   0.01071   0.00706   0.01001   0.00201   0.00179   0.01379   0.02058   0.02419   0.05007   0.11129   0.48583   0.66968   0.18562   0.27257   0.09992   0.00231   0.07303   0.28727   0.05054   0.05696   0.17303   0.27398   0.00415   0.18721   0.78800   3.71441   0.95054   0.43515   0.27011   2.48797  
 50  0.0023  10889.828371  x:  0.00000   0.16944   0.04399   0.01486   0.01069   0.00702   0.01003   0.00200   0.00179   0.01380   0.02060   0.02423   0.05007   0.11131   0.48587   0.66969   0.18555   0.27260   0.09988   0.00232   0.07302   0.28726   0.05052   0.05696   0.17306   0.27392   0.00418   0.18719   0.78792   3.71497   0.95043   0.43574   0.27066   2.48718  
 51  0.0010  10889.828356  x:  0.00000   0.16946   0.04397   0.01486   0.01068   0.00702   0.01003   0.00200   0.00179   0.01380   0.02059   0.02421   0.05007   0.11130   0.48587   0.66971   0.18554   0.27261   0.09988   0.00232   0.07299   0.28725   0.05052   0.05697   0.17306   0.27393   0.00418   0.18718   0.78789   3.71503   0.95045   0.43565   0.27058   2.48741  
 52  0.0003  10889.828355  x:  0.00000   0.16946   0.04397   0.01486   0.01068   0.00702   0.01004   0.00200   0.00179   0.01380   0.02059   0.02421   0.05007   0.11130   0.48587   0.66971   0.18554   0.27261   0.09988   0.00232   0.07299   0.28725   0.05052   0.05697   0.17306   0.27394   0.00417   0.18718   0.78789   3.71500   0.95045   0.43564   0.27057   2.48748  
 53  0.0001  10889.828355  x:  0.00000   0.16946   0.04397   0.01486   0.01068   0.00702   0.01004   0.00200   0.00179   0.01380   0.02059   0.02421   0.05007   0.11130   0.48587   0.66970   0.18554   0.27261   0.09988   0.00232   0.07298   0.28725   0.05052   0.05697   0.17306   0.27394   0.00417   0.18719   0.78789   3.71498   0.95045   0.43563   0.27057   2.48751  
 54  0.0000  10889.828355  x:  0.00000   0.16946   0.04397   0.01486   0.01068   0.00702   0.01004   0.00200   0.00179   0.01380   0.02059   0.02421   0.05007   0.11130   0.48587   0.66970   0.18554   0.27261   0.09988   0.00232   0.07299   0.28725   0.05052   0.05697   0.17306   0.27394   0.00417   0.18718   0.78789   3.71499   0.95045   0.43563   0.27057   2.48750  
 55  0.0000  10889.828355  x:  0.00000   0.16946   0.04397   0.01486   0.01068   0.00702   0.01004   0.00200   0.00179   0.01380   0.02059   0.02421   0.05007   0.11130   0.48587   0.66970   0.18554   0.27261   0.09988   0.00232   0.07299   0.28725   0.05052   0.05697   0.17306   0.27394   0.00417   0.18718   0.78789   3.71499   0.95045   0.43563   0.27057   2.48750  