     1    290    205


 1

     1      1    -3.9472461196   0.019307800000       5.5993  -----C----------
     2      2    -2.8462972665   0.058058900000      16.8371  -----E----------
     3      3    -2.4858855287   0.083251800000      24.1430  -----G----------
     4      4    -2.7801597100   0.062028600000      17.9883  -----K----------
     5      3    -3.9372023615   0.019502700000       5.6558  -----M----------
     6      1    -3.2419039485   0.039089400000      11.3359  -----N----------
     7      2    -3.0842771894   0.045763100000      13.2713  -----P----------
     8      4    -3.1242022113   0.043972000000      12.7519  -----R----------
     9      1    -2.6661710056   0.069517900000      20.1602  -----S----------
    10      1    -2.6465469066   0.070895600000      20.5597  -----V----------
    11      1    -9.8049432196   0.000055178166       0.0160  ---GGGGGGGG--GVV
    12      1    -5.9350336861   0.002645133649       0.7671  ---K------Q-----
    13      1   -13.7549484613   0.000001062434       0.0003  -NNNNNNNNNNDNGGG
    14      1    -3.7207178146   0.024216578592       7.0228  -PPPPPPPPPP--PPP
    15      1   -15.2593536811   0.000000236019       0.0001  -RRRSRRRRRRRRSSS
    16      1    -3.9342713390   0.019559946706       5.6724  AAAAAAAAAAA--AAA
    17      1    -7.9151740305   0.000365160334       0.1059  AAAAAAAAAAA--SAA
    18      3    -4.2313756699   0.014532385026       4.2144  AAAAAAAAAAAAAAAA
    19      1   -18.2046487421   0.000000012411       0.0000  AAAPKTTTTTT-PPPP
    20      1    -7.8151063233   0.000403591906       0.1170  AAAVAAAAAAAAAAAA
    21      1   -10.4727475966   0.000028297203       0.0082  AAAVVVVVVVVVVVVV
    22      1    -9.8750014818   0.000051444784       0.0149  AATAAAAAAAAAAAAA
    23      1   -16.6975463161   0.000000056021       0.0000  AATRTTTTTTT-TTTT
    24      1   -17.2143268742   0.000000033413       0.0000  AEEEEEEEEEEDDEEQ
    25      1    -6.4465028201   0.001586059215       0.4600  AGGGGGGGGGG--GGG
    26      1   -16.9689881674   0.000000042703       0.0000  AGGGSSSTTTTGGG--
    27      1   -11.9880525919   0.000006218060       0.0018  ALLPPPPPPPP--PPP
    28      1    -8.0248484369   0.000327229618       0.0949  ASAAAAAAAAA--AAA
    29      1   -12.2177771982   0.000004941818       0.0014  ASSALLLLLLL--AAA
    30      1   -16.3555239533   0.000000078865       0.0000  ASSATTAAAAA--AAA
    31      1    -7.1896556280   0.000754348852       0.2188  ASSSSSSSSSSSSSSS
    32      1   -13.3125878291   0.000001653547       0.0005  ATAATAAAAAAAAAAA
    33      1    -7.4112835362   0.000604394434       0.1753  AVVAAAAAAAA--AAA
    34      1   -12.7313767324   0.000002956878       0.0009  AVVEVVVVVVV--EEE
    35      1    -7.2471993395   0.000712166134       0.2065  AVVVVVVVVVVVVVVV
    36      1    -3.9472461196   0.019307800000       5.5993  C---------------
    37      4    -4.7350800325   0.008781745979       2.5467  CCCCCCCCCCCCCCCC
    38      1   -15.5288578920   0.000000180261       0.0001  CCCCCCCCCCCSCCYY
    39      1   -26.0287880100   0.000000000005       0.0000  CCCRCRCCCCCCCRWW
    40      1   -10.8700745228   0.000019018954       0.0055  CPPP-PPPPPPPPPPP
    41      1   -18.9671805756   0.000000005790       0.0000  CSSASCCCCCC--SSS
    42      1   -16.3299904614   0.000000080905       0.0000  DAAAVAAAAAA--SAA
    43      1    -4.3540274535   0.012854935529       3.7279  DDDD-DDDDDDDDDDD
    44      2    -4.4387450854   0.011810750707       3.4251  DDDDDDDDDDDDDDDD
    45      1   -19.9420729991   0.000000002184       0.0000  DDDDNDDDDDDGGDGG
    46      2    -6.9772273420   0.000932886195       0.2705  DEEEEEEEEEEEEEEE
    47      1   -22.0417669852   0.000000000268       0.0000  DGGDGGGGGGGDSNNN
    48      1   -13.3283476656   0.000001627692       0.0005  DNDNDDDDDDDNNNNN
    49      1   -10.0525104630   0.000043077469       0.0125  DNNNDDDDDDDNNNNN
    50      1   -37.6344481621   0.000000000000       0.0000  DTIA-NNNNNNDIAI-
    51      1   -18.4333877819   0.000000009874       0.0000  DTTTTTTTTTTATPTT
    52      1   -17.6339632684   0.000000021962       0.0000  EAATTTTTTTT--TMM
    53      1   -12.8005294560   0.000002759311       0.0008  EEADEEEEEEE--EEE
    54      1   -12.3991629959   0.000004122037       0.0012  EEEDDDDDDDDDEDDD
    55      1   -11.9807480156   0.000006263647       0.0018  EEEEEEEEAAE--EEE
    56      1    -8.5813017417   0.000187580637       0.0544  EEEEEEEEEEEAEEEE
    57      1    -8.9994448927   0.000123478329       0.0358  EEEEEEEEEEEEEEED
    58      5    -4.8161123184   0.008098209279       2.3485  EEEEEEEEEEEEEEEE
    59      1   -10.4044479537   0.000030297421       0.0088  EEEEEEEEEEEEEEGG
    60      1    -8.2531098320   0.000260447349       0.0755  EEEEEEEEEEEQEEEE
    61      1   -10.3376107291   0.000032391623       0.0094  EEEEVEEEEEEEEEEE
    62      1   -18.3791716289   0.000000010424       0.0000  EEEGEEEEEEE--GED
    63      1   -28.5202653935   0.000000000000       0.0000  EEEKQGEEEEEGEG--
    64      1   -25.7788681284   0.000000000006       0.0000  EEEVEEEEEEEEGGGS
    65      1   -13.1909073726   0.000001867505       0.0005  EGEEDDDDDDD--EEE
    66      1   -11.4147465965   0.000011031601       0.0032  EGGAGGGGGGG--GGG
    67      1   -28.0432747617   0.000000000001       0.0000  EMMGVVVVVVVAGVVV
    68      1   -17.3564610453   0.000000028986       0.0000  EQEGDDDDDDDGGGGG
    69      9    -4.4036085890   0.012233115871       3.5476  FFFFFFFFFFFFFFFF
    70      1   -21.1395876406   0.000000000659       0.0000  G--GVVVVVVVIVIII
    71      1    -6.8900015176   0.001017912296       0.2952  GAAGGGGGGGG--GGG
    72      1   -14.9655921481   0.000000316611       0.0001  GAAVAAAAAAA-GAAA
    73      1   -12.9754244281   0.000002316566       0.0007  GDDGNNNNNNN--GGG
    74      1    -8.7289575052   0.000161831076       0.0469  GEEEEEEEEEEEEEEE
    75      1   -12.3480060201   0.000004338395       0.0013  GEEEEEEEEEEKEEEE
    76      1   -19.5740237434   0.000000003156       0.0000  GEEGAGGGGGGGGGGR
    77      1    -6.9324397163   0.000975617732       0.2829  GGGAGGGGGGG--GGG
    78      1    -7.4534211636   0.000579455804       0.1680  GGGGAAAAAAA--GGG
    79      1   -17.4153551614   0.000000027328       0.0000  GGGGGGEGGGGGRGGG
    80      9    -3.2863756677   0.037389114700      10.8428  GGGGGGGGGGGGGGGG
    81      1   -12.0173566663   0.000006038489       0.0018  GGGSGGGGGGG-GSGG
    82      1    -9.0992350607   0.000111751259       0.0324  GGGSGGGGGGG-SSSS
    83      1    -9.8367645916   0.000053449964       0.0155  GQQQQQQQQQQQQQQQ
    84      1   -12.9658736244   0.000002338798       0.0007  GSRG-GGGGGGGGGGG
    85      1    -8.0228731114   0.000327876642       0.0951  GSSSSSSSSSSSSSSS
    86      1   -15.9013151810   0.000000124207       0.0000  GVGGRRRRRRR--GGG
    87      1    -5.3106434487   0.004938747864       1.4322  HHHHHHHHHHHHHHHH
    88      1    -8.9562936483   0.000128923204       0.0374  HNNNNNNNNNNNNNNN
    89      1   -14.2948104072   0.000000619217       0.0002  HRHRHHHHHHHHHHHH
    90      1   -13.8764528639   0.000000940878       0.0003  IFFFVFFFFFFFFFFF
    91      2    -4.9852011767   0.006838402162       1.9831  IIIIIIIIIIIIIIII
    92      1   -12.4148595537   0.000004057841       0.0012  IIIIIVIIIIIIIVII
    93      1   -10.0115110352   0.000044880326       0.0130  IIILLLLLLLLLLLLL
    94      1   -16.7871712210   0.000000051218       0.0000  ITTATTTTTTTTTITT
    95      1    -7.0981691601   0.000826616942       0.2397  IVVIIIIIIIIIIIII
    96      1   -10.7071838460   0.000022383559       0.0065  KKKKHKKKKKKKKKKK
    97      1    -4.2771272345   0.013882485983       4.0259  KKKKKKKKKKK--KKK
    98      3    -4.5760546127   0.010295435754       2.9857  KKKKKKKKKKKKKKKK
    99      1    -8.3375058574   0.000239368619       0.0694  KKKKKKKKKKKQKKKK
   100      1   -17.5842426909   0.000000023081       0.0000  KKKQKKKKKKKEVKKK
   101      1   -10.9186672292   0.000018116866       0.0053  KKKRKKKKKKKRKKKK
   102      1   -14.3680676528   0.000000575476       0.0002  KKRQQQQQQQQ--QQQ
   103      1   -11.8281122214   0.000007296526       0.0021  KNNKRKKKKKK--KKK
   104      1   -16.7700963564   0.000000052100       0.0000  KTTATTTTTTT--TTN
   105      1   -13.8407491783   0.000000975077       0.0003  LFFFCCCCCCC--FFF
   106      1    -7.0905687657   0.000832923493       0.2415  LIILLLLLLLLLLLLL
   107      3    -3.4167485555   0.032818970709       9.5175  LLLLLLLLLLL--LLL
   108      1    -8.6396057567   0.000176956652       0.0513  LLLLLLLLLLL-LLFF
   109     15    -3.6096224381   0.027062062542       7.8480  LLLLLLLLLLLLLLLL
   110      1    -8.6350781469   0.000177759660       0.0516  LLLLLLLLLLLLLLMM
   111      1    -9.1065268980   0.000110939350       0.0322  LLLLLLLLLLLSLLLL
   112      1   -15.6584349110   0.000000158354       0.0000  LLLLSSSSSSS--LSS
   113      1   -28.3128872807   0.000000000001       0.0000  LLLPSSSSSSSPSLSS
   114      1   -30.2990076836   0.000000000000       0.0000  LLLPWWRRRRRRLPPP
   115      1   -11.1183797008   0.000014837101       0.0043  LMMMIIIIIII--MMM
   116      1   -17.2633379581   0.000000031815       0.0000  LPPPATTTTTT--PPP
   117      1   -15.6520289608   0.000000159371       0.0000  LQQPLLLLLLL-LPPP
   118      1   -16.8794320659   0.000000046704       0.0000  LSSPPPPPPPP--SPP
   119      1   -26.0690260798   0.000000000005       0.0000  LSSQLQLLLLL--LQQ
   120      1    -8.8905748167   0.000137680494       0.0399  MMMMLLLLLLLMMMMM
   121      1    -5.7133569640   0.003301570667       0.9575  MMMMMMMMMMM--MMM
   122      1    -6.0670626849   0.002317971834       0.6722  MMMMMMMMMMMMMMMM
   123      1   -16.0283373480   0.000000109391       0.0000  MMMMVMVVVVVMMMMM
   124      1   -12.2698030996   0.000004691289       0.0014  NSSNNNNNNNNNNNSS
   125      1   -15.2164718544   0.000000246360       0.0001  PAAPPPPPPPP--HHH
   126      1   -15.3064591277   0.000000225159       0.0001  PGPSPPPPPPP--SSS
   127      1   -32.7336205566   0.000000000000       0.0000  PLLPRRRHHHHALLLL
   128      1   -12.7783168595   0.000002821289       0.0008  PLLSPPPPPPPPPPPP
   129      1    -7.6420858854   0.000479826544       0.1391  PPPAPPPPPPP--PPP
   130      1   -10.5277984757   0.000026781520       0.0078  PPPPPPPPPPPPPPPL
   131      1    -4.0611016373   0.017230027415       4.9967  PPPPPPPPPPPPPPPP
   132      1   -12.8417905604   0.000002647776       0.0008  PPPPPPPPPPPSPSPP
   133      1    -8.5254899293   0.000198347517       0.0575  PPPTPPPPPPP--PPP
   134      1   -10.0885945160   0.000041550770       0.0120  PQPPPPPPPPPPPPPP
   135      1   -44.2615263050   0.000000000000       0.0000  PQQPHAPPPPPLHPHY
   136      1   -14.7871021453   0.000000378480       0.0001  PQQQQQQQQQQGQQQQ
   137      1   -20.5824921981   0.000000001151       0.0000  PRRLPPPPPPPLLP--
   138      1    -8.7524893253   0.000158067354       0.0458  PSPPPPPPPPP--PPP
   139      1    -8.6311698212   0.000178455762       0.0518  PTTPPPPPPPPPPPPP
   140      1    -8.8683178267   0.000140779204       0.0408  PTTTTTTTTTTTTTTT
   141      1   -13.3933699314   0.000001525223       0.0004  Q--QKKKKKKKPQQQQ
   142      1    -8.1745633868   0.000281729438       0.0817  QEEQQQQQQQQQQQQQ
   143      1   -17.6321113834   0.000000022002       0.0000  QGGQQQQQQQQQQQRQ
   144      1   -26.0297194253   0.000000000005       0.0000  QHHWQQQQQQQQCWWW
   145      1    -7.6425858519   0.000479586707       0.1391  QKKKKKKKKKKKKKKK
   146      1   -19.9954648831   0.000000002071       0.0000  QKQRKKKKKKKKKKRR
   147      1   -14.6590296538   0.000000430194       0.0001  QLLQQQQQQQQQPQ--
   148      1   -17.7010457275   0.000000020537       0.0000  QQQE-QQQQQQRQQQS
   149      1   -10.1785968799   0.000037974454       0.0110  QQQPQQQQQQQQQQQQ
   150      1    -8.3400832659   0.000238752462       0.0692  QQQQEEEEEEE--QQQ
   151      7    -5.5172050248   0.004017059849       1.1649  QQQQQQQQQQQQQQQQ
   152      1   -10.0941398446   0.000041320995       0.0120  QQQRQQQQQQQ-RRRR
   153      1   -21.2292412909   0.000000000603       0.0000  QSSPHHHHHHHHHQ--
   154      1   -32.0460612622   0.000000000000       0.0000  QTINHHHHHHHQINNN
   155      1   -20.0879469687   0.000000001888       0.0000  QTTSTTTTTTTTATAA
   156      1   -18.2725390432   0.000000011597       0.0000  R--CSSSSSSSCCACC
   157      1    -7.9335616648   0.000358507254       0.1040  RGGGGGGGGGG--GGG
   158      1   -20.0382918354   0.000000001984       0.0000  RGGGSSSRSSS--GGG
   159      1   -14.9575660532   0.000000319162       0.0001  RRLLLLLLLLLLLLLL
   160      2    -4.4267315391   0.011953495426       3.4665  RRRRRRRRRRR--RRR
   161      6    -4.6864806431   0.009219074343       2.6735  RRRRRRRRRRRRRRRR
   162      1   -12.0747035321   0.000005701943       0.0017  S--RSSSSSSSTSSSS
   163      1    -6.8573929115   0.001051652112       0.3050  SGGGGGGGGGGGGGGG
   164      1   -15.2842502951   0.000000230215       0.0001  SGGSGGGGGGGGAGGG
   165      1    -8.4132908072   0.000221898429       0.0644  SGGSSSSSSSSSSSSS
   166      1   -17.7759834326   0.000000019054       0.0000  SHHGQQQQQQQQQQQQ
   167      1   -11.6958614553   0.000008328215       0.0024  SPPPPPPPPPP-PS--
   168      1    -8.8545935964   0.000142724609       0.0414  SPPSSSSSSSSSSSSS
   169      1   -18.6099896211   0.000000008275       0.0000  SPSLTSSSSSSSSS--
   170      1   -19.9562761024   0.000000002153       0.0000  SSSGNIIIIII-SSSS
   171      1   -21.8749097049   0.000000000316       0.0000  SSSGRSCCCCC--GGG
   172      1    -9.0356302218   0.000119090098       0.0345  SSSPSSSSSSSSSSSS
   173      1   -10.6522672689   0.000023647166       0.0069  SSSSFFFFFFFSSSSS
   174      1    -4.7300979651   0.008825606396       2.5594  SSSSSSSSSSSSSS--
   175      7    -4.8869568203   0.007544346378       2.1879  SSSSSSSSSSSSSSSS
   176      1    -8.2238375600   0.000268183916       0.0778  SSSSTTTTTTTSSSSS
   177      1   -22.6690067872   0.000000000143       0.0000  STTKKKKKKKKSTNNN
   178      1   -23.9416835441   0.000000000040       0.0000  TEETHRRRRRRRRR--
   179      1   -16.3868725053   0.000000076431       0.0000  TKKEEEEEEEEEEKEE
   180      1    -8.3940950631   0.000226199080       0.0656  TNNTTTTTTTT--TTT
   181      1   -35.3903419754   0.000000000000       0.0000  TTTC-IIIIIILRSSI
   182      1   -26.4524472509   0.000000000003       0.0000  TTTTAAAVAAAMTLTT
   183      2    -4.6460005249   0.009599919894       2.7840  TTTTTTTTTTTTTTTT
   184      1   -30.5872751663   0.000000000000       0.0000  TVLATAAAAAA-VTSS
   185      1   -15.3009898582   0.000000226394       0.0001  V--AAAAAAAAVAAVV
   186      1   -12.1021306598   0.000005547680       0.0016  VAAAAAAAAAAAPA--
   187      1    -9.1314441870   0.000108209198       0.0314  VEEV-VVVVVVVVVVV
   188      1    -6.7081029402   0.001220978198       0.3541  VIIIIIIIIIIIIIII
   189      1   -10.3615440877   0.000031625586       0.0092  VIIILIIIIIIIIIII
   190      1   -19.1812737891   0.000000004674       0.0000  VSSTAAAAAAAAAPAA
   191      1    -7.9863735182   0.000340065090       0.0986  VTTTTTTTTTTTTTTT
   192      1   -28.3506752581   0.000000000000       0.0000  VVVPPVVVVVVQQLQQ
   193      1   -14.4794835867   0.000000514802       0.0001  VVVVIIIIIIIILIII
   194      1    -8.1941245212   0.000276272041       0.0801  VVVVLLLLLLLVVVVV
   195      1   -11.0335155885   0.000016151210       0.0047  VVVVVVLVVVVVVVVV
   196      7    -4.3669991980   0.012689261454       3.6799  VVVVVVVVVVVVVVVV
   197      1    -4.2415067188   0.014385900000       4.1719  W---------------
   198      1   -17.3571742559   0.000000028965       0.0000  WQQQQQQQQQQQPQQQ
   199      2    -4.8707992904   0.007667234491       2.2235  WWWWWWWWWWW--WWW
   200      2    -4.9959730663   0.006765134970       1.9619  WWWWWWWWWWWWWWWW
   201      1    -3.4003732748   0.033360814883       9.6746  XLLLLLLLLLLLLLLL
   202      1   -20.9826286650   0.000000000772       0.0000  YSCYYYYYYYYYYHHH
   203      1    -4.3161394249   0.013351327980       3.8719  YYYYYYYYYYY--YYY
   204      1   -15.4291564635   0.000000199160       0.0001  YYYYYYYYYYYHCYYY
   205      1    -4.5098418514   0.011000199705       3.1901  YYYYYYYYYYYYYYYY