

TREE # 1

  0  0.0000   2962.828285  x:  0.00000   0.07601   0.02272   0.01429   0.01280   0.01309   0.00828   0.00630   0.01075   0.00632   0.01201   0.01339   0.08969   0.07165   0.18491   0.12736   0.05171   0.02894   0.01298   0.02851   0.02329   0.07154   0.01289   0.02913   0.06011   0.12006   0.13318   0.06490   0.10930  
  1 99.0000   2947.124124  x:  0.00804   0.07953   0.02063   0.01235   0.01036   0.00686   0.00492   0.00000   0.00445   0.00007   0.00978   0.01076   0.08527   0.07232   0.18801   0.13047   0.05299   0.02860   0.02253   0.03181   0.02481   0.07158   0.00968   0.03127   0.06092   0.12285   0.13004   0.06664   0.11053  
  2 875.5113   2947.041061  x:  0.00802   0.07955   0.02060   0.01234   0.01035   0.00680   0.00492   0.00000   0.00439   0.00000   0.00978   0.01075   0.08523   0.07233   0.18804   0.13050   0.05300   0.02860   0.02253   0.03182   0.02481   0.07158   0.00966   0.03129   0.06092   0.12288   0.13001   0.06665   0.11054  
  3 1075.0463   2943.561152  x:  0.00813   0.08054   0.01994   0.01285   0.01108   0.00246   0.00457   0.00000   0.00000   0.00000   0.01039   0.01150   0.08260   0.07269   0.18950   0.13178   0.05335   0.02840   0.02231   0.03189   0.02474   0.07153   0.00991   0.03131   0.06122   0.12404   0.12790   0.06726   0.11115  
  4 2273.7064   2942.453215  x:  0.00838   0.08076   0.01995   0.01309   0.01105   0.00000   0.00519   0.00000   0.00000   0.00000   0.01026   0.01155   0.08130   0.07279   0.19010   0.13220   0.05337   0.02834   0.02226   0.03181   0.02463   0.07151   0.01030   0.03110   0.06125   0.12440   0.12677   0.06742   0.11138  
  5 2117.2745   2937.966068  x:  0.00889   0.07945   0.02423   0.01512   0.00615   0.00000   0.00110   0.00000   0.00000   0.00000   0.00489   0.00768   0.05864   0.07339   0.19830   0.13579   0.05147   0.02831   0.01965   0.02829   0.02227   0.07101   0.01749   0.02576   0.06050   0.12705   0.10503   0.06767   0.11393  
  6 705.1188   2934.746660  x:  0.00676   0.07284   0.03085   0.01168   0.00566   0.00000   0.00111   0.00000   0.00000   0.00000   0.01178   0.00308   0.03614   0.07248   0.20371   0.13514   0.04805   0.02966   0.02300   0.02668   0.02240   0.07042   0.01869   0.02443   0.05877   0.12574   0.08023   0.06557   0.11504  
  7 567.1915   2933.152618  x:  0.00479   0.06806   0.03495   0.00900   0.00518   0.00000   0.00125   0.00000   0.00000   0.00000   0.01149   0.00711   0.02361   0.07163   0.20628   0.13383   0.04601   0.03071   0.02569   0.02640   0.02314   0.07007   0.01730   0.02504   0.05771   0.12412   0.06459   0.06399   0.11541  
  8 993.9298   2932.219316  x:  0.00408   0.06516   0.03756   0.01196   0.01011   0.00000   0.00135   0.00000   0.00000   0.00000   0.00832   0.00598   0.01907   0.07080   0.20777   0.13226   0.04538   0.03142   0.02649   0.02720   0.02415   0.06989   0.01444   0.02729   0.05727   0.12245   0.05139   0.06313   0.11560  
  9 323.4901   2931.087556  x:  0.00551   0.06390   0.04018   0.01730   0.00694   0.00000   0.00140   0.00000   0.00000   0.00000   0.00984   0.00655   0.02128   0.06983   0.21016   0.13040   0.04607   0.03187   0.02455   0.02860   0.02505   0.06972   0.01025   0.02972   0.05750   0.12051   0.03081   0.06333   0.11623  
 10 224.7628   2930.817754  x:  0.00611   0.06492   0.04067   0.01366   0.00837   0.00000   0.00140   0.00000   0.00000   0.00000   0.00940   0.00645   0.02395   0.06965   0.21098   0.12976   0.04670   0.03162   0.02370   0.02870   0.02471   0.06959   0.01056   0.02826   0.05824   0.11993   0.02396   0.06474   0.11679  
 11 92.3656   2930.765929  x:  0.00468   0.06548   0.04076   0.01396   0.00822   0.00000   0.00136   0.00000   0.00000   0.00000   0.00934   0.00645   0.02433   0.06954   0.21105   0.12872   0.04684   0.03129   0.02513   0.02894   0.02489   0.06938   0.01214   0.02864   0.05918   0.11907   0.02303   0.06707   0.11762  
 12 18.0556   2930.676493  x:  0.00561   0.06665   0.04101   0.01402   0.00814   0.00000   0.00138   0.00000   0.00000   0.00000   0.00946   0.00641   0.02289   0.06906   0.21092   0.12614   0.04703   0.03085   0.02410   0.02851   0.02488   0.06911   0.01089   0.02858   0.06005   0.11669   0.02324   0.07126   0.11960  
 13 14.2285   2929.559558  x:  0.00407   0.06583   0.03517   0.01584   0.00843   0.00000   0.00142   0.00000   0.00000   0.00000   0.00972   0.00678   0.02342   0.07110   0.21700   0.12570   0.04801   0.03510   0.02656   0.03276   0.02231   0.06810   0.00753   0.02169   0.05457   0.11758   0.02326   0.07186   0.13787  
 14  6.3228   2926.929326  x:  0.00769   0.06534   0.02220   0.01205   0.00843   0.00000   0.00118   0.00000   0.00000   0.00000   0.00954   0.00633   0.02401   0.07516   0.23134   0.12733   0.04821   0.04035   0.02374   0.03529   0.02132   0.06749   0.01191   0.03389   0.04609   0.12156   0.02268   0.06823   0.17706  
 15 166.7193   2922.164840  x:  0.00866   0.07167   0.01262   0.01257   0.00892   0.00000   0.00106   0.00000   0.00000   0.00000   0.01003   0.00662   0.02362   0.07842   0.24990   0.14105   0.04436   0.02865   0.02651   0.02430   0.03894   0.07155   0.00581   0.03311   0.07102   0.13494   0.02081   0.05701   0.21316  
 16 114.9382   2918.126098  x:  0.00639   0.07845   0.01867   0.01222   0.00886   0.00000   0.00093   0.00000   0.00000   0.00000   0.01061   0.00660   0.02004   0.07919   0.25679   0.15549   0.05725   0.02390   0.02776   0.02994   0.02854   0.06970   0.00088   0.03683   0.07761   0.14680   0.01979   0.06150   0.20860  
 17 92.8011   2915.919588  x:  0.00699   0.08213   0.00975   0.01188   0.00797   0.00000   0.00075   0.00000   0.00000   0.00000   0.01088   0.00615   0.01389   0.07633   0.25792   0.16313   0.06879   0.02515   0.02424   0.04392   0.03315   0.06889   0.00332   0.03524   0.08078   0.15186   0.01743   0.06548   0.19566  
 18 195.0063   2914.811582  x:  0.00675   0.08473   0.00223   0.01239   0.00802   0.00000   0.00074   0.00000   0.00000   0.00000   0.01093   0.00622   0.01379   0.07730   0.26220   0.16745   0.06325   0.02759   0.02510   0.04143   0.03602   0.06778   0.00251   0.03470   0.07390   0.15416   0.01561   0.07323   0.18369  
 19 104.7301   2914.183799  x:  0.00574   0.08917   0.00549   0.01210   0.00812   0.00000   0.00068   0.00000   0.00000   0.00000   0.01091   0.00624   0.01434   0.08127   0.26830   0.17146   0.05837   0.03206   0.02367   0.04387   0.04524   0.06755   0.00223   0.03415   0.06695   0.15656   0.01588   0.07982   0.17625  
 20 133.1201   2914.037538  x:  0.00495   0.09084   0.00505   0.01193   0.00815   0.00000   0.00067   0.00000   0.00000   0.00000   0.01090   0.00624   0.01457   0.08362   0.27812   0.16950   0.05793   0.02929   0.02355   0.04638   0.04470   0.07212   0.00225   0.03405   0.06596   0.15213   0.01715   0.07832   0.17224  
 21 19.3346   2913.971100  x:  0.00483   0.09101   0.00499   0.01186   0.00821   0.00000   0.00069   0.00000   0.00000   0.00000   0.01088   0.00627   0.01495   0.08301   0.28415   0.16860   0.05967   0.03242   0.02382   0.04525   0.04467   0.07129   0.00224   0.03419   0.06753   0.15038   0.01812   0.07755   0.17032  
 22 17.1526   2913.878990  x:  0.00496   0.08989   0.00517   0.01169   0.00826   0.00000   0.00073   0.00000   0.00000   0.00000   0.01084   0.00628   0.01549   0.08048   0.28915   0.16769   0.05904   0.03023   0.02343   0.04648   0.04489   0.06588   0.00228   0.03416   0.06782   0.15123   0.01903   0.07750   0.16934  
 23  8.8806   2911.848529  x:  0.00358   0.09528   0.00753   0.01204   0.00777   0.00000   0.00209   0.00000   0.00000   0.00000   0.00994   0.00609   0.01565   0.07784   0.30037   0.15256   0.06055   0.02911   0.02698   0.04045   0.03794   0.07715   0.00326   0.03529   0.06609   0.18802   0.01831   0.08553   0.16292  
 24  3.6726   2909.520618  x:  0.00270   0.10331   0.00726   0.01258   0.00723   0.00000   0.00349   0.00000   0.00000   0.00000   0.00902   0.00588   0.01537   0.09603   0.29833   0.18751   0.05483   0.02912   0.02993   0.03896   0.02686   0.06863   0.00481   0.03733   0.07062   0.17107   0.01554   0.09069   0.16166  
 25 32.7032   2909.272493  x:  0.00209   0.10137   0.00826   0.01254   0.00728   0.00000   0.00363   0.00000   0.00000   0.00000   0.00889   0.00590   0.01609   0.09083   0.29947   0.19612   0.05997   0.02588   0.03100   0.03543   0.02930   0.07160   0.00498   0.03708   0.06618   0.16741   0.01568   0.09352   0.16298  
 26 35.4552   2909.245327  x:  0.00200   0.10130   0.00858   0.01246   0.00729   0.00000   0.00364   0.00000   0.00000   0.00000   0.00887   0.00590   0.01631   0.08778   0.29984   0.19802   0.05830   0.02665   0.03077   0.03639   0.02859   0.07324   0.00495   0.03721   0.06672   0.16706   0.01583   0.09421   0.16337  
 27 12.5291   2909.239143  x:  0.00167   0.10302   0.00868   0.01253   0.00727   0.00000   0.00363   0.00000   0.00000   0.00000   0.00888   0.00590   0.01617   0.08683   0.29953   0.19782   0.05821   0.02666   0.03098   0.03624   0.02856   0.07297   0.00496   0.03721   0.06618   0.16676   0.01577   0.09341   0.16339  
 28  1.3932   2907.837594  x:  0.00405   0.11428   0.00767   0.01306   0.00942   0.00000   0.00287   0.00000   0.00000   0.00000   0.00989   0.00762   0.02372   0.08721   0.29182   0.19752   0.06406   0.02274   0.03550   0.03708   0.02338   0.06926   0.00592   0.03926   0.07009   0.18252   0.02356   0.09659   0.15501  
 29  0.2050   2907.305286  x:  0.00713   0.11900   0.00600   0.01231   0.00841   0.00000   0.00358   0.00000   0.00000   0.00000   0.00762   0.00746   0.02478   0.08844   0.28689   0.20112   0.06661   0.02365   0.03587   0.04388   0.03092   0.06831   0.00538   0.03945   0.07211   0.17926   0.02246   0.09629   0.15181  
 30  0.0304   2906.984619  x:  0.01032   0.11770   0.00663   0.01258   0.00764   0.00000   0.00346   0.00000   0.00000   0.00000   0.00707   0.00774   0.02336   0.08484   0.30163   0.20135   0.06752   0.02282   0.03942   0.04094   0.02901   0.06684   0.00513   0.04013   0.07466   0.18143   0.01815   0.09907   0.14422  
 31  0.0308   2906.834783  x:  0.01352   0.11724   0.00583   0.01208   0.00767   0.00000   0.00362   0.00000   0.00000   0.00000   0.00805   0.00796   0.02230   0.08633   0.29795   0.20068   0.06653   0.02314   0.04310   0.03835   0.02858   0.06769   0.00471   0.04095   0.07598   0.18066   0.01916   0.09944   0.15272  
 32  0.0084   2906.810625  x:  0.01427   0.11697   0.00557   0.01239   0.00770   0.00000   0.00372   0.00000   0.00000   0.00000   0.00756   0.00784   0.02259   0.08677   0.29525   0.19902   0.06624   0.02280   0.04470   0.03892   0.02840   0.06788   0.00443   0.04102   0.07512   0.17985   0.01874   0.09896   0.15093  
 33  0.0033   2906.806847  x:  0.01410   0.11673   0.00580   0.01237   0.00780   0.00000   0.00374   0.00000   0.00000   0.00000   0.00781   0.00780   0.02273   0.08622   0.29599   0.19884   0.06627   0.02310   0.04524   0.03901   0.02854   0.06769   0.00435   0.04094   0.07479   0.17999   0.01871   0.09891   0.15034  
 34  0.0011   2906.805809  x:  0.01389   0.11652   0.00592   0.01228   0.00777   0.00000   0.00379   0.00000   0.00000   0.00000   0.00772   0.00774   0.02278   0.08617   0.29633   0.19889   0.06638   0.02300   0.04548   0.03900   0.02842   0.06765   0.00431   0.04088   0.07484   0.18012   0.01886   0.09882   0.15088  
 35  0.0007   2906.805548  x:  0.01380   0.11649   0.00589   0.01237   0.00775   0.00000   0.00382   0.00000   0.00000   0.00000   0.00776   0.00774   0.02280   0.08639   0.29630   0.19896   0.06639   0.02299   0.04548   0.03898   0.02839   0.06771   0.00430   0.04082   0.07490   0.18017   0.01883   0.09881   0.15089  
 36  0.0002   2906.805446  x:  0.01375   0.11658   0.00586   0.01232   0.00777   0.00000   0.00384   0.00000   0.00000   0.00000   0.00775   0.00775   0.02280   0.08636   0.29623   0.19899   0.06635   0.02301   0.04548   0.03892   0.02840   0.06771   0.00429   0.04081   0.07491   0.18022   0.01883   0.09883   0.15074  
 37  0.0001   2906.805419  x:  0.01374   0.11661   0.00587   0.01234   0.00777   0.00000   0.00385   0.00000   0.00000   0.00000   0.00775   0.00776   0.02278   0.08628   0.29628   0.19895   0.06636   0.02298   0.04546   0.03893   0.02841   0.06769   0.00429   0.04083   0.07492   0.18021   0.01883   0.09882   0.15079  
 38  0.0001   2906.805410  x:  0.01376   0.11659   0.00587   0.01234   0.00777   0.00000   0.00386   0.00000   0.00000   0.00000   0.00775   0.00776   0.02279   0.08631   0.29629   0.19889   0.06637   0.02300   0.04545   0.03893   0.02840   0.06769   0.00429   0.04084   0.07491   0.18021   0.01883   0.09883   0.15080  
 39  0.0000   2906.805408  x:  0.01376   0.11657   0.00587   0.01233   0.00777   0.00000   0.00386   0.00000   0.00000   0.00000   0.00775   0.00776   0.02279   0.08630   0.29628   0.19890   0.06636   0.02299   0.04545   0.03894   0.02840   0.06769   0.00429   0.04084   0.07490   0.18021   0.01883   0.09884   0.15078  
 40  0.0000   2906.805408  x:  0.01377   0.11657   0.00587   0.01234   0.00777   0.00000   0.00386   0.00000   0.00000   0.00000   0.00775   0.00776   0.02279   0.08630   0.29628   0.19890   0.06636   0.02299   0.04544   0.03893   0.02840   0.06769   0.00430   0.04084   0.07491   0.18022   0.01883   0.09883   0.15079  
 41  0.0000   2906.805408  x:  0.01377   0.11657   0.00587   0.01234   0.00777   0.00000   0.00386   0.00000   0.00000   0.00000   0.00775   0.00776   0.02279   0.08630   0.29628   0.19890   0.06636   0.02299   0.04545   0.03893   0.02840   0.06769   0.00430   0.04084   0.07491   0.18022   0.01883   0.09883   0.15079  
 42  0.0000   2906.805408  x:  0.01377   0.11657   0.00587   0.01234   0.00777   0.00000   0.00386   0.00000   0.00000   0.00000   0.00775   0.00776   0.02279   0.08630   0.29628   0.19890   0.06636   0.02299   0.04545   0.03893   0.02840   0.06769   0.00430   0.04084   0.07491   0.18022   0.01883   0.09883   0.15079  
 43  0.0000   2906.805408  x:  0.01377   0.11657   0.00587   0.01234   0.00777   0.00000   0.00386   0.00000   0.00000   0.00000   0.00775   0.00776   0.02279   0.08630   0.29628   0.19890   0.06636   0.02299   0.04545   0.03893   0.02840   0.06769   0.00430   0.04084   0.07491   0.18022   0.01883   0.09883   0.15079  
 44  0.0000   2906.805408  x:  0.01377   0.11657   0.00587   0.01234   0.00777   0.00000   0.00386   0.00000   0.00000   0.00000   0.00775   0.00776   0.02279   0.08630   0.29628   0.19890   0.06636   0.02299   0.04545   0.03893   0.02840   0.06769   0.00430   0.04084   0.07491   0.18022   0.01883   0.09883   0.15079  
 45  0.0000   2906.805408  x:  0.01377   0.11657   0.00587   0.01234   0.00777   0.00000   0.00386   0.00000   0.00000   0.00000   0.00775   0.00776   0.02279   0.08630   0.29628   0.19890   0.06636   0.02299   0.04545   0.03893   0.02840   0.06769   0.00430   0.04084   0.07491   0.18022   0.01883   0.09883   0.15079  
 46  0.0000   2906.805408  x:  0.01377   0.11657   0.00587   0.01234   0.00777   0.00000   0.00386   0.00000   0.00000   0.00000   0.00775   0.00776   0.02279   0.08630   0.29628   0.19890   0.06636   0.02299   0.04545   0.03893   0.02840   0.06769   0.00430   0.04084   0.07491   0.18022   0.01883   0.09883   0.15079  
 47  0.0000   2906.805408  x:  0.01377   0.11657   0.00587   0.01234   0.00777   0.00000   0.00386   0.00000   0.00000   0.00000   0.00775   0.00776   0.02279   0.08630   0.29628   0.19890   0.06636   0.02299   0.04545   0.03893   0.02840   0.06769   0.00430   0.04084   0.07491   0.18022   0.01883   0.09883   0.15079  
check convergence!
