     1   1550   1002


 1

     1      1    -2.6248247171   0.072452455599     112.3013  -------------GGG
     2      1    -6.9387193766   0.000969510380       1.5027  -------------ILI
     3      1    -3.6464691468   0.026083061844      40.4287  -------------NNN
     4      1    -2.6594620615   0.069985859707     108.4781  -----------L--LL
     5      1    -3.2419039485   0.039089400000      60.5886  -----------N----
     6      1    -2.6661710056   0.069517900000     107.7527  -----------S----
     7      1    -2.4461333444   0.086627900000     134.2732  -------A--------
     8      1    -3.2588674351   0.038431900000      59.5694  -------F--------
     9      1    -4.2415067188   0.014385900000      22.2981  -------W--------
    10      1    -0.0000001000   0.999999900000    1549.9998  -------X--------
    11      1    -3.0375794067   0.047950818561      74.3238  ----EEEEEEE-----
    12      1   -15.3964320858   0.000000205785       0.0003  ----NYYYYYY-MM--
    13      1   -16.6090201381   0.000000061206       0.0001  ----TPLPPPP-----
    14      1    -2.9756090403   0.051016353524      79.0753  ----TTTTTTT-----
    15      1    -7.5125752598   0.000546172739       0.8466  ---G--------KK--
    16      1   -17.6653123509   0.000000021284       0.0000  ---GWWWWWWWGLLGG
    17      1    -3.0268927578   0.048466000000      75.1223  ---I------------
    18      1    -2.7966732398   0.061012700000      94.5697  ---T------------
    19      1   -16.2407179671   0.000000088460       0.0001  --CPSPPPPPPPPPPP
    20      1   -15.1411540940   0.000000265632       0.0004  --EDEEEEEEEGDDEE
    21      1    -4.0961122647   0.016637230983      25.7877  --EEEEEEEEEEEEEE
    22      1    -9.0442886787   0.000118063413       0.1830  --EEEEEEEEEGEEEE
    23      1   -15.7733449268   0.000000141164       0.0002  --GEGGGGGGGE--VE
    24      1   -16.5322358723   0.000000066091       0.0001  --IMMMMMMMMVVVVV
    25      1    -3.9186096301   0.019868700392      30.7965  --KKKKKKKKKKKKKK
    26      1    -9.7246922059   0.000059788800       0.0927  --NNNNNNNNNNSN-N
    27      1   -16.3744960799   0.000000077383       0.0001  --NRNNNNNNNDDDNN
    28      1   -18.5590632121   0.000000008708       0.0000  --PHTAAAAAAPPPPP
    29      1    -3.7014920426   0.024686665421      38.2643  --PPPPPPPPPPPPPP
    30      1   -13.7511411954   0.000001066486       0.0017  --RRQRRRRRRRRRRQ
    31      1    -7.4947366168   0.000556003140       0.8618  --RRRRRRRRRRKKRR
    32      1    -9.3376358318   0.000088047349       0.1365  --SSPSSSSSSSSSSS
    33      1    -8.6252970133   0.000179506882       0.2782  --SSSSSSSSSPSSSS
    34      3    -4.0746016892   0.016998984208      26.3484  --SSSSSSSSSSSSSS
    35      1   -20.8592203089   0.000000000873       0.0000  --STTTAAAAAAAATT
    36      1   -16.1287476962   0.000000098940       0.0002  --VTIIIVVVVIIIII
    37      1   -21.5079695055   0.000000000456       0.0000  --VVDVVVVVVVDDVA
    38      1   -14.4145960776   0.000000549314       0.0009  --VVLVAAAAAV--V-
    39      1   -16.4671978136   0.000000070532       0.0001  -DDDNNNNNNNDYDDD
    40      1    -7.1528393063   0.000782638772       1.2131  -DGGGGGGGGGGGGGG
    41      1    -8.8333379938   0.000145790778       0.2260  -KKKNNNNNNNKKKKK
    42      1   -14.9053973781   0.000000336255       0.0005  -NNNNDNNNNNNNNNH
    43      1   -17.2601395443   0.000000031917       0.0000  -QEQQKKKKKKQQQQK
    44      1   -20.1540711029   0.000000001767       0.0000  -RGGEGGGGGGVGGGG
    45      1   -12.2764338138   0.000004660286       0.0072  -RKRRRRRRRRGRRRR
    46      1   -20.4636492342   0.000000001296       0.0000  -SNTNNNDDDDSNNNN
    47      1   -14.2869778763   0.000000624086       0.0010  -VLLLPPPPPPLLLLL
    48      1   -16.7703858731   0.000000052085       0.0001  A-KDKKKKKKKKKKEK
    49      1    -3.6562500526   0.025829189449      40.0352  AA--AAAAAAAAAAAA
    50      9    -3.8300404453   0.021708737596      33.6485  AA-AAAAAAAAAAAAA
    51      1    -8.7806657789   0.000153675737       0.2382  AA-AAAAAAAAAAAEA
    52      1   -11.5416143873   0.000009717187       0.0151  AA-ASSSSSSSVAAAA
    53      1   -23.7866399801   0.000000000047       0.0000  AA-LFYFFFFF-LLSL
    54      1   -11.8662205821   0.000007023699       0.0109  AA-TIIIIIIITTTTT
    55      6    -4.0091842675   0.018148193271      28.1297  AAAAAAAAAAAAAAAA
    56      1    -7.4827558992   0.000562704520       0.8722  AAAAAAAAAAASAAAA
    57      1    -8.0367010792   0.000323373978       0.5012  AAAAAAAAAAATAAAA
    58      1   -16.2038397530   0.000000091783       0.0001  AAAAVAAPPAAAAAAA
    59      1    -7.8651720006   0.000383883284       0.5950  AAAGAAAAAAAAAAAA
    60      1   -13.3499596333   0.000001592892       0.0025  AAAVAVAAAAAAAAAA
    61      1   -13.4922281859   0.000001381655       0.0021  AADHDDDDDDDDDDDD
    62      2    -7.6490247922   0.000476508597       0.7386  AAEEEEEEEEEEEEEE
    63      1   -17.7465203772   0.000000019624       0.0000  AAEEKKKKKKKE--ER
    64      1   -23.9435237486   0.000000000040       0.0000  AAGGSSSSSSSVSGGG
    65      1   -15.2541745392   0.000000237245       0.0004  AAIISSSSSSSIIIII
    66      1   -31.7714030650   0.000000000000       0.0000  AAIVVRRRRRRIVMIV
    67      1   -20.1758346330   0.000000001729       0.0000  AALSSSLLLLLSSSSS
    68      1   -12.9506381084   0.000002374703       0.0037  AAMVMMMMMMMMMMMM
    69      1   -10.1576812144   0.000038777080       0.0601  AASTTTTTTTTTTTTT
    70      1    -7.7612897076   0.000425906931       0.6602  AATAAAAAAAAAAAAA
    71      1   -17.8112835372   0.000000018393       0.0000  AATIIIIIIIIIIVII
    72      1   -15.5257211548   0.000000180828       0.0003  AATITTTTTTTTAATT
    73      1   -20.4615653379   0.000000001299       0.0000  AATSIMMMMMMSSSSS
    74      1   -19.9630598815   0.000000002139       0.0000  AATTITTTTTTATTTS
    75      1   -18.2847893094   0.000000011456       0.0000  AATTTAAAAAATATTT
    76      1   -17.7036014680   0.000000020484       0.0000  AATTTTTTTTTKTTTM
    77      1   -10.4390574675   0.000029266780       0.0454  AAVVIIIIIIIVVVVV
    78      1   -15.1964894736   0.000000251332       0.0004  AAVVVVVVVVVVLIVV
    79      1    -7.0942242627   0.000829884301       1.2863  AAVVVVVVVVVVVVVV
    80      1   -15.2178147794   0.000000246029       0.0004  ADAAASSSSSSAAAAA
    81      1    -8.6164817648   0.000181096275       0.2807  AT-AAAAAAAAAAAAA
    82      1    -8.6739385732   0.000170984342       0.2650  AT-TTTTTTTTTTTTT
    83      1   -19.6864590654   0.000000002820       0.0000  ATAASAAVVVVAAAAA
    84      1   -29.3642041922   0.000000000000       0.0000  ATT-IKIKKII-----
    85      1    -8.8595790723   0.000142014830       0.2201  ATTTTTTTTTTTTTTT
    86      1   -12.7733109397   0.000002835447       0.0044  AVVVAAAAAAAVVVVV
    87      9    -4.5571600593   0.010491812800      16.2623  CC-CCCCCCCCCCCCC
    88      1   -11.0838259008   0.000015358739       0.0238  CC-CCCCCCCCCCCYC
    89      1    -8.9252519228   0.000132987965       0.2061  CC-SSSSSSSSSSSSS
    90      1   -35.5412925175   0.000000000000       0.0000  CCC-HRHCCCS-----
    91      2    -4.6362507108   0.009693975094      15.0257  CCCCCCCCCCCCCCCC
    92      1   -11.9644836692   0.000006366354       0.0099  CCCCCGCCCCCCCCCC
    93      1   -10.9739026931   0.000017143308       0.0266  CCCCGCCCCCCCCCCC
    94      1   -17.8080979313   0.000000018452       0.0000  CCCCYCCCCCCCCCYC
    95      1   -11.4605549456   0.000010537661       0.0163  CCCHCCCCCCCCCCCC
    96      1   -30.3758500084   0.000000000000       0.0000  CCCSFCCCCCCSCGSS
    97      1   -19.3230993687   0.000000004056       0.0000  CCI-LLLLLLLHLLLL
    98      1   -16.4526639719   0.000000071565       0.0001  CCN-RNNNNNN-----
    99      1   -22.9824727995   0.000000000104       0.0000  CCNRHHHHHHHQHHHH
   100      1   -26.9954350712   0.000000000002       0.0000  CCRLWWWWWWWWWWQW
   101      2    -8.7623703588   0.000156513176       0.2426  CCSCCCCCCCCCCCCC
   102      1   -14.0885292247   0.000000761079       0.0012  CCYYFYYYYYYYYYYY
   103      1    -9.9985107900   0.000045467590       0.0705  CCYYYYYYYYYYYYYY
   104      1   -21.7174833984   0.000000000370       0.0000  CFLFFFLLLLLFFFFF
   105      1   -25.2708401516   0.000000000011       0.0000  CIFVLFFFFFFFFFFF
   106      1   -19.6742823743   0.000000002855       0.0000  CSNSSSSSSSSSRRSS
   107      1   -12.0204091450   0.000006020085       0.0093  CWCCCCCCCCCCCCCC
   108      1   -21.3347241407   0.000000000543       0.0000  CYDDDDDDDDDGDDDD
   109      3    -3.9320081338   0.019604265011      30.3866  DD--DDDDDDDDDDDD
   110     20    -4.0852640966   0.016818696969      26.0690  DD-DDDDDDDDDDDDD
   111      1    -9.2554225278   0.000095591894       0.1482  DD-DDDDDDDDDDDGD
   112      1    -8.2291161327   0.000266772017       0.4135  DD-DDDDDDDDDDDND
   113      1   -10.6075821040   0.000024727808       0.0383  DD-DDDDDDNDDDDDD
   114      1   -12.5649408666   0.000003492332       0.0054  DD-DNNNNNNNGDDDD
   115      1    -8.4139014035   0.000221762980       0.3437  DD-GDDDDDDDDDDDD
   116      1    -3.6488880809   0.026020044884      40.3311  DDD-DDDDDDD-----
   117     18    -4.2432591450   0.014360711847      22.2591  DDDDDDDDDDDDDDDD
   118      1    -9.3970702685   0.000082966780       0.1286  DDDDDDDDDDDDDDDG
   119      1   -10.7874336247   0.000020657469       0.0320  DDDDDDDDDDDDGGDG
   120      1    -7.3078728519   0.000670241239       1.0389  DDDDDDDDDDDEDDDD
   121      2    -8.8228395105   0.000147329422       0.2284  DDDDDDDDDDDGDDDD
   122      1    -9.5599712284   0.000070494827       0.1093  DDDDDDDDDDDKDDDD
   123      1   -15.7702646888   0.000000141599       0.0002  DDDDDDDDDDDVDDGD
   124      1    -7.9681124683   0.000346332082       0.5368  DDDDEDDDDDDDDDDD
   125      1   -10.6813861219   0.000022968517       0.0356  DDDDHDDDDDDDDDDD
   126      1   -13.8570169660   0.000000959343       0.0015  DDDDNHHHHHHDDDDD
   127      1    -9.2156719780   0.000099468258       0.1542  DDDDSSSSSSSDDDDD
   128      1   -24.6582851201   0.000000000020       0.0000  DDDDVAAAAAAEDDEN
   129      1   -10.6742483376   0.000023133047       0.0359  DDDEDDDDDDDDDDDE
   130      1   -13.7257032381   0.000001093963       0.0017  DDDGDDDDDDDDDDDG
   131      1    -7.6129874403   0.000493993875       0.7657  DDDNDDDDDDDDDDDD
   132      1   -13.5590802981   0.000001292309       0.0020  DDDNDDDDDDDDDDDK
   133      1   -16.7415049521   0.000000053611       0.0001  DDDYDDDDDDDYDDDD
   134      1   -25.3869058213   0.000000000009       0.0000  DDEDDEEEEEEDYYVD
   135      3    -6.7607273708   0.001158386291       1.7955  DDEEEEEEEEEEEEEE
   136      1   -10.5769273343   0.000025497572       0.0395  DDEEEEEEEEEKEEEE
   137      1   -12.4442709710   0.000003940232       0.0061  DDEEEKKKKKKEEEEE
   138      1   -14.7080863105   0.000000409599       0.0006  DDEKEEEEEEEEEEEK
   139      1   -15.1238151953   0.000000270278       0.0004  DDGAEEEEEEEEEEEE
   140      1   -16.4064219026   0.000000074952       0.0001  DDGDEDDDDDDDDDND
   141      1    -7.4279639522   0.000594396500       0.9213  DDGGGGGGGGGGGGGG
   142      1   -25.1469173582   0.000000000012       0.0000  DDHNNNNNNNNHNNQH
   143      1   -21.6601064550   0.000000000392       0.0000  DDIKTIIIIIIIIIII
   144      1   -10.9070758073   0.000018328088       0.0284  DDKNNNNNNNNNNNNN
   145      1   -27.6879577427   0.000000000001       0.0000  DDLSILLLLLLLPPLP
   146      1   -34.1012482245   0.000000000000       0.0000  DDLVMMTTTTMVVVVV
   147      1   -16.5400395692   0.000000065577       0.0001  DDNIIIIIIIIIIIII
   148      1   -11.8792562153   0.000006932735       0.0107  DDNNKNNNNNNNNNNN
   149      1   -12.6410132493   0.000003236516       0.0050  DDNNNNNNNNNNNDNN
   150      1   -18.2051036193   0.000000012406       0.0000  DDNSTTTTTTTSNNNN
   151      1   -14.3675493658   0.000000575775       0.0009  DDYNYYYYYYYYYYYY
   152      1    -6.1368252490   0.002161775835       3.3508  DE--------------
   153      1   -12.9083939569   0.000002477170       0.0038  DEDDDDDDDDDDEE-E
   154      1   -11.0662124432   0.000015631656       0.0242  DEDDDDDDDDDEDDDD
   155      1   -14.7639338356   0.000000387351       0.0006  DEDDVVVVVVVDDDDD
   156      1    -7.5689868856   0.000516215169       0.8001  DEE-EEEEEEE-----
   157      1   -18.3373198024   0.000000010869       0.0000  DENDDDDDDDDDDDVD
   158      1   -16.6166284767   0.000000060742       0.0001  DHNDNNNNNNNDDDDD
   159      1   -17.3724093947   0.000000028527       0.0000  DNNNKKKKKKKNNNKN
   160      1   -12.5784456388   0.000003445486       0.0053  DNNNNNNNNNNNDDNN
   161      1   -22.4889668603   0.000000000171       0.0000  DNTNNNNNNNNHNSNN
   162      1    -8.9730670890   0.000126778754       0.1965  EA-AAAAAAAAAAAAA
   163      1   -16.6685737708   0.000000057667       0.0001  EAPPPPPPPPPPPPAP
   164      1    -7.6845538618   0.000459875912       0.7128  ED--DDDDDDDDDDDD
   165      1   -10.6698775947   0.000023234377       0.0360  ED--NNNNNNNNNNNN
   166      1   -11.0606399313   0.000015719007       0.0244  EDDDDDDDDDDEDDDD
   167      1   -12.2502777921   0.000004783788       0.0074  EDDDNDDDDDDDDDDD
   168      1   -14.4613383809   0.000000524228       0.0008  EDKKKKKKKKKRKKKK
   169      1   -17.1845418559   0.000000034423       0.0001  EDN-NNHHHHH-----
   170      1    -7.7766015231   0.000419435196       0.6501  EE--EEEEEEEEEEED
   171      2    -4.1821430384   0.015265757383      23.6619  EE--EEEEEEEEEEEE
   172      1    -6.3772771396   0.001699744829       2.6346  EE-DDDDDDDDDDDDD
   173      1   -11.0678329514   0.000015606346       0.0242  EE-DEEEEEEEEQQEE
   174      1   -13.2587687866   0.000001744978       0.0027  EE-EEEEDDDDDEEEE
   175      1    -7.4254607888   0.000595886236       0.9236  EE-EEEEEEEEDEEEE
   176      1    -7.9683485973   0.000346250313       0.5367  EE-EEEEEEEEEEEED
   177     22    -4.3738681434   0.012602398281      19.5337  EE-EEEEEEEEEEEEE
   178      1   -12.9324999963   0.000002418169       0.0037  EE-EEEEEEEEEEEQK
   179      1   -20.9736198479   0.000000000779       0.0000  EE-GRRRRRRRGEEGE
   180      1   -33.6016323670   0.000000000000       0.0000  EE-HHQHQQHQHQQQQ
   181      1    -7.9479642469   0.000353380829       0.5477  EE-KEEEEEEEEEEEE
   182      1   -17.8834899668   0.000000017112       0.0000  EEAAAPAAAAAVAAAA
   183      1    -8.2579381976   0.000259192845       0.4017  EEAEEEEEEEEEEEEE
   184      1    -6.5377214725   0.001447783558       2.2441  EEDDDDDDDDDDDDDD
   185      1   -12.0296425001   0.000005964755       0.0092  EEDDDDDDDDDDDNDD
   186      3    -3.8281574391   0.021749653793      33.7120  EEE-EEEEEEE-----
   187      1    -4.3797924350   0.012527958717      19.4183  EEE-EEEEEEEEEEEE
   188      1    -9.1135791992   0.000110159725       0.1707  EEEDEEEEEEEDDDDD
   189      1   -10.3012455386   0.000033591230       0.0521  EEEDEEEEEEEDEE-E
   190      1    -9.2325909358   0.000097799515       0.1516  EEEEAEEEEEEEEEEE
   191      1   -16.9145293147   0.000000045093       0.0001  EEEEAEEEEEEEKKDE
   192      1    -7.9173475867   0.000364367499       0.5648  EEEEDDDDDDDEEEEE
   193      1    -7.6231118896   0.000489017692       0.7580  EEEEEEEEEEEDEEEE
   194      1    -7.9087566622   0.000367511237       0.5696  EEEEEEEEEEEE--D-
   195     46    -4.5715174974   0.010342253461      16.0305  EEEEEEEEEEEEEEEE
   196      1   -14.6170728544   0.000000448628       0.0007  EEEEEEEEEEEEKEKE
   197      1    -8.4504280483   0.000213808875       0.3314  EEEEEEEEEEEEQQEE
   198      1    -8.2206797984   0.000269032115       0.4170  EEEEEEEEEEEK--EE
   199      1   -12.2472682583   0.000004798207       0.0074  EEEEEEGGGGGEEEEE
   200      1   -12.9017187529   0.000002493760       0.0039  EEEEKKKKKKKEEEQE
   201      1   -14.6548057650   0.000000432015       0.0007  EEEEKKKKKKKKKKKK
   202      1   -13.7810955776   0.000001035014       0.0016  EEEGEEEEEEEEEEEA
   203      1   -11.4914433564   0.000010217145       0.0158  EEEKDDDDDDDEEEEE
   204      1   -15.1461994025   0.000000264295       0.0004  EEEREEEEEEEKRRRR
   205      1   -14.4167943422   0.000000548108       0.0008  EEHEQQQQQQQQQQQQ
   206      1   -16.1374414617   0.000000098084       0.0002  EEKEEEEEEEEDEDEE
   207      1    -8.1131565799   0.000299571757       0.4643  EEKEEEEEEEEEEEEE
   208      1   -22.6808820610   0.000000000141       0.0000  EEKEQPQQQQQ-EEQE
   209      1    -7.2760744179   0.000691896335       1.0724  EEKKKKKKKKK-KKKK
   210      1    -7.4152726010   0.000601988268       0.9331  EEKKKKKKKKKKKKKK
   211      1   -11.5760248442   0.000009388502       0.0146  EEKKKKKKKKKNKKKK
   212      1   -15.0832037158   0.000000281480       0.0004  EEKKKMKKKKKKKKKK
   213      1   -13.2156738218   0.000001821821       0.0028  EEKKKQQQQQQKKKKK
   214      1   -20.9135364608   0.000000000827       0.0000  EEKRKKKKKKKKHRKK
   215      1    -7.4364892126   0.000589350655       0.9135  EEQQQQQQQQQQQQ-Q
   216      1   -12.0957929569   0.000005582952       0.0087  EEQQQQQQQQQQQQRQ
   217      1   -12.2149752190   0.000004955685       0.0077  EEQQRQQQQQQQQQQQ
   218      1    -9.1894439629   0.000102111627       0.1583  EER-EEEEEEE-----
   219      1   -18.8633694990   0.000000006423       0.0000  EES-NNNNNNNNSSND
   220      1   -21.3948575152   0.000000000511       0.0000  EEWGWWWWWWWWRRWW
   221      1    -8.0437220335   0.000321111535       0.4977  EG--------------
   222      1   -16.9030141053   0.000000045616       0.0001  EK-GRRRRRRRGGGGG
   223      1    -9.1563161513   0.000105551017       0.1636  EKEEEEEEEEEEEEEE
   224      1    -9.0027980792   0.000123064976       0.1908  EKKKKKKKKKKKKKKK
   225      1   -24.4801604261   0.000000000023       0.0000  ENNSDDDDDDDDNDDD
   226      1   -14.0649204193   0.000000779261       0.0012  EQEEEEEEEEEE--EG
   227      3    -4.0344199813   0.017695941114      27.4287  FF--FFFFFFFFFFFF
   228     12    -4.1458711091   0.015829640600      24.5359  FF-FFFFFFFFFFFFF
   229      1    -9.7956268530   0.000055694628       0.0863  FF-FSSSSSSSFFFFF
   230      1   -15.1757011535   0.000000256612       0.0004  FF-FVVVVVVVFFLFF
   231      1    -8.6853585171   0.000169042818       0.2620  FF-IIIIIIIIIIIII
   232      1   -17.6218153626   0.000000022230       0.0000  FF-SSSSSSSSTTSSS
   233      1    -7.4221255397   0.000597876983       0.9267  FF-YFFFFFFFFFFFF
   234      1   -35.7228389951   0.000000000000       0.0000  FFFCLFFFFFFCYYRG
   235      7    -4.2607524493   0.014111680090      21.8731  FFFFFFFFFFFFFFFF
   236      1    -9.9252514343   0.000048923562       0.0758  FFFFFFFFFFFFFLFF
   237      1    -9.2192410683   0.000099113880       0.1536  FFFFFFFFFFFIFFFF
   238      1    -7.7426485980   0.000433920770       0.6726  FFFLFFFFFFFFFFFF
   239      1   -11.3241870595   0.000012077250       0.0187  FFFLLLLLLLLLLLLL
   240      1   -13.7094726393   0.000001111864       0.0017  FFFLSFFFFFFFFFFF
   241      1   -18.1724032219   0.000000012818       0.0000  FFFMTTTTTTT-MMMM
   242      1   -18.7792924816   0.000000006986       0.0000  FFFSFSSSSSSSSSSS
   243      1   -17.4222862157   0.000000027139       0.0000  FFFSLFFFFFFLFFFF
   244      1   -17.6063419972   0.000000022577       0.0000  FFIFLFFFFFFF-FLF
   245      1    -7.7115941388   0.000447607360       0.6938  FFLFFFFFFFFFFFFF
   246      1    -7.1617526452   0.000775693845       1.2023  FFLLLLLLLLLLLLLL
   247      1    -8.6146102542   0.000181435515       0.2812  FL-LLLLLLLLLLLLL
   248      1   -27.1892913143   0.000000000002       0.0000  FLCCFFFFFFFFVVFF
   249      1   -11.9716331483   0.000006321000       0.0098  FLVVVVVVVVVVVVVV
   250      1   -11.2311325799   0.000013255042       0.0205  FSSSSSSSSSSSSSSS
   251      1   -21.6487977997   0.000000000396       0.0000  FSYHHHHHHHHYYYYY
   252      1   -16.2421554919   0.000000088333       0.0001  FVVVVVVVVVVVAA-A
   253      1    -8.9070322520   0.000135433170       0.2099  GD-GGGGGGGGGGGGG
   254      1   -15.7543215962   0.000000143875       0.0002  GDIIIIIIIIIIIIII
   255      1   -15.2475246229   0.000000238827       0.0004  GEGGEEEEEEEGGGGG
   256      1   -22.7233963345   0.000000000135       0.0000  GEKEEEEEEEEG-KEE
   257      1    -2.5420774638   0.078702727771     121.9892  GG--------------
   258      2    -3.0279978729   0.048412469076      75.0393  GG--GGGGGGGGGGGG
   259      1   -20.0668939577   0.000000001928       0.0000  GG-ATAAAAAAAGGSA
   260      1    -7.7074176510   0.000449480696       0.6967  GG-DDDDDDDDDDDDD
   261      1    -7.9108072548   0.000366758394       0.5685  GG-GAGGGGGGGGGGG
   262     11    -3.1059434715   0.044782247849      69.4125  GG-GGGGGGGGGGGGG
   263      1   -27.7345870379   0.000000000001       0.0000  GGCDGGGGGGGGDDCG
   264      1   -25.1349364924   0.000000000012       0.0000  GGDDDHNDDNNDDDDD
   265      1   -15.2142531699   0.000000246907       0.0004  GGDNNNNNNNNDDDDD
   266      1   -13.2967647892   0.000001679919       0.0026  GGEEEDDDDDDEEEEE
   267      1   -13.2346472580   0.000001787581       0.0028  GGGDGGGGGGGEDDDD
   268      1   -32.7336109423   0.000000000000       0.0000  GGGEGEGGEGGEEEGE
   269      1   -18.1996091789   0.000000012474       0.0000  GGGEGGGGGGGGAAGE
   270      1    -9.0488583892   0.000117525128       0.1822  GGGGEEEEEEEGGGGG
   271      1   -11.0265316778   0.000016264403       0.0252  GGGGGGGDDGGG-GGG
   272      1    -8.2040327452   0.000273548192       0.4240  GGGGGGGGGGGDGGGG
   273      1    -8.5856478845   0.000186767154       0.2895  GGGGGGGGGGGEGGGG
   274      3    -3.1862843444   0.041325135996      64.0540  GGGGGGGGGGGGGGGG
   275      1   -20.7574905827   0.000000000966       0.0000  GGGGGGGGGGGGRREE
   276      1    -9.5398344081   0.000071928757       0.1115  GGGGRGGGGGGGGGGG
   277      1   -24.3343094116   0.000000000027       0.0000  GGIIIIIIIIIVGGVI
   278      1   -19.7728213457   0.000000002587       0.0000  GGIVLVVVVVV-VVVI
   279      1   -18.0121284380   0.000000015046       0.0000  GGLLLLLLLLLILLLV
   280      1   -19.8657858886   0.000000002357       0.0000  GGQQRRRRRRRQQQGQ
   281      1   -26.7583566235   0.000000000002       0.0000  GGRDEEEEEEEMGGGG
   282      1   -24.8231114822   0.000000000017       0.0000  GGRGRGRRRRRQGGGG
   283      1   -27.2047793033   0.000000000002       0.0000  GGRSRRRRRRRVRKRK
   284      1   -18.3043652367   0.000000011234       0.0000  GGRTRKRRRRRRRRRR
   285      1   -12.2953093023   0.000004573145       0.0071  GGSGGGGGGGGGGGGS
   286      1   -15.5582170483   0.000000175046       0.0003  GGVVIIIIIIIIIIII
   287      1   -17.9255249445   0.000000016408       0.0000  GRSSNSSSSSSSSSSS
   288      1   -11.0463464409   0.000015945300       0.0247  GVVVVVVVVVVVVVVV
   289      1    -8.1413894980   0.000291232250       0.4514  HH--QQQQQQQQQQQQ
   290      2    -4.9500714070   0.007082903142      10.9785  HH-HHHHHHHHHHHHH
   291      1    -4.5099968475   0.010998494848      17.0477  HHH-HHHHHHH-----
   292      1    -8.8580276691   0.000142235323       0.2205  HHH-HHHHHHHNHHHH
   293      1   -10.3626439299   0.000031590822       0.0490  HHH-HYYYYYY-----
   294      1   -12.0912438006   0.000005608407       0.0087  HHHCHHHHHHHHHHHH
   295      2    -5.1105450670   0.006032793750       9.3508  HHHHHHHHHHHHHHHH
   296      1    -9.5306881090   0.000072589657       0.1125  HHHHHHHHHHHHHHHQ
   297      1   -13.5542798775   0.000001298527       0.0020  HHHHHHHHHHHQHHYH
   298      1   -16.0723205478   0.000000104684       0.0002  HHHHHRHHHHHHHHRH
   299      1   -16.1552184547   0.000000096356       0.0001  HHHLHHHHHHHHRHHH
   300      1   -15.6645897805   0.000000157382       0.0002  HHHPHHHHHHHPHHHH
   301      1   -11.7009373228   0.000008286049       0.0128  HHKQQQQQQQQQQQQQ
   302      1   -15.5738800989   0.000000172326       0.0003  HHLHHHHHHHHHPPHH
   303      1   -13.7094772980   0.000001111859       0.0017  HHN-NNSNNNN-----
   304      1   -19.6046664844   0.000000003061       0.0000  HHNNNNNNNNNCNNNS
   305      1   -13.0912795813   0.000002063144       0.0032  HHQHHHHHHHHRHHHH
   306      1   -13.3751805669   0.000001553220       0.0024  HHQQLLLLLLLQQQQQ
   307      1   -34.6435505286   0.000000000000       0.0000  HHRHPPPPPPPHCCCR
   308      1   -16.6575676726   0.000000058306       0.0001  HHSSSSSSSSSTSSST
   309      1   -15.1973284311   0.000000251122       0.0004  HRHHHHHHHHHHHHRH
   310      1   -23.9866445677   0.000000000038       0.0000  HRLFLLLLLLLLLLSL
   311      2    -4.3554510391   0.012836648448      19.8968  II--IIIIIIIIIIII
   312      1    -8.7538304327   0.000157855511       0.2447  II--IIIIIIIIVIII
   313      1   -18.0574154387   0.000000014380       0.0000  II-FVVVVVVVFFFIF
   314     14    -4.5460297851   0.010609241850      16.4443  II-IIIIIIIIIIIII
   315      2    -7.6897528157   0.000457491242       0.7091  II-IIIIIIIIIIIIV
   316      2    -8.3921411946   0.000226641475       0.3513  II-IIIIIIIIIIILI
   317      1   -11.0695731157   0.000015579212       0.0241  II-IIIIIIIIIMMIM
   318      1   -12.1846974108   0.000005108027       0.0079  II-IIIIIIIIVIIIM
   319      1   -14.4962607876   0.000000506237       0.0008  II-IIIIIIVITIIII
   320      1   -11.6259994198   0.000008930846       0.0138  II-IIITIIIIIIIII
   321      1   -16.0898678018   0.000000102863       0.0002  II-IMIIIIIIIITII
   322      1   -29.6106048424   0.000000000000       0.0000  II-ITITTTTTIITTT
   323      1    -7.8197719765   0.000401713272       0.6227  II-IVIIIIIIIIIII
   324      1    -7.3544287723   0.000639752758       0.9916  II-IVVVVVVVIIIII
   325      1   -12.4654897794   0.000003857506       0.0060  II-IVVVVVVVVVVVI
   326      1    -8.9649038803   0.000127817911       0.1981  II-IVVVVVVVVVVVV
   327      1    -8.2635994176   0.000257729643       0.3995  II-MMMMMMMMMMMMM
   328      1    -6.9150880141   0.000992694084       1.5387  II-VIIIIIIIIIIII
   329      1   -11.8697262486   0.000006999119       0.0108  II-VVLLLLLLVVVVV
   330      1    -8.4210745909   0.000220177924       0.3413  IIFFFFFFFFFFFFFF
   331      1    -6.7201102513   0.001206405199       1.8699  III-VVVVVVV-----
   332      5    -4.7425081487   0.008716755825      13.5110  IIIIIIIIIIIIIIII
   333      1    -9.4817369568   0.000076231411       0.1182  IIIIIIIIIIIIMMII
   334      1    -7.3464195431   0.000644897258       0.9996  IIIIIIIIIIIVIIII
   335      1   -14.7549379772   0.000000390852       0.0006  IIIIIIIIIIIVVIIV
   336      1   -13.3001301175   0.000001674275       0.0026  IIIIIIKKKKKIIIII
   337      1   -19.0609230622   0.000000005272       0.0000  IIIINIIIIIIITTVI
   338      1    -7.6509586470   0.000475587989       0.7372  IIIIVVVVVVVIIIII
   339      1    -7.7600146096   0.000426450350       0.6610  IIILIIIIIIIIIIII
   340      1   -15.1430134152   0.000000265139       0.0004  IIINNNNNNNNNNNNN
   341      1    -7.1115670817   0.000815615853       1.2642  IIIVIIIIIIIIIIII
   342      1   -14.3961646090   0.000000559532       0.0009  IILFLLLLLLLLLLFL
   343      1   -17.0789614429   0.000000038256       0.0001  IILITTTTTTTITTII
   344      1   -18.7570107104   0.000000007144       0.0000  IIMLMMMMMMMIMMMI
   345      1   -41.4334793607   0.000000000000       0.0000  IIMRTTTTMTTTMTMT
   346      1   -27.7461208827   0.000000000001       0.0000  IINNGNNNNNNTRRNK
   347      1   -23.5734004144   0.000000000058       0.0000  IIPIVVVVVVVIIIVS
   348      1   -14.7851034958   0.000000379237       0.0006  IIRGRRRRRRRRRRRR
   349      1   -17.5212197356   0.000000024583       0.0000  IIRSLLLLLLLLLL-L
   350      1   -18.8619733970   0.000000006432       0.0000  IITIIIIIIIIIIIMT
   351      1   -17.5629790345   0.000000023577       0.0000  IITNKKKKKKKKKKKK
   352      1   -22.0142542701   0.000000000275       0.0000  IIVIISSSSSSTVVII
   353      1   -12.2276056166   0.000004893486       0.0076  IIVLVVVVVVVIIIII
   354      1   -20.5581759439   0.000000001179       0.0000  IIVMTTTTTTTTMMMM
   355      1   -17.8431239072   0.000000017817       0.0000  IIVVVVIVVIVVVVVV
   356      1   -28.5511414995   0.000000000000       0.0000  ILSSSSSSSSSSLLPP
   357      1   -18.3084528367   0.000000011188       0.0000  IM-MIMMMMMMMMMMI
   358      1   -10.5115490516   0.000027220259       0.0422  IV-IVVVVVVVIIIII
   359      1   -10.2111029351   0.000036759902       0.0570  IV-VIIIIIIIIIIII
   360      1   -10.3722799200   0.000031287875       0.0485  IVVIIIIIIIIIIIII
   361      1   -15.5280579494   0.000000180406       0.0003  IVVTVVVVVVVVVVVI
   362      1   -13.1405139860   0.000001964026       0.0030  KEKKRKKKKKKKKKKK
   363      1   -16.0938127670   0.000000102458       0.0002  KERKKKKKKKKEKKKK
   364      1    -3.9976048110   0.018359560885      28.4573  KK--KKKKKKKKKKKK
   365      1   -21.2596942779   0.000000000585       0.0000  KK-EEEEEEEEKRKRK
   366      2    -7.8295430383   0.000397807221       0.6166  KK-EKKKKKKKKKKKK
   367      1    -9.7355304784   0.000059144292       0.0917  KK-KKEKKKKKKKKKK
   368      1    -8.0683085591   0.000313312783       0.4856  KK-KKKKKKKKEKKKK
   369     22    -4.1724237268   0.015414853418      23.8930  KK-KKKKKKKKKKKKK
   370      1    -9.1962546615   0.000101418538       0.1572  KK-KKKKKKKKKKKTK
   371      1   -10.2632843477   0.000034890906       0.0541  KK-KKKKKKKKKKNKK
   372      1    -7.6295467759   0.000485881021       0.7531  KK-KKKKKKKKRKKKK
   373      1   -14.4780157845   0.000000515558       0.0008  KK-KKKKRRKKKKKRK
   374      1   -19.6460424323   0.000000002937       0.0000  KK-NKKKKKNKKKKEK
   375      1   -11.4901772402   0.000010230089       0.0159  KK-QQQQQQQQRQQQQ
   376      1    -7.3935955614   0.000615180055       0.9535  KK-RKKKKKKKKKKKK
   377      1   -11.6928742591   0.000008353130       0.0129  KK-TRRRRRRRRRRRR
   378      1   -19.5312872360   0.000000003294       0.0000  KK-WRRRRRRRRKKKR
   379      1   -23.6782498225   0.000000000052       0.0000  KKEAGRGGGGGEEEE-
   380      2    -7.5141897930   0.000545291637       0.8452  KKEEEEEEEEEEEEEE
   381      1   -24.0399515937   0.000000000036       0.0000  KKEEGGGGGGGGEEGG
   382      1   -13.2063767453   0.000001838838       0.0029  KKEGGGGGGGGGGGGG
   383      1   -11.0882850929   0.000015290404       0.0237  KKEKEEEEEEEEEEEE
   384      2    -7.9777879505   0.000342997311       0.5316  KKEKKKKKKKKKKKKK
   385      1   -15.1927120580   0.000000252284       0.0004  KKEQDDDDDDDQQQQQ
   386      1   -18.0497694235   0.000000014491       0.0000  KKHRRRRRRRRCRRRR
   387      1   -13.7761280453   0.000001040168       0.0016  KKIEKKKKKKKKKKKK
   388      1   -10.3722127635   0.000031289976       0.0485  KKK-KKKEEEE-----
   389      3    -3.6756832129   0.025332092397      39.2647  KKK-KKKKKKK-----
   390      1    -8.4530680611   0.000213245162       0.3305  KKKAKKKKKKK-KKKK
   391      1    -8.0097524878   0.000332206934       0.5149  KKKEKKKKKKKKKKKK
   392      1   -13.0288306899   0.000002196093       0.0034  KKKEKKKKKKKQQQQQ
   393      1    -8.9333017142   0.000131921737       0.2045  KKKKEKKKKKKKKKKK
   394      1   -10.4256191957   0.000029662730       0.0460  KKKKHHHHHHHKKKKK
   395      1    -8.2485181055   0.000261646002       0.4056  KKKKKKKKKKKEKKKK
   396      1   -10.2568845185   0.000035114917       0.0544  KKKKKKKKKKKKEEKE
   397      1    -8.5052975658   0.000202393332       0.3137  KKKKKKKKKKKKEEKK
   398     39    -4.3526331456   0.012872871769      19.9530  KKKKKKKKKKKKKKKK
   399      1    -8.3720866758   0.000231232543       0.3584  KKKKKKKKKKKKKKRK
   400      3    -8.5661299721   0.000190448266       0.2952  KKKKKKKKKKKKQQKK
   401      1    -9.6116841152   0.000066941991       0.1038  KKKKKKKKKKKKRKKK
   402      2    -8.0515064759   0.000318621565       0.4939  KKKKKKKKKKKKRRKK
   403      1    -8.3072837048   0.000246713280       0.3824  KKKKKKKKKKKQKKKK
   404      1   -12.5203537971   0.000003651568       0.0057  KKKKKKKKKKKQQQKK
   405      1   -10.1624670614   0.000038591942       0.0598  KKKKKNKKKKKKKKKK
   406      2    -8.9004720298   0.000136324562       0.2113  KKKKNNNNNNNKKKKK
   407      1    -8.4840825121   0.000206732988       0.3204  KKKKRKKKKKKKKKKK
   408      1    -8.1208436664   0.000297277751       0.4608  KKKKRRRRRRRKKKKK
   409      1   -14.6074033592   0.000000452987       0.0007  KKKKRRRRRRRKTTKT
   410      1   -18.2066570010   0.000000012387       0.0000  KKKNKEEEEEENKKKK
   411      1    -8.2801932101   0.000253488219       0.3929  KKKNKKKKKKKKKKKK
   412      1   -12.9826327296   0.000002299928       0.0036  KKKNKKKKKKKKKKKN
   413      1   -14.5780237282   0.000000466493       0.0007  KKKNKKKKKKKKTKKK
   414      1   -10.3640398181   0.000031546755       0.0489  KKKNKKKKKKKNNNNN
   415      1   -14.1343604861   0.000000726985       0.0011  KKKQKKKKKKKIKKKK
   416      1   -17.8168327307   0.000000018291       0.0000  KKKQKKKKKKKKTAKK
   417      1   -10.1146243653   0.000040483164       0.0627  KKKQKKKKKKKQQQQQ
   418      1    -7.5738053992   0.000513733762       0.7963  KKKRKKKKKKKKKKKK
   419      1    -9.3628254747   0.000085857168       0.1331  KKKRKKKKKKKRRRRR
   420      1   -16.2604733948   0.000000086729       0.0001  KKLMVVVVVVVMMMMM
   421      1   -14.7210262499   0.000000404333       0.0006  KKMMTMMMMMMMMMMM
   422      1   -12.4865768772   0.000003777014       0.0059  KKN-KKKKKKKKKKEK
   423      1    -8.2490053245   0.000261518554       0.4054  KKNKKKKKKKKKKKKK
   424      1   -12.5127170054   0.000003679561       0.0057  KKNKQQQQQQQKKKKK
   425      1    -8.0290507240   0.000325857391       0.5051  KKNNNNNNNNNNNNNN
   426      1   -11.2844028767   0.000012567419       0.0195  KKNNNNNNNNNS-NNN
   427      1   -11.5707067007   0.000009438564       0.0146  KKQQEQQQQQQQQQQQ
   428      1   -16.7494287499   0.000000053188       0.0001  KKQQQQQQQQQQEEKE
   429      1   -12.5363393981   0.000003593660       0.0056  KKQQQQQQQQQQQQQH
   430      1    -7.7379148470   0.000435979712       0.6758  KKQQQQQQQQQQQQQQ
   431      4    -7.5415603665   0.000530569093       0.8224  KKRKKKKKKKKKKKKK
   432      1    -9.7283029790   0.000059573305       0.0923  KKRKRRRRRRRRRRRR
   433      1   -11.2602862485   0.000012874187       0.0200  KKRQKKKKKKKKKKKK
   434      1   -16.1542644922   0.000000096448       0.0001  KKRRRRRKKRRRKKRR
   435      1    -6.8282778931   0.001082721075       1.6782  KKRRRRRRRRRRRRRR
   436      1   -12.3880520249   0.000004168093       0.0065  KKSKKKKKKKKKRRKK
   437      1   -25.4028076223   0.000000000009       0.0000  KKTKKKKKKKKRQQGR
   438      1   -12.1872287342   0.000005095113       0.0079  KKTTTTTTTTTTTTTA
   439      1   -33.5567932661   0.000000000000       0.0000  KMVTVMVVVVVVAAVT
   440      1   -28.3564560411   0.000000000000       0.0000  KNHSRHHHHHHNKKNN
   441      1   -14.3088180215   0.000000610604       0.0009  KNN-NKKKKKK-----
   442      1    -8.3358950108   0.000239754515       0.3716  KR-KKKKKKKKKKKKK
   443      1   -12.5357925423   0.000003595626       0.0056  KRKKKKKKKKKKKKRK
   444      1   -16.6042177735   0.000000061501       0.0001  KRKNKKKKKKKNKKKK
   445      1   -11.2122326273   0.000013507944       0.0209  KRKRRRRRRRRRRRRR
   446      1   -11.4764738923   0.000010371241       0.0161  KRRRRRRRRRRKRRRR
   447      1    -8.7489142299   0.000158633471       0.2459  LFFFFFFFFFFFFFFF
   448      1   -13.0123047378   0.000002232687       0.0035  LFFFFFFFFFFFFFFL
   449      1    -8.7371120478   0.000160516784       0.2488  LFLLLLLLLLLLLLLL
   450      1   -11.9383322679   0.000006535039       0.0101  LIIIIIIIIIIIIIVI
   451      1   -23.9993354962   0.000000000038       0.0000  LIIMIIIIIIITVVLI
   452      1    -7.8049026320   0.000407731115       0.6320  LL--ILLLLLLLLLLL
   453      3    -3.2364951690   0.039301398755      60.9172  LL--LLLLLLLLLLLL
   454      1   -12.3100314164   0.000004506312       0.0070  LL-AAAAAAAAAVVAA
   455      1   -10.7527239794   0.000021387071       0.0331  LL-FFFFFFFFLFFFF
   456      1    -9.7125605571   0.000060518554       0.0938  LL-IIIIIIIIIVVII
   457      1    -7.5673131594   0.000517079895       0.8015  LL-LIIIIIIILLLLL
   458      1   -12.4409617117   0.000003953293       0.0061  LL-LLLLLLLLLIILF
   459      1    -7.8063638557   0.000407135764       0.6311  LL-LLLLLLLLLLLIL
   460     33    -3.3492693253   0.035109998720      54.4205  LL-LLLLLLLLLLLLL
   461      1    -9.1762925674   0.000103463407       0.1604  LL-LQQQQQQQLLLLL
   462      1    -7.7100104782   0.000448316780       0.6949  LL-LVVVVVVVLLLLL
   463      1    -6.8567004608   0.001052380581       1.6312  LL-VVVVVVVVVVVVV
   464      1   -20.6690511554   0.000000001056       0.0000  LLFFFFFFFFFDFFSF
   465      1    -7.1517889289   0.000783461270       1.2144  LLFFFFFFFFFFFFFF
   466      1   -10.5293433680   0.000026740177       0.0414  LLFLFFFFFFFLLLLL
   467      1    -3.3527494608   0.034988023535      54.2314  LLL-LLLLLLLLLLLL
   468      1   -19.7154021624   0.000000002740       0.0000  LLLFLLLLLLLSLLLS
   469      1    -9.6142792552   0.000066768493       0.1035  LLLHLLLLLLLLLLLL
   470      1   -14.4682928112   0.000000520595       0.0008  LLLLLLLIIIILVVLL
   471      1   -13.9728939082   0.000000854376       0.0013  LLLLLLLLLLLFSSLL
   472      1    -7.3676266564   0.000631364848       0.9786  LLLLLLLLLLLILLLL
   473      1   -10.1243680162   0.000040090626       0.0621  LLLLLLLLLLLLHHLL
   474      1   -11.7057579654   0.000008246201       0.0128  LLLLLLLLLLLLHLLL
   475      1    -9.4274474524   0.000080484378       0.1248  LLLLLLLLLLLLIILI
   476      1   -10.4324051869   0.000029462120       0.0457  LLLLLLLLLLLLLLHL
   477      1    -7.9040326763   0.000369251462       0.5723  LLLLLLLLLLLLLLLI
   478     23    -3.4655235992   0.031256635190      48.4478  LLLLLLLLLLLLLLLL
   479      1    -9.9696675780   0.000046798118       0.0725  LLLLLLLLLLLLLLLP
   480      1   -12.0744164655   0.000005703580       0.0088  LLLLLLLLLLLLLWLL
   481      1    -8.1350706551   0.000293078328       0.4543  LLLLLLLLLLLLMMLL
   482      1   -15.7799846533   0.000000140230       0.0002  LLLLLLLLLLLLPPLK
   483      1    -9.6616371813   0.000063680181       0.0987  LLLLLLLLLLLLPPLL
   484      1    -9.5870710979   0.000068610080       0.1063  LLLLLLLLLLLLVVLV
   485      1    -9.4073695533   0.000082116667       0.1273  LLLLLLLLLLLPLLLL
   486      1   -20.0434670267   0.000000001973       0.0000  LLLLLLLLLSSLLLLL
   487      1   -17.8833939363   0.000000017114       0.0000  LLLLLLVVVVVLLSLL
   488      1   -12.3746808862   0.000004224199       0.0065  LLLLVVVVVVVLLLIL
   489      2    -7.9175929988   0.000364278090       0.5646  LLLLVVVVVVVLLLLL
   490      1   -15.0935828847   0.000000278574       0.0004  LLLSLFLLLLLLLLLL
   491      1   -19.3613810628   0.000000003904       0.0000  LLLVIIIIIIIDVVVV
   492      1   -11.2727421648   0.000012714822       0.0197  LLMIIIIIIIIIIIII
   493      1   -18.5235711361   0.000000009022       0.0000  LLMIIIIIIIIVTTII
   494      1   -17.4325931684   0.000000026861       0.0000  LLMMKKKKKKKMTTMM
   495      1   -19.1902739806   0.000000004632       0.0000  LLMTTTTTTTTTTTIT
   496      1   -12.9265996863   0.000002432479       0.0038  LLPPPPPPPPPPSSPP
   497      1   -19.0250608909   0.000000005464       0.0000  LLPPSSSSSSSPAPPP
   498      1   -11.3257756968   0.000012058079       0.0187  LLQ-RRRRRRR-----
   499      1   -20.2167825407   0.000000001659       0.0000  LLQHEEEEEEEQQQKQ
   500      1   -26.5556338907   0.000000000003       0.0000  LLRIFFFFFFFLIIIM
   501      1   -18.8671117478   0.000000006399       0.0000  LLSFLLLLLLLSLLLL
   502      1    -8.8820903814   0.000138853605       0.2152  LLSLLLLLLLLLLLLL
   503      2    -8.9499216134   0.000129747330       0.2011  LLSSSSSSSSSSSSSS
   504      1    -9.4014530370   0.000082603952       0.1280  LLVIIIIIIIIIIIII
   505      1   -22.6171574473   0.000000000150       0.0000  LLVIVIIIIIIL-VVL
   506      1   -12.2008608496   0.000005026127       0.0078  LLVLLLLLLLLLLLML
   507      1   -16.6259920481   0.000000060176       0.0001  LLVVIII-IIIVGGVV
   508      1    -8.9675234068   0.000127483526       0.1976  LLWWWWWWWWWWWWWW
   509      1   -10.1001039158   0.000041075287       0.0637  LP-LLLLLLLLLLLLL
   510      1   -25.0503015344   0.000000000013       0.0000  LPYYYYYYYYYNYYYH
   511      1   -16.9848472560   0.000000042031       0.0001  LV-KRKKKKKKKKKKK
   512      1   -17.3419161777   0.000000029410       0.0000  LVLFLLLLLLLLFFLL
   513      1   -12.1837217232   0.000005113013       0.0079  LVLLLLLLLLLILLLL
   514      1   -21.7051561670   0.000000000375       0.0000  MATTTTTMMTTTTTTT
   515      1   -13.5356620925   0.000001322929       0.0021  MI-VMMMMMMMMMMMM
   516      1   -21.6806303571   0.000000000384       0.0000  MIIVIIIIIIITIIIT
   517      1   -25.1615146808   0.000000000012       0.0000  MIKQKKKKKKKQQQKK
   518      1   -13.3509683591   0.000001591286       0.0025  MIR-RRRRRRR-----
   519      1   -35.9861865701   0.000000000000       0.0000  MITIMTTTTMTITTII
   520      1   -20.7462422975   0.000000000977       0.0000  MLKKRRRRRRRNKKKK
   521      1    -8.1896456020   0.000277512217       0.4301  MM-IIIIIIIIIIIII
   522      1   -11.3106408442   0.000012241964       0.0190  MM-ILLLLLLLIIIII
   523      1    -8.1890519311   0.000277677016       0.4304  MM-LMMMMMMMMMMMM
   524      1   -18.9322793014   0.000000005995       0.0000  MM-LMMMMMVMVMMMM
   525      1    -8.5990832359   0.000184274653       0.2856  MM-MLLLLLLLMMMMM
   526      1    -9.0132198660   0.000121789079       0.1888  MM-MMMMMMMMMMMLM
   527      7    -5.5867360049   0.003747238895       5.8082  MM-MMMMMMMMMMMMM
   528      1    -9.2328335705   0.000097775789       0.1516  MMFFFFFFFFFFFFFF
   529      1   -18.3144376521   0.000000011121       0.0000  MMIIIIIIIIIIIITT
   530      1   -13.1271067455   0.000001990536       0.0031  MMIIIIIIIIIIMMII
   531      1   -19.3134968487   0.000000004095       0.0000  MMIMMMMIIMMMIIMM
   532      1    -8.9191008374   0.000133808506       0.2074  MMIMMMMMMMM-MMMM
   533      1   -19.3510322082   0.000000003944       0.0000  MMLIIMMMMMMMMMML
   534      1    -9.5755559689   0.000069404700       0.1076  MMM-VMMMMMM-----
   535      1    -9.1163868760   0.000109850866       0.1703  MMMIMMMMMMMMMMMM
   536      1   -13.2955165319   0.000001682018       0.0026  MMMIVVVVVVVMMMMM
   537      1   -34.1959157183   0.000000000000       0.0000  MMMMAAVAAAAVMVVV
   538      1    -8.9014380923   0.000136192928       0.2111  MMMMLLLLLLLMMMMM
   539      1   -11.2541381767   0.000012953582       0.0201  MMMMMIIIIIIMMMMM
   540      4    -5.8005276516   0.003025957673       4.6902  MMMMMMMMMMMMMMMM
   541      1   -10.1485764139   0.000039131749       0.0607  MMMMMMMMMMMTMMMM
   542      1   -12.0675220666   0.000005743039       0.0089  MMMMMTTTTTTMMMMM
   543      1    -9.0869534174   0.000113132211       0.1754  MMTTTTTTTTTTTTTT
   544      1   -12.1916259138   0.000005072758       0.0079  MTLLLLLLLLLLLLLL
   545      1   -16.1938462674   0.000000092705       0.0001  MVK-IIIIIII-----
   546      1   -11.3630063130   0.000011617403       0.0180  MVLLLLLLLLLLLLLL
   547      1   -10.4864344325   0.000027912542       0.0433  MVMMMMMMMMMMMMMM
   548      1   -27.8982974204   0.000000000001       0.0000  MVVVVMMVVVVVVVAV
   549      1   -12.8653269505   0.000002586184       0.0040  NDDGDDDDDDDDDDDD
   550      1   -14.9682081082   0.000000315784       0.0005  NH-NNDNNNNNNNNNN
   551      1   -20.8843037416   0.000000000851       0.0000  NHGSNSSSSSSSSSSS
   552      1   -27.9029990823   0.000000000001       0.0000  NHIIIVVVVVVTTTII
   553      1   -23.8099280284   0.000000000046       0.0000  NHNNDDDDDDDDDDDG
   554      1    -4.8189839357   0.008074987679      12.5162  NN--NNNNNNNNNNNN
   555      1   -10.3553616649   0.000031821714       0.0493  NN-INNNNNNNNNNNN
   556      1    -7.5498112874   0.000526209420       0.8156  NN-KKKKKKKKKKKKK
   557      1   -14.6759387078   0.000000422981       0.0007  NN-KKKKKKKKRRRRR
   558      1   -10.5663675579   0.000025768247       0.0399  NN-NNKKKKKKNNNNN
   559      1    -8.7605849562   0.000156792865       0.2430  NN-NNNNNNNNNNNND
   560      8    -5.0455990814   0.006437602561       9.9783  NN-NNNNNNNNNNNNN
   561      1   -20.9995599539   0.000000000759       0.0000  NN-NNNNNNNTSSNNN
   562      1    -8.9745256610   0.000126593972       0.1962  NN-RRRRRRRRRRRRR
   563      2    -7.4266328079   0.000595188255       0.9225  NN-SSSSSSSSSSSSS
   564      1   -10.4744042533   0.000028250363       0.0438  NNDNDDDDDDDDDDDD
   565      1    -8.1650745488   0.000284415447       0.4408  NNDNNNNNNNNNNNNN
   566      1    -8.7198665089   0.000163308990       0.2531  NNEEEEEEEEEEEEEE
   567      1   -13.6099400849   0.000001228226       0.0019  NNHNNNNNNNNNTTNN
   568      1   -17.2123628437   0.000000033478       0.0001  NNIMVIIIIIIIIIII
   569      1   -16.4839389341   0.000000069361       0.0001  NNK-NNNNNNNNGGND
   570      1   -12.4993349542   0.000003729132       0.0058  NNK-TNNNNNN-----
   571      1   -14.4028617628   0.000000555798       0.0009  NNKKKKKKKKKKKKIK
   572      5    -7.7314253480   0.000438818202       0.6802  NNKKKKKKKKKKKKKK
   573      1   -11.9449221052   0.000006492116       0.0101  NNKKKKKKKKKKQQKK
   574      1   -12.0897044247   0.000005617047       0.0087  NNKKNNNNNNNKKKKK
   575      1    -9.1660661538   0.000104526895       0.1620  NNL-LLLLLLL-----
   576      2    -4.4030098098   0.012240443000      18.9727  NNN-NNNNNNN-----
   577      1    -7.9300661658   0.000359762608       0.5576  NNN-SSSSSSS-----
   578      1   -12.1681359033   0.000005193328       0.0080  NNNDSNNNNNNNNNNN
   579      1    -9.7055482738   0.000060944419       0.0945  NNNENNNNNNNNNNNN
   580      1   -18.5857517390   0.000000008478       0.0000  NNNGNTNNNNNNSSNN
   581      1    -8.7095964927   0.000164994818       0.2557  NNNNDDDDDDDNNNNN
   582      1   -20.3607955975   0.000000001437       0.0000  NNNNILIIIIINNNKN
   583      1   -24.4162376380   0.000000000025       0.0000  NNNNKKKRRRRNNSNS
   584      1    -9.5957741117   0.000068015556       0.1054  NNNNNNNNNNNHNNNN
   585      1    -8.6753643230   0.000170740735       0.2646  NNNNNNNNNNNNDDNN
   586      1    -9.5144457553   0.000073778311       0.1144  NNNNNNNNNNNNNNKN
   587      7    -5.2791855676   0.005096579923       7.8997  NNNNNNNNNNNNNNNN
   588      1    -9.1335168130   0.000107985153       0.1674  NNNNNNNNNNNNNNSN
   589      1   -10.4858010106   0.000027930228       0.0433  NNNNNNNNNNNNSSNS
   590      2    -8.5644183558   0.000190774519       0.2957  NNNNNNNNNNNSNNNN
   591      1   -15.0710778294   0.000000284914       0.0004  NNNNSNNNNNNNIINN
   592      1    -9.2496353405   0.000096146706       0.1490  NNNNSNNNNNNNNNNN
   593      1   -13.9665535367   0.000000859811       0.0013  NNNSNNNNNNN-IINN
   594      1    -8.3254480428   0.000242272352       0.3755  NNNSNNNNNNNNNNNN
   595      1   -20.3544975775   0.000000001446       0.0000  NNNTHHHHHHHDSSNN
   596      1   -15.1621571862   0.000000260111       0.0004  NNNYSSSSSSSY--Y-
   597      1   -17.9041992683   0.000000016761       0.0000  NNQQRRRRRRRSQQQQ
   598      1    -7.3895398102   0.000617680138       0.9574  NNS-NNNNNNN-----
   599      1   -11.0757082751   0.000015483923       0.0240  NNS-NSSSSSS-----
   600      1   -22.0696306216   0.000000000260       0.0000  NNSNNDSSSSSNSSNN
   601      1   -21.4095142907   0.000000000503       0.0000  NNSNNSNNNNNNSSTN
   602      1   -25.7414341947   0.000000000007       0.0000  NNSSCHCCCCCSTTSS
   603      1   -15.6357445083   0.000000161988       0.0003  NNSSSSSSSSSNNNSS
   604      1   -11.4918961649   0.000010212520       0.0158  NNSSSSSSSSSNXSSS
   605      1   -17.2817091651   0.000000031236       0.0000  NNSSSSSSSSSSGGSR
   606      1    -7.3751849341   0.000626610806       0.9712  NNT-TTTTTTT-----
   607      1   -14.0705602180   0.000000774878       0.0012  NNTSAAAAAAASSSSS
   608      1   -14.0983643552   0.000000753630       0.0012  NNY-NYYYYYY-----
   609      1   -13.8418758156   0.000000973979       0.0015  NS-SSSSSSSSRSSSS
   610      1   -19.6159865439   0.000000003026       0.0000  NSDDNNNNNNNDGGDD
   611      1   -14.2303372617   0.000000660455       0.0010  NSNKNNNNNNNK--K-
   612      1   -20.0688246765   0.000000001924       0.0000  NSNKSSSSSSSNNNND
   613      1    -8.3570049524   0.000234746358       0.3639  NSS-SSSSSSS-----
   614      1    -9.1979914005   0.000101242553       0.1569  NSSSSSSSSSSSSSSS
   615      1   -13.4103129250   0.000001499599       0.0023  NTNNNNNNNNNSNNNN
   616      1    -3.5373134984   0.029091376225      45.0916  P-P-PPPPPPP-----
   617      1   -11.7186762880   0.000008140359       0.0126  PASSSSSSSSS-SSSS
   618      1   -14.4663358222   0.000000521615       0.0008  PLFLLLLLLLLLLLLL
   619      1   -30.0943623170   0.000000000000       0.0000  PLPPSSSSSSSTPPST
   620      1   -18.5662907148   0.000000008645       0.0000  PLSSPPPPPPPSSSSS
   621      1    -3.7455605295   0.023622384292      36.6147  PP--PPPPPPPPPPPP
   622      1   -10.6047700225   0.000024797443       0.0384  PP-PHPPPPPPPPPPP
   623      1   -16.6192035867   0.000000060586       0.0001  PP-PLLFLLLLPPPPP
   624      5    -3.8406913118   0.021478747700      33.2921  PP-PPPPPPPPPPPPP
   625      1    -8.7367643786   0.000160572600       0.2489  PP-PSPPPPPPPPPPP
   626      1   -11.1060579698   0.000015021051       0.0233  PPASSSSSSSSSSSSS
   627      1    -9.8335937851   0.000053619713       0.0831  PPI-IIIIIII-----
   628      1   -23.2959422617   0.000000000076       0.0000  PPIIIIIIIIITLIVI
   629      1   -17.6585806622   0.000000021428       0.0000  PPKKKKKKKKKKNNKE
   630      1   -28.0172541341   0.000000000001       0.0000  PPLFLLLLLLLFLFFG
   631      1   -17.2834161079   0.000000031182       0.0000  PPLLLLLPPPPLLLLL
   632      1   -10.3883554010   0.000030788928       0.0477  PPNNNNNNNNNNNNNN
   633      1    -9.5861431264   0.000068673778       0.1064  PPP-LPPPPPP-----
   634      1   -10.3191556366   0.000032994963       0.0511  PPP-PPAPPPP-----
   635      1   -13.5255277987   0.000001336404       0.0021  PPPLPPPPPPPPSSPP
   636      1   -20.8066517406   0.000000000920       0.0000  PPPLPSPPPPPPAPPP
   637      1   -13.7048529478   0.000001117012       0.0017  PPPLSSSSSSSPPPPP
   638      1   -13.7655074476   0.000001051274       0.0016  PPPPPPPPPPPLSSPP
   639     13    -3.9387440564   0.019472655951      30.1826  PPPPPPPPPPPPPPPP
   640      1    -8.8349891476   0.000145550253       0.2256  PPPPSPPPPPPPPPPP
   641      1   -21.3220907150   0.000000000549       0.0000  PPPPSPPPPPPSCCPP
   642      1   -12.7053726274   0.000003034777       0.0047  PPPSPPPPPPPPPPPS
   643      1   -13.3294334357   0.000001625925       0.0025  PPPSPPPPPPPQPPPP
   644      1   -29.3537919292   0.000000000000       0.0000  PPPSSTTAATTPPAPP
   645      1   -13.3905850894   0.000001529476       0.0024  PPPTSSSSSSSPPPPP
   646      1   -25.6118729320   0.000000000008       0.0000  PPSNPPPPPPPLSSPS
   647      2    -7.9098359524   0.000367114800       0.5690  PPSPPPPPPPPPPPPP
   648      1   -13.1069926045   0.000002030979       0.0031  PPSQSSSSSSSSSSSS
   649      1   -31.1638706835   0.000000000000       0.0000  PPSSPSPPPSPCSSSS
   650      1   -18.0011093778   0.000000015213       0.0000  PPSTPPPPPPPLPPPP
   651      1   -21.3985353954   0.000000000509       0.0000  PPTPPPPPPPPHPPHP
   652      1   -18.9857067409   0.000000005683       0.0000  PPVILLLLLLLIVVII
   653      1   -19.3910690103   0.000000003789       0.0000  PSPPTTTTTTTTPPPP
   654      1    -9.9531775510   0.000047576218       0.0737  PSSSSSSSSSSSSSSS
   655      1   -11.0307538925   0.000016195876       0.0251  QD-QQQQQQQQQQQQQ
   656      1   -28.4415945939   0.000000000000       0.0000  QELLMMMMMMMMRRMK
   657      1   -17.1324366171   0.000000036264       0.0001  QGEEEEEEEEEKEEEE
   658      1   -12.1976861308   0.000005042109       0.0078  QH-RRRRRRRRRRRRR
   659      1   -13.1319203840   0.000001980977       0.0031  QHEQQQQQQQQQQQQQ
   660      1   -13.7365129072   0.000001082202       0.0017  QKKKKKKKKKKKKKKN
   661      1   -10.6062557237   0.000024760629       0.0384  QLQQQQQQQQQQQQQQ
   662      1    -4.8035273387   0.008200769081      12.7112  QQ--QQQQQQQQQQQQ
   663      1    -8.0842329002   0.000308362999       0.4780  QQ-LLLLLLLLLLLLL
   664      1   -12.7450337273   0.000002916770       0.0045  QQ-NNNNNNNNNNNNS
   665      1   -15.7361444933   0.000000146514       0.0002  QQ-QQHQQQQQQQQQH
   666      1    -9.2610389179   0.000095056518       0.1473  QQ-QQQQQQQQHQQQQ
   667      1    -8.7369463020   0.000160543391       0.2488  QQ-QQQQQQQQQQQEQ
   668     12    -5.0190001921   0.006611133270      10.2473  QQ-QQQQQQQQQQQQQ
   669      1    -9.2404478424   0.000097034124       0.1504  QQ-QQQQQQQQQRRQQ
   670      1   -13.1829949035   0.000001882340       0.0029  QQ-RHHHHHHHQQQQQ
   671      1   -16.8905674923   0.000000046187       0.0001  QQ-RQQQQQQQRRRQQ
   672      1   -10.7950861995   0.000020499989       0.0318  QQE-EQQQQQQ-----
   673      1    -7.4016451631   0.000610247977       0.9459  QQEEEEEEEEEEEEEE
   674      1   -17.8581056415   0.000000017552       0.0000  QQEKEGGGGGGEEEEE
   675      1   -17.7245246800   0.000000020060       0.0000  QQELQQQQQQQQPPQQ
   676      1    -8.1235156468   0.000296484491       0.4596  QQEQQQQQQQQQQQQQ
   677      1   -31.1423388793   0.000000000000       0.0000  QQGGAGGGGGGEEGGS
   678      1   -15.2624362639   0.000000235293       0.0004  QQKDEEEEEEEDDDDD
   679      2    -7.5054171287   0.000550096341       0.8526  QQKKKKKKKKKKKKKK
   680      1   -31.3559752300   0.000000000000       0.0000  QQNGQQQRRQQEEEEG
   681      1   -19.4969065796   0.000000003409       0.0000  QQPHHHHHHHHHHHHF
   682      1   -10.0214516281   0.000044436399       0.0689  QQPQQQQQQQQQQQQQ
   683      1   -19.4716507242   0.000000003496       0.0000  QQPSPPSSSSSPPPPP
   684      2    -4.4083219929   0.012175591928      18.8722  QQQ-QQQQQQQ-----
   685      1    -8.9846364514   0.000125320456       0.1942  QQQ-QQQQQQQQQQQK
   686      1   -12.8869657312   0.000002530824       0.0039  QQQHQQQQQQQQKKQQ
   687      1   -14.3553402494   0.000000582848       0.0009  QQQHQQQQQQQQQQQL
   688      1   -10.1737142433   0.000038160323       0.0591  QQQQHQQQQQQQQQQQ
   689      1   -10.5632960591   0.000025847516       0.0401  QQQQPPPPPPPQQQQQ
   690     16    -5.2411001964   0.005294428719       8.2064  QQQQQQQQQQQQQQQQ
   691      1   -12.1225876792   0.000005435344       0.0084  QQQQQQQQQRQQQQQ-
   692      1   -12.6240296375   0.000003291953       0.0051  QQRHRRRRRRRRRRRR
   693      1   -14.0492205304   0.000000791591       0.0012  QQRQQQQQQQQQQQQL
   694      1   -12.3859518916   0.000004176855       0.0065  QQSSAAAAAAASSSSS
   695      1   -23.5080126841   0.000000000062       0.0000  QQSTNNNNNNNNTTTN
   696      1   -21.0983491096   0.000000000687       0.0000  QQWWWWWWCWW-WWWW
   697      1   -18.5736763541   0.000000008581       0.0000  QR-GEGGGGGGGGGGG
   698      1   -20.2595235340   0.000000001590       0.0000  QRLFLLLLLLLLLLFL
   699      1   -10.0085890495   0.000045011657       0.0698  QRQQQQQQQQQQQQQQ
   700      1   -19.0417151130   0.000000005374       0.0000  RCSSSSSSSSSGSSSS
   701      1    -9.6406388046   0.000065031499       0.1008  RGGGGGGGGGGGGGGG
   702      1   -19.0922106324   0.000000005109       0.0000  RHPPTTTTTTTPPPPP
   703      1   -23.5177576553   0.000000000061       0.0000  RHQYSSSSSSSYYYYY
   704      1   -20.7350819851   0.000000000988       0.0000  RIGRGGGGGGGGGGGG
   705      1    -8.5107156709   0.000201299709       0.3120  RKKKKKKKKKKKKKKK
   706      1   -15.8787501422   0.000000127042       0.0002  RLLLLLLLLLLRLLLL
   707      1   -11.2977811052   0.000012400409       0.0192  RQKKKKKKKKKKKKKK
   708      1    -8.4536628375   0.000213118366       0.3303  RR-HHHHHHHHHHHHH
   709      1   -10.4782613219   0.000028141609       0.0436  RR-KKKKKKKKKRRKK
   710      1    -7.2348132361   0.000721041952       1.1176  RR-KRRRRRRRRRRRR
   711      1    -8.0570287365   0.000316866903       0.4911  RR-QQQQQQQQQQQQQ
   712     13    -4.3347866097   0.013104670184      20.3122  RR-RRRRRRRRRRRRR
   713      1    -8.3942151780   0.000226171911       0.3506  RRE-EEEEEEE-----
   714      1   -19.8958823634   0.000000002287       0.0000  RRGGRRRRRRRGRRGG
   715      1   -21.7429052235   0.000000000361       0.0000  RRGIEEEEEEEGGGGG
   716      1   -21.6135294626   0.000000000411       0.0000  RRGRGGEEEEEGGGGG
   717      1   -12.5618234945   0.000003503236       0.0054  RRGRRRRRRRRRKKRR
   718      1    -8.6146041166   0.000181436629       0.2812  RRHHHHHHHHHHHHHH
   719      6    -6.9621738549   0.000947035617       1.4679  RRKKKKKKKKKKKKKK
   720      1   -16.1085335118   0.000000100961       0.0002  RRKKKKKKKKKTKKKN
   721      1   -12.7635337174   0.000002863306       0.0044  RRKKKQQQQQQKKKKK
   722      1   -14.6225740463   0.000000446166       0.0007  RRKRKKKKKKKRRRQR
   723      1   -12.2449890276   0.000004809156       0.0075  RRKRQRRRRRRRRRRR
   724      1   -12.6644739602   0.000003161468       0.0049  RRMKKKKKKKKKKKKK
   725      1   -12.2345769214   0.000004859491       0.0075  RRQHHHHHHHHHHHHH
   726      1   -17.7015781072   0.000000020526       0.0000  RRQKKKKKKKKKRRRR
   727      1   -13.0587429063   0.000002131376       0.0033  RRQQQQQQQQQQLLQQ
   728      1    -8.2802019244   0.000253486010       0.3929  RRQQQQQQQQQQQQQQ
   729      2    -3.9036614779   0.020167931654      31.2603  RRR-RRRRRRR-----
   730      1   -10.7700389084   0.000021019943       0.0326  RRRIRRRRRRRRRRRR
   731      1   -11.1913760689   0.000013792631       0.0214  RRRKKRRRRRRRRRRR
   732      3    -7.3915959117   0.000616411430       0.9554  RRRKRRRRRRRRRRRR
   733      1   -10.1770818035   0.000038032032       0.0589  RRRRGRRRRRRRRRRR
   734      1    -7.9760175842   0.000343605080       0.5326  RRRRKKKKKKKRRRRR
   735      1   -13.2617392575   0.000001739802       0.0027  RRRRKKKKKKKTRRRR
   736      1    -9.4486633507   0.000078794816       0.1221  RRRRRKKKKKKRRRRR
   737      1   -13.7258012643   0.000001093856       0.0017  RRRRRKRRRRRSRRRR
   738     14    -4.4915691936   0.011203050255      17.3647  RRRRRRRRRRRRRRRR
   739      1   -21.1707094019   0.000000000639       0.0000  RRRRRSSSSGSKRRRR
   740      1   -18.0542412797   0.000000014426       0.0000  RRRSSSSSSSSRQQRR
   741      1   -22.3393141346   0.000000000199       0.0000  RRSRSSSSSSSRRKRG
   742      1   -12.9531020861   0.000002368859       0.0037  RRSSSSSSSSSSSSNS
   743      1   -29.0556236672   0.000000000000       0.0000  RRTTITTTTTITTITT
   744      1    -8.1339388794   0.000293410214       0.4548  RRXRKRRRRRRRRRRR
   745      1   -19.3891278198   0.000000003797       0.0000  RSRRRRRTRRRRRRRR
   746      1   -13.8870066675   0.000000931000       0.0014  RTLLLLLLLLLLLLLL
   747      1    -8.3492861780   0.000236565324       0.3667  SA-SSSSSSSSSSSSS
   748      1    -8.1918872366   0.000276890832       0.4292  SAAAAAAAAAAAAAAA
   749      1    -8.5722789413   0.000189280798       0.2934  SASSSSSSSSSSSSSS
   750      1   -28.3384895398   0.000000000000       0.0000  SC-HSSSSSSSSCCSF
   751      1   -23.1786425101   0.000000000086       0.0000  SCHHHHHHHHHQQQHH
   752      1   -27.0409619357   0.000000000002       0.0000  SDDGDDDDDDDNSSDG
   753      1   -27.5857362555   0.000000000001       0.0000  SFAARAAAAAASAAAT
   754      1   -13.6137824747   0.000001223515       0.0019  SIVIIIIIIIIIIIII
   755      1   -24.3408607784   0.000000000027       0.0000  SN-ITAAAAAATTTIT
   756      1   -20.6326308576   0.000000001095       0.0000  SN-NSSSSSSSSDDND
   757      1   -17.4373773670   0.000000026733       0.0000  SNCCCCCCCCCCSSCC
   758      1   -14.2144443169   0.000000671035       0.0010  SNNNNNNNNNNNNNHN
   759      1    -9.3208768130   0.000089535370       0.1388  SNNNNNNNNNNNNNNN
   760      1   -22.0768526328   0.000000000258       0.0000  SNNSSSSSSSSRSSSN
   761      1   -15.8263700555   0.000000133874       0.0002  SNTTTTTTTTTTNNTT
   762      1   -25.3760155215   0.000000000010       0.0000  SPPPSSSSSSSASSAS
   763      1   -18.1104870000   0.000000013637       0.0000  SRVGGGGGGGGGGGGG
   764      1    -2.8224031889   0.059462870356      92.1674  SS--------------
   765      3    -4.1718948087   0.015423008768      23.9057  SS--SSSSSSSSSSSS
   766      1   -10.5452605556   0.000026317918       0.0408  SS-AAAAAAAAAAASA
   767      1   -14.6351220782   0.000000440603       0.0007  SS-NVSSSSSSSSSSS
   768      1    -8.6862116833   0.000168898657       0.2618  SS-PSSSSSSSSSSSS
   769      1   -11.0184395870   0.000016396550       0.0254  SS-SGGGGGGGGGGGG
   770      1   -10.1888076797   0.000037588678       0.0583  SS-SSSSSSSSSSNSS
   771     11    -4.3880777588   0.012424589338      19.2581  SS-SSSSSSSSSSSSS
   772      1    -6.6953684162   0.001236626197       1.9168  SSAAAAAAAAAAAAAA
   773      1    -7.5565307641   0.000522685421       0.8102  SSASSSSSSSSSSSSS
   774      1   -14.1201282907   0.000000737405       0.0011  SSCCCCCCCCCRCCCC
   775      1   -21.1656898570   0.000000000642       0.0000  SSCHCSCCCCCCCCCC
   776      1   -13.6476400470   0.000001182783       0.0018  SSCSSSSSSSSSSSSA
   777      1    -9.8740796306   0.000051492230       0.0798  SSCSSSSSSSSSSSSS
   778      1   -24.4673539070   0.000000000024       0.0000  SSD-TNNNNNNGQQNN
   779      1   -12.8349280683   0.000002666009       0.0041  SSFFFFFFFFFFFFFY
   780      1   -10.1136631473   0.000040522096       0.0628  SSFSSSSSSSSSSSSS
   781      1   -12.0791260812   0.000005676782       0.0088  SSGNSSSSSSSSSSSS
   782      1    -8.4469014691   0.000214564220       0.3326  SSGSSSSSSSSSSSSS
   783      1   -19.5182120397   0.000000003337       0.0000  SSIIIIIIIIIITAII
   784      1   -16.9815034927   0.000000042172       0.0001  SSIIIIIIIIITIIVI
   785      1    -8.0846301006   0.000308240542       0.4778  SSKKKKKKKKKKKKKK
   786      1   -17.4900081651   0.000000025362       0.0000  SSKKKKKKKKKKRRKG
   787      1    -8.8553971900   0.000142609962       0.2210  SSL-SSSSSSS-----
   788      1    -8.3509502579   0.000236171987       0.3661  SSLLLLLLLLLLLLLL
   789      1    -9.6727291106   0.000062977747       0.0976  SSN-TTTTTTT-----
   790      1   -17.4077232463   0.000000027537       0.0000  SSNNNNNNNNNKNTNN
   791      1   -12.6022125243   0.000003364563       0.0052  SSNNNNNNNNNNNNHN
   792      1    -7.7086450797   0.000448929329       0.6958  SSNNNNNNNNNNNNNN
   793      1   -10.9938753784   0.000016804306       0.0260  SSNNNNNNNNNSNNNN
   794      1   -11.2456295540   0.000013064270       0.0202  SSNNSSSSSSSNNNNN
   795      1   -12.9164724473   0.000002457238       0.0038  SSNSSSSSSSSSSSSG
   796      1   -18.1260298003   0.000000013427       0.0000  SSPLPPPPPPPPLLPP
   797      1   -11.8368907831   0.000007232753       0.0112  SSPPPPPPPPPPAAPP
   798      1    -7.4598720330   0.000575729841       0.8924  SSPPPPPPPPPPPPPP
   799      1   -18.2550746276   0.000000011801       0.0000  SSPPSSSSSSSPAAPA
   800      1   -12.0698322975   0.000005729786       0.0089  SSPPSSSSSSSPPPPP
   801      1   -16.8352117150   0.000000048816       0.0001  SSPPSSSSSSSPPPPS
   802      1   -13.1732804475   0.000001900715       0.0029  SSPPSSSSSSSSSSSS
   803      1   -11.4610159100   0.000010532805       0.0163  SSPSPPPPPPPPPPPP
   804      1   -13.4258391966   0.000001476495       0.0023  SSPSSSSSSSSPSSSS
   805      5    -8.8751471138   0.000139821057       0.2167  SSPSSSSSSSSSSSSS
   806      6    -3.7733538846   0.022974878833      35.6111  SSS-SSSSSSS-----
   807      1   -11.8603662476   0.000007064938       0.0110  SSS-SSSSSSSSSLSS
   808      1    -7.7695907880   0.000422386077       0.6547  SSS-TSSSSSS-----
   809      1   -23.9062827070   0.000000000041       0.0000  SSSCCCCCCCCNGGSS
   810      1   -20.1871040600   0.000000001709       0.0000  SSSGSSRSSSSGSSSS
   811      1    -8.4811719673   0.000207335570       0.3214  SSSGSSSSSSSSSSSS
   812      1   -14.4630190927   0.000000523348       0.0008  SSSISSSSSSSSNNSS
   813      1   -13.1751144631   0.000001897232       0.0029  SSSKSSSSSSSSNNSS
   814      1   -12.4594013998   0.000003881063       0.0060  SSSNNNNNNNNSSSSS
   815      1   -11.4090892133   0.000011094188       0.0172  SSSPPPPPPPPPPPPP
   816      1   -15.0341940426   0.000000295619       0.0005  SSSPSSSSSSSSSSSC
   817      2    -8.9090619435   0.000135158561       0.2095  SSSPSSSSSSSSSSSS
   818      1   -18.3937858374   0.000000010273       0.0000  SSSRSSSSSSSATTTT
   819      1    -8.1297058315   0.000294654866       0.4567  SSSSAAAAAAASSSSS
   820      1   -10.3811851676   0.000031010486       0.0481  SSSSCCCCCCCSSSSS
   821      1   -12.6962190402   0.000003062684       0.0047  SSSSNNNNNNNNSSSS
   822      1   -11.8723752768   0.000006980603       0.0108  SSSSSCSSSSSSSSSS
   823      1   -10.8729918248   0.000018963550       0.0294  SSSSSPSSSSSSSSSS
   824      2    -9.1616234725   0.000104992307       0.1627  SSSSSSSSSSSPSSSS
   825      3    -4.5821537439   0.010232833643      15.8609  SSSSSSSSSSSS-SSS
   826      1    -9.6589471008   0.000063851716       0.0990  SSSSSSSSSSSSASSS
   827     44    -4.6109279992   0.009942587313      15.4110  SSSSSSSSSSSSSSSS
   828      1    -8.4759315445   0.000208424948       0.3231  SSSSSSSSSSSSSSST
   829      1    -9.8713475156   0.000051633105       0.0800  SSSYSSSSSSSSSSSS
   830      1   -10.8169828033   0.000020055988       0.0311  SST-IIIIIII-----
   831      1   -15.6306878910   0.000000162809       0.0003  SSTRTTTTTTTTSSTT
   832      1    -9.8215394410   0.000054269974       0.0841  SSTSTTTTTTTTTTTT
   833      1   -16.3585930492   0.000000078624       0.0001  SSTTTTTTTTTIIITT
   834      1    -9.8371278311   0.000053430553       0.0828  SSYSSSSSSSSSSSSS
   835      1   -19.9963737509   0.000000002069       0.0000  STISIIIIIIIVIIII
   836      1   -17.9766289388   0.000000015590       0.0000  STTAAAAAAAAAAAAS
   837      1   -17.9945473844   0.000000015313       0.0000  SYKQQQQQQQQQQQQQ
   838      1    -4.3476743299   0.012936864500      20.0521  T-TTTTTTTTTTTTTT
   839      1   -19.4136758451   0.000000003705       0.0000  TAAATAAAAAAAATA-
   840      1   -16.5332299850   0.000000066025       0.0001  TAHNNNNNNNNNNNNN
   841      1   -19.5609690298   0.000000003197       0.0000  TAMMMMMIIIIMMMMM
   842      1    -9.5844399609   0.000068790840       0.1066  TKKKKKKKKKKKKKKK
   843      1   -17.0037804431   0.000000041243       0.0001  TKKKKKKKRKKKKKKK
   844      1    -8.6394692578   0.000176980809       0.2743  TSSSSSSSSSSSSSSS
   845      1    -7.7704139118   0.000422038544       0.6542  TT--TTTTTTTTTTST
   846      2    -8.0492574932   0.000319338946       0.4950  TT-IIIIIIIIIIIII
   847      1   -12.8850968124   0.000002535558       0.0039  TT-TIIIIIIITTTTS
   848      1   -19.7656901163   0.000000002605       0.0000  TT-TNNNNNNNITTMT
   849      1    -8.1577554435   0.000286504750       0.4441  TT-TTTTTTTTTAATT
   850      1    -8.4799036335   0.000207598707       0.3218  TT-TTTTTTTTTTTAT
   851      8    -4.2299311455   0.014553392581      22.5578  TT-TTTTTTTTTTTTT
   852      1    -7.1779636226   0.000763220466       1.1830  TTAAAAAAAAAAAAAA
   853      1   -11.7807291233   0.000007650580       0.0119  TTAAAAAAAAAAAATA
   854      1   -16.5602150077   0.000000064267       0.0001  TTAAAAAAAAAADDSA
   855      1   -13.7679872740   0.000001048671       0.0016  TTAAAAAAAAAAIIAA
   856      1   -18.6465364305   0.000000007978       0.0000  TTATITTTTTTMTTTT
   857      1   -18.4781757955   0.000000009441       0.0000  TTFSIIIIIIITTTTT
   858      1   -16.1343595556   0.000000098387       0.0002  TTIIIIIIIITIIIII
   859      1   -13.6430173641   0.000001188264       0.0018  TTISIIIIIIIIIIII
   860      1   -14.4132094849   0.000000550076       0.0009  TTITTTTTTTTTTATT
   861      1   -12.0064386879   0.000006104779       0.0095  TTIVIIIIIIIVVVVV
   862      3    -7.9251848148   0.000361523029       0.5604  TTKKKKKKKKKKKKKK
   863      1   -18.3304946254   0.000000010944       0.0000  TTKMTTTTTTTKKKKK
   864      1   -21.0481306268   0.000000000723       0.0000  TTNASTTTTTTTTTTN
   865      1   -16.9718853401   0.000000042580       0.0001  TTNINNNNNNNSNNNN
   866      1   -14.3856487194   0.000000565447       0.0009  TTNNNNNDDNNNNNNN
   867      1   -12.2794412765   0.000004646291       0.0072  TTNNNNNNNNNNKKNN
   868      2    -8.3768988883   0.000230122476       0.3567  TTNNNNNNNNNNNNNN
   869      1   -12.9883884139   0.000002286728       0.0035  TTNNNNNNNNNNNNNT
   870      1    -8.8437224510   0.000144284653       0.2236  TTRRRRRRRRRRRRRR
   871      1    -6.6276356949   0.001323288047       2.0511  TTS-TTTTTTT-----
   872      1   -10.6086168517   0.000024702235       0.0383  TTSSSSSSSSSSTTSS
   873      1   -12.8107890996   0.000002731146       0.0042  TTSSSSSSSSSSYYSS
   874      1   -11.0474026921   0.000015928467       0.0247  TTSSTSSSSSSSSSSS
   875      1   -13.2286039908   0.000001798417       0.0028  TTSVVVVVVVVVVVVV
   876      1   -17.9088800254   0.000000016683       0.0000  TTT-IIIIIIIASTTT
   877      1    -3.7191690505   0.024254113419      37.5939  TTT-TTTTTTT-----
   878      1   -19.4137688331   0.000000003704       0.0000  TTT-TTTTTTTMPSTT
   879      1   -16.1391880349   0.000000097913       0.0002  TTTAATTTTTTTAATT
   880      1    -9.7656290526   0.000057390656       0.0890  TTTATTTTTTTAAAAA
   881      1   -13.7436596560   0.000001074495       0.0017  TTTATTTTTTTTAAAA
   882      1   -11.7714094772   0.000007722214       0.0120  TTTATTTTTTTTAATT
   883      1   -11.5231786541   0.000009897992       0.0153  TTTATTTTTTTTTTST
   884      1   -21.0296006344   0.000000000736       0.0000  TTTITTTTTTTTIVIT
   885      1   -15.5880838301   0.000000169895       0.0003  TTTIVIIIIIIIIIII
   886      1    -8.6931378521   0.000167732879       0.2600  TTTNTTTTTTTTTTTT
   887      1   -19.2211439587   0.000000004491       0.0000  TTTTIIIIIIIITTTI
   888      1    -9.7410575890   0.000058818296       0.0912  TTTTITTTTTTTTTTT
   889      1   -16.3437257304   0.000000079801       0.0001  TTTTRTTTTTTRTTTT
   890      1    -9.7720375503   0.000057024044       0.0884  TTTTTATTTTTTTTTT
   891      1   -12.5982972356   0.000003377762       0.0052  TTTTTTMTTTTTTTTT
   892      1   -10.0064960150   0.000045105967       0.0699  TTTTTTTTTTTRTTTT
   893      2    -8.3433412479   0.000237975877       0.3689  TTTTTTTTTTTTAATT
   894      1    -9.9344257244   0.000048476776       0.0751  TTTTTTTTTTTTATTT
   895      1    -7.8838011809   0.000376798054       0.5840  TTTTTTTTTTTTSSTT
   896      1    -9.9894664725   0.000045880679       0.0711  TTTTTTTTTTTTTTET
   897     12    -4.4155169393   0.012088303591      18.7369  TTTTTTTTTTTTTTTT
   898      1    -4.4134067549   0.012113839073      18.7765  TTTTTTTXTTTTTTTT
   899      1   -29.9441348709   0.000000000000       0.0000  TTTYNNNNNNNFVVIV
   900      1    -7.7074085460   0.000449484788       0.6967  TTV-TTTTTTT-----
   901      1   -16.8441492753   0.000000048381       0.0001  TTVFVVVVVVVIIIII
   902      1   -26.8392865561   0.000000000002       0.0000  TTVTIVIIIIITVVIT
   903      1   -15.7128350072   0.000000149969       0.0002  TTVVAVVVVVVVVVVI
   904      1    -2.6465469066   0.070895600000     109.8882  V---------------
   905      1   -23.9119168876   0.000000000041       0.0000  VAAAAAAAAAAATTGM
   906      1   -17.1391412631   0.000000036022       0.0001  VAHLLLLLLLLLLLLL
   907      1    -7.6268717704   0.000487182496       0.7551  VI-VVVVVVVVVVVVV
   908      1    -9.5098626355   0.000074117222       0.1149  VILLLLLLLLLLLLLL
   909      1   -16.1760687886   0.000000094368       0.0001  VIVIVVIIIIIVVVVV
   910      1   -16.5155612225   0.000000067202       0.0001  VL-LIIIIIIIIIIVI
   911      1    -8.2753303168   0.000254723907       0.3948  VLLLLLLLLLLLLLLL
   912      1   -27.1672190837   0.000000000002       0.0000  VMR-IVVLVVV-----
   913      1   -20.0736305121   0.000000001915       0.0000  VTAAAAAAAAAATTAV
   914      1   -15.5601944634   0.000000174700       0.0003  VTVVCCCCCCCVVVVV
   915      1    -2.7677420237   0.062803653926      97.3457  VV--------------
   916      1   -13.5611012756   0.000001289700       0.0020  VV-AAAVAAAAAAAAA
   917      1    -9.0783855441   0.000114105677       0.1769  VV-EVVVVVVVVVVVV
   918      1    -6.3021386647   0.001832381733       2.8402  VV-IIIIIIIIIIIII
   919      1    -9.5592059341   0.000070548797       0.1094  VV-IVIIIIIIIIIII
   920      1    -6.7537044298   0.001166550203       1.8082  VV-IVVVVVVVVVVVV
   921      1   -10.5481381538   0.000026242295       0.0407  VV-LVVVVVVVIVVVV
   922      1   -11.4253310637   0.000010915453       0.0169  VV-VAVVVVVVIVVVV
   923      1   -10.2208485965   0.000036403392       0.0564  VV-VIIIIIIIIVVVV
   924      1    -7.9955050922   0.000336973895       0.5223  VV-VVVVVVVVVAAVV
   925      1    -7.2289938303   0.000725250221       1.1241  VV-VVVVVVVVVIIVV
   926      2    -8.3075634144   0.000246644282       0.3823  VV-VVVVVVVVVVVAV
   927     10    -3.9814327909   0.018658885895      28.9213  VV-VVVVVVVVVVVVV
   928      1   -10.2769095416   0.000034418734       0.0533  VVA-LLLLLLL-----
   929      1   -16.0228863524   0.000000109989       0.0002  VVAAAAAAAAAATTAG
   930      1    -9.5829169092   0.000068895692       0.1068  VVDDDDDDDDDDDDDD
   931      1   -12.7465163104   0.000002912449       0.0045  VVEAVVVVVVVVVVVV
   932      1    -8.4498465850   0.000213933233       0.3316  VVFFFFFFFFFFFFFF
   933      1   -11.9574926235   0.000006411017       0.0099  VVFFFFFFFFFYFFFF
   934      1   -13.2390438798   0.000001779739       0.0028  VVFVFFFFFFFFFFFF
   935      1   -19.7143543479   0.000000002743       0.0000  VVGEGGGGGGGGGGGE
   936      2    -6.5014344659   0.001501284107       2.3270  VVIIIIIIIIIIIIII
   937      1   -14.3257904195   0.000000600328       0.0009  VVIIIIVVVVVVIIII
   938      1   -21.4726950266   0.000000000473       0.0000  VVIIIVIIIIIIVVVT
   939      1   -27.9457754080   0.000000000001       0.0000  VVIIRRRQQQQ-IILL
   940      1   -19.2736165629   0.000000004262       0.0000  VVIIRRRRRRRKIIII
   941      1   -14.1648668966   0.000000705142       0.0011  VVIIVIIIIIIIVVIV
   942      1   -17.5323426125   0.000000024311       0.0000  VVIVVVVVVVVTVVVF
   943      1    -6.8937591489   0.001014094534       1.5718  VVIVVVVVVVVVVVVV
   944      1   -17.0657797373   0.000000038764       0.0001  VVL-AVIVVVV-----
   945      1   -11.8976691803   0.000006806250       0.0105  VVLFFFFFFFFFFFFF
   946      1    -6.7121536158   0.001216042414       1.8849  VVLLLLLLLLLLLLLL
   947      1   -11.4198102902   0.000010975881       0.0170  VVLLMMMMMMML--LL
   948      1   -30.9932656119   0.000000000000       0.0000  VVMMMMVNMMMMTTMM
   949      1   -18.1135442018   0.000000013595       0.0000  VVMVIIIIIIIIIIIM
   950      1   -13.2245887466   0.000001805652       0.0028  VVPPPPPPPPPPAAPP
   951      1   -13.3031467507   0.000001669232       0.0026  VVT-TIIIIII-----
   952      1   -10.6100734886   0.000024666279       0.0382  VVTIIIIIIIIIIIII
   953      1   -14.1221414322   0.000000735922       0.0011  VVTTTITTTTTTTTTT
   954      1   -13.4003146708   0.000001514667       0.0023  VVTTTTTTTTTRTTTT
   955      1   -24.5985167361   0.000000000021       0.0000  VVVAVVVVVAAVAAVV
   956      1   -18.9560180223   0.000000005855       0.0000  VVVAVVVVVVVTSSAS
   957      1    -9.9087883742   0.000049735660       0.0771  VVVGVVVVVVVVVVVV
   958      1    -9.9274144706   0.000048817853       0.0757  VVVIVVVVVVVIVVVV
   959      1    -6.9263197426   0.000981606795       1.5215  VVVIVVVVVVVVVVVV
   960      1   -28.1562024208   0.000000000001       0.0000  VVVKMVMMMTMVVVVV
   961      1   -19.3037166061   0.000000004135       0.0000  VVVVTAIIIIIVVVVV
   962      1   -17.6420647828   0.000000021785       0.0000  VVVVVVIVVVVVVVAI
   963      1    -7.1567143371   0.000779611891       1.2084  VVVVVVVVVVVIVVVV
   964      1   -16.0709809402   0.000000104824       0.0002  VVVVVVVVVVVVMMVG
   965      1   -17.9664263639   0.000000015750       0.0000  VVVVVVVVVVVVVMGV
   966      1    -8.4801758722   0.000207542199       0.3217  VVVVVVVVVVVVVVAV
   967      6    -4.1540451484   0.015700775885      24.3362  VVVVVVVVVVVVVVVV
   968      1   -30.8531521721   0.000000000000       0.0000  WGGGRRRRRRRGRGGE
   969      1   -37.0773337045   0.000000000000       0.0000  WRTMTIIIIIINSSTS
   970      1    -4.7521013464   0.008633534083      13.3820  WW--WWWWWWWWWWWW
   971      3    -4.8255856464   0.008021854524      12.4339  WW-WWWWWWWWWWWWW
   972      1    -9.5034955075   0.000074590642       0.1156  WWLWWWWWWWWWWWWW
   973      1    -9.6933520411   0.000061692262       0.0956  WWWRWWWWWWWWWWWW
   974      4    -4.9013268441   0.007436709168      11.5269  WWWWWWWWWWWWWWWW
   975      1    -2.8462972665   0.058058900000      89.9913  XXXEXXXXXXXXXXXX
   976      1   -16.2916055438   0.000000084071       0.0001  YCC-SCCCCCCC--CC
   977      1   -30.9428930693   0.000000000000       0.0000  YCHKHHHHHHHHHRRH
   978      1    -8.3722359958   0.000231198018       0.3584  YF-FFFFFFFFFFFFF
   979      1    -8.5156946499   0.000200299933       0.3105  YFYYYYYYYYYYYYYY
   980      1   -22.7788904401   0.000000000128       0.0000  YHHHHHHHHHHPCCHH
   981      1   -27.2338859354   0.000000000001       0.0000  YHNTNNHNNNNSNNNN
   982      1    -4.1340166697   0.016018408774      24.8285  YY--YYYYYYYYYYYY
   983      1   -25.1805951479   0.000000000012       0.0000  YY-HLHHHHHHYYYRY
   984      1   -21.4233444466   0.000000000497       0.0000  YY-RHHHHHHHCCCCC
   985      1   -11.8299692661   0.000007282989       0.0113  YY-YHHHHHHHHHHHH
   986      4    -4.2474640396   0.014300453347      22.1657  YY-YYYYYYYYYYYYY
   987      1   -21.9280265510   0.000000000300       0.0000  YYCCCCCCCCCGCCCY
   988      1   -22.5664375164   0.000000000158       0.0000  YYCCYYYYYYYCCCCY
   989      1   -25.3779196657   0.000000000010       0.0000  YYCDDDDDDDDEDDND
   990      1    -6.4901037258   0.001518391504       2.3535  YYF-FFFFFFF-----
   991      1    -6.9595459716   0.000949527589       1.4718  YYFFFFFFFFFFFFFF
   992      1   -12.5833135935   0.000003428754       0.0053  YYFFFFFFFFFFFFVF
   993      1   -20.8300322334   0.000000000899       0.0000  YYHHHHHHHHHLCCHH
   994      1   -18.8719948621   0.000000006368       0.0000  YYNNSNNNNNNNYYNN
   995      1   -35.2285946441   0.000000000000       0.0000  YYQRNNNNNNSYCCYY
   996      1    -3.9260148518   0.019722111691      30.5693  YYY-YYYYYYY-----
   997      1   -28.6803937005   0.000000000000       0.0000  YYYH-YYYYYYFCCDF
   998      1   -15.4150205351   0.000000201995       0.0003  YYYLYYYYYYYHHHHH
   999      1   -20.4398843488   0.000000001328       0.0000  YYYNYYYYYYYSDDYY
  1000      1   -11.2131088683   0.000013496113       0.0209  YYYYCCCCCCCYYYYY
  1001      1   -11.5967952129   0.000009195510       0.0143  YYYYCYYYYYYYYYYY
  1002      8    -4.3644027692   0.012722251027      19.7195  YYYYYYYYYYYYYYYY