

TREE # 1

  0  0.0000  15971.296929  x:  0.00078   0.07058   0.02644   0.01136   0.01374   0.00821   0.00963   0.01019   0.01061   0.00810   0.01356   0.01330   0.02402   0.05823   0.32505   0.17953   0.06370   0.05449   0.04866   0.00394   0.02047   0.07514   0.02250   0.02284   0.06753   0.10856   0.00000   0.07886   0.14915  
  1 99.0000  15930.003634  x:  0.00516   0.07247   0.02448   0.00972   0.00973   0.00000   0.00745   0.00270   0.00355   0.00367   0.00871   0.01004   0.02408   0.05886   0.32238   0.18331   0.06311   0.05477   0.04586   0.00071   0.01939   0.07731   0.02159   0.02120   0.06805   0.10966   0.01729   0.07846   0.14968  
  2 4506.4152  15927.178221  x:  0.00544   0.07283   0.02409   0.00948   0.00919   0.00111   0.00734   0.00173   0.00261   0.00356   0.00811   0.00973   0.02406   0.05901   0.32175   0.18417   0.06297   0.05484   0.04519   0.00000   0.01917   0.07779   0.02145   0.02089   0.06816   0.10992   0.01743   0.07827   0.14977  
  3 2453.3424  15922.079937  x:  0.00585   0.07385   0.02299   0.00899   0.00792   0.00048   0.00728   0.00066   0.00109   0.00384   0.00652   0.00894   0.02407   0.05943   0.31981   0.18672   0.06256   0.05502   0.04320   0.00000   0.01859   0.07921   0.02107   0.02001   0.06850   0.11067   0.01583   0.07767   0.15001  
  4 3196.4453  15915.307986  x:  0.00703   0.07595   0.02075   0.00797   0.00541   0.00054   0.00695   0.00195   0.00060   0.00370   0.00354   0.00737   0.02407   0.06029   0.31585   0.19192   0.06174   0.05540   0.03916   0.00000   0.01742   0.08207   0.02030   0.01826   0.06918   0.11220   0.01460   0.07651   0.15052  
  5 6877.6072  15912.254714  x:  0.00768   0.07711   0.01955   0.00749   0.00429   0.00053   0.00679   0.00169   0.00153   0.00361   0.00235   0.00660   0.02408   0.06077   0.31364   0.19480   0.06128   0.05561   0.03693   0.00000   0.01679   0.08365   0.01989   0.01733   0.06956   0.11305   0.01401   0.07588   0.15080  
  6 15350.8339  15896.791150  x:  0.01119   0.08356   0.01343   0.00608   0.00345   0.00020   0.00632   0.00185   0.00201   0.00270   0.00653   0.00432   0.02424   0.06337   0.30094   0.21114   0.05874   0.05675   0.02450   0.00000   0.01364   0.09240   0.01794   0.01279   0.07166   0.11780   0.01235   0.07240   0.15242  
  7 6166.9896  15886.161308  x:  0.01366   0.08853   0.01055   0.00695   0.00730   0.00012   0.00633   0.00197   0.00210   0.00427   0.00564   0.00754   0.02440   0.06536   0.29033   0.22429   0.05678   0.05762   0.01537   0.00000   0.01194   0.09909   0.01714   0.01110   0.07330   0.12153   0.01243   0.06981   0.15374  
  8 6764.5955  15875.066913  x:  0.01472   0.09371   0.01563   0.01027   0.00621   0.00003   0.00815   0.00194   0.00209   0.00191   0.00579   0.00890   0.02453   0.06741   0.27592   0.24035   0.05480   0.05846   0.01044   0.00000   0.01308   0.10597   0.01881   0.01621   0.07504   0.12572   0.01179   0.06733   0.15534  
  9 2635.1363  15869.026681  x:  0.01520   0.09752   0.01920   0.01069   0.00514   0.00016   0.00827   0.00210   0.00224   0.00661   0.00674   0.00763   0.02453   0.06873   0.26320   0.25367   0.05342   0.05905   0.01096   0.00000   0.01448   0.11098   0.02013   0.01955   0.07630   0.12895   0.01272   0.06573   0.15664  
 10 4367.5028  15857.580717  x:  0.01364   0.10219   0.02130   0.00685   0.00897   0.00014   0.00510   0.00209   0.00229   0.00479   0.00604   0.00640   0.02426   0.06969   0.24017   0.27541   0.05194   0.05971   0.02009   0.00000   0.01656   0.11723   0.02114   0.02100   0.07767   0.13353   0.01186   0.06426   0.15866  
 11 3093.9475  15850.718413  x:  0.00973   0.10314   0.01925   0.00787   0.00694   0.00005   0.01027   0.00210   0.00229   0.00411   0.00645   0.00979   0.02416   0.06873   0.22139   0.28994   0.05206   0.05971   0.02757   0.00000   0.01692   0.11876   0.02049   0.01816   0.07758   0.13552   0.01283   0.06501   0.15987  
 12 2288.9040  15845.710429  x:  0.00406   0.10050   0.01820   0.01282   0.00620   0.00014   0.00707   0.00207   0.00224   0.00415   0.00642   0.00919   0.02422   0.06638   0.20510   0.29842   0.05360   0.05905   0.02818   0.00000   0.01585   0.11569   0.02017   0.01685   0.07605   0.13497   0.01355   0.06751   0.16031  
 13 1299.8035  15839.325610  x:  0.00311   0.09362   0.01920   0.00892   0.00789   0.00022   0.00935   0.00208   0.00222   0.00428   0.00591   0.00723   0.02426   0.06190   0.17919   0.30722   0.05701   0.05729   0.02403   0.00000   0.01449   0.10627   0.02051   0.01831   0.07253   0.13154   0.01384   0.07248   0.16025  
 14 1214.9181  15836.900310  x:  0.00731   0.09058   0.01945   0.00809   0.00644   0.00011   0.00758   0.00207   0.00224   0.00441   0.00644   0.00930   0.02431   0.06038   0.16733   0.31028   0.05831   0.05641   0.02323   0.00000   0.01509   0.10151   0.02043   0.01829   0.07118   0.12956   0.01297   0.07425   0.16004  
 15 1567.6807  15836.391455  x:  0.00907   0.09005   0.01916   0.00937   0.00711   0.00019   0.00812   0.00207   0.00223   0.00434   0.00618   0.00817   0.02431   0.06097   0.16428   0.31021   0.05817   0.05620   0.02342   0.00000   0.01606   0.10033   0.02027   0.01781   0.07132   0.12881   0.01270   0.07389   0.15982  
 16 420.2607  15835.860798  x:  0.00821   0.08982   0.01871   0.00893   0.00689   0.00017   0.00798   0.00206   0.00223   0.00433   0.00622   0.00843   0.02431   0.06438   0.15933   0.30778   0.05663   0.05607   0.02296   0.00000   0.01768   0.09907   0.02035   0.01765   0.07281   0.12712   0.01294   0.07113   0.15906  
 17 198.9006  15835.696449  x:  0.00839   0.09035   0.01889   0.00908   0.00690   0.00014   0.00802   0.00207   0.00223   0.00435   0.00623   0.00844   0.02429   0.06505   0.15718   0.30608   0.05609   0.05642   0.02337   0.00000   0.01580   0.09922   0.02035   0.01792   0.07323   0.12658   0.01293   0.07003   0.15867  
 18 136.9601  15835.564387  x:  0.00828   0.09187   0.01901   0.00903   0.00691   0.00016   0.00801   0.00207   0.00223   0.00435   0.00623   0.00842   0.02420   0.06353   0.15441   0.30290   0.05612   0.05745   0.02326   0.00000   0.01619   0.10107   0.02017   0.01780   0.07345   0.12667   0.01291   0.07003   0.15824  
 19 69.6366  15835.546852  x:  0.00831   0.09197   0.01872   0.00905   0.00690   0.00016   0.00801   0.00207   0.00223   0.00434   0.00622   0.00841   0.02444   0.06373   0.15402   0.30236   0.05609   0.05712   0.02329   0.00000   0.01619   0.10144   0.02056   0.01796   0.07325   0.12706   0.01289   0.07044   0.15831  
 20 28.2237  15835.528562  x:  0.00831   0.09196   0.01898   0.00903   0.00691   0.00016   0.00801   0.00207   0.00223   0.00435   0.00623   0.00842   0.02433   0.06417   0.15367   0.30184   0.05611   0.05663   0.02327   0.00000   0.01615   0.10178   0.02030   0.01778   0.07300   0.12767   0.01285   0.07091   0.15849  
 21 34.8594  15835.498764  x:  0.00835   0.09164   0.01865   0.00906   0.00690   0.00015   0.00801   0.00207   0.00223   0.00435   0.00623   0.00842   0.02381   0.06427   0.15349   0.30150   0.05654   0.05663   0.02330   0.00000   0.01617   0.10176   0.02006   0.01820   0.07303   0.12857   0.01278   0.07065   0.15894  
 22 11.8814  15835.395519  x:  0.00838   0.09075   0.01898   0.00903   0.00690   0.00015   0.00801   0.00207   0.00223   0.00435   0.00623   0.00842   0.02446   0.06414   0.15316   0.30079   0.05760   0.05699   0.02327   0.00000   0.01611   0.10137   0.02041   0.01774   0.07344   0.13088   0.01256   0.06947   0.16031  
 23 44.2528  15834.485695  x:  0.00816   0.09087   0.01900   0.00904   0.00689   0.00017   0.00802   0.00207   0.00223   0.00437   0.00624   0.00842   0.02412   0.06109   0.15308   0.29964   0.05149   0.05597   0.02322   0.00000   0.01611   0.09873   0.02037   0.01776   0.07488   0.13336   0.01024   0.06940   0.16532  
 24 19.0558  15831.923535  x:  0.00763   0.09335   0.01877   0.00904   0.00686   0.00020   0.00806   0.00210   0.00225   0.00445   0.00631   0.00857   0.02495   0.06407   0.15357   0.29896   0.05285   0.06026   0.02342   0.00000   0.01635   0.09750   0.01963   0.01825   0.07408   0.13039   0.00429   0.07298   0.16991  
 25 72.6677  15831.555696  x:  0.00761   0.09269   0.01914   0.00907   0.00687   0.00019   0.00808   0.00210   0.00226   0.00445   0.00632   0.00860   0.02332   0.06355   0.15371   0.29908   0.05375   0.05846   0.02338   0.00000   0.01631   0.09859   0.02126   0.01738   0.07378   0.12972   0.00341   0.07194   0.16825  
 26 114.6812  15831.361310  x:  0.00760   0.09179   0.01899   0.00908   0.00687   0.00020   0.00808   0.00211   0.00226   0.00446   0.00632   0.00860   0.02432   0.06278   0.15381   0.29924   0.05422   0.05662   0.02349   0.00000   0.01638   0.09958   0.02026   0.01791   0.07370   0.12958   0.00295   0.07081   0.16614  
 27 126.7161  15831.328393  x:  0.00763   0.09133   0.01900   0.00908   0.00687   0.00021   0.00808   0.00211   0.00226   0.00446   0.00632   0.00860   0.02429   0.06288   0.15384   0.29934   0.05375   0.05729   0.02349   0.00000   0.01633   0.09932   0.02028   0.01790   0.07417   0.13061   0.00288   0.07129   0.16420  
 28 27.3102  15831.327073  x:  0.00761   0.09156   0.01899   0.00908   0.00687   0.00021   0.00808   0.00211   0.00226   0.00446   0.00632   0.00860   0.02429   0.06287   0.15385   0.29935   0.05375   0.05728   0.02348   0.00000   0.01636   0.09914   0.02028   0.01790   0.07394   0.13074   0.00288   0.07120   0.16405  
 29  5.5190  15831.325482  x:  0.00760   0.09178   0.01899   0.00908   0.00687   0.00021   0.00808   0.00211   0.00226   0.00446   0.00632   0.00860   0.02429   0.06286   0.15386   0.29934   0.05390   0.05712   0.02348   0.00000   0.01634   0.09899   0.02028   0.01790   0.07421   0.13077   0.00288   0.07127   0.16400  
 30  0.8191  15829.692729  x:  0.00764   0.09000   0.01901   0.00878   0.00725   0.00064   0.00758   0.00208   0.00233   0.00408   0.00639   0.00875   0.02403   0.06362   0.16117   0.28502   0.05679   0.05538   0.02308   0.00000   0.01607   0.09951   0.02031   0.01798   0.07372   0.12683   0.00460   0.07056   0.15573  
 31  0.2567  15829.424872  x:  0.00749   0.08961   0.01891   0.00893   0.00752   0.00052   0.00747   0.00198   0.00235   0.00404   0.00641   0.00879   0.02422   0.06410   0.16313   0.27917   0.05694   0.05689   0.02311   0.00000   0.01645   0.09800   0.02035   0.01792   0.07272   0.12484   0.00391   0.07172   0.15785  
 32  0.0095  15829.387129  x:  0.00738   0.08890   0.01892   0.00900   0.00772   0.00042   0.00753   0.00188   0.00238   0.00400   0.00647   0.00890   0.02421   0.06368   0.16257   0.28023   0.05695   0.05654   0.02343   0.00000   0.01652   0.09749   0.02038   0.01787   0.07258   0.12507   0.00391   0.07172   0.15747  
 33  0.0014  15829.379707  x:  0.00737   0.08926   0.01894   0.00895   0.00782   0.00044   0.00753   0.00184   0.00240   0.00398   0.00654   0.00897   0.02418   0.06374   0.16243   0.28046   0.05693   0.05650   0.02349   0.00000   0.01642   0.09752   0.02036   0.01792   0.07281   0.12525   0.00386   0.07175   0.15776  
 34  0.0006  15829.378176  x:  0.00738   0.08927   0.01893   0.00897   0.00784   0.00043   0.00752   0.00182   0.00242   0.00401   0.00659   0.00898   0.02419   0.06377   0.16250   0.28025   0.05692   0.05652   0.02344   0.00000   0.01645   0.09767   0.02037   0.01792   0.07279   0.12521   0.00390   0.07169   0.15763  
 35  0.0003  15829.378067  x:  0.00739   0.08923   0.01892   0.00897   0.00784   0.00044   0.00752   0.00182   0.00242   0.00402   0.00660   0.00897   0.02419   0.06377   0.16249   0.28030   0.05693   0.05654   0.02341   0.00000   0.01645   0.09763   0.02037   0.01791   0.07276   0.12518   0.00389   0.07170   0.15765  
 36  0.0001  15829.378053  x:  0.00739   0.08923   0.01892   0.00897   0.00783   0.00044   0.00753   0.00182   0.00242   0.00401   0.00660   0.00897   0.02419   0.06377   0.16250   0.28029   0.05692   0.05654   0.02341   0.00000   0.01645   0.09763   0.02036   0.01790   0.07276   0.12519   0.00389   0.07170   0.15766  
 37  0.0000  15829.378050  x:  0.00739   0.08924   0.01892   0.00897   0.00783   0.00044   0.00752   0.00182   0.00242   0.00401   0.00661   0.00897   0.02419   0.06377   0.16249   0.28030   0.05692   0.05653   0.02341   0.00000   0.01645   0.09763   0.02036   0.01790   0.07276   0.12519   0.00389   0.07170   0.15765  
 38  0.0000  15829.378050  x:  0.00739   0.08924   0.01892   0.00897   0.00783   0.00044   0.00752   0.00182   0.00242   0.00401   0.00661   0.00897   0.02419   0.06377   0.16249   0.28029   0.05692   0.05654   0.02341   0.00000   0.01645   0.09763   0.02036   0.01790   0.07276   0.12519   0.00389   0.07170   0.15765  