

TREE # 1

  0  0.0000  11692.295231  x:  0.00000   0.05702   0.05583   0.02219   0.05476   0.04733   0.02695   0.02811   0.04704   0.01971   0.03755   0.02611   0.02501   0.06413   0.10078   0.17124   0.06641   0.05424   0.05672   0.02408   0.06102   0.07073   0.02381   0.02720   0.06790   0.10266   0.03078   0.07683   0.13472   2.00000   0.90000   0.29673   1.19979  
  1 99.0000  11523.212701  x:  0.02762   0.06958   0.04699   0.00933   0.03335   0.01820   0.00606   0.00000   0.01822   0.00651   0.01301   0.01475   0.02179   0.07759   0.12143   0.18784   0.06350   0.05963   0.04996   0.00556   0.04829   0.07864   0.02889   0.02642   0.08854   0.10394   0.01285   0.08191   0.14121   2.00174   0.89619   0.30471   1.19874  
  2 2794.0218  11508.763820  x:  0.03283   0.07199   0.04529   0.00690   0.02922   0.01256   0.00213   0.00044   0.01265   0.00405   0.00828   0.01260   0.02118   0.08017   0.12540   0.19104   0.06294   0.06067   0.04864   0.00201   0.04583   0.08016   0.02986   0.02627   0.09250   0.10419   0.00940   0.08289   0.14247   2.00208   0.89546   0.30625   1.19854  
  3 22496.6711  11487.015948  x:  0.03568   0.07415   0.04349   0.00649   0.02491   0.00608   0.00574   0.00054   0.00637   0.00629   0.00405   0.01155   0.02088   0.08259   0.12920   0.19439   0.06231   0.06160   0.04703   0.00000   0.04327   0.08157   0.03044   0.02609   0.09616   0.10448   0.00631   0.08389   0.14378   2.00249   0.89480   0.30782   1.19834  
  4 6186.6909  11474.386217  x:  0.03667   0.07567   0.04204   0.00752   0.02158   0.00065   0.00588   0.00059   0.00139   0.00777   0.00304   0.01164   0.02085   0.08438   0.13207   0.19711   0.06179   0.06227   0.04561   0.00339   0.04131   0.08262   0.03066   0.02594   0.09884   0.10478   0.00471   0.08471   0.14486   2.00285   0.89432   0.30907   1.19819  
  5 6196.3284  11464.263285  x:  0.03607   0.07890   0.03861   0.01083   0.01421   0.00029   0.00565   0.00063   0.00035   0.00986   0.00936   0.01357   0.02114   0.08835   0.13865   0.20393   0.06047   0.06367   0.04178   0.00265   0.03638   0.08489   0.03062   0.02560   0.10475   0.10543   0.00224   0.08674   0.14757   2.00384   0.89328   0.31217   1.19782  
  6 1811.4791  11460.271957  x:  0.03597   0.08089   0.03656   0.01247   0.00992   0.00015   0.00572   0.00066   0.00199   0.01112   0.01126   0.01445   0.02126   0.09078   0.14265   0.20804   0.05969   0.06454   0.03952   0.00330   0.03346   0.08629   0.03065   0.02540   0.10836   0.10583   0.00090   0.08797   0.14921   2.00444   0.89264   0.31405   1.19760  
  7 13373.9680  11458.936816  x:  0.03594   0.08174   0.03569   0.01307   0.00823   0.00099   0.00580   0.00067   0.00214   0.01162   0.01166   0.01477   0.02130   0.09182   0.14438   0.20982   0.05935   0.06491   0.03856   0.00383   0.03222   0.08689   0.03066   0.02532   0.10992   0.10601   0.00051   0.08851   0.14993   2.00470   0.89236   0.31486   1.19751  
  8 15821.1764  11448.607509  x:  0.03015   0.08812   0.02917   0.01548   0.00600   0.00133   0.00669   0.00071   0.00272   0.01111   0.01268   0.01838   0.02187   0.10000   0.15843   0.22578   0.05657   0.06771   0.03015   0.00370   0.02243   0.09154   0.02984   0.02500   0.12205   0.10765   0.01292   0.09342   0.15649   2.00725   0.89007   0.32231   1.19665  
  9 2457.6704  11438.952249  x:  0.02072   0.09378   0.02477   0.01690   0.01692   0.00162   0.00662   0.00070   0.00316   0.01111   0.01339   0.02081   0.02249   0.10754   0.17186   0.24238   0.05417   0.07020   0.02291   0.00403   0.01586   0.09598   0.02872   0.02525   0.13308   0.10943   0.01120   0.09750   0.16294   2.01015   0.88770   0.33042   1.19573  
 10 2323.5806  11428.630886  x:  0.00256   0.09715   0.02800   0.01359   0.01548   0.00145   0.00664   0.00059   0.00284   0.00791   0.01213   0.01994   0.02342   0.11249   0.18258   0.26005   0.05326   0.07155   0.02302   0.00375   0.02253   0.09936   0.02711   0.02686   0.14031   0.11159   0.00935   0.10048   0.16939   2.01405   0.88538   0.34001   1.19468  
 11 1113.9421  11425.881423  x:  0.00086   0.09806   0.03141   0.01312   0.01653   0.00157   0.00458   0.00059   0.00305   0.01254   0.01258   0.01927   0.02351   0.11331   0.18703   0.26975   0.05367   0.07172   0.02943   0.00320   0.02479   0.10002   0.02707   0.02747   0.14175   0.11283   0.01064   0.10148   0.17268   2.01682   0.88427   0.34595   1.19407  
 12 684.5432  11422.948779  x:  0.00311   0.09855   0.03577   0.01346   0.01828   0.00171   0.00722   0.00066   0.00336   0.01048   0.01529   0.01884   0.02363   0.11339   0.19218   0.28288   0.05472   0.07169   0.03812   0.00460   0.02725   0.10030   0.02746   0.02809   0.14228   0.11459   0.01150   0.10239   0.17694   2.02102   0.88280   0.35455   1.19319  
 13 1127.2274  11420.257751  x:  0.00180   0.09412   0.03628   0.01888   0.01749   0.00162   0.00650   0.00062   0.00313   0.00844   0.01224   0.02196   0.02428   0.10809   0.19283   0.29788   0.05826   0.07051   0.04115   0.00323   0.02422   0.09740   0.02948   0.02734   0.13531   0.11674   0.01049   0.10143   0.18089   2.02871   0.88113   0.36800   1.19188  
 14 380.2710  11417.431483  x:  0.00324   0.08813   0.03360   0.01304   0.01684   0.00158   0.00666   0.00063   0.00311   0.00991   0.01373   0.02099   0.02345   0.10115   0.19151   0.31490   0.06157   0.06908   0.03691   0.00419   0.02298   0.09409   0.03000   0.02678   0.12574   0.11890   0.01027   0.10010   0.18471   2.03989   0.87988   0.38548   1.19030  
 15 563.6045  11416.685397  x:  0.00520   0.08802   0.03349   0.01572   0.01710   0.00163   0.00631   0.00064   0.00318   0.01047   0.01361   0.01861   0.02389   0.10029   0.18941   0.31919   0.06056   0.06888   0.03340   0.00383   0.02605   0.09428   0.02841   0.02761   0.12376   0.11865   0.01081   0.10000   0.18472   2.04613   0.88123   0.39213   1.18996  
 16 239.6151  11414.814479  x:  0.00678   0.09401   0.03689   0.01447   0.01677   0.00160   0.00606   0.00064   0.00312   0.01077   0.01296   0.02385   0.02365   0.10285   0.17703   0.32517   0.05343   0.06971   0.03116   0.00374   0.02602   0.09731   0.02783   0.02887   0.12182   0.11508   0.01056   0.10018   0.17982   2.07434   0.89256   0.41388   1.18994  
 17 203.3853  11412.996741  x:  0.00457   0.09822   0.03505   0.01488   0.01668   0.00160   0.00644   0.00063   0.00314   0.01024   0.01375   0.01798   0.02342   0.10543   0.16676   0.32759   0.05170   0.07159   0.03352   0.00414   0.02256   0.09910   0.02971   0.02686   0.12238   0.11256   0.01075   0.10041   0.17484   2.10483   0.90624   0.43421   1.19045  
 18 522.7595  11410.762882  x:  0.00496   0.09806   0.02765   0.01463   0.01699   0.00161   0.00637   0.00064   0.00315   0.01032   0.01350   0.02074   0.02455   0.10743   0.16280   0.32521   0.05902   0.07387   0.03595   0.00395   0.02644   0.09864   0.02859   0.02608   0.12791   0.11269   0.01080   0.10063   0.17040   2.15088   0.92877   0.45900   1.19221  
 19 440.9312  11407.444374  x:  0.00522   0.09242   0.03576   0.01485   0.01678   0.00162   0.00640   0.00064   0.00317   0.01058   0.01379   0.01980   0.02242   0.10789   0.16789   0.31542   0.06675   0.07187   0.03214   0.00411   0.02343   0.09460   0.02789   0.03010   0.13524   0.11581   0.01101   0.10036   0.16785   2.22751   0.96561   0.49467   1.19582  
 20 697.9242  11405.468563  x:  0.00515   0.08944   0.03539   0.01439   0.01677   0.00160   0.00634   0.00064   0.00314   0.01048   0.01360   0.01972   0.02567   0.10548   0.17692   0.30665   0.05919   0.06632   0.03268   0.00402   0.02421   0.09375   0.02830   0.02413   0.13461   0.11685   0.01082   0.09978   0.17078   2.27556   0.98413   0.51317   1.19802  
 21 528.1925  11404.618646  x:  0.00446   0.08931   0.03226   0.01472   0.01673   0.00160   0.00639   0.00063   0.00312   0.01022   0.01354   0.01956   0.02267   0.10384   0.18179   0.30181   0.05484   0.06565   0.03439   0.00398   0.02458   0.09432   0.02906   0.02778   0.13205   0.11631   0.01072   0.09943   0.17345   2.29877   0.98966   0.52013   1.19890  
 22 456.3261  11403.596542  x:  0.00400   0.09271   0.03276   0.01441   0.01661   0.00158   0.00643   0.00063   0.00310   0.01005   0.01349   0.01934   0.02409   0.10295   0.18737   0.29467   0.05565   0.07297   0.03509   0.00404   0.02355   0.09679   0.02550   0.02799   0.12552   0.11334   0.01055   0.09920   0.17863   2.33278   0.98755   0.52500   1.19953  
 23 218.3672  11402.888262  x:  0.00414   0.09467   0.03379   0.01483   0.01701   0.00163   0.00648   0.00064   0.00318   0.01041   0.01385   0.01981   0.02332   0.10368   0.18965   0.29043   0.05725   0.07601   0.03369   0.00408   0.02547   0.09806   0.03071   0.02652   0.12319   0.11206   0.01094   0.09951   0.18161   2.36004   0.98188   0.52632   1.19988  
 24 338.3395  11398.258931  x:  0.00368   0.09463   0.03361   0.01519   0.01720   0.00165   0.00665   0.00064   0.00322   0.01035   0.01412   0.01997   0.02184   0.11257   0.18680   0.27434   0.06082   0.06316   0.03546   0.00409   0.02519   0.09514   0.02723   0.02673   0.12831   0.11634   0.01084   0.10332   0.18949   2.55393   0.92150   0.51725   1.20238  
 25 349.5631  11396.870423  x:  0.00380   0.09165   0.03337   0.01444   0.01720   0.00164   0.00668   0.00064   0.00322   0.01046   0.01426   0.01948   0.02877   0.11007   0.18626   0.27570   0.05825   0.06549   0.03579   0.00415   0.02450   0.09493   0.02979   0.03125   0.13144   0.11810   0.01086   0.10242   0.18767   2.61660   0.90664   0.50689   1.20505  
 26 598.3786  11393.077300  x:  0.00392   0.08348   0.03452   0.01497   0.01704   0.00163   0.00653   0.00063   0.00317   0.01021   0.01376   0.01989   0.02353   0.09841   0.18638   0.28838   0.05011   0.07727   0.03587   0.00387   0.02464   0.09603   0.02817   0.02739   0.13897   0.12179   0.01076   0.09838   0.17837   2.77950   0.87529   0.46992   1.21460  
 27 1087.5378  11389.455710  x:  0.00408   0.09300   0.03343   0.01444   0.01654   0.00156   0.00622   0.00062   0.00304   0.01002   0.01301   0.01923   0.02371   0.09728   0.18966   0.31247   0.05591   0.06710   0.03364   0.00365   0.02408   0.09698   0.02822   0.02759   0.12758   0.11610   0.01020   0.09887   0.17183   2.93884   0.86009   0.41786   1.22861  
 28 553.8465  11389.161651  x:  0.00445   0.09003   0.03315   0.01442   0.01643   0.00155   0.00615   0.00061   0.00301   0.00998   0.01282   0.01922   0.02357   0.10265   0.18737   0.31517   0.05473   0.06874   0.03362   0.00358   0.02419   0.09451   0.02823   0.02748   0.12564   0.11608   0.00995   0.09967   0.17641   2.95209   0.86060   0.41206   1.23056  
 29 101.7195  11389.131495  x:  0.00451   0.09038   0.03320   0.01440   0.01642   0.00155   0.00614   0.00061   0.00301   0.00999   0.01280   0.01921   0.02357   0.10167   0.18595   0.31538   0.05493   0.06850   0.03351   0.00357   0.02409   0.09529   0.02823   0.02749   0.12646   0.11635   0.00989   0.09942   0.17911   2.95345   0.86102   0.41122   1.23134  
 30 18.7302  11389.124972  x:  0.00450   0.09083   0.03320   0.01439   0.01642   0.00154   0.00614   0.00061   0.00301   0.00999   0.01279   0.01921   0.02357   0.10127   0.18586   0.31537   0.05483   0.06863   0.03349   0.00357   0.02414   0.09437   0.02823   0.02748   0.12670   0.11613   0.00986   0.09991   0.17932   2.95362   0.86077   0.41145   1.23322  
 31  3.0937  11387.834812  x:  0.00485   0.08928   0.03339   0.01400   0.01614   0.00149   0.00606   0.00060   0.00289   0.00989   0.01197   0.01875   0.02331   0.10432   0.18507   0.31189   0.05647   0.06755   0.03406   0.00383   0.02446   0.09629   0.02806   0.02746   0.13124   0.10671   0.00916   0.10160   0.18223   2.98099   0.80597   0.46656   1.62406  
 32 15.0511  11387.216182  x:  0.00497   0.09364   0.03319   0.01382   0.01600   0.00147   0.00599   0.00059   0.00283   0.00986   0.01155   0.01850   0.02318   0.10684   0.18415   0.30943   0.05669   0.06854   0.03407   0.00379   0.02487   0.09631   0.02807   0.02740   0.13060   0.11477   0.00883   0.10213   0.18292   2.99578   0.77715   0.49578   1.83469  
 33 1222.9957  11387.212902  x:  0.00498   0.09345   0.03321   0.01382   0.01600   0.00147   0.00599   0.00059   0.00283   0.00986   0.01154   0.01850   0.02318   0.10673   0.18410   0.30940   0.05671   0.06856   0.03409   0.00378   0.02486   0.09664   0.02808   0.02740   0.13050   0.11490   0.00880   0.10295   0.18287   2.99589   0.77712   0.49584   1.83513  
 34  3.6593  11383.639968  x:  0.00420   0.09802   0.03490   0.01266   0.01443   0.00115   0.00614   0.00057   0.00213   0.00961   0.00656   0.01740   0.02309   0.11023   0.19011   0.32326   0.05852   0.07196   0.03403   0.00480   0.02767   0.09854   0.02908   0.02751   0.13393   0.11919   0.00500   0.10330   0.18563   3.14383   0.81668   0.51102   1.66172  
 35  0.9012  11382.532791  x:  0.00104   0.09600   0.03632   0.01370   0.01492   0.00117   0.00759   0.00068   0.00217   0.01060   0.00677   0.01828   0.02346   0.10830   0.18465   0.32212   0.05934   0.07116   0.03467   0.00601   0.02965   0.09720   0.02844   0.02767   0.12930   0.11837   0.00485   0.10288   0.18553   3.20289   0.81021   0.53162   1.77391  
 36  0.7899  11381.552574  x:  0.00434   0.09291   0.03686   0.01361   0.01533   0.00112   0.00840   0.00078   0.00209   0.01244   0.00625   0.01769   0.02359   0.10549   0.18443   0.31868   0.05875   0.07026   0.03590   0.00641   0.02994   0.09677   0.02901   0.02791   0.12880   0.11454   0.00408   0.10192   0.18258   3.27847   0.79212   0.58652   2.08865  
 37  0.2327  11381.094058  x:  0.00389   0.09380   0.03653   0.01268   0.01580   0.00114   0.00926   0.00086   0.00222   0.01286   0.00772   0.01638   0.02322   0.10513   0.18626   0.31766   0.05787   0.07050   0.03684   0.00600   0.02966   0.09671   0.02922   0.02776   0.12975   0.11733   0.00462   0.10135   0.18145   3.26198   0.80061   0.62951   2.27264  
 38  0.1128  11380.298086  x:  0.00204   0.09449   0.03590   0.01332   0.01552   0.00101   0.01025   0.00100   0.00206   0.01286   0.00619   0.01762   0.02298   0.10519   0.18830   0.31834   0.05704   0.07044   0.03790   0.00460   0.02812   0.09670   0.02910   0.02753   0.13139   0.11856   0.00407   0.10180   0.18173   3.23421   0.78097   0.74213   2.93073  
 39  0.3457  11379.890541  x:  0.00348   0.09391   0.03637   0.01335   0.01556   0.00102   0.01066   0.00112   0.00216   0.01265   0.00680   0.01780   0.02387   0.10630   0.18633   0.32330   0.05870   0.07070   0.03497   0.00361   0.02919   0.09723   0.02873   0.02808   0.12986   0.11676   0.00489   0.10214   0.18380   3.21204   0.77748   0.81706   3.37230  
 40  0.2200  11379.421426  x:  0.00364   0.09469   0.03620   0.01289   0.01519   0.00096   0.01061   0.00133   0.00204   0.01221   0.00582   0.01597   0.02285   0.10579   0.18736   0.32628   0.05828   0.07141   0.03461   0.00444   0.02985   0.09763   0.02941   0.02730   0.12986   0.11597   0.00414   0.10175   0.18157   3.25415   0.77171   0.93767   4.13438  
 41  0.1756  11378.830286  x:  0.00360   0.09495   0.03614   0.01304   0.01551   0.00105   0.01003   0.00163   0.00224   0.01174   0.00674   0.01798   0.02300   0.10517   0.18734   0.32301   0.05756   0.07111   0.03617   0.00495   0.02934   0.09721   0.02955   0.02746   0.13014   0.11750   0.00481   0.10135   0.18074   3.25404   0.74725   1.11041   5.32093  
 42  0.5834  11378.588997  x:  0.00351   0.09465   0.03612   0.01350   0.01548   0.00108   0.00924   0.00176   0.00229   0.01157   0.00676   0.01852   0.02351   0.10530   0.18705   0.32153   0.05776   0.07081   0.03634   0.00511   0.02883   0.09689   0.02927   0.02781   0.13014   0.11836   0.00490   0.10151   0.18194   3.24244   0.75907   1.17590   5.72408  
 43  0.5037  11378.392958  x:  0.00320   0.09372   0.03617   0.01336   0.01530   0.00108   0.00840   0.00200   0.00228   0.01149   0.00666   0.01728   0.02386   0.10579   0.18743   0.32261   0.05852   0.07057   0.03549   0.00507   0.02863   0.09702   0.02878   0.02812   0.13072   0.11723   0.00461   0.10219   0.18393   3.24562   0.74834   1.31998   6.68062  
 44  0.7881  11378.317920  x:  0.00329   0.09442   0.03647   0.01301   0.01540   0.00107   0.00829   0.00222   0.00225   0.01194   0.00657   0.01757   0.02311   0.10570   0.18750   0.32365   0.05812   0.07095   0.03545   0.00486   0.02922   0.09727   0.02895   0.02765   0.13016   0.11701   0.00433   0.10179   0.18254   3.25630   0.74736   1.43820   7.42304  
 45  0.3727  11378.289576  x:  0.00325   0.09432   0.03639   0.01340   0.01550   0.00107   0.00852   0.00237   0.00223   0.01202   0.00666   0.01736   0.02358   0.10558   0.18726   0.32319   0.05815   0.07082   0.03587   0.00465   0.02928   0.09714   0.02909   0.02790   0.13029   0.11742   0.00448   0.10186   0.18261   3.25283   0.74543   1.51855   7.93492  
 46  0.2709  11378.278006  x:  0.00328   0.09410   0.03636   0.01309   0.01541   0.00106   0.00865   0.00247   0.00219   0.01187   0.00669   0.01752   0.02351   0.10569   0.18733   0.32302   0.05833   0.07074   0.03573   0.00472   0.02920   0.09715   0.02896   0.02793   0.13047   0.11726   0.00446   0.10202   0.18319   3.25141   0.74483   1.56762   8.26567  
 47  0.1684  11378.272220  x:  0.00335   0.09433   0.03633   0.01329   0.01539   0.00107   0.00865   0.00252   0.00215   0.01182   0.00661   0.01744   0.02335   0.10579   0.18748   0.32285   0.05828   0.07083   0.03563   0.00482   0.02908   0.09720   0.02898   0.02778   0.13039   0.11725   0.00453   0.10189   0.18290   3.25372   0.74380   1.58925   8.43839  
 48  0.0809  11378.263677  x:  0.00330   0.09446   0.03632   0.01318   0.01544   0.00109   0.00867   0.00251   0.00210   0.01188   0.00664   0.01740   0.02366   0.10574   0.18763   0.32364   0.05809   0.07085   0.03558   0.00491   0.02905   0.09727   0.02909   0.02793   0.13051   0.11730   0.00451   0.10195   0.18272   3.25716   0.74326   1.56926   8.39609  
 49  0.0106  11378.257499  x:  0.00328   0.09430   0.03636   0.01323   0.01549   0.00110   0.00865   0.00248   0.00208   0.01193   0.00666   0.01749   0.02345   0.10574   0.18754   0.32375   0.05832   0.07090   0.03566   0.00478   0.02910   0.09724   0.02901   0.02789   0.13055   0.11740   0.00451   0.10202   0.18313   3.25586   0.74177   1.54726   8.32581  
 50  0.0368  11378.255922  x:  0.00330   0.09439   0.03638   0.01323   0.01545   0.00109   0.00866   0.00247   0.00209   0.01190   0.00665   0.01745   0.02346   0.10583   0.18761   0.32320   0.05827   0.07079   0.03572   0.00470   0.02921   0.09725   0.02901   0.02783   0.13041   0.11732   0.00449   0.10195   0.18308   3.25470   0.74219   1.54605   8.32926  
 51  0.0015  11378.253846  x:  0.00331   0.09430   0.03641   0.01319   0.01538   0.00108   0.00866   0.00250   0.00215   0.01187   0.00664   0.01744   0.02350   0.10575   0.18751   0.32306   0.05831   0.07086   0.03572   0.00474   0.02924   0.09721   0.02905   0.02792   0.13055   0.11737   0.00446   0.10200   0.18295   3.25688   0.74089   1.56313   8.46550  
 52  0.0332  11378.252208  x:  0.00328   0.09433   0.03638   0.01323   0.01539   0.00108   0.00868   0.00249   0.00219   0.01191   0.00664   0.01747   0.02344   0.10574   0.18755   0.32355   0.05830   0.07088   0.03569   0.00476   0.02916   0.09725   0.02902   0.02788   0.13054   0.11739   0.00448   0.10201   0.18310   3.25703   0.74130   1.56195   8.47334  
 53  0.0035  11378.250826  x:  0.00330   0.09448   0.03634   0.01322   0.01544   0.00106   0.00869   0.00249   0.00222   0.01194   0.00661   0.01748   0.02349   0.10590   0.18776   0.32377   0.05827   0.07081   0.03568   0.00473   0.02910   0.09731   0.02900   0.02784   0.13045   0.11737   0.00447   0.10200   0.18323   3.25616   0.74048   1.57784   8.56947  
 54  0.0288  11378.240518  x:  0.00338   0.09436   0.03634   0.01317   0.01563   0.00104   0.00871   0.00243   0.00221   0.01196   0.00662   0.01739   0.02351   0.10597   0.18787   0.32339   0.05846   0.07092   0.03562   0.00475   0.02905   0.09728   0.02904   0.02791   0.13068   0.11733   0.00448   0.10206   0.18302   3.25365   0.74030   1.60586   8.75881  
 55  0.0239  11378.222350  x:  0.00344   0.09420   0.03637   0.01312   0.01598   0.00098   0.00870   0.00225   0.00216   0.01188   0.00660   0.01734   0.02349   0.10580   0.18756   0.32269   0.05849   0.07092   0.03553   0.00481   0.02906   0.09720   0.02906   0.02797   0.13070   0.11736   0.00454   0.10204   0.18288   3.25213   0.73840   1.72781   9.58256  
 56  0.4086  11378.201279  x:  0.00319   0.09440   0.03642   0.01329   0.01553   0.00097   0.00863   0.00227   0.00211   0.01182   0.00665   0.01751   0.02341   0.10560   0.18737   0.32384   0.05814   0.07078   0.03573   0.00477   0.02927   0.09728   0.02899   0.02781   0.13027   0.11737   0.00457   0.10185   0.18317   3.26386   0.73513   1.89744  10.71116  
 57  0.3071  11378.191173  x:  0.00336   0.09439   0.03638   0.01325   0.01538   0.00099   0.00863   0.00215   0.00211   0.01197   0.00669   0.01751   0.02352   0.10586   0.18776   0.32373   0.05840   0.07088   0.03566   0.00472   0.02916   0.09727   0.02903   0.02791   0.13059   0.11746   0.00452   0.10205   0.18310   3.26417   0.73475   2.00912  11.44927  
 58  0.2661  11378.186163  x:  0.00338   0.09440   0.03637   0.01327   0.01534   0.00104   0.00871   0.00219   0.00213   0.01197   0.00670   0.01745   0.02345   0.10586   0.18778   0.32359   0.05837   0.07089   0.03561   0.00478   0.02914   0.09731   0.02903   0.02789   0.13071   0.11738   0.00450   0.10206   0.18317   3.26389   0.73236   2.11658  12.17171  
 59  0.3130  11378.184032  x:  0.00334   0.09440   0.03638   0.01326   0.01541   0.00108   0.00872   0.00217   0.00214   0.01194   0.00665   0.01748   0.02346   0.10578   0.18764   0.32355   0.05831   0.07084   0.03564   0.00477   0.02917   0.09729   0.02902   0.02787   0.13056   0.11739   0.00447   0.10201   0.18317   3.26187   0.73317   2.14511  12.35261  
 60  0.1145  11378.183850  x:  0.00334   0.09439   0.03639   0.01324   0.01543   0.00108   0.00870   0.00217   0.00215   0.01193   0.00664   0.01747   0.02347   0.10578   0.18764   0.32362   0.05834   0.07085   0.03564   0.00476   0.02917   0.09728   0.02902   0.02788   0.13054   0.11741   0.00448   0.10202   0.18314   3.26258   0.73272   2.16250  12.47258  
 61  0.1041  11378.183824  x:  0.00334   0.09438   0.03639   0.01324   0.01543   0.00108   0.00869   0.00217   0.00215   0.01192   0.00665   0.01747   0.02347   0.10578   0.18764   0.32364   0.05834   0.07086   0.03564   0.00475   0.02917   0.09728   0.02902   0.02788   0.13055   0.11741   0.00448   0.10202   0.18314   3.26335   0.73271   2.16745  12.50565  
 62  0.0201  11378.183816  x:  0.00334   0.09439   0.03639   0.01324   0.01544   0.00108   0.00870   0.00217   0.00215   0.01192   0.00665   0.01747   0.02347   0.10578   0.18765   0.32363   0.05834   0.07085   0.03564   0.00475   0.02917   0.09728   0.02902   0.02788   0.13055   0.11741   0.00448   0.10202   0.18315   3.26362   0.73264   2.17334  12.54659  
 63  0.0183  11378.183815  x:  0.00334   0.09438   0.03639   0.01324   0.01544   0.00108   0.00869   0.00217   0.00215   0.01192   0.00665   0.01747   0.02347   0.10578   0.18764   0.32363   0.05834   0.07086   0.03564   0.00475   0.02917   0.09728   0.02902   0.02788   0.13055   0.11741   0.00448   0.10202   0.18314   3.26346   0.73264   2.17365  12.54890  
 64  0.0015  11378.183815  x:  0.00334   0.09438   0.03639   0.01324   0.01544   0.00108   0.00869   0.00217   0.00215   0.01192   0.00665   0.01747   0.02347   0.10578   0.18764   0.32363   0.05834   0.07086   0.03564   0.00475   0.02917   0.09728   0.02902   0.02788   0.13055   0.11741   0.00448   0.10202   0.18314   3.26340   0.73263   2.17498  12.55832  
 65  0.0047  11378.183815  x:  0.00334   0.09438   0.03639   0.01324   0.01544   0.00108   0.00869   0.00217   0.00215   0.01192   0.00665   0.01747   0.02347   0.10578   0.18764   0.32363   0.05834   0.07086   0.03564   0.00475   0.02917   0.09728   0.02902   0.02788   0.13055   0.11741   0.00448   0.10202   0.18314   3.26340   0.73263   2.17489  12.55768  
 66  0.0032  11378.183815  x:  0.00334   0.09438   0.03639   0.01324   0.01544   0.00108   0.00869   0.00217   0.00215   0.01192   0.00665   0.01747   0.02347   0.10578   0.18764   0.32363   0.05834   0.07086   0.03564   0.00475   0.02917   0.09728   0.02902   0.02788   0.13055   0.11741   0.00448   0.10202   0.18314   3.26340   0.73263   2.17487  12.55752  
 67  0.0027  11378.183815  x:  0.00334   0.09438   0.03639   0.01324   0.01544   0.00108   0.00869   0.00217   0.00215   0.01192   0.00665   0.01747   0.02347   0.10578   0.18764   0.32363   0.05834   0.07086   0.03564   0.00475   0.02917   0.09728   0.02902   0.02788   0.13055   0.11741   0.00448   0.10202   0.18314   3.26340   0.73263   2.17487  12.55752  
 68  0.0022  11378.183815  x:  0.00334   0.09438   0.03639   0.01324   0.01544   0.00108   0.00869   0.00217   0.00215   0.01192   0.00665   0.01747   0.02347   0.10578   0.18764   0.32363   0.05834   0.07086   0.03564   0.00475   0.02917   0.09728   0.02902   0.02788   0.13055   0.11741   0.00448   0.10202   0.18314   3.26340   0.73263   2.17479  12.55699  
 69  0.0049  11378.183815  x:  0.00334   0.09438   0.03639   0.01324   0.01544   0.00108   0.00869   0.00217   0.00215   0.01192   0.00665   0.01747   0.02347   0.10578   0.18764   0.32363   0.05834   0.07086   0.03564   0.00475   0.02917   0.09728   0.02902   0.02788   0.13055   0.11741   0.00448   0.10202   0.18314   3.26340   0.73263   2.17479  12.55699  