

TREE # 1

  0  0.0000  18773.307944  x:  0.00000   0.07489   0.02799   0.02082   0.02690   0.02342   0.01476   0.01567   0.02368   0.01146   0.02779   0.02536   0.03797   0.06087   0.14855   0.30891   0.09493   0.15097   0.04188   0.01068   0.04446   0.08442   0.03140   0.03193   0.11532   0.13330   0.01585   0.09751   0.13168   2.00000   0.90000   0.29673   1.19979  
  1 99.0000  18657.679266  x:  0.00850   0.07784   0.01934   0.01625   0.01308   0.00806   0.00184   0.00249   0.00695   0.00446   0.01833   0.02219   0.03912   0.06402   0.15301   0.31196   0.09661   0.15326   0.04035   0.00000   0.04002   0.08673   0.03413   0.03128   0.11891   0.13483   0.01035   0.09846   0.13276   2.00167   0.89862   0.29988   1.19937  
  2 3566.9079  18629.687086  x:  0.00837   0.07874   0.01626   0.01515   0.00803   0.00225   0.00350   0.00206   0.00000   0.00564   0.01539   0.02137   0.03944   0.06508   0.15461   0.31312   0.09718   0.15409   0.03962   0.00000   0.03848   0.08754   0.03483   0.03101   0.12021   0.13542   0.00880   0.09883   0.13313   2.00237   0.89822   0.30095   1.19924  
  3 6299.1725  18625.488112  x:  0.00751   0.07919   0.01471   0.01490   0.00580   0.00069   0.00228   0.00413   0.00000   0.00587   0.01427   0.02113   0.03958   0.06563   0.15552   0.31381   0.09749   0.15457   0.03919   0.00000   0.03764   0.08798   0.03509   0.03086   0.12095   0.13576   0.00828   0.09905   0.13334   2.00282   0.89803   0.30154   1.19917  
  4 3542.7988  18621.742059  x:  0.00616   0.07995   0.01219   0.01452   0.00261   0.00219   0.00182   0.00504   0.00000   0.00610   0.01256   0.02075   0.03981   0.06655   0.15706   0.31499   0.09800   0.15538   0.03847   0.00000   0.03625   0.08872   0.03552   0.03061   0.12219   0.13634   0.00750   0.09942   0.13369   2.00358   0.89773   0.30254   1.19905  
  5 2956.0422  18616.088230  x:  0.00199   0.08208   0.00668   0.01462   0.00483   0.00244   0.00197   0.00533   0.00000   0.00414   0.01047   0.02048   0.04036   0.06904   0.16151   0.31853   0.09941   0.15769   0.03662   0.00000   0.03255   0.09078   0.03635   0.02996   0.12571   0.13801   0.00680   0.10053   0.13472   2.00595   0.89696   0.30538   1.19873  
  6 1492.4659  18613.101172  x:  0.00077   0.08391   0.00619   0.01529   0.00549   0.00242   0.00099   0.00462   0.00000   0.00621   0.01165   0.02070   0.04069   0.07101   0.16532   0.32172   0.10055   0.15967   0.03562   0.00000   0.02991   0.09246   0.03673   0.02958   0.12863   0.13945   0.00754   0.10151   0.13559   2.00816   0.89637   0.30785   1.19847  
  7 1433.8406  18603.037992  x:  0.00205   0.09189   0.00832   0.01820   0.00534   0.00284   0.00209   0.00617   0.00000   0.00558   0.01790   0.02189   0.04194   0.07924   0.18174   0.33573   0.10535   0.16816   0.03224   0.00000   0.01951   0.09959   0.03812   0.02828   0.14103   0.14566   0.01138   0.10575   0.13940   2.01794   0.89384   0.31866   1.19730  
  8 4104.1585  18595.617573  x:  0.00000   0.09553   0.01335   0.01713   0.00613   0.00313   0.00204   0.00663   0.00000   0.00546   0.01522   0.02353   0.04178   0.08169   0.19315   0.34827   0.10821   0.17446   0.03431   0.00000   0.02653   0.10431   0.03705   0.03036   0.14924   0.15055   0.01115   0.10844   0.14225   2.02771   0.89188   0.32864   1.19625  
  9 985.8144  18593.519783  x:  0.00338   0.09586   0.01104   0.01735   0.00766   0.00377   0.00222   0.00803   0.00000   0.00716   0.01525   0.02369   0.04164   0.08071   0.19753   0.35487   0.10896   0.17709   0.03648   0.00000   0.02985   0.10540   0.03632   0.03132   0.15179   0.15257   0.01055   0.10935   0.14354   2.03356   0.89096   0.33415   1.19568  
 10 1104.9679  18590.104242  x:  0.00185   0.09329   0.00748   0.01951   0.00590   0.00326   0.00238   0.00721   0.00000   0.00602   0.02105   0.02325   0.04141   0.07561   0.20179   0.36663   0.10878   0.18043   0.04033   0.00000   0.03346   0.10452   0.03514   0.03241   0.15274   0.15503   0.01061   0.11012   0.14544   2.04567   0.88965   0.34450   1.19463  
 11 866.7810  18584.137560  x:  0.00126   0.08503   0.01150   0.01905   0.00711   0.00366   0.00227   0.00785   0.00000   0.00653   0.01862   0.02126   0.04256   0.06472   0.20425   0.39139   0.10596   0.18486   0.04300   0.00000   0.02765   0.09812   0.03714   0.03097   0.14831   0.15762   0.00830   0.11018   0.14844   2.07591   0.88799   0.36743   1.19242  
 12 775.6424  18580.760991  x:  0.00177   0.08233   0.01029   0.01761   0.00665   0.00353   0.00227   0.00761   0.00000   0.00654   0.01623   0.02682   0.04263   0.06680   0.20083   0.40678   0.10291   0.18544   0.04001   0.00000   0.02794   0.09479   0.03762   0.03109   0.14267   0.15710   0.01598   0.10979   0.14930   2.10177   0.89008   0.38163   1.19145  
 13 699.9443  18574.721240  x:  0.00239   0.08478   0.01031   0.01966   0.00709   0.00372   0.00236   0.00804   0.00000   0.00675   0.01873   0.02390   0.04249   0.07973   0.18985   0.43002   0.09803   0.18372   0.03218   0.00000   0.03167   0.09350   0.03718   0.03226   0.13284   0.15388   0.01126   0.10776   0.14826   2.15441   0.89885   0.40328   1.19074  
 14 910.3031  18568.515829  x:  0.00093   0.09545   0.00998   0.01635   0.00733   0.00380   0.00233   0.00819   0.00000   0.00668   0.01863   0.02195   0.04197   0.08319   0.17626   0.44448   0.09788   0.17901   0.04573   0.00000   0.02779   0.10055   0.03613   0.02981   0.13158   0.14914   0.01249   0.10786   0.14470   2.22610   0.91865   0.41823   1.19235  
 15 680.0409  18562.914495  x:  0.00141   0.09918   0.01037   0.02525   0.00656   0.00347   0.00220   0.00744   0.00000   0.00649   0.01571   0.02796   0.04273   0.07648   0.16932   0.44872   0.10127   0.17458   0.04412   0.00000   0.02651   0.10573   0.03843   0.03221   0.13722   0.14679   0.01020   0.10862   0.14186   2.30025   0.94030   0.42685   1.19493  
 16 1071.5554  18554.180171  x:  0.00239   0.09705   0.01006   0.01715   0.00671   0.00351   0.00223   0.00755   0.00000   0.00641   0.01808   0.02367   0.04279   0.06654   0.16748   0.44635   0.10734   0.16930   0.03230   0.00000   0.02826   0.10847   0.03893   0.03224   0.14733   0.14622   0.01243   0.10987   0.13991   2.40991   0.96944   0.43604   1.19875  
 17 1825.4821  18544.483642  x:  0.00280   0.08272   0.01039   0.02039   0.00622   0.00321   0.00206   0.00684   0.00000   0.00602   0.01581   0.02187   0.04047   0.07554   0.18073   0.42688   0.11062   0.16580   0.03620   0.00000   0.02749   0.09842   0.03093   0.02622   0.15092   0.14999   0.01228   0.10813   0.14188   2.54582   0.98916   0.44415   1.20164  
 18 1163.0305  18538.280175  x:  0.00233   0.07870   0.01011   0.01659   0.00650   0.00336   0.00211   0.00719   0.00000   0.00605   0.01843   0.02502   0.04121   0.08086   0.19051   0.40834   0.11041   0.16501   0.04104   0.00000   0.02633   0.09268   0.03958   0.03405   0.14878   0.15234   0.00928   0.10649   0.14360   2.64175   0.99188   0.44990   1.20218  
 19 1965.9991  18527.950874  x:  0.00207   0.08996   0.01029   0.02157   0.00655   0.00340   0.00214   0.00727   0.00000   0.00611   0.01611   0.01806   0.04504   0.07675   0.20196   0.37159   0.10604   0.16807   0.04027   0.00000   0.02974   0.09317   0.04434   0.03324   0.13857   0.15422   0.01526   0.10599   0.14643   2.80219   0.97203   0.45996   1.19972  
 20 1620.9831  18522.381663  x:  0.00211   0.09574   0.01028   0.01813   0.00654   0.00341   0.00212   0.00730   0.00000   0.00605   0.01817   0.02516   0.04382   0.07309   0.20545   0.35218   0.10381   0.17126   0.03784   0.00000   0.02937   0.09603   0.03879   0.02861   0.13397   0.15451   0.01052   0.10623   0.14724   2.89024   0.95618   0.46394   1.19789  
 21 2731.6543  18519.693666  x:  0.00231   0.09145   0.01056   0.01796   0.00658   0.00339   0.00206   0.00720   0.00000   0.00601   0.01737   0.02392   0.03910   0.07361   0.20074   0.34717   0.10454   0.17525   0.03740   0.00000   0.02635   0.09978   0.03338   0.03532   0.13762   0.15312   0.01107   0.10820   0.14631   2.93424   0.94165   0.45928   1.19696  
 22 640.2989  18515.836258  x:  0.00277   0.08065   0.01065   0.01809   0.00663   0.00342   0.00210   0.00728   0.00000   0.00601   0.01816   0.02382   0.04157   0.07736   0.19012   0.34661   0.10727   0.18208   0.03854   0.00000   0.02800   0.10385   0.03803   0.03046   0.14805   0.15104   0.01079   0.11115   0.14428   2.99878   0.91615   0.44280   1.19633  
 23 780.2825  18510.478496  x:  0.00264   0.08675   0.01027   0.01697   0.00626   0.00323   0.00201   0.00685   0.00000   0.00574   0.01783   0.02399   0.04619   0.07677   0.18731   0.36576   0.10858   0.18456   0.03835   0.00000   0.02774   0.08779   0.03464   0.03181   0.15460   0.15492   0.00996   0.10734   0.14627   3.09060   0.88166   0.39061   1.19944  
 24 431.0980  18508.199804  x:  0.00267   0.08638   0.01012   0.01723   0.00606   0.00310   0.00196   0.00658   0.00000   0.00558   0.01747   0.02366   0.03782   0.07581   0.19143   0.37659   0.10689   0.18266   0.03779   0.00000   0.02789   0.08919   0.03783   0.02955   0.15123   0.15632   0.00972   0.10630   0.14750   3.12936   0.86808   0.36476   1.20139  
 25 708.7678  18506.938108  x:  0.00271   0.08296   0.01008   0.01682   0.00591   0.00302   0.00192   0.00640   0.00000   0.00547   0.01729   0.02363   0.04166   0.07538   0.19671   0.38393   0.10478   0.17959   0.03760   0.00000   0.02723   0.09569   0.03640   0.03042   0.14572   0.15598   0.00949   0.10689   0.14768   3.15199   0.86064   0.34820   1.20285  
 26 490.4911  18506.879832  x:  0.00269   0.08304   0.01007   0.01681   0.00590   0.00302   0.00192   0.00639   0.00000   0.00547   0.01730   0.02364   0.04160   0.07537   0.19792   0.38445   0.10552   0.17826   0.03760   0.00000   0.02732   0.09505   0.03640   0.03039   0.14566   0.15383   0.00942   0.10843   0.14607   3.15295   0.85975   0.34786   1.20310  
 27 30.6398  18506.862701  x:  0.00269   0.08298   0.01008   0.01680   0.00590   0.00302   0.00192   0.00639   0.00000   0.00546   0.01730   0.02364   0.04160   0.07536   0.19822   0.38459   0.10616   0.17710   0.03759   0.00000   0.02730   0.09522   0.03638   0.03039   0.14601   0.15338   0.00950   0.10717   0.14584   3.15311   0.85914   0.34823   1.20365  
 28  8.6340  18506.759662  x:  0.00277   0.08306   0.01011   0.01676   0.00589   0.00301   0.00190   0.00634   0.00000   0.00540   0.01731   0.02366   0.04162   0.07564   0.19756   0.38477   0.10767   0.17307   0.03759   0.00000   0.02726   0.09538   0.03640   0.03040   0.14635   0.15563   0.00936   0.10878   0.14749   3.15354   0.85723   0.35009   1.20977  
 29  7.4707  18504.660715  x:  0.00434   0.08541   0.01044   0.01587   0.00498   0.00243   0.00137   0.00473   0.00000   0.00396   0.01648   0.02333   0.04206   0.07732   0.19991   0.38807   0.11393   0.18096   0.03681   0.00000   0.02691   0.09827   0.03717   0.03043   0.14414   0.15625   0.00883   0.10940   0.14732   3.16101   0.84260   0.37495   1.34054  
 30 39.5383  18504.357447  x:  0.00456   0.08583   0.01050   0.01570   0.00483   0.00233   0.00129   0.00447   0.00000   0.00374   0.01635   0.02327   0.04211   0.07751   0.20084   0.38849   0.10738   0.18004   0.03668   0.00000   0.02677   0.09853   0.03725   0.03040   0.14773   0.15483   0.00865   0.10954   0.14814   3.16216   0.84021   0.37892   1.36031  
 31 162.7054  18503.767679  x:  0.00444   0.08636   0.01043   0.01570   0.00477   0.00229   0.00137   0.00438   0.00000   0.00397   0.01618   0.02328   0.04215   0.07767   0.20085   0.38893   0.10907   0.18136   0.03667   0.00000   0.02691   0.09915   0.03723   0.03041   0.14735   0.14821   0.00825   0.11029   0.15763   3.17091   0.83218   0.38664   1.42336  
 32  4.5591  18498.821449  x:  0.00365   0.08942   0.00945   0.01518   0.00408   0.00183   0.00194   0.00324   0.00000   0.00549   0.01425   0.02307   0.04211   0.07927   0.20193   0.39282   0.10572   0.18509   0.03567   0.00000   0.02650   0.10459   0.03706   0.03032   0.14619   0.15344   0.00767   0.11186   0.15074   3.24061   0.76467   0.45081   1.92372  
 33 460.1339  18494.886886  x:  0.00294   0.09321   0.00834   0.01485   0.00315   0.00126   0.00239   0.00190   0.00000   0.00661   0.01224   0.02251   0.04304   0.08013   0.20670   0.40509   0.10660   0.18739   0.03564   0.00000   0.02645   0.10602   0.03854   0.03054   0.15252   0.15783   0.00701   0.11272   0.14959   3.30618   0.81667   0.42635   1.54961  
 34  3.9718  18491.428228  x:  0.00186   0.09843   0.00836   0.01505   0.00419   0.00197   0.00291   0.00451   0.00000   0.00747   0.01165   0.02198   0.04391   0.08091   0.21037   0.42134   0.10648   0.19139   0.03647   0.00000   0.02782   0.10960   0.03985   0.03126   0.15716   0.16141   0.00726   0.11436   0.14958   3.44766   0.83457   0.43964   1.44529  
 35  0.3674  18489.882138  x:  0.00099   0.09862   0.00932   0.01689   0.00388   0.00166   0.00319   0.00400   0.00000   0.00719   0.01392   0.02234   0.04391   0.08018   0.20978   0.42733   0.10982   0.19163   0.03789   0.00000   0.02997   0.10907   0.03994   0.03221   0.15551   0.16032   0.00888   0.11425   0.15298   3.60638   0.81108   0.46700   1.64104  
 36  0.2400  18489.211753  x:  0.00220   0.09714   0.00962   0.01570   0.00445   0.00157   0.00328   0.00347   0.00000   0.00718   0.01270   0.02204   0.04374   0.08013   0.20926   0.42665   0.11008   0.19091   0.03710   0.00000   0.02940   0.10752   0.03972   0.03168   0.15475   0.15922   0.00783   0.11366   0.15332   3.69871   0.79616   0.49244   1.82786  
 37  0.1708  18488.807400  x:  0.00201   0.09570   0.00887   0.01539   0.00390   0.00155   0.00358   0.00347   0.00000   0.00718   0.01281   0.02245   0.04351   0.08003   0.20819   0.42287   0.10721   0.18928   0.03700   0.00000   0.02830   0.10663   0.03926   0.03126   0.15512   0.15962   0.00759   0.11338   0.15002   3.71355   0.80351   0.52484   1.98179  
 38  0.0707  18488.402837  x:  0.00211   0.09644   0.00923   0.01668   0.00410   0.00172   0.00382   0.00333   0.00000   0.00694   0.01232   0.02235   0.04363   0.08017   0.20787   0.42404   0.10990   0.18885   0.03723   0.00000   0.02833   0.10716   0.03969   0.03183   0.15612   0.15957   0.00866   0.11352   0.15190   3.70170   0.78585   0.59547   2.44593  
 39  0.1570  18488.199788  x:  0.00205   0.09693   0.00933   0.01570   0.00418   0.00176   0.00395   0.00344   0.00000   0.00690   0.01334   0.02192   0.04359   0.08018   0.20839   0.42561   0.11029   0.18926   0.03714   0.00000   0.02881   0.10741   0.03956   0.03154   0.15617   0.15958   0.00764   0.11352   0.15241   3.68528   0.77934   0.63641   2.71725  
 40  0.2249  18488.061115  x:  0.00206   0.09626   0.00915   0.01546   0.00403   0.00163   0.00400   0.00365   0.00000   0.00702   0.01251   0.02226   0.04358   0.07981   0.20927   0.42616   0.10838   0.18951   0.03696   0.00000   0.02873   0.10673   0.03954   0.03138   0.15541   0.15952   0.00778   0.11338   0.15132   3.67219   0.77743   0.67948   3.01031  
 41  0.1486  18487.980435  x:  0.00213   0.09612   0.00917   0.01599   0.00415   0.00156   0.00395   0.00356   0.00000   0.00707   0.01272   0.02225   0.04360   0.07979   0.20868   0.42641   0.10861   0.18948   0.03714   0.00000   0.02887   0.10658   0.03954   0.03154   0.15547   0.15958   0.00763   0.11341   0.15129   3.68715   0.76596   0.72362   3.34728  
 42  0.1796  18487.907786  x:  0.00216   0.09632   0.00926   0.01599   0.00431   0.00156   0.00376   0.00351   0.00000   0.00718   0.01305   0.02209   0.04363   0.07993   0.20821   0.42626   0.10948   0.18953   0.03725   0.00000   0.02892   0.10682   0.03960   0.03166   0.15586   0.15974   0.00786   0.11354   0.15184   3.69723   0.76677   0.75040   3.55318  
 43  0.1455  18487.863729  x:  0.00206   0.09638   0.00922   0.01558   0.00413   0.00158   0.00360   0.00355   0.00000   0.00720   0.01282   0.02210   0.04358   0.07993   0.20848   0.42607   0.10943   0.18936   0.03708   0.00000   0.02873   0.10691   0.03954   0.03149   0.15587   0.15954   0.00789   0.11347   0.15187   3.70638   0.75932   0.78628   3.85095  
 44  0.1993  18487.854298  x:  0.00205   0.09636   0.00920   0.01578   0.00409   0.00161   0.00353   0.00356   0.00000   0.00717   0.01277   0.02217   0.04357   0.07995   0.20867   0.42613   0.10908   0.18938   0.03704   0.00000   0.02871   0.10696   0.03952   0.03148   0.15582   0.15953   0.00766   0.11345   0.15164   3.70554   0.75942   0.79346   3.91379  
 45  0.0689  18487.852311  x:  0.00206   0.09635   0.00918   0.01575   0.00411   0.00163   0.00350   0.00354   0.00000   0.00712   0.01281   0.02216   0.04358   0.07995   0.20870   0.42631   0.10896   0.18944   0.03706   0.00000   0.02876   0.10694   0.03953   0.03151   0.15582   0.15959   0.00777   0.11347   0.15153   3.70548   0.75882   0.79933   3.96191  
 46  0.0377  18487.851764  x:  0.00204   0.09635   0.00919   0.01575   0.00411   0.00163   0.00351   0.00353   0.00000   0.00708   0.01280   0.02214   0.04359   0.07994   0.20866   0.42644   0.10906   0.18947   0.03707   0.00000   0.02877   0.10691   0.03954   0.03151   0.15585   0.15961   0.00773   0.11347   0.15162   3.70625   0.75835   0.80323   3.99163  
 47  0.0153  18487.851587  x:  0.00205   0.09635   0.00919   0.01575   0.00411   0.00162   0.00353   0.00354   0.00000   0.00707   0.01280   0.02216   0.04358   0.07994   0.20869   0.42638   0.10900   0.18945   0.03706   0.00000   0.02876   0.10693   0.03954   0.03150   0.15585   0.15959   0.00774   0.11347   0.15157   3.70612   0.75834   0.80447   4.00099  
 48  0.0042  18487.851504  x:  0.00205   0.09636   0.00919   0.01575   0.00411   0.00162   0.00354   0.00354   0.00000   0.00708   0.01280   0.02215   0.04358   0.07995   0.20868   0.42633   0.10902   0.18945   0.03706   0.00000   0.02875   0.10695   0.03953   0.03151   0.15584   0.15959   0.00774   0.11347   0.15159   3.70647   0.75799   0.80638   4.01776  
 49  0.0071  18487.851485  x:  0.00205   0.09636   0.00919   0.01575   0.00411   0.00162   0.00354   0.00354   0.00000   0.00709   0.01280   0.02215   0.04358   0.07994   0.20868   0.42636   0.10903   0.18946   0.03706   0.00000   0.02876   0.10693   0.03953   0.03151   0.15584   0.15960   0.00774   0.11347   0.15159   3.70640   0.75804   0.80606   4.01675  
 50  0.0007  18487.851480  x:  0.00205   0.09635   0.00919   0.01575   0.00411   0.00162   0.00354   0.00353   0.00000   0.00709   0.01280   0.02215   0.04358   0.07994   0.20868   0.42638   0.10902   0.18946   0.03706   0.00000   0.02876   0.10693   0.03954   0.03151   0.15584   0.15960   0.00774   0.11347   0.15159   3.70631   0.75801   0.80573   4.01505  
 51  0.0010  18487.851479  x:  0.00205   0.09636   0.00919   0.01575   0.00411   0.00162   0.00354   0.00353   0.00000   0.00709   0.01280   0.02215   0.04358   0.07994   0.20868   0.42638   0.10902   0.18946   0.03706   0.00000   0.02876   0.10693   0.03954   0.03151   0.15584   0.15960   0.00774   0.11347   0.15159   3.70630   0.75804   0.80536   4.01269  
 52  0.0012  18487.851479  x:  0.00205   0.09636   0.00919   0.01575   0.00411   0.00162   0.00354   0.00353   0.00000   0.00709   0.01280   0.02215   0.04358   0.07994   0.20868   0.42638   0.10902   0.18946   0.03706   0.00000   0.02876   0.10693   0.03954   0.03151   0.15584   0.15960   0.00774   0.11347   0.15159   3.70633   0.75803   0.80535   4.01274  