

TREE # 1

  0  0.0000   9836.771952  x:  0.00836   0.04868   0.05463   0.01964   0.05893   0.05660   0.02869   0.03510   0.05826   0.02653   0.05528   0.05162   0.12512   0.12091   0.06125   0.11574   0.06388   0.01902   0.06636   0.07903   0.08019   0.04989   0.08023   0.09365   0.00000   0.11641   0.13829   2.00000   0.90000   0.60884   1.99821  
  1 99.0000   9650.218127  x:  0.02738   0.06434   0.03667   0.00000   0.03412   0.02803   0.00203   0.01035   0.03181   0.02196   0.04356   0.06413   0.15354   0.15150   0.08320   0.12685   0.06151   0.00776   0.07202   0.09638   0.06956   0.05120   0.10656   0.11836   0.02252   0.12299   0.15896   2.00386   0.91963   0.59579   2.00151  
  2 2434.9006   9639.996076  x:  0.02866   0.06547   0.03533   0.00103   0.03224   0.02584   0.00024   0.00853   0.02979   0.02165   0.04272   0.06504   0.15565   0.15378   0.08480   0.12768   0.06131   0.00691   0.07243   0.09767   0.06876   0.05129   0.10849   0.12018   0.02400   0.12347   0.16049   2.00415   0.92113   0.59479   2.00176  
  3 22308.1407   9601.833207  x:  0.03377   0.07027   0.02936   0.00419   0.02375   0.01587   0.00401   0.00077   0.02065   0.02044   0.03903   0.06896   0.16496   0.16378   0.09175   0.13132   0.06034   0.00310   0.07423   0.10327   0.06516   0.05171   0.11691   0.12819   0.02975   0.12556   0.16730   2.00550   0.92786   0.59021   2.00291  
  4 17597.3270   9570.707144  x:  0.03701   0.07392   0.02436   0.00628   0.01650   0.00707   0.00632   0.00565   0.01276   0.01970   0.03611   0.07198   0.17260   0.17200   0.09723   0.13432   0.05936   0.00000   0.07564   0.10779   0.06211   0.05204   0.12364   0.13468   0.03319   0.12722   0.17292   2.00669   0.93365   0.58614   2.00392  
  5 10943.8366   9556.933294  x:  0.03228   0.07338   0.02222   0.00590   0.01264   0.00000   0.00594   0.00524   0.00820   0.02139   0.03593   0.07189   0.17577   0.17542   0.09792   0.13552   0.05780   0.00077   0.07585   0.10906   0.06028   0.05212   0.12514   0.13691   0.02664   0.12756   0.17553   2.00779   0.93781   0.58220   2.00481  
  6 1859.6784   9542.671936  x:  0.02559   0.07276   0.01893   0.00543   0.00685   0.00029   0.00546   0.00477   0.00149   0.02377   0.03555   0.07188   0.18069   0.18072   0.09915   0.13738   0.05550   0.00172   0.07620   0.11108   0.05751   0.05226   0.12759   0.14041   0.01732   0.12811   0.17954   2.00943   0.94408   0.57632   2.00614  
  7 4719.2122   9530.145660  x:  0.01861   0.07243   0.01514   0.00504   0.00161   0.00040   0.00507   0.00445   0.00397   0.02590   0.03488   0.07216   0.18687   0.18740   0.10097   0.13971   0.05290   0.00219   0.07668   0.11371   0.05417   0.05245   0.13091   0.14486   0.00734   0.12890   0.18453   2.01143   0.95166   0.56920   2.00776  
  8 4719.0111   9519.009188  x:  0.01355   0.07231   0.01237   0.00480   0.00340   0.00044   0.00483   0.00428   0.00475   0.02732   0.03432   0.07246   0.19191   0.19283   0.10253   0.14159   0.05093   0.00235   0.07706   0.11585   0.05152   0.05260   0.13367   0.14849   0.00000   0.12959   0.18858   2.01305   0.95773   0.56343   2.00906  
  9 7200.3913   9507.693105  x:  0.00165   0.06761   0.02866   0.00470   0.00378   0.00046   0.00484   0.00435   0.00505   0.02433   0.03751   0.06954   0.20132   0.20319   0.09892   0.14417   0.04860   0.00526   0.07513   0.11623   0.04714   0.05306   0.13377   0.15280   0.00286   0.13230   0.19808   2.01947   0.97326   0.54013   2.01383  
 10 806.1008   9501.355672  x:  0.00639   0.06471   0.03375   0.00467   0.00365   0.00046   0.00484   0.00437   0.00501   0.02355   0.03940   0.06690   0.20505   0.20731   0.09508   0.14487   0.04842   0.00605   0.07358   0.11513   0.04577   0.05327   0.13179   0.15325   0.00000   0.13317   0.20208   2.02344   0.97982   0.52564   2.01664  
 11 1127.7197   9486.099472  x:  0.00574   0.05745   0.02541   0.00463   0.00390   0.00045   0.00474   0.00420   0.00509   0.02508   0.03952   0.06027   0.21155   0.21508   0.08255   0.14530   0.04936   0.00000   0.06887   0.10988   0.04643   0.05371   0.12333   0.15031   0.00515   0.13474   0.21091   2.03740   0.98272   0.47508   2.02544  
 12 881.3288   9459.832540  x:  0.00527   0.05379   0.00832   0.00533   0.00476   0.00050   0.00528   0.00481   0.00584   0.01664   0.03211   0.05786   0.22733   0.23547   0.06100   0.14710   0.05455   0.02807   0.06475   0.10037   0.04886   0.05297   0.10777   0.14485   0.01255   0.13642   0.23111   2.08134   0.96310   0.31646   2.05144  
 13 2187.1287   9436.373573  x:  0.00473   0.05916   0.01802   0.00516   0.00459   0.00050   0.00517   0.00470   0.00582   0.02569   0.02538   0.06408   0.23565   0.24811   0.05890   0.14880   0.05476   0.02173   0.06388   0.09719   0.05032   0.05082   0.10334   0.13899   0.00786   0.13361   0.24167   2.12001   0.93171   0.17925   2.07263  
 14 2422.9976   9432.555395  x:  0.00393   0.05817   0.01748   0.00501   0.00428   0.00047   0.00502   0.00455   0.00539   0.01597   0.03246   0.06254   0.23518   0.24859   0.06201   0.14858   0.05308   0.01725   0.06391   0.09793   0.04825   0.04989   0.10530   0.13848   0.00544   0.13221   0.24136   2.12884   0.92533   0.15572   2.07655  
 15 776.0735   9431.515149  x:  0.00493   0.05380   0.01682   0.00508   0.00442   0.00048   0.00510   0.00462   0.00558   0.01882   0.03369   0.05696   0.23272   0.24678   0.06475   0.14696   0.05078   0.01907   0.06386   0.09992   0.04295   0.04932   0.10967   0.14098   0.00736   0.13130   0.23849   2.13845   0.92382   0.14988   2.07934  
 16 160.9537   9430.648569  x:  0.00510   0.05158   0.01720   0.00508   0.00438   0.00047   0.00505   0.00457   0.00546   0.01621   0.02756   0.05569   0.23013   0.24459   0.06401   0.14432   0.04849   0.01826   0.06253   0.10123   0.04121   0.05082   0.11229   0.14396   0.00700   0.13015   0.23489   2.15435   0.92457   0.14776   2.08370  
 17 158.1855   9427.309951  x:  0.00524   0.05610   0.01519   0.00508   0.00438   0.00047   0.00508   0.00459   0.00546   0.01790   0.03092   0.06438   0.22213   0.23773   0.05995   0.13426   0.04472   0.01842   0.05770   0.10437   0.04355   0.05598   0.11756   0.15623   0.00842   0.12634   0.22099   2.23826   0.93223   0.14518   2.10663  
 18 311.3672   9414.907404  x:  0.00311   0.06819   0.01567   0.00501   0.00416   0.00044   0.00496   0.00447   0.00522   0.01633   0.02944   0.05749   0.21979   0.23740   0.07363   0.12736   0.05709   0.01456   0.05759   0.09797   0.04211   0.03514   0.10563   0.17268   0.00672   0.12270   0.19997   2.57600   0.92927   0.16185   2.20066  
 19 647.0022   9403.736650  x:  0.00361   0.05704   0.01824   0.00498   0.00412   0.00044   0.00495   0.00447   0.00526   0.01680   0.03392   0.05471   0.22383   0.24050   0.08406   0.13561   0.05907   0.01289   0.07010   0.09909   0.04981   0.06292   0.10727   0.16606   0.00473   0.12568   0.19757   2.92881   0.91038   0.18592   2.29937  
 20 1765.1612   9398.773229  x:  0.00498   0.05191   0.01819   0.00493   0.00418   0.00044   0.00492   0.00444   0.00527   0.01658   0.03563   0.06679   0.22209   0.23549   0.07501   0.14236   0.05031   0.01236   0.07164   0.10524   0.04017   0.05573   0.11795   0.14733   0.00496   0.13034   0.20743   3.06914   0.90312   0.19697   2.33872  
 21 969.9087   9397.772556  x:  0.00490   0.05850   0.01799   0.00496   0.00418   0.00044   0.00493   0.00445   0.00527   0.01656   0.03503   0.06153   0.21870   0.23009   0.07520   0.14525   0.04697   0.01319   0.07008   0.10882   0.04432   0.05457   0.12342   0.13982   0.00497   0.13155   0.21374   3.09793   0.90531   0.19821   2.34682  
 22 266.1437   9397.625824  x:  0.00493   0.05734   0.01765   0.00496   0.00418   0.00044   0.00493   0.00445   0.00527   0.01660   0.03456   0.06294   0.21634   0.22634   0.07835   0.14606   0.04863   0.01342   0.06879   0.10826   0.04455   0.05475   0.12325   0.13974   0.00495   0.13124   0.21801   3.10212   0.90685   0.19798   2.34801  
 23 47.4235   9397.586568  x:  0.00495   0.05801   0.01778   0.00495   0.00418   0.00044   0.00492   0.00444   0.00527   0.01656   0.03476   0.06262   0.21595   0.22466   0.07768   0.14563   0.04855   0.01317   0.06942   0.10789   0.04380   0.05515   0.12287   0.14161   0.00482   0.13082   0.22084   3.10310   0.90607   0.19822   2.34829  
 24 19.5896   9397.570380  x:  0.00504   0.05731   0.01785   0.00495   0.00418   0.00044   0.00493   0.00445   0.00527   0.01658   0.03483   0.06264   0.21632   0.22436   0.07768   0.14510   0.04808   0.01318   0.06960   0.10830   0.04493   0.05445   0.12290   0.14229   0.00478   0.13083   0.22151   3.10327   0.90571   0.19830   2.34834  
 25  5.6259   9397.210949  x:  0.00475   0.05779   0.01789   0.00493   0.00415   0.00043   0.00490   0.00442   0.00522   0.01666   0.03493   0.06254   0.22337   0.22212   0.07947   0.13723   0.05009   0.01282   0.06632   0.11241   0.04395   0.05541   0.12243   0.14085   0.00414   0.13327   0.22312   3.10467   0.90427   0.19865   2.34884  
 26  3.5067   9393.520574  x:  0.00487   0.06272   0.01500   0.00482   0.00406   0.00034   0.00474   0.00418   0.00482   0.01747   0.03179   0.06728   0.24713   0.21443   0.09006   0.13138   0.04179   0.00798   0.08503   0.10275   0.04251   0.05493   0.12687   0.14042   0.00380   0.13656   0.22131   3.11792   0.90974   0.19615   2.35373  
 27 17.4054   9384.865368  x:  0.00395   0.06676   0.01371   0.00460   0.00377   0.00021   0.00446   0.00382   0.00420   0.01879   0.03070   0.07033   0.26001   0.22624   0.09091   0.14703   0.04896   0.00000   0.07987   0.11079   0.04394   0.05361   0.13804   0.15592   0.00008   0.13344   0.22391   3.13839   0.90237   0.19648   2.36081  
 28 100.3509   9384.089229  x:  0.00419   0.06768   0.01343   0.00459   0.00377   0.00020   0.00445   0.00380   0.00417   0.01895   0.03057   0.07090   0.25768   0.23067   0.09279   0.14600   0.04595   0.00000   0.07874   0.11153   0.04345   0.05400   0.13626   0.15673   0.00000   0.13446   0.22557   3.14024   0.90158   0.19678   2.36127  
 29 111.0016   9383.715077  x:  0.00387   0.06795   0.01323   0.00456   0.00372   0.00019   0.00441   0.00376   0.00409   0.01899   0.03019   0.07130   0.25155   0.23805   0.09310   0.14066   0.04940   0.00000   0.08409   0.11451   0.04359   0.05362   0.13743   0.15599   0.00000   0.13457   0.22855   3.14257   0.90241   0.19669   2.36136  
 30 66.6269   9383.688583  x:  0.00385   0.06792   0.01327   0.00456   0.00372   0.00019   0.00442   0.00376   0.00409   0.01901   0.03025   0.07123   0.25151   0.23921   0.09317   0.13944   0.04950   0.00000   0.08328   0.11254   0.04385   0.05357   0.13900   0.15567   0.00000   0.13352   0.22922   3.14288   0.90211   0.19687   2.36051  
 31 10.1569   9381.042046  x:  0.00593   0.06886   0.01437   0.00471   0.00474   0.00050   0.00453   0.00384   0.00559   0.01871   0.02946   0.07222   0.26472   0.25202   0.09454   0.14399   0.04813   0.00000   0.08407   0.12031   0.04276   0.05349   0.13484   0.15565   0.00000   0.11515   0.23818   3.21425   0.90573   0.18345   2.12851  
 32  4.0923   9378.481623  x:  0.00744   0.07068   0.01601   0.00477   0.00557   0.00079   0.00456   0.00384   0.00688   0.01834   0.02922   0.07287   0.27012   0.26633   0.09456   0.14898   0.05118   0.00000   0.08171   0.11612   0.04412   0.05274   0.14150   0.16583   0.00000   0.13946   0.24584   3.28544   0.90423   0.16984   1.90473  
 33 573.4192   9377.172149  x:  0.00859   0.07510   0.01595   0.00478   0.00609   0.00097   0.00454   0.00383   0.00760   0.01783   0.03022   0.07632   0.26071   0.26306   0.10259   0.14599   0.05014   0.00000   0.08084   0.12169   0.04412   0.05258   0.15145   0.17380   0.00000   0.13965   0.23493   3.20176   0.89661   0.19438   2.21420  
 34  3.4757   9374.914157  x:  0.00974   0.07523   0.01362   0.00466   0.00641   0.00094   0.00429   0.00406   0.00684   0.02135   0.03224   0.07395   0.26310   0.27991   0.10826   0.15430   0.04303   0.00000   0.07064   0.12986   0.04043   0.05160   0.15799   0.18082   0.00000   0.13442   0.24397   3.32962   0.89965   0.19734   2.16789  
 35  0.1256   9374.318200  x:  0.01077   0.07398   0.01413   0.00446   0.00705   0.00096   0.00384   0.00456   0.00571   0.02208   0.03009   0.07320   0.25933   0.28575   0.11012   0.15364   0.04527   0.00000   0.07386   0.13365   0.04350   0.05191   0.16046   0.18181   0.00000   0.13367   0.24086   3.38574   0.89459   0.20307   2.38208  
 36  0.0844   9373.858278  x:  0.01169   0.07218   0.01477   0.00426   0.00773   0.00096   0.00330   0.00521   0.00452   0.02063   0.03232   0.07268   0.26313   0.28484   0.10939   0.15255   0.04423   0.00000   0.07214   0.13204   0.04078   0.05254   0.16017   0.18108   0.00000   0.13535   0.24150   3.39680   0.89451   0.22135   2.62665  
 37  0.1013   9373.586341  x:  0.01176   0.07333   0.01308   0.00426   0.00827   0.00112   0.00296   0.00557   0.00505   0.02080   0.03116   0.07406   0.26344   0.28093   0.10760   0.15243   0.04378   0.00000   0.07150   0.12875   0.04146   0.05178   0.15752   0.18045   0.00000   0.13696   0.24286   3.36043   0.89241   0.23506   2.85638  
 38  0.1112   9373.419351  x:  0.01171   0.07357   0.01447   0.00440   0.00867   0.00124   0.00270   0.00593   0.00529   0.02119   0.03104   0.07341   0.26369   0.28266   0.10653   0.15361   0.04408   0.00000   0.07320   0.12967   0.04206   0.05178   0.15670   0.18081   0.00000   0.13493   0.24445   3.35378   0.89508   0.25179   3.07993  
 39  0.1108   9373.290262  x:  0.01108   0.07312   0.01348   0.00478   0.00864   0.00136   0.00260   0.00610   0.00537   0.02151   0.03148   0.07237   0.26270   0.28583   0.10665   0.15415   0.04465   0.00000   0.07169   0.13118   0.04120   0.05220   0.15734   0.18042   0.00000   0.13316   0.24372   3.37739   0.89153   0.26773   3.39356  
 40  0.1006   9373.162259  x:  0.01024   0.07283   0.01435   0.00541   0.00807   0.00146   0.00277   0.00589   0.00560   0.02077   0.03125   0.07298   0.26481   0.28417   0.10680   0.15330   0.04423   0.00000   0.07216   0.13021   0.04154   0.05196   0.15757   0.18004   0.00000   0.13553   0.24324   3.38029   0.89031   0.28438   3.69713  
 41  0.1020   9373.107320  x:  0.01046   0.07311   0.01378   0.00557   0.00778   0.00148   0.00256   0.00563   0.00518   0.02108   0.03084   0.07321   0.26491   0.28442   0.10723   0.15364   0.04454   0.00000   0.07272   0.13035   0.04173   0.05203   0.15771   0.18118   0.00000   0.13503   0.24469   3.38731   0.88989   0.29715   3.92536  
 42  0.0945   9373.083959  x:  0.01113   0.07341   0.01411   0.00567   0.00766   0.00147   0.00253   0.00538   0.00523   0.02111   0.03131   0.07316   0.26399   0.28393   0.10692   0.15358   0.04431   0.00000   0.07195   0.13013   0.04150   0.05199   0.15734   0.18101   0.00000   0.13489   0.24413   3.37581   0.88940   0.30359   4.03482  
 43  0.0472   9373.075142  x:  0.01165   0.07297   0.01393   0.00567   0.00775   0.00144   0.00255   0.00530   0.00532   0.02108   0.03113   0.07285   0.26420   0.28441   0.10655   0.15358   0.04414   0.00000   0.07238   0.13022   0.04165   0.05190   0.15718   0.18041   0.00000   0.13493   0.24389   3.37728   0.88997   0.30408   4.03836  
 44  0.0018   9373.069544  x:  0.01180   0.07256   0.01399   0.00569   0.00785   0.00140   0.00257   0.00528   0.00530   0.02108   0.03095   0.07299   0.26431   0.28463   0.10676   0.15338   0.04415   0.00000   0.07200   0.13016   0.04151   0.05209   0.15735   0.18063   0.00000   0.13490   0.24422   3.38570   0.88899   0.30729   4.10021  
 45  0.0171   9373.059264  x:  0.01153   0.07265   0.01397   0.00568   0.00797   0.00130   0.00264   0.00524   0.00534   0.02106   0.03131   0.07318   0.26436   0.28414   0.10698   0.15351   0.04424   0.00000   0.07240   0.13009   0.04154   0.05206   0.15732   0.18118   0.00000   0.13491   0.24453   3.38480   0.88909   0.31487   4.22664  
 46  0.0315   9373.054534  x:  0.01129   0.07303   0.01396   0.00563   0.00801   0.00126   0.00260   0.00526   0.00533   0.02112   0.03107   0.07296   0.26408   0.28422   0.10668   0.15356   0.04424   0.00000   0.07223   0.13012   0.04165   0.05191   0.15712   0.18073   0.00000   0.13499   0.24401   3.38089   0.88879   0.31909   4.30809  
 47  0.0403   9373.052541  x:  0.01129   0.07306   0.01397   0.00559   0.00792   0.00125   0.00260   0.00525   0.00534   0.02102   0.03114   0.07289   0.26440   0.28484   0.10667   0.15349   0.04433   0.00000   0.07211   0.13028   0.04149   0.05201   0.15746   0.18054   0.00000   0.13510   0.24406   3.38203   0.88869   0.32060   4.34092  
 48  0.0096   9373.050094  x:  0.01142   0.07298   0.01398   0.00549   0.00784   0.00124   0.00260   0.00532   0.00538   0.02106   0.03114   0.07309   0.26442   0.28476   0.10666   0.15355   0.04415   0.00000   0.07225   0.13027   0.04168   0.05197   0.15739   0.18071   0.00000   0.13501   0.24438   3.38137   0.88833   0.32245   4.38090  
 49  0.0114   9373.049219  x:  0.01150   0.07290   0.01396   0.00548   0.00781   0.00125   0.00262   0.00535   0.00538   0.02110   0.03112   0.07299   0.26425   0.28441   0.10668   0.15359   0.04426   0.00000   0.07220   0.13017   0.04153   0.05201   0.15725   0.18077   0.00000   0.13500   0.24411   3.38163   0.88845   0.32414   4.40840  
 50  0.0114   9373.048630  x:  0.01149   0.07291   0.01397   0.00548   0.00781   0.00126   0.00263   0.00536   0.00535   0.02106   0.03115   0.07291   0.26424   0.28445   0.10675   0.15348   0.04420   0.00000   0.07217   0.13018   0.04165   0.05190   0.15729   0.18073   0.00000   0.13502   0.24406   3.38383   0.88836   0.32657   4.44709  
 51  0.0114   9373.047896  x:  0.01147   0.07305   0.01397   0.00544   0.00785   0.00128   0.00265   0.00533   0.00535   0.02106   0.03112   0.07302   0.26433   0.28460   0.10672   0.15347   0.04422   0.00000   0.07226   0.13018   0.04157   0.05197   0.15723   0.18068   0.00000   0.13499   0.24423   3.38333   0.88827   0.32827   4.47287  
 52  0.0071   9373.047665  x:  0.01146   0.07295   0.01396   0.00542   0.00785   0.00129   0.00266   0.00531   0.00535   0.02108   0.03114   0.07299   0.26434   0.28456   0.10668   0.15357   0.04423   0.00000   0.07218   0.13019   0.04160   0.05198   0.15726   0.18070   0.00000   0.13499   0.24417   3.38273   0.88829   0.32765   4.46457  
 53  0.0042   9373.047640  x:  0.01145   0.07292   0.01397   0.00541   0.00785   0.00129   0.00265   0.00531   0.00534   0.02107   0.03114   0.07298   0.26432   0.28453   0.10667   0.15355   0.04423   0.00000   0.07221   0.13019   0.04159   0.05196   0.15727   0.18071   0.00000   0.13500   0.24417   3.38271   0.88828   0.32762   4.46599  
 54  0.0009   9373.047632  x:  0.01145   0.07293   0.01397   0.00541   0.00786   0.00129   0.00265   0.00531   0.00535   0.02107   0.03114   0.07297   0.26432   0.28452   0.10668   0.15353   0.04422   0.00000   0.07220   0.13018   0.04159   0.05197   0.15727   0.18072   0.00000   0.13499   0.24417   3.38272   0.88827   0.32774   4.46974  
 55  0.0017   9373.047631  x:  0.01145   0.07293   0.01397   0.00542   0.00786   0.00129   0.00265   0.00531   0.00535   0.02107   0.03114   0.07298   0.26432   0.28452   0.10668   0.15354   0.04422   0.00000   0.07220   0.13019   0.04159   0.05197   0.15727   0.18071   0.00000   0.13499   0.24417   3.38275   0.88826   0.32774   4.47009  
 56  0.0003   9373.047631  x:  0.01145   0.07293   0.01397   0.00542   0.00786   0.00129   0.00265   0.00531   0.00535   0.02107   0.03114   0.07298   0.26432   0.28452   0.10668   0.15354   0.04422   0.00000   0.07220   0.13019   0.04159   0.05197   0.15727   0.18071   0.00000   0.13499   0.24417   3.38274   0.88826   0.32773   4.46998  
 57  0.0001   9373.047631  x:  0.01145   0.07293   0.01397   0.00542   0.00786   0.00129   0.00265   0.00531   0.00535   0.02107   0.03114   0.07298   0.26432   0.28453   0.10668   0.15354   0.04422   0.00000   0.07220   0.13019   0.04159   0.05197   0.15727   0.18071   0.00000   0.13499   0.24417   3.38273   0.88826   0.32773   4.46998  