

TREE # 1

  0  0.0000   6782.507243  x:  0.02382   0.01430   0.07366   0.02278   0.00000   0.16782   0.03528   0.04154   0.07562   0.02794   1.10486   0.06178   0.05795   0.08906   0.14819   0.20879   0.08612   0.06851   0.10379   0.04499   0.10883   0.11977   0.03892   0.04469   0.11118   0.18967   0.05346   0.10953   0.17947   2.00000   0.90000   0.29673   1.19979   2.14479  
  1 99.0000   6782.499477  x:  0.02382   0.01431   0.07366   0.02278   0.00000   0.16782   0.03528   0.04154   0.07561   0.02794   1.10486   0.06178   0.05795   0.08906   0.14819   0.20879   0.08612   0.06851   0.10379   0.04499   0.10883   0.11977   0.03892   0.04469   0.11118   0.18967   0.05346   0.10953   0.17947   2.00000   0.90000   0.29673   1.19979   2.14479  
  2 1736.8939   6689.122932  x:  0.03025   0.00820   0.06485   0.01006   0.00000   0.13833   0.00000   0.00997   0.04202   0.01565   1.11868   0.05097   0.05412   0.09292   0.16006   0.23529   0.08308   0.07528   0.12006   0.05714   0.12294   0.13460   0.05245   0.06081   0.14692   0.20743   0.05061   0.11509   0.19987   2.00234   0.92725   0.31157   1.19674   2.14086  
  3 1773.2574   6656.816556  x:  0.02321   0.00865   0.06169   0.01885   0.00000   0.11115   0.00000   0.00057   0.01255   0.03532   1.13152   0.04867   0.05657   0.09343   0.16850   0.25041   0.08101   0.07679   0.12489   0.05692   0.12778   0.13954   0.04590   0.05271   0.15965   0.21750   0.04505   0.11754   0.21121   2.00439   0.94572   0.32451   1.19369   2.13894  
  4 1306.6926   6646.895534  x:  0.02096   0.00869   0.06041   0.02148   0.00000   0.10104   0.00000   0.00212   0.00174   0.04152   1.13630   0.04766   0.05730   0.09369   0.17167   0.25621   0.08024   0.07745   0.12690   0.05709   0.12975   0.14155   0.04399   0.05033   0.16480   0.22136   0.04307   0.11850   0.21558   2.00516   0.95263   0.32933   1.19256   2.13820  
  5 12515.2702   6621.616367  x:  0.00963   0.00908   0.05466   0.03332   0.00000   0.04337   0.00000   0.00667   0.01732   0.06738   1.16396   0.04376   0.06084   0.09469   0.18835   0.28675   0.07669   0.08044   0.13662   0.05588   0.13913   0.15100   0.03404   0.03805   0.18889   0.24155   0.03207   0.12329   0.23827   2.00943   0.98539   0.35630   1.18594   2.13496  
  6 1400.1448   6610.184260  x:  0.00913   0.00868   0.05451   0.03813   0.00000   0.01263   0.00000   0.00774   0.02031   0.07724   1.18182   0.04648   0.06283   0.09504   0.19616   0.30184   0.07707   0.08204   0.14066   0.05262   0.14240   0.15408   0.03441   0.03839   0.19554   0.25124   0.02763   0.12566   0.24922   2.01182   0.96903   0.37205   1.18135   2.13489  
  7 905.5114   6592.803864  x:  0.02202   0.00557   0.06338   0.05296   0.00000   0.04122   0.00000   0.01071   0.02833   0.11064   1.28778   0.08178   0.06952   0.09223   0.22519   0.35963   0.08489   0.08258   0.14742   0.02074   0.14510   0.15355   0.04891   0.06000   0.19009   0.28889   0.01180   0.13349   0.28901   2.02644   0.96049   0.45218   1.15648   2.13771  
  8 342.8897   6574.535009  x:  0.00600   0.00804   0.07987   0.03327   0.00000   0.05710   0.00000   0.01080   0.02906   0.10505   1.44994   0.09866   0.06851   0.10136   0.24130   0.39443   0.10861   0.08765   0.14402   0.04504   0.15244   0.14894   0.03868   0.03784   0.14984   0.32624   0.05783   0.15072   0.31601   2.04906   0.95509   0.54844   1.12251   2.14800  
  9 424.4569   6562.980849  x:  0.02385   0.00620   0.08961   0.03586   0.00000   0.03755   0.00000   0.01022   0.02702   0.10632   1.58987   0.09118   0.07733   0.11092   0.23272   0.38204   0.11897   0.08374   0.13096   0.05031   0.15021   0.14398   0.04243   0.06582   0.11509   0.32688   0.07651   0.15191   0.30223   2.06993   0.97347   0.60393   1.09903   2.16230  
 10 407.3930   6539.446668  x:  0.01217   0.01052   0.08950   0.04712   0.00000   0.03919   0.00000   0.00938   0.02477   0.08592   1.93393   0.05642   0.08854   0.12109   0.20106   0.32291   0.12054   0.08034   0.10568   0.03211   0.15276   0.16226   0.05649   0.05650   0.16628   0.29888   0.06336   0.13753   0.24576   2.12308   0.97260   0.69547   1.05343   2.20955  
 11 472.9286   6533.771287  x:  0.03797   0.00772   0.08530   0.05117   0.00000   0.04128   0.00000   0.00941   0.02489   0.08403   2.03274   0.05811   0.08508   0.11802   0.19398   0.30819   0.11446   0.08422   0.12130   0.03919   0.15385   0.16700   0.04288   0.04399   0.17761   0.28786   0.05611   0.13584   0.23622   2.13975   0.97116   0.70223   1.04728   2.22772  
 12 510.3362   6522.948518  x:  0.01619   0.01025   0.07007   0.05665   0.00000   0.04110   0.00000   0.00970   0.02564   0.08900   2.23186   0.08368   0.06483   0.10000   0.19379   0.28263   0.09187   0.09792   0.16627   0.06619   0.15255   0.17078   0.03269   0.06345   0.17834   0.26124   0.03606   0.14162   0.24021   2.17704   0.97051   0.66414   1.05334   2.27710  
 13 380.7591   6513.894050  x:  0.01489   0.00954   0.06332   0.05332   0.00000   0.03375   0.00000   0.00948   0.02485   0.09213   2.42406   0.08724   0.06327   0.09724   0.20436   0.28210   0.08291   0.10041   0.18878   0.06378   0.14604   0.16704   0.07340   0.04066   0.16306   0.24103   0.02602   0.14921   0.26198   2.21621   0.97699   0.58509   1.07253   2.33639  
 14 418.5446   6499.720438  x:  0.01321   0.00806   0.06662   0.03823   0.00000   0.03359   0.00000   0.00903   0.02363   0.08872   2.69098   0.06456   0.07925   0.10893   0.22587   0.31066   0.09184   0.09235   0.18426   0.03802   0.13608   0.16281   0.04719   0.04732   0.16412   0.23671   0.02400   0.15545   0.29606   2.27360   0.97692   0.44212   1.10717   2.43102  
 15 550.5613   6497.069918  x:  0.01762   0.00813   0.06932   0.04061   0.00000   0.03132   0.00000   0.00896   0.02343   0.08942   2.74204   0.07229   0.06628   0.09497   0.22447   0.32356   0.08566   0.08140   0.16082   0.04645   0.14246   0.16159   0.04846   0.04711   0.16786   0.25830   0.02347   0.14611   0.28874   2.28733   0.97832   0.41002   1.11323   2.46354  
 16 151.7044   6496.333337  x:  0.01763   0.00854   0.05967   0.04159   0.00000   0.03039   0.00000   0.00882   0.02305   0.08764   2.75182   0.07403   0.06393   0.09793   0.22135   0.32903   0.08605   0.09513   0.15719   0.04414   0.14444   0.15703   0.04827   0.04656   0.16537   0.26802   0.02166   0.13914   0.28294   2.29373   0.97951   0.40552   1.11357   2.48849  
 17 57.6498   6494.451852  x:  0.01412   0.00874   0.05682   0.04634   0.00000   0.03080   0.00000   0.00872   0.02271   0.08449   2.76372   0.07068   0.07503   0.10373   0.21380   0.33921   0.06559   0.09444   0.17035   0.03886   0.15263   0.14732   0.04882   0.04756   0.16533   0.28376   0.03160   0.12999   0.27586   2.31514   0.98168   0.40917   1.11077   2.58774  
 18 71.2610   6489.090213  x:  0.01011   0.00895   0.07307   0.04763   0.00000   0.02647   0.00000   0.00832   0.02124   0.08350   2.78433   0.06453   0.07312   0.09972   0.20428   0.35282   0.08162   0.09306   0.19442   0.03049   0.17051   0.13732   0.05046   0.04980   0.17006   0.29959   0.03112   0.12846   0.26785   2.37077   0.99307   0.42685   1.10120   2.85774  
 19 266.3148   6485.035633  x:  0.01203   0.00866   0.06153   0.05118   0.00000   0.03383   0.00000   0.00933   0.02363   0.10284   2.80022   0.03899   0.07025   0.10694   0.20607   0.36134   0.08883   0.08889   0.19846   0.04562   0.18729   0.14176   0.05544   0.05527   0.17228   0.30877   0.02865   0.13911   0.26937   2.41959   0.99424   0.44436   1.09267   3.08875  
 20 580.7709   6483.667876  x:  0.01451   0.00847   0.05583   0.04743   0.00000   0.03307   0.00000   0.00935   0.02363   0.10585   2.80460   0.04590   0.07350   0.11415   0.21071   0.36043   0.08597   0.08840   0.18983   0.04845   0.18900   0.14826   0.05523   0.05625   0.17546   0.30603   0.02951   0.14477   0.27359   2.43618   0.99694   0.45109   1.08933   3.16551  
 21 336.5552   6483.262419  x:  0.01592   0.00820   0.06357   0.04446   0.00000   0.03368   0.00000   0.00947   0.02390   0.10896   2.80550   0.04345   0.07648   0.11142   0.21429   0.35908   0.07999   0.09804   0.18464   0.05147   0.18773   0.15307   0.05555   0.05682   0.17610   0.30437   0.02956   0.14135   0.27797   2.44475   0.99732   0.45396   1.08953   3.18695  
 22 59.8776   6482.661298  x:  0.01641   0.00860   0.05966   0.03632   0.00000   0.03341   0.00000   0.00954   0.02406   0.11373   2.80512   0.04349   0.07687   0.10889   0.21571   0.35634   0.08287   0.09458   0.18500   0.05289   0.18026   0.15810   0.05571   0.05730   0.17712   0.30388   0.03250   0.12186   0.28562   2.47164   0.99715   0.46049   1.09657   3.19836  
 23 17.7568   6478.443047  x:  0.01827   0.00900   0.07083   0.06400   0.00000   0.03460   0.00000   0.00959   0.02426   0.10130   2.79884   0.05128   0.07433   0.13182   0.20703   0.35251   0.08972   0.09528   0.17758   0.06897   0.14260   0.17425   0.05825   0.05785   0.18933   0.32117   0.03282   0.11993   0.30475   2.70949   0.99553   0.50074   1.16918   3.23768  
 24 46.1320   6474.368821  x:  0.02075   0.01200   0.05944   0.05587   0.00000   0.03068   0.00000   0.00847   0.02137   0.08435   2.79405   0.04455   0.06606   0.11047   0.21286   0.35713   0.07525   0.09262   0.16487   0.05295   0.13260   0.18036   0.04960   0.05476   0.18106   0.32374   0.02468   0.14206   0.30776   2.91591   0.99456   0.54318   1.23075   3.26791  
 25 239.3868   6471.570321  x:  0.02258   0.01279   0.05603   0.04412   0.00000   0.03162   0.00000   0.00890   0.02250   0.09299   2.79292   0.05418   0.08453   0.10051   0.22745   0.36393   0.08124   0.09822   0.16096   0.04990   0.16934   0.18350   0.05080   0.05666   0.18531   0.31486   0.03361   0.15319   0.28815   3.05462   0.99284   0.56546   1.27471   3.28397  
 26 176.7311   6470.600521  x:  0.02271   0.01211   0.06284   0.03530   0.00000   0.03145   0.00000   0.00891   0.02254   0.09752   2.79418   0.05538   0.07379   0.11446   0.23791   0.36807   0.07611   0.09687   0.15981   0.04779   0.18430   0.17716   0.04969   0.05663   0.18511   0.30754   0.02992   0.15060   0.28089   3.08811   0.99224   0.57273   1.28492   3.28829  
 27 79.8699   6468.510270  x:  0.02571   0.01171   0.05919   0.05475   0.00000   0.03104   0.00000   0.00864   0.02183   0.08500   2.80597   0.05356   0.06679   0.11104   0.26285   0.37473   0.07676   0.09801   0.14941   0.05331   0.19696   0.14143   0.04807   0.05801   0.19626   0.28507   0.03756   0.14020   0.29398   3.08591   0.99242   0.58196   1.28113   3.29703  
 28 19.5180   6461.056059  x:  0.02438   0.01410   0.06098   0.05298   0.00000   0.03118   0.00000   0.00791   0.01994   0.06778   2.85109   0.05558   0.09148   0.11516   0.26951   0.38437   0.07951   0.09064   0.14578   0.07229   0.21161   0.12865   0.04394   0.05514   0.19309   0.29145   0.00000   0.13319   0.31446   3.00717   0.99236   0.59091   1.24824   3.31832  
 29 36.0272   6384.198002  x:  0.04262   0.03839   0.07399   0.03214   0.00000   0.03660   0.00000   0.00967   0.02377   0.08553   3.41865   0.07651   0.07553   0.15136   0.26238   0.46023   0.08594   0.12117   0.17262   0.04171   0.27328   0.17025   0.04711   0.07283   0.28834   0.41319   0.01468   0.18762   0.50872   1.95805   0.99327   0.64911   0.82868   3.57601  
 30 345.0886   6377.292096  x:  0.03704   0.03735   0.07418   0.05158   0.00000   0.03685   0.00000   0.00912   0.02228   0.06464   3.47116   0.07457   0.08097   0.15004   0.35263   0.51748   0.09212   0.11686   0.19872   0.05496   0.20957   0.22314   0.04998   0.07105   0.28331   0.40825   0.01940   0.18084   0.43435   1.85844   0.99426   0.65523   0.79057   3.60450  
 31 97.0358   6376.900308  x:  0.03727   0.03758   0.07473   0.04145   0.00000   0.03663   0.00000   0.00930   0.02271   0.07182   3.47484   0.07539   0.08473   0.14885   0.35126   0.52599   0.09193   0.11774   0.19906   0.06168   0.19413   0.21104   0.05210   0.07184   0.29149   0.40609   0.01889   0.18635   0.42586   1.85506   0.99419   0.65712   0.79137   3.60686  
 32 22.1812   6375.201391  x:  0.03373   0.03948   0.07454   0.04409   0.00000   0.03675   0.00000   0.00919   0.02242   0.06875   3.49960   0.07702   0.08192   0.14835   0.30841   0.58311   0.08970   0.11849   0.19191   0.06978   0.19160   0.22691   0.05109   0.07253   0.28943   0.36258   0.02052   0.18093   0.42380   1.86509   0.99411   0.67636   0.83976   3.63055  
 33  5.6925   6342.902616  x:  0.04071   0.04938   0.08205   0.02408   0.00000   0.02892   0.00000   0.00641   0.01466   0.01319   3.94935   0.07592   0.08427   0.15331   0.37270   0.59020   0.10763   0.11285   0.20258   0.05818   0.19183   0.23013   0.05243   0.07660   0.34322   0.44088   0.02932   0.19889   0.40045   2.13853   0.99185   0.96800   1.72914   4.07896  
 34 24.7001   6329.362060  x:  0.02904   0.05548   0.08314   0.01246   0.00000   0.02842   0.00000   0.00635   0.01401   0.01474   4.08002   0.07528   0.08115   0.15485   0.37330   0.65893   0.11580   0.11568   0.25503   0.05359   0.20847   0.23646   0.06160   0.07829   0.35950   0.42831   0.02667   0.21266   0.43087   2.71497   0.99492   0.76242   0.98722   4.20833  
 35 12.2693   6323.065203  x:  0.03381   0.05994   0.08293   0.00143   0.00000   0.02797   0.00000   0.00700   0.01480   0.03729   4.28861   0.07428   0.08035   0.15959   0.38652   0.66311   0.11847   0.11934   0.25789   0.05520   0.22135   0.24189   0.06761   0.08465   0.38873   0.45756   0.02615   0.21856   0.44226   2.71740   0.99405   0.86315   1.27405   4.37557  
 36  1.7758   6316.185234  x:  0.03848   0.06977   0.07887   0.03516   0.00000   0.02864   0.00000   0.00811   0.01571   0.05644   4.71036   0.06992   0.07461   0.17143   0.40109   0.69109   0.12194   0.13024   0.27264   0.06252   0.25928   0.26207   0.08314   0.09724   0.44097   0.49978   0.02498   0.22359   0.48566   2.75661   0.99405   0.96531   1.50601   4.68146  
 37  1.7255   6299.570629  x:  0.03673   0.09862   0.05660   0.01644   0.00000   0.02254   0.00000   0.00561   0.00546   0.02186   5.68941   0.06315   0.08639   0.17595   0.38151   0.78964   0.10418   0.15191   0.28861   0.07600   0.31731   0.27856   0.10273   0.11455   0.54312   0.51309   0.01331   0.22905   0.59705   2.64964   0.99332   0.90900   1.24457   4.95045  
 38  0.7147   6299.455585  x:  0.03671   0.09895   0.05634   0.01622   0.00498   0.02247   0.00000   0.00559   0.00534   0.02146   5.70069   0.06307   0.08652   0.17601   0.38128   0.79078   0.10397   0.15216   0.28879   0.07616   0.31798   0.27875   0.10295   0.11475   0.54430   0.51325   0.01318   0.22911   0.59833   2.64840   0.99331   0.90834   1.24155   4.95354  
 39 131.7876   6291.466209  x:  0.03061   0.11512   0.07271   0.00910   0.00474   0.02548   0.00000   0.00806   0.01200   0.03482   6.43250   0.05800   0.09013   0.16949   0.41406   0.79189   0.09038   0.15421   0.30329   0.08518   0.28073   0.27283   0.11191   0.12309   0.61662   0.51362   0.00677   0.21426   0.55051   2.60407   0.98935   0.63790   0.76333   4.61530  
 40  0.2788   6287.846554  x:  0.02996   0.13119   0.07818   0.00766   0.00186   0.02661   0.00000   0.00833   0.01116   0.03182   7.13724   0.06069   0.09049   0.16773   0.42150   0.78363   0.09314   0.15119   0.29313   0.08623   0.26867   0.27288   0.11467   0.12849   0.68113   0.53407   0.00930   0.20732   0.51410   2.52958   0.98433   0.67274   1.10123   4.45019  
 41  0.5295   6285.662110  x:  0.02787   0.13907   0.07533   0.00772   0.00000   0.02765   0.00000   0.00812   0.00957   0.02800   7.43832   0.06387   0.09168   0.16920   0.41283   0.79044   0.09768   0.15076   0.28906   0.08485   0.27771   0.27499   0.11416   0.12977   0.70575   0.54127   0.01040   0.20999   0.52067   2.57281   0.98259   0.66720   1.06598   4.39480  
 42  0.4144   6285.662110  x:  0.02787   0.13907   0.07533   0.00772   0.00000   0.02765   0.00000   0.00812   0.00957   0.02800   7.43832   0.06387   0.09168   0.16920   0.41283   0.79044   0.09768   0.15076   0.28906   0.08485   0.27771   0.27499   0.11416   0.12977   0.70575   0.54127   0.01040   0.20999   0.52067   2.57281   0.98259   0.66720   1.06598   4.39480  
 43  1.3638   6284.470591  x:  0.02604   0.14696   0.07417   0.01326   0.00073   0.02960   0.00000   0.00762   0.00527   0.02807   7.43858   0.06412   0.09183   0.16962   0.41213   0.78947   0.09868   0.15020   0.28812   0.08398   0.27768   0.27480   0.11110   0.12619   0.70479   0.54075   0.01110   0.21058   0.52049   2.57306   0.97332   0.66929   1.06495   4.39470  
 44 151.2347   6283.657412  x:  0.02354   0.15914   0.07266   0.01738   0.00049   0.03127   0.00000   0.00843   0.01169   0.02848   7.43899   0.06471   0.09187   0.17053   0.41117   0.78813   0.10036   0.14936   0.28688   0.08298   0.27787   0.27476   0.10682   0.12122   0.70346   0.54026   0.01261   0.21172   0.52047   2.57350   0.96739   0.67244   1.06343   4.39444  
 45 237.0440   6283.258260  x:  0.02281   0.16309   0.07227   0.01744   0.00000   0.03142   0.00000   0.00847   0.01151   0.02866   7.43914   0.06495   0.09183   0.17092   0.41089   0.78774   0.10095   0.14910   0.28654   0.08278   0.27804   0.27485   0.10563   0.11986   0.70308   0.54021   0.01323   0.21217   0.52054   2.57366   0.96802   0.67348   1.06295   4.39432  
 46 212.1671   6282.943982  x:  0.01950   0.16929   0.07111   0.01257   0.00000   0.03404   0.00000   0.00597   0.01157   0.02638   7.43964   0.06398   0.09129   0.17139   0.40939   0.78639   0.10150   0.14818   0.28497   0.08201   0.27852   0.27511   0.10548   0.11944   0.70172   0.54003   0.01249   0.21283   0.52057   2.57425   0.96691   0.67643   1.06146   4.39397  
 47 91.2534   6282.795398  x:  0.01710   0.17257   0.07043   0.00981   0.00000   0.03562   0.00000   0.00795   0.01124   0.02519   7.44000   0.06315   0.09109   0.17162   0.40822   0.78542   0.10167   0.14754   0.28382   0.08147   0.27887   0.27530   0.10597   0.11981   0.70073   0.53991   0.01164   0.21319   0.52057   2.57468   0.96622   0.67843   1.06043   4.39371  
 48 156.8748   6282.423312  x:  0.00631   0.18019   0.06910   0.01206   0.00000   0.03804   0.00000   0.00787   0.01128   0.02722   7.44187   0.05947   0.09279   0.17239   0.40186   0.78081   0.10107   0.14476   0.27840   0.07931   0.28073   0.27640   0.11230   0.12608   0.69588   0.53964   0.00645   0.21431   0.52055   2.57702   0.96856   0.68723   1.05568   4.39235  
 49 57.5453   6282.287382  x:  0.00361   0.18201   0.06916   0.01214   0.00000   0.03310   0.00000   0.00779   0.01131   0.02535   7.44328   0.06112   0.09273   0.17234   0.39716   0.77767   0.10093   0.14409   0.27606   0.07848   0.28181   0.27685   0.11501   0.12883   0.69219   0.53944   0.00757   0.21512   0.52064   2.57878   0.96791   0.69240   1.05254   4.39135  
 50 38.0308   6282.151417  x:  0.00533   0.18162   0.06969   0.01090   0.00000   0.03401   0.00000   0.00775   0.01131   0.02854   7.44597   0.06412   0.09189   0.17173   0.38883   0.77234   0.10120   0.14438   0.27372   0.07758   0.28341   0.27722   0.11702   0.13098   0.68532   0.53913   0.01186   0.21608   0.52080   2.58219   0.96729   0.70001   1.04729   4.38943  
 51 33.7853   6282.038542  x:  0.00872   0.18062   0.07036   0.01245   0.00000   0.03649   0.00000   0.00788   0.01135   0.02586   7.44875   0.06454   0.09182   0.17134   0.38106   0.76734   0.10173   0.14511   0.27204   0.07688   0.28487   0.27749   0.11745   0.13161   0.67855   0.53897   0.01415   0.21652   0.52093   2.58572   0.96875   0.70653   1.04238   4.38741  
 52 61.6095   6281.899821  x:  0.01421   0.17849   0.07065   0.01184   0.00000   0.03445   0.00000   0.00779   0.01128   0.02648   7.45334   0.05969   0.09207   0.17097   0.37057   0.76009   0.10252   0.14644   0.27011   0.07591   0.28652   0.27743   0.11451   0.12895   0.66809   0.53878   0.01112   0.21570   0.52075   2.59160   0.96944   0.71382   1.03555   4.38406  
 53 41.0708   6281.838860  x:  0.01374   0.17654   0.06989   0.01171   0.00000   0.03457   0.00000   0.00777   0.01121   0.02639   7.45670   0.06292   0.09211   0.17069   0.36628   0.75588   0.10130   0.14572   0.26913   0.07612   0.28678   0.27680   0.11174   0.12633   0.66154   0.53857   0.00743   0.21426   0.52035   2.59590   0.97048   0.71405   1.03254   4.38156  
 54 20.1944   6281.726874  x:  0.00868   0.17369   0.06763   0.01188   0.00000   0.03448   0.00000   0.00771   0.01106   0.02612   7.46599   0.06056   0.09084   0.16950   0.36063   0.74620   0.09821   0.14288   0.26829   0.07854   0.28587   0.27410   0.10813   0.12292   0.64555   0.53714   0.01076   0.21140   0.51913   2.60756   0.97236   0.70625   1.02745   4.37455  
 55 18.8967   6281.548007  x:  0.00904   0.17736   0.06936   0.01168   0.00000   0.03410   0.00000   0.00764   0.01094   0.02591   7.48421   0.06050   0.08876   0.16749   0.35590   0.73036   0.10201   0.14355   0.26826   0.07786   0.28183   0.26813   0.10976   0.12481   0.61780   0.53116   0.01001   0.20562   0.51458   2.62966   0.97421   0.68706   1.01884   4.36078  
 56 30.4583   6281.502078  x:  0.01180   0.17853   0.06705   0.01123   0.00000   0.03378   0.00000   0.00760   0.01090   0.02585   7.49107   0.06056   0.09153   0.16688   0.35724   0.72772   0.09908   0.14149   0.26776   0.07645   0.28090   0.26785   0.11084   0.12524   0.61272   0.52802   0.00991   0.20739   0.51238   2.63654   0.97452   0.68293   1.01435   4.35565  
 57 14.9671   6281.381862  x:  0.01124   0.17577   0.06790   0.01142   0.00000   0.03362   0.00000   0.00759   0.01086   0.02579   7.51517   0.06019   0.08786   0.16830   0.36554   0.72545   0.09863   0.14260   0.26281   0.07327   0.27978   0.27144   0.11054   0.12285   0.60770   0.51795   0.00953   0.21729   0.50486   2.65720   0.97569   0.67609   0.99581   4.33772  
 58 15.0355   6281.259849  x:  0.00882   0.17436   0.06750   0.01040   0.00000   0.03359   0.00000   0.00755   0.01087   0.02581   7.54444   0.06062   0.09427   0.16641   0.37140   0.72719   0.10315   0.14483   0.26173   0.07698   0.27955   0.27581   0.10870   0.12305   0.60957   0.51277   0.01121   0.21501   0.50034   2.67897   0.97561   0.67103   0.97290   4.31608  
 59 21.8412   6281.001245  x:  0.01009   0.17770   0.06963   0.01066   0.00000   0.03323   0.00000   0.00758   0.01094   0.02592   7.60881   0.06053   0.08955   0.16535   0.37923   0.73426   0.10045   0.14078   0.26508   0.08537   0.27862   0.28294   0.10768   0.12606   0.61855   0.50835   0.01169   0.20325   0.49666   2.72362   0.97515   0.66059   0.92358   4.26856  
 60 59.1177   6280.614834  x:  0.00780   0.18083   0.06096   0.01110   0.00000   0.03293   0.00000   0.00765   0.01096   0.02616   7.71266   0.06141   0.08847   0.17387   0.37295   0.74760   0.10225   0.14583   0.27256   0.07902   0.27153   0.27985   0.11335   0.12283   0.63864   0.51905   0.01247   0.20452   0.51116   2.78505   0.97330   0.63420   0.85522   4.19182  
 61 42.4526   6280.444424  x:  0.00634   0.18360   0.07005   0.01018   0.00000   0.03329   0.00000   0.00766   0.01098   0.02633   7.76159   0.06149   0.09279   0.17496   0.36843   0.75289   0.10025   0.14483   0.27406   0.07668   0.27084   0.27849   0.11285   0.12194   0.64779   0.52630   0.01260   0.20960   0.51858   2.81058   0.97139   0.62034   0.82683   4.15567  
 62 87.8581   6280.298141  x:  0.00782   0.18707   0.06891   0.01085   0.00000   0.03329   0.00000   0.00773   0.01098   0.02649   7.80613   0.06178   0.09115   0.16646   0.36452   0.75538   0.10328   0.14291   0.27135   0.07907   0.27805   0.28016   0.10899   0.12614   0.65471   0.53522   0.01075   0.21820   0.52287   2.82604   0.96966   0.60744   0.80940   4.12274  
 63 36.2823   6280.009490  x:  0.01200   0.19204   0.06758   0.01159   0.00000   0.03366   0.00000   0.00788   0.01088   0.02686   7.90964   0.06258   0.09270   0.18007   0.36594   0.75277   0.10559   0.14109   0.25834   0.07632   0.30451   0.28370   0.10941   0.12466   0.66202   0.54817   0.01312   0.21485   0.51847   2.83370   0.96507   0.59164   0.79569   4.04603  
 64 20.6004   6279.366842  x:  0.00860   0.20117   0.06814   0.01403   0.00000   0.03403   0.00000   0.00809   0.01034   0.02717   8.14275   0.06270   0.09167   0.16579   0.38042   0.74889   0.09934   0.14996   0.25516   0.05277   0.32747   0.26806   0.10612   0.11844   0.67003   0.55843   0.01870   0.20426   0.51078   2.82984   0.96131   0.58843   0.78125   3.87185  
 65 50.3022   6277.295308  x:  0.00334   0.22296   0.06726   0.01859   0.00000   0.03489   0.00000   0.00881   0.00943   0.02902   8.91427   0.06580   0.09408   0.18112   0.41171   0.74305   0.11490   0.13661   0.29271   0.07269   0.34717   0.21479   0.09697   0.11792   0.67978   0.56386   0.01724   0.22562   0.49983   2.79603   0.94443   0.60186   0.76622   3.28994  
 66 129.2930   6274.696911  x:  0.00000   0.25152   0.06744   0.02062   0.00000   0.03452   0.00000   0.00929   0.00882   0.03055   9.70099   0.06841   0.09583   0.18193   0.40792   0.75364   0.10639   0.15618   0.30580   0.09183   0.34453   0.24950   0.10427   0.10261   0.69137   0.54294   0.01604   0.23258   0.52349   2.75960   0.93157   0.59716   0.79064   2.68969  
 67 216.9828   6273.543545  x:  0.00000   0.25971   0.06529   0.02116   0.00000   0.03367   0.00000   0.00941   0.00840   0.03096  10.12205   0.06907   0.09590   0.18984   0.40140   0.76622   0.11444   0.14447   0.29378   0.07726   0.32364   0.26760   0.08148   0.11579   0.70204   0.53436   0.02117   0.22692   0.53330   2.74255   0.92755   0.59572   0.81149   2.36812  
 68 319.4386   6273.149791  x:  0.00000   0.26090   0.06618   0.02103   0.00000   0.03294   0.00000   0.00939   0.00826   0.03096  10.27141   0.06896   0.09514   0.18407   0.39774   0.77374   0.12368   0.13044   0.27723   0.07678   0.30959   0.26726   0.08987   0.10449   0.70915   0.54216   0.02305   0.22364   0.52659   2.73954   0.92775   0.59752   0.82357   2.25590  
 69 107.1237   6272.965739  x:  0.00000   0.26381   0.06571   0.02029   0.00000   0.03240   0.00000   0.00934   0.00828   0.03095  10.34302   0.06899   0.09515   0.18526   0.39460   0.77750   0.11755   0.13883   0.26567   0.08256   0.30178   0.25978   0.08875   0.10671   0.71531   0.55406   0.02369   0.22411   0.51393   2.74201   0.92850   0.59998   0.83459   2.20577  
 70 39.1374   6272.815826  x:  0.00000   0.26163   0.06612   0.01846   0.00000   0.03145   0.00000   0.00919   0.00848   0.03082  10.40155   0.06892   0.09517   0.18505   0.39005   0.77696   0.11824   0.13762   0.27890   0.07423   0.31878   0.25476   0.08979   0.10751   0.72627   0.56164   0.02379   0.22563   0.50365   2.75531   0.93074   0.60591   0.85859   2.18100  
 71  8.7032   6272.725079  x:  0.00000   0.26019   0.06640   0.01759   0.00000   0.03094   0.00000   0.00912   0.00858   0.03079  10.44024   0.06893   0.09518   0.18494   0.39712   0.77275   0.11819   0.13791   0.27238   0.07556   0.32893   0.24364   0.09026   0.10828   0.73214   0.55922   0.02330   0.22413   0.51921   2.76753   0.93176   0.61406   0.87732   2.18109  
 72  6.6255   6272.152675  x:  0.00000   0.26934   0.06579   0.01942   0.00000   0.03159   0.00000   0.00927   0.00789   0.03106  10.69763   0.06909   0.09510   0.18584   0.38958   0.77798   0.11901   0.13719   0.27306   0.07717   0.30781   0.26268   0.08940   0.10589   0.73789   0.55801   0.02420   0.22687   0.51863   2.84668   0.92855   0.66351   1.00863   2.35525  
 73  4.4950   6271.949574  x:  0.00000   0.26731   0.06609   0.01797   0.00000   0.03094   0.00000   0.00915   0.00802   0.03103  10.79147   0.06924   0.09523   0.18674   0.40163   0.79742   0.11942   0.13811   0.27343   0.07288   0.30603   0.27430   0.09063   0.10826   0.70611   0.57937   0.02394   0.22748   0.52597   2.82057   0.93107   0.66764   1.01382   2.42715  
 74  5.5171   6271.648572  x:  0.00000   0.26561   0.06491   0.01530   0.00000   0.02921   0.00000   0.00878   0.00793   0.03039  10.93377   0.06806   0.09356   0.18368   0.37914   0.79681   0.11803   0.13729   0.26441   0.07216   0.30422   0.26713   0.09133   0.10873   0.70229   0.55939   0.02350   0.22332   0.51930   2.75008   0.94032   0.64801   1.00138   2.53657  
 75 10.9754   6271.596260  x:  0.00000   0.26470   0.06486   0.01483   0.00000   0.02893   0.00000   0.00872   0.00796   0.03031  10.96194   0.06792   0.09336   0.18344   0.38229   0.77664   0.11811   0.13707   0.26579   0.07127   0.29660   0.27369   0.09174   0.10909   0.70788   0.56489   0.02310   0.22310   0.51994   2.73719   0.94154   0.64571   0.99841   2.54977  
 76  5.4092   6271.594542  x:  0.00000   0.26469   0.06485   0.01482   0.00069   0.02892   0.00000   0.00872   0.00796   0.03031  10.96247   0.06792   0.09335   0.18344   0.38233   0.77635   0.11811   0.13707   0.26581   0.07126   0.29649   0.27379   0.09174   0.10910   0.70795   0.56496   0.02310   0.22310   0.51995   2.73700   0.94155   0.64568   0.99839   2.54988  
 77  6.4465   6271.193763  x:  0.00000   0.26808   0.06411   0.01540   0.00000   0.02956   0.00000   0.00865   0.00798   0.03011  11.18000   0.06742   0.09254   0.18253   0.37742   0.77183   0.11647   0.13926   0.26677   0.07316   0.29268   0.27974   0.09449   0.10978   0.69592   0.55627   0.02218   0.22263   0.52288   2.72895   0.93770   0.65051   1.02424   2.42507  
 78  1.2052   6271.193763  x:  0.00000   0.26808   0.06411   0.01540   0.00000   0.02956   0.00000   0.00865   0.00798   0.03011  11.18000   0.06742   0.09254   0.18253   0.37742   0.77183   0.11647   0.13926   0.26677   0.07316   0.29268   0.27974   0.09449   0.10978   0.69592   0.55627   0.02218   0.22263   0.52288   2.72895   0.93770   0.65051   1.02424   2.42507  
 79  1.4205   6271.140119  x:  0.00013   0.26747   0.06386   0.01436   0.00000   0.03047   0.00000   0.00745   0.00885   0.02921  11.18003   0.06680   0.09217   0.18219   0.37719   0.77164   0.11602   0.13948   0.26673   0.07302   0.29278   0.27987   0.09536   0.11025   0.69561   0.55606   0.02136   0.22236   0.52290   2.72895   0.93586   0.65041   1.02438   2.42501  
 80 30.9102   6271.088821  x:  0.00037   0.26646   0.06354   0.01328   0.00000   0.03152   0.00000   0.00847   0.00836   0.02826  11.18009   0.06590   0.09170   0.18165   0.37682   0.77133   0.11530   0.13987   0.26667   0.07283   0.29298   0.28010   0.09674   0.11101   0.69509   0.55573   0.02008   0.22194   0.52294   2.72895   0.93319   0.65022   1.02465   2.42489  
 81 53.6609   6271.064587  x:  0.00083   0.26534   0.06352   0.01433   0.00000   0.03123   0.00000   0.00805   0.00772   0.02906  11.18016   0.06547   0.09166   0.18122   0.37640   0.77099   0.11459   0.14042   0.26672   0.07277   0.29330   0.28046   0.09804   0.11172   0.69447   0.55540   0.01901   0.22157   0.52309   2.72898   0.93168   0.64988   1.02508   2.42467  
 82 21.3614   6271.052619  x:  0.00118   0.26458   0.06357   0.01493   0.00000   0.03091   0.00000   0.00838   0.00836   0.02954  11.18021   0.06534   0.09167   0.18096   0.37611   0.77075   0.11414   0.14082   0.26678   0.07279   0.29354   0.28073   0.09882   0.11214   0.69403   0.55519   0.01843   0.22136   0.52324   2.72901   0.93108   0.64962   1.02542   2.42448  
 83 36.1749   6271.027456  x:  0.00293   0.26138   0.06425   0.01420   0.00000   0.02995   0.00000   0.00830   0.00827   0.02902  11.18049   0.06634   0.09165   0.18017   0.37493   0.76972   0.11276   0.14273   0.26736   0.07338   0.29482   0.28215   0.10075   0.11299   0.69203   0.55445   0.01763   0.22085   0.52422   2.72916   0.93233   0.64827   1.02729   2.42340  
 84 11.9877   6271.015850  x:  0.00354   0.25930   0.06451   0.01452   0.00000   0.03137   0.00000   0.00832   0.00827   0.02919  11.18071   0.06644   0.09180   0.17980   0.37412   0.76894   0.11208   0.14361   0.26764   0.07369   0.29554   0.28297   0.10077   0.11272   0.69054   0.55392   0.01766   0.22064   0.52490   2.72926   0.93300   0.64748   1.02863   2.42256  
 85 14.1956   6270.997932  x:  0.00355   0.25540   0.06452   0.01426   0.00000   0.03077   0.00000   0.00830   0.00826   0.02931  11.18124   0.06539   0.09177   0.17930   0.37244   0.76711   0.11123   0.14437   0.26790   0.07390   0.29657   0.28424   0.09873   0.11096   0.68713   0.55273   0.01833   0.22035   0.52621   2.72946   0.93263   0.64634   1.03149   2.42059  
 86 12.1327   6270.991739  x:  0.00312   0.25446   0.06436   0.01488   0.00000   0.03065   0.00000   0.00830   0.00825   0.02851  11.18160   0.06595   0.09160   0.17941   0.37178   0.76603   0.11144   0.14366   0.26775   0.07341   0.29655   0.28436   0.09816   0.11115   0.68507   0.55200   0.01814   0.22010   0.52656   2.72958   0.93262   0.64627   1.03315   2.41921  
 87  6.4756   6270.980169  x:  0.00243   0.25322   0.06396   0.01437   0.00000   0.03073   0.00000   0.00828   0.00824   0.02923  11.18242   0.06680   0.09099   0.17969   0.37056   0.76373   0.11218   0.14192   0.26740   0.07227   0.29623   0.28433   0.09749   0.11201   0.68067   0.55049   0.01768   0.21958   0.52707   2.72984   0.93297   0.64644   1.03673   2.41608  
 88 17.9929   6270.966930  x:  0.00317   0.25334   0.06392   0.01440   0.00000   0.03065   0.00000   0.00827   0.00822   0.02897  11.18358   0.06484   0.09112   0.17984   0.36948   0.76086   0.11325   0.14044   0.26719   0.07139   0.29551   0.28385   0.09784   0.11277   0.67495   0.54875   0.01794   0.21912   0.52716   2.73016   0.93404   0.64732   1.04157   2.41148  
 89 12.2041   6270.948267  x:  0.00491   0.25561   0.06421   0.01433   0.00000   0.03064   0.00000   0.00827   0.00822   0.02902  11.18567   0.06586   0.09152   0.17895   0.36851   0.75659   0.11347   0.14067   0.26667   0.07181   0.29403   0.28248   0.09857   0.11086   0.66633   0.54660   0.01880   0.21872   0.52588   2.73061   0.93318   0.65011   1.04946   2.40317  
 90 10.8453   6270.933814  x:  0.00285   0.25722   0.06375   0.01443   0.00000   0.03058   0.00000   0.00825   0.00820   0.02894  11.18767   0.06536   0.09074   0.17826   0.36828   0.75393   0.11178   0.14222   0.26547   0.07389   0.29322   0.28181   0.09862   0.11052   0.66081   0.54598   0.01773   0.21877   0.52393   2.73091   0.93401   0.65332   1.05658   2.39493  
 91  9.8922   6270.918362  x:  0.00399   0.25656   0.06352   0.01435   0.00000   0.03058   0.00000   0.00826   0.00821   0.02897  11.19066   0.06552   0.09141   0.17887   0.36917   0.75377   0.10992   0.14236   0.26538   0.07518   0.29264   0.28192   0.09655   0.11315   0.65905   0.54646   0.01865   0.21903   0.52115   2.73093   0.93294   0.65767   1.06650   2.38189  
 92  5.5709   6270.868224  x:  0.00502   0.25232   0.06452   0.01452   0.00000   0.03062   0.00000   0.00827   0.00820   0.02900  11.20128   0.06544   0.09047   0.18091   0.37237   0.75633   0.11398   0.14465   0.26535   0.07458   0.29159   0.28342   0.09572   0.11310   0.65857   0.54834   0.01763   0.21889   0.51429   2.73063   0.93029   0.67093   1.10156   2.33493  
 93 17.5744   6270.787090  x:  0.00385   0.24788   0.06293   0.01459   0.00000   0.03047   0.00000   0.00827   0.00818   0.02897  11.21878   0.06554   0.09120   0.18019   0.37638   0.76135   0.11253   0.14012   0.26597   0.07230   0.29113   0.28630   0.10010   0.10931   0.66076   0.55098   0.01938   0.21934   0.50864   2.72991   0.92692   0.69014   1.15938   2.25696  
 94 56.3435   6270.666353  x:  0.00282   0.25470   0.06749   0.01509   0.00000   0.03054   0.00000   0.00829   0.00816   0.02901  11.24583   0.06517   0.08897   0.17445   0.37687   0.76782   0.11052   0.14104   0.26771   0.06718   0.29125   0.28802   0.09763   0.11058   0.66926   0.55151   0.01867   0.21913   0.51552   2.72848   0.91924   0.71065   1.24867   2.13511  
 95 42.9937   6270.610854  x:  0.00218   0.25808   0.06272   0.01501   0.00000   0.03042   0.00000   0.00831   0.00816   0.02907  11.25818   0.06557   0.09154   0.17474   0.37540   0.76957   0.11254   0.14333   0.26774   0.06821   0.29200   0.28776   0.09752   0.11182   0.67395   0.55157   0.01873   0.21942   0.52069   2.72769   0.91516   0.71865   1.28856   2.07916  
 96 72.8433   6270.577262  x:  0.00265   0.25987   0.06316   0.01510   0.00000   0.03049   0.00000   0.00833   0.00817   0.02914  11.26597   0.06563   0.09073   0.18070   0.37306   0.76918   0.11250   0.14251   0.26669   0.07220   0.29304   0.28612   0.09856   0.11128   0.67766   0.55156   0.01840   0.21989   0.52471   2.72701   0.91200   0.72303   1.31201   2.04359  
 97 35.7091   6270.567963  x:  0.00390   0.25882   0.06338   0.01492   0.00000   0.03045   0.00000   0.00831   0.00816   0.02910  11.26847   0.06552   0.09159   0.17981   0.37159   0.76713   0.11243   0.14160   0.26484   0.07301   0.29307   0.28303   0.09794   0.11065   0.67996   0.55119   0.01659   0.21975   0.52491   2.72643   0.91215   0.72445   1.31580   2.03191  
 98  5.7618   6270.558809  x:  0.00428   0.25730   0.06335   0.01519   0.00000   0.03042   0.00000   0.00831   0.00815   0.02908  11.27111   0.06549   0.09027   0.17829   0.36998   0.76433   0.11285   0.14160   0.26299   0.07355   0.29325   0.27957   0.09827   0.11102   0.68239   0.55047   0.01793   0.21976   0.52463   2.72564   0.91203   0.72550   1.31837   2.01944  
 99 11.5441   6270.551718  x:  0.00316   0.25704   0.06405   0.01496   0.00000   0.03039   0.00000   0.00831   0.00815   0.02907  11.27353   0.06547   0.09141   0.17892   0.36953   0.76156   0.11231   0.14243   0.26303   0.07218   0.29414   0.27821   0.09855   0.11112   0.68367   0.54906   0.01871   0.21871   0.52298   2.72461   0.91180   0.72473   1.31831   2.00794  
100  4.9633   6270.541285  x:  0.00368   0.25759   0.06263   0.01517   0.00000   0.03034   0.00000   0.00829   0.00814   0.02902  11.27731   0.06533   0.09018   0.17957   0.36971   0.75795   0.11137   0.14274   0.26456   0.07067   0.29594   0.27761   0.09804   0.11055   0.68479   0.54712   0.01844   0.21748   0.52016   2.72286   0.91190   0.72261   1.31696   1.98999  
101 11.6650   6270.527518  x:  0.00289   0.25793   0.06341   0.01518   0.00000   0.03034   0.00000   0.00829   0.00813   0.02903  11.28277   0.06533   0.09039   0.17787   0.37077   0.75510   0.11292   0.14121   0.26647   0.07250   0.29774   0.27888   0.09787   0.11089   0.68366   0.54623   0.01798   0.21900   0.51745   2.72014   0.91080   0.71836   1.31298   1.96447  
102  8.5355   6270.502965  x:  0.00273   0.25608   0.06312   0.01525   0.00000   0.03029   0.00000   0.00829   0.00813   0.02902  11.29346   0.06528   0.09018   0.17840   0.37281   0.75714   0.11189   0.14238   0.26585   0.07116   0.29246   0.27900   0.09803   0.11066   0.67669   0.54783   0.01758   0.22156   0.51876   2.71489   0.90992   0.71223   1.30158   1.91683  
103  7.8493   6270.496946  x:  0.00271   0.25603   0.06317   0.01529   0.00000   0.03028   0.00000   0.00829   0.00812   0.02901  11.29645   0.06526   0.09009   0.17798   0.37214   0.75895   0.11211   0.14211   0.26494   0.07205   0.29184   0.28008   0.09789   0.11067   0.67469   0.54801   0.01800   0.21807   0.51921   2.71370   0.90979   0.71186   1.29810   1.90516  
104  5.8438   6270.495745  x:  0.00286   0.25629   0.06315   0.01528   0.00000   0.03028   0.00000   0.00829   0.00812   0.02901  11.29774   0.06526   0.09010   0.17802   0.37070   0.76016   0.11209   0.14217   0.26412   0.07182   0.29242   0.28075   0.09785   0.11067   0.67427   0.54676   0.01803   0.21867   0.51881   2.71373   0.90981   0.71230   1.29713   1.90319  
105  0.9274   6270.494382  x:  0.00256   0.25608   0.06313   0.01527   0.00000   0.03027   0.00000   0.00828   0.00812   0.02900  11.30131   0.06523   0.09007   0.17792   0.36965   0.76180   0.11204   0.14210   0.26517   0.07229   0.29211   0.27938   0.09785   0.11063   0.67381   0.54565   0.01795   0.21856   0.51794   2.71475   0.90984   0.71120   1.29657   1.90258  
106  0.3917   6270.478753  x:  0.00304   0.25553   0.06285   0.01520   0.00000   0.03026   0.00000   0.00824   0.00813   0.02892  11.35118   0.06511   0.08989   0.17783   0.37308   0.76305   0.11181   0.14203   0.26064   0.07226   0.29559   0.27715   0.09768   0.11055   0.67053   0.54357   0.01817   0.21779   0.51782   2.72853   0.90890   0.70362   1.28827   1.90155  
107  0.9936   6270.446606  x:  0.00243   0.25385   0.06282   0.01512   0.00000   0.03035   0.00000   0.00819   0.00816   0.02885  11.45595   0.06507   0.08977   0.17773   0.37011   0.75806   0.11175   0.14247   0.26557   0.07147   0.29734   0.27782   0.09782   0.11060   0.66585   0.54522   0.01732   0.21827   0.52196   2.75325   0.90715   0.70085   1.26736   1.89999  
108 10.2525   6270.433782  x:  0.00287   0.25403   0.06259   0.01505   0.00000   0.03033   0.00000   0.00815   0.00816   0.02877  11.49909   0.06493   0.08958   0.17747   0.36588   0.75471   0.11152   0.14231   0.26385   0.07181   0.29085   0.28252   0.09792   0.11024   0.66622   0.54584   0.01735   0.21780   0.51970   2.75332   0.90673   0.69469   1.26208   1.90105  
109  4.5059   6270.414351  x:  0.00262   0.25215   0.06250   0.01502   0.00000   0.03036   0.00000   0.00811   0.00817   0.02871  11.56734   0.06486   0.08941   0.17727   0.36873   0.75247   0.11127   0.14254   0.26445   0.07403   0.28802   0.28345   0.09795   0.11015   0.66428   0.53804   0.01676   0.21728   0.52240   2.73515   0.90625   0.69232   1.25430   1.90425  
110  3.8680   6270.401059  x:  0.00267   0.25230   0.06240   0.01498   0.00000   0.03040   0.00000   0.00808   0.00818   0.02868  11.61538   0.06483   0.08936   0.17730   0.36620   0.75254   0.11117   0.14267   0.26421   0.07242   0.29317   0.28039   0.09785   0.11025   0.65998   0.54241   0.01657   0.21727   0.52219   2.71873   0.90557   0.68896   1.25017   1.90658  
111  5.9990   6270.352317  x:  0.00254   0.25421   0.06225   0.01512   0.00000   0.03048   0.00000   0.00816   0.00819   0.02875  12.04868   0.06501   0.08961   0.17775   0.36866   0.75676   0.11120   0.14311   0.26486   0.07203   0.29373   0.27998   0.09812   0.11047   0.66916   0.54489   0.01665   0.21817   0.52092   2.71969   0.89343   0.70316   1.32844   1.80886  
112  0.2291   6270.345665  x:  0.00201   0.25361   0.06263   0.01525   0.00000   0.03035   0.00000   0.00820   0.00815   0.02883  12.22671   0.06503   0.08943   0.17735   0.36901   0.75816   0.11134   0.14299   0.26514   0.07166   0.29319   0.28133   0.09785   0.11042   0.66526   0.54478   0.01697   0.21797   0.52082   2.72388   0.89407   0.69468   1.30936   1.82590  
113  0.1092   6270.340291  x:  0.00207   0.25367   0.06251   0.01520   0.00000   0.03039   0.00000   0.00817   0.00815   0.02881  12.41910   0.06502   0.08950   0.17751   0.36846   0.75713   0.11137   0.14297   0.26514   0.07186   0.29375   0.28087   0.09797   0.11048   0.66610   0.54471   0.01679   0.21801   0.52142   2.72369   0.89659   0.68764   1.28768   1.82824  
114  0.0695   6270.338626  x:  0.00228   0.25429   0.06260   0.01513   0.00000   0.03045   0.00000   0.00818   0.00818   0.02883  12.44864   0.06511   0.08973   0.17783   0.36892   0.75820   0.11144   0.14300   0.26528   0.07196   0.29392   0.28105   0.09809   0.11060   0.66856   0.54562   0.01692   0.21829   0.52167   2.72436   0.89898   0.68528   1.27234   1.85747  
115  0.0355   6270.338600  x:  0.00222   0.25431   0.06263   0.01514   0.00000   0.03043   0.00000   0.00819   0.00818   0.02883  12.44453   0.06511   0.08971   0.17781   0.36900   0.75838   0.11147   0.14299   0.26530   0.07193   0.29385   0.28110   0.09806   0.11060   0.66846   0.54566   0.01695   0.21829   0.52163   2.72455   0.89904   0.68486   1.27106   1.85824  
116  0.0044   6270.338600  x:  0.00222   0.25432   0.06263   0.01514   0.00000   0.03043   0.00000   0.00819   0.00818   0.02883  12.44368   0.06511   0.08971   0.17780   0.36900   0.75838   0.11147   0.14299   0.26530   0.07193   0.29385   0.28110   0.09806   0.11060   0.66846   0.54566   0.01695   0.21829   0.52163   2.72455   0.89905   0.68488   1.27108   1.85828  
117  0.0008   6270.338600  x:  0.00222   0.25432   0.06263   0.01514   0.00000   0.03043   0.00000   0.00819   0.00818   0.02883  12.44368   0.06511   0.08971   0.17780   0.36900   0.75838   0.11147   0.14299   0.26530   0.07193   0.29385   0.28110   0.09806   0.11060   0.66846   0.54566   0.01695   0.21829   0.52163   2.72455   0.89905   0.68488   1.27108   1.85828  
118  0.0000   6270.338600  x:  0.00222   0.25432   0.06263   0.01514   0.00000   0.03043   0.00000   0.00819   0.00818   0.02883  12.44368   0.06511   0.08971   0.17780   0.36900   0.75838   0.11147   0.14299   0.26530   0.07193   0.29385   0.28110   0.09806   0.11060   0.66846   0.54566   0.01695   0.21829   0.52163   2.72455   0.89905   0.68488   1.27108   1.85828  
check convergence!
