     1    390    255


 1

     1      1    -8.6507658606   0.000174992777       0.0682  -PTTTTTTTTTTTTTT
     2      8    -3.9343355679   0.019558690434       7.6279  AAAAAAAAAAAAAAAA
     3      1    -8.0892365162   0.000306823923       0.1197  AAAAAAAAAAAAAATA
     4      1   -13.3753738080   0.000001552920       0.0006  AAAAAAAAAAAAATTT
     5      1   -22.2522533015   0.000000000217       0.0000  AAAVVVIIIIAAAVTA
     6      1   -12.6792238040   0.000003115179       0.0012  AALSSSSSSSSSSSSS
     7      1   -17.6473107224   0.000000021671       0.0000  AAMIIIIIIIIIIILI
     8      1   -16.5802012331   0.000000062996       0.0000  AAVAAAAAAAVVVVII
     9      1    -9.1093300615   0.000110628805       0.0431  AEEEEEEEEEEEEEEE
    10      1    -7.9146433485   0.000365354169       0.1425  AGGGGGGGGGGGGGGG
    11      1   -18.2249453795   0.000000012162       0.0000  APAAAAAAAAVVV-TV
    12      1   -17.3886052208   0.000000028069       0.0000  APSSSSSSSSSSSSLS
    13      1   -12.9874054888   0.000002288977       0.0009  ATTATTTTTTTTTTTT
    14      3    -4.6012614256   0.010039164096       3.9153  CCCCCCCCCCCCCCCC
    15      1   -14.7315795582   0.000000400089       0.0002  DDDDDDDDDDAADDTD
    16      1    -4.0642311836   0.017176189535       6.6987  DDDDDDDDDDDDD-DD
    17      1    -4.0701880805   0.017074176886       6.6589  DDDDDDDDDDDDDD-D
    18      4    -4.1784657654   0.015321997081       5.9756  DDDDDDDDDDDDDDDD
    19      1   -10.6155629229   0.000024531246       0.0096  DDDDDDDDDDDDDVDD
    20      1   -11.8914001382   0.000006849053       0.0027  DDDDDDDDDDDEDDED
    21      1   -11.6707288673   0.000008540177       0.0033  DDDDDDDDDDHDDDDD
    22      1   -12.7987537468   0.000002764215       0.0011  DDDEDDDDDDDDADDD
    23      1   -10.0094507850   0.000044972886       0.0175  DDDEEEEEEEEEEEEE
    24      1   -13.0649890483   0.000002118104       0.0008  DDGGGGGGGGDDGGGG
    25      1   -21.6004785510   0.000000000416       0.0000  DDGGGGGGGGGGLVGG
    26      1   -24.3329056241   0.000000000027       0.0000  DDIEEEEEEEVVEVVV
    27      1   -18.4915317495   0.000000009316       0.0000  DDNNNYYYYYDDDDDD
    28      1   -24.4315403242   0.000000000025       0.0000  DDSSNNNNSSDDNNNN
    29      1   -15.2094925290   0.000000248085       0.0001  DDYAAAAAAAAAAAAA
    30      1   -10.8420949375   0.000019558610       0.0076  DEDDDDDDDDDDEDDD
    31      1   -21.1137465269   0.000000000677       0.0000  DNTTTTTTTTIILTTT
    32      1   -13.8529994962   0.000000963205       0.0004  EAEEEEEEEEGGEEEE
    33      1   -12.9266553050   0.000002432344       0.0009  EDNEEEEEEEEEEEEE
    34      1    -7.4795643143   0.000564503308       0.2202  EEDEEEEEEEEEEEEE
    35      1    -8.1837314934   0.000279158317       0.1089  EEEDEEEEEEEEEEEE
    36      1    -4.2898128835   0.013707489955       5.3459  EEEEEEEEEE--EEEE
    37      1    -7.6107686836   0.000495091144       0.1931  EEEEEEEEEEEEEDEE
    38     14    -4.4903298886   0.011216942858       4.3746  EEEEEEEEEEEEEEEE
    39      1   -16.9368168516   0.000000044100       0.0000  EEEKQQQQQQEDE-EE
    40      1   -16.4859119185   0.000000069224       0.0000  EEEKQQQQQQEEEEKE
    41      1   -12.2812206991   0.000004638031       0.0018  EEENDDDDDDEEEEEE
    42      1   -17.6410060616   0.000000021808       0.0000  EEESEEEQQQEEEEEE
    43      1   -11.9398078134   0.000006525403       0.0025  EEKEEEEEEEEEEQEE
    44      1   -17.2165794567   0.000000033338       0.0000  EEKEEEEEEEGGEEKE
    45      1   -22.8640720362   0.000000000118       0.0000  EELVVVVVVVGGVVAV
    46      1   -20.0789571878   0.000000001905       0.0000  EENNNNXXXXDDKKNN
    47      1   -19.3883521138   0.000000003800       0.0000  EGGGGGGGGGRRKRRR
    48      1    -8.4465456143   0.000214640588       0.0837  EQEEEEEEEEEEEEEE
    49      1   -14.7952960612   0.000000375392       0.0001  FFCFFFFFFFLLFFFF
    50      1   -30.6922954431   0.000000000000       0.0000  FFCNCYYYYYCCSCCC
    51     10    -4.2117809936   0.014819950583       5.7798  FFFFFFFFFFFFFFFF
    52      1    -9.2014213188   0.000100895895       0.0393  FFFFFFFFFFFYFFFF
    53      1   -14.7371130449   0.000000397881       0.0002  FFFFIFFFFFFFFLFF
    54      1   -14.8821033791   0.000000344179       0.0001  FFFFLFFFFFFFIFFF
    55      1   -11.7876106193   0.000007598113       0.0030  FFFLLLLLLLLLLLLL
    56      1   -16.1006036996   0.000000101765       0.0000  FFLFFFFFFFCCCFFF
    57      1    -7.6130542930   0.000493960851       0.1926  FFLLLLLLLLLLLLLL
    58      1    -8.2898196167   0.000251059746       0.0979  FLFFFFFFFFFFFFFF
    59      1   -23.1009047682   0.000000000093       0.0000  FLFIFFFFFFFFFSLF
    60      1   -21.3064451656   0.000000000558       0.0000  GGEEEGEEEEEEEEEK
    61      1   -18.9505752381   0.000000005887       0.0000  GGGGGGGGGGDDGDAD
    62      1    -8.6214233087   0.000180203587       0.0703  GGGGGGGGGGGGGEGG
    63      4    -3.1515507539   0.042785725265      16.6864  GGGGGGGGGGGGGGGG
    64      1   -20.9985940917   0.000000000759       0.0000  GGGGGGRGGGGGGADG
    65      1   -15.1521614320   0.000000262724       0.0001  GSGAAAAAAAAAAAAA
    66      1   -24.1122578433   0.000000000034       0.0000  HHHHHHHHHHCCWHDH
    67      1    -5.0406938430   0.006469258112       2.5230  HHHHHHHHHHHHHHHH
    68      1   -10.7917899811   0.000020567673       0.0080  HHHHHHHHHHHHHHHL
    69      1   -10.0335853313   0.000043900479       0.0171  HHHHHHHHHHHHHHHR
    70      1   -10.1827421725   0.000037817365       0.0147  HHHHHHHHHHHHSHHH
    71      1   -14.0832687246   0.000000765093       0.0003  HHHYYYYYYYHHHRHH
    72      1   -14.6267502414   0.000000444307       0.0002  HHRRRRRRRRRRRRRH
    73      1   -20.9551451549   0.000000000793       0.0000  HHSSSSSSSSKRRSSS
    74      1   -15.4232304033   0.000000200344       0.0001  HPHHHHHHHHHHRHHH
    75      6    -4.6629707991   0.009438381176       3.6810  IIIIIIIIIIIIIIII
    76      1    -7.9987201386   0.000335892248       0.1310  IIIIIIIIIIIIILII
    77      1    -8.7461494619   0.000159072663       0.0620  IIIIIIIIIIIVIIII
    78      1   -16.4067458171   0.000000074927       0.0000  IIIIIIIIIIMMVITI
    79      1   -10.0798727461   0.000041914751       0.0163  IIIIIIIIIIVVIIVI
    80      1   -14.2342447305   0.000000657879       0.0003  IIIILLLLLLIIIMII
    81      1    -6.7801254328   0.001136132381       0.4431  IIVVVVVVVVVVVVVV
    82      1   -19.1856045775   0.000000004654       0.0000  INSSSSSSSSNNNSSS
    83      1   -14.8992551284   0.000000338326       0.0001  ISDDDDDDDDDDDDDD
    84      1    -7.5880032215   0.000506491396       0.1975  IVIIIIIIIIIIIIII
    85      1   -18.7053609915   0.000000007523       0.0000  IVVVVVVVVVNNDD-D
    86      1   -28.2758616400   0.000000000001       0.0000  KKGKKKKRKKEGEEEE
    87      1   -10.3848707018   0.000030896406       0.0120  KKKKKKKKKKKKKKKD
    88      8    -4.2775640326   0.013876423464       5.4118  KKKKKKKKKKKKKKKK
    89      1    -8.7927424578   0.000151831006       0.0592  KKKKKKKKKKKKKTKK
    90      2    -7.8255141397   0.000399413179       0.1558  KKKKKKKKKKRRKKKK
    91      1   -14.0087383022   0.000000824294       0.0003  KKKKKKKKKKSSDKKK
    92      1   -10.4588390877   0.000028693525       0.0112  KKKKKKKKKKTKKKKK
    93      1   -15.0698698534   0.000000285259       0.0001  KKKRKRRRRRRRRRRR
    94      1   -10.2231879605   0.000036318331       0.0142  KKKRRRRRRRRRRRRR
    95      1   -12.9719408384   0.000002324651       0.0009  KQQEEEEEEEQQQQQQ
    96      1   -12.0572083002   0.000005802578       0.0023  KRNNNNNNNNNNNNNN
    97      1   -16.5527461753   0.000000064749       0.0000  KRRKKKKKKKNNNNNN
    98      1   -15.8294740292   0.000000133459       0.0001  KTKKKKKKEEKKKKKK
    99      1    -8.2881108430   0.000251489117       0.0981  LFLLLLLLLLLLLLLL
   100      1   -12.9516250250   0.000002372361       0.0009  LL-MVVVVVVLLLLLL
   101      1    -7.6007427209   0.000500079876       0.1950  LLFFFFFFFFFFFFFF
   102      1    -7.8790491878   0.000378592856       0.1477  LLFLLLLLLLLLLLLL
   103      1   -22.4767521442   0.000000000173       0.0000  LLHVII----LLLLLF
   104      1    -8.4728243952   0.000209073562       0.0815  LLLLLLLLLLIIIIII
   105      1    -8.7978343754   0.000151059860       0.0589  LLLLLLLLLLLILLLL
   106      1   -13.5191517273   0.000001344953       0.0005  LLLLLLLLLLLLLFFF
   107     40    -3.4171795312   0.032804829579      12.7939  LLLLLLLLLLLLLLLL
   108      1    -9.4561748264   0.000078205168       0.0305  LLLLLLLLLLMLLLLL
   109      1   -13.8516519112   0.000000964504       0.0004  LLLLLLLLLLMMVVVV
   110      1   -10.7728985758   0.000020959919       0.0082  LLLLLLLLLLPPPLLL
   111      1   -19.1103427905   0.000000005017       0.0000  LLLLLLLLLLTMMMVM
   112      1    -8.9435315458   0.000130579079       0.0509  LLLLLLLLLLVVVLLL
   113      1    -9.5470619293   0.000071410765       0.0279  LLLLMMMMMMLLLLLL
   114      1   -23.7739492490   0.000000000047       0.0000  LLLLSSSSSSLLLQGL
   115      1    -8.1940475457   0.000276293308       0.1078  LLLVVVVVVVLLLLLL
   116      1   -18.6692078925   0.000000007799       0.0000  LLPPPPPPPPSSPLPP
   117      1   -33.5664460415   0.000000000000       0.0000  LLSFSSSSSSSSPVLL
   118      1   -25.9303090341   0.000000000005       0.0000  LLSLLLLLLLPPPVSP
   119      1   -17.5132615567   0.000000024779       0.0000  LLSSSSSSSSSSSTPS
   120      1   -14.3638774698   0.000000577893       0.0002  LVVVVIVVVVVVVVVV
   121      1   -26.0604106207   0.000000000005       0.0000  MIKIIIIIIITTIVLI
   122      1   -12.3066255620   0.000004521686       0.0018  MIVIIIIIIIIIIIII
   123      1    -5.3867370825   0.004576882990       1.7850  MM-MMMMMMMMMMM-M
   124      1    -8.4911678952   0.000205273382       0.0801  MMLMMMMMMMMMMMMM
   125      1    -9.0787678624   0.000114062061       0.0445  MMMMMMMMMMLLLLLL
   126      1   -22.0312873130   0.000000000270       0.0000  MMVIIIIIIIIIILIR
   127      1   -23.1226014660   0.000000000091       0.0000  NNNNNNNNNNAAEKDK
   128      1   -10.0039105281   0.000045222739       0.0176  NNNNNNNNNNEENNNN
   129      2    -5.1802850725   0.005626402253       2.1943  NNNNNNNNNNNNNNNN
   130      1    -8.5352484672   0.000196421349       0.0766  NNNNNNNNNNNNNSNN
   131      1    -8.6945527296   0.000167495725       0.0653  NNNNNNNNNNNNSNNN
   132      1   -11.0149659279   0.000016453605       0.0064  NNNNNNSSSSNNNNNN
   133      1   -24.6370070200   0.000000000020       0.0000  NNNNSSSSSSDNNNSI
   134      1    -9.1165353718   0.000109834555       0.0428  NNNSNNNNNNNNNNNN
   135      1   -13.7164509345   0.000001104132       0.0004  NNNSNNNNNNSSSNNN
   136      1    -9.1168693883   0.000109797874       0.0428  NNNSSSSSSSNNNNNN
   137      1   -11.6057155207   0.000009113848       0.0036  NNSSSSSSSSSSTSSS
   138      1   -15.3792954830   0.000000209342       0.0001  NRNNNNNNNNNNNHNN
   139      1   -24.7398641188   0.000000000018       0.0000  NSMTTTTTTTTTISTT
   140      1   -27.7528533501   0.000000000001       0.0000  NTNNNNKKKKNNKSNT
   141      1    -9.0566197150   0.000116616508       0.0455  PH--------------
   142      1   -20.0022716279   0.000000002056       0.0000  PLPQPPPPPPSSPPPP
   143      1   -15.6934829503   0.000000152900       0.0001  PPASSSSSSSSSSSST
   144      1   -16.1527395265   0.000000096595       0.0000  PPPHHHHHHHPPPPLP
   145      4    -3.8958146845   0.020326807766       7.9275  PPPPPPPPPPPPPPPP
   146      1    -9.6334117855   0.000065503185       0.0255  PPPPPPPPPPPPRPPP
   147      1    -9.9369219315   0.000048355919       0.0189  PPPPSSSSSSPPPPPP
   148      1    -8.7368142628   0.000160564591       0.0626  PPPSPP----PPPPPP
   149      1    -8.7580691877   0.000157187816       0.0613  PPPSPPPPPPPPPPPP
   150      1   -13.8042515173   0.000001011323       0.0004  PPQKQQQQQQQQQQQQ
   151      1   -27.9613580123   0.000000000001       0.0000  PPSPPPPPPPPPCHHH
   152      1    -9.5851632464   0.000068741103       0.0268  PPVPPPPPPPPPPPPP
   153      1    -8.4804533059   0.000207484627       0.0809  PSPPPPPPPPPPPPPP
   154      1   -31.7231558719   0.000000000000       0.0000  PTAKKKKKKKATATVA
   155      1   -24.0045653762   0.000000000038       0.0000  PTNTTTTTTTNNTTNT
   156      1   -18.6251404944   0.000000008151       0.0000  QQEEEEEEEEGGGEGG
   157      1   -24.5698911578   0.000000000021       0.0000  QQKKKEEEEEKKQKEE
   158      1   -13.3493307793   0.000001593894       0.0006  QQKKKKKKKKKEKKKK
   159      1    -7.9413137044   0.000355738836       0.1387  QQKKKKKKKKKKKKKK
   160      1    -9.9967626709   0.000045547142       0.0178  QQQHHHHHHHQQQQQQ
   161      1    -8.3677162944   0.000232245329       0.0906  QQQQQQQQQQQQQEQQ
   162      1    -9.4591183940   0.000077975304       0.0304  QQQQQQQQQQQQQHQQ
   163     12    -5.1466317663   0.005818971411       2.2694  QQQQQQQQQQQQQQQQ
   164      1    -9.3599750978   0.000086102243       0.0336  QQQQQQQQQQQQRQQQ
   165      1   -10.8658394239   0.000019099671       0.0074  QQQQQQQQQQRQQQQQ
   166      1   -17.3162782529   0.000000030174       0.0000  QQQQQQRQQQQQPQQQ
   167      1   -36.0127439138   0.000000000000       0.0000  RCGCCCCCCCCCHGGG
   168      1   -19.5272951267   0.000000003307       0.0000  RKRKRRRRRRRKRRKR
   169      1   -18.6621665012   0.000000007855       0.0000  RPSNNNNNNNNNNNNN
   170      1   -28.4757041880   0.000000000000       0.0000  RRDHRHHHHHRRHHQH
   171      1   -11.9533415123   0.000006437685       0.0025  RRKKKKKKKKKKKKTK
   172      1   -19.6521103802   0.000000002919       0.0000  RRKKKKKKKKKKQTRK
   173      1   -12.7008763640   0.000003048453       0.0012  RRKRRRRRRRRRRRKK
   174      1   -12.2062992467   0.000004998867       0.0019  RRQQQQQQQQKKQQQQ
   175      1   -14.4602830737   0.000000524782       0.0002  RRRHRRRRRRRRQRRR
   176      1   -22.0325158324   0.000000000270       0.0000  RRRQRQQQRQRRRRRR
   177      1    -8.7559245634   0.000157525287       0.0614  RRRRRRRRRRQQRRRR
   178      5    -4.4248675160   0.011975797797       4.6706  RRRRRRRRRRRRRRRR
   179      1   -26.4542737228   0.000000000003       0.0000  RRRSSSSSCCRRKGRR
   180      1   -29.3262036521   0.000000000000       0.0000  SAMMMMVMMMRRRKRR
   181      1   -15.1781442997   0.000000255986       0.0001  SCSSSSSSSSSASSSS
   182      1   -13.7379122061   0.000001080689       0.0004  SGGGGGGGGGEEGGGG
   183      1    -9.4444505369   0.000079127464       0.0309  SPSSSSSSSSSSSSSS
   184      1   -20.9738330092   0.000000000778       0.0000  SRSSNNNNNNYYSSSS
   185      1   -28.9107923505   0.000000000000       0.0000  SSFCCCCCCCFFCCCH
   186      1    -9.2720117541   0.000094019180       0.0367  SSFFFFFFFFFFFFFF
   187      1   -14.5306221393   0.000000489138       0.0002  SSGSGSSSSSSSSSSS
   188      1   -18.4954414972   0.000000009280       0.0000  SSHDDDDDDDEEEDDD
   189      1   -17.2473644454   0.000000032327       0.0000  SSHHHHHHRHHHHHHH
   190      1    -9.8488750780   0.000052806563       0.0206  SSLSSSSSSSSSSSSS
   191      1    -8.3257781729   0.000242192384       0.0945  SSNSSSSSSSSSSSSS
   192      1   -13.1203377385   0.000002004055       0.0008  SSQEEEEEEEQQQQQQ
   193      1   -15.9090531294   0.000000123250       0.0000  SSSGGGGGGGSSSSSI
   194      1   -15.4373588853   0.000000197533       0.0001  SSSNSSNNNNSSSSSS
   195      1   -10.0109644215   0.000044904865       0.0175  SSSRRRRRRRSSSSSS
   196      1   -15.7230231304   0.000000148449       0.0001  SSSSHSSSSSSSSSTS
   197      1    -4.4699119365   0.011448323985       4.4648  SSSSSS----SSSSSS
   198      1    -8.7123554948   0.000164540224       0.0642  SSSSSSSSSSGGSSSS
   199      1   -12.5778004980   0.000003447709       0.0013  SSSSSSSSSSPPPPSS
   200      1    -7.8087411237   0.000406169043       0.1584  SSSSSSSSSSSSSASS
   201      1    -7.8648245230   0.000384016698       0.1498  SSSSSSSSSSSSSSAS
   202      2   -10.7239359483   0.000022011711       0.0086  SSSSSSSSSSSSSSSC
   203      1    -9.3046985877   0.000090995674       0.0355  SSSSSSSSSSSSSSSG
   204      1   -10.6032577362   0.000024834972       0.0097  SSSSSSSSSSSSSSSL
   205     17    -4.5187657481   0.010902471764       4.2520  SSSSSSSSSSSSSSSS
   206      1   -15.3906963498   0.000000206969       0.0001  SSSSSSSSSSTSSFSS
   207      1   -22.7656707108   0.000000000130       0.0000  SSSYSSSSSSSSSFSY
   208      1   -16.6678807348   0.000000057707       0.0000  SSSYYYYYYYSSFSSS
   209      1   -18.2014589994   0.000000012451       0.0000  TAAAAAAAAAAALAVA
   210      1   -12.6844035593   0.000003099085       0.0012  TATTTTTTTTTTTTTA
   211      1   -17.8382034691   0.000000017905       0.0000  TITNTTTTTTSSTTTT
   212      1   -14.0596565027   0.000000783373       0.0003  TKKKKKKKKKKKTKKK
   213      1   -21.4640426518   0.000000000477       0.0000  TKKKKKKKKKRRKTEK
   214      1   -22.8684688424   0.000000000117       0.0000  TMITTTTTTTAATTTA
   215      1   -19.9135736223   0.000000002247       0.0000  TSCCCCCCCCQQCCCC
   216      1   -12.0616615778   0.000005776795       0.0023  TTATTTTTTTSSSSSS
   217      1   -29.3292345664   0.000000000000       0.0000  TTEKKKKKKKKKRGGR
   218      1   -14.0960400203   0.000000755384       0.0003  TTMTTTTTTTTTTTTA
   219      1   -13.7580013903   0.000001059195       0.0004  TTNTSTTTTTTTTTTT
   220      1    -9.5996585196   0.000067751868       0.0264  TTQQQQQQQQQQQQQQ
   221      1    -7.4605486159   0.000575340444       0.2244  TTSSSSSSSSSSSSSS
   222      1   -18.3341900759   0.000000010903       0.0000  TTTIIIIIIIPPATTT
   223      1   -16.9047798918   0.000000045535       0.0000  TTTTATTTTTTTTSTS
   224      1   -16.4070186617   0.000000074907       0.0000  TTTTSSSSSSAATTST
   225      1   -14.4424697719   0.000000534214       0.0002  TTTTTTTTTTITTATT
   226      1   -11.3739978262   0.000011490410       0.0045  TTTTTTTTTTTMTTTT
   227      5    -4.3371811437   0.013073328145       5.0986  TTTTTTTTTTTTTTTT
   228      1   -12.1912011445   0.000005074913       0.0020  VAVVVVVVVVVVAVVV
   229      1    -8.1018834795   0.000302967966       0.1182  VLLLLLLLLLLLLLLL
   230      1   -22.6289744703   0.000000000149       0.0000  VTTVTTTTTTTTTNAT
   231      1   -18.0770970811   0.000000014100       0.0000  VVAAAAAAAAAAATIA
   232      1   -21.8777395293   0.000000000315       0.0000  VVDDDDDDDDYYDDDG
   233      1    -9.7248593754   0.000059778806       0.0233  VVIIIIIIIIIIVIII
   234      1   -10.1250932627   0.000040061561       0.0156  VVIVVVVVVVIIVVVV
   235      1   -24.8029486871   0.000000000017       0.0000  VVLLLVVVVVPPPPSP
   236      1   -13.4578052144   0.000001430044       0.0006  VVMLLLLLLLVVVVVV
   237      1   -25.7920545433   0.000000000006       0.0000  VVTLVVVVVVGGVVVG
   238      1   -14.5497906684   0.000000479851       0.0002  VVTRRRRRRRTTTTTT
   239      1    -8.5270691525   0.000198034529       0.0772  VVVLLLLLLLVVVVVV
   240      1   -10.6825425421   0.000022941971       0.0089  VVVVVAVVVVVVVVVV
   241      1    -7.1843139495   0.000758389123       0.2958  VVVVVVVVVVIIVVVV
   242      1    -9.3313854131   0.000088599405       0.0346  VVVVVVVVVVVVVMVV
   243      1    -7.2059992542   0.000742120259       0.2894  VVVVVVVVVVVVVVIV
   244      3    -4.0847498766   0.016827347704       6.5627  VVVVVVVVVVVVVVVV
   245      1   -12.0502576877   0.000005843050       0.0023  WQWWWWWWWWWWWWWW
   246      1   -16.4277279981   0.000000073372       0.0000  WWLLLLLLLLLLLLWL
   247      1   -10.8344279693   0.000019709142       0.0077  WWWWWWWWWWWWWWWS
   248      3    -4.8678129529   0.007690165664       2.9992  WWWWWWWWWWWWWWWW
   249      1   -17.6070183695   0.000000022562       0.0000  YQYHHHHHHHHHHHHH
   250      1   -14.6718266810   0.000000424724       0.0002  YYGDDDDDDDDDDDDD
   251      1    -7.9557815683   0.000350629107       0.1367  YYYYYYYYYYYYFYYY
   252      1   -21.1811966306   0.000000000633       0.0000  YYYYYYYYYYYYHFCC
   253      1    -8.9315973441   0.000132146772       0.0515  YYYYYYYYYYYYHYYY
   254      1    -9.3217814316   0.000089454411       0.0349  YYYYYYYYYYYYYYYH
   255      3    -4.3144905942   0.013373360218       5.2156  YYYYYYYYYYYYYYYY