

TREE # 1

  0  0.0000   4117.435673  x:  0.00058   0.06034   0.02528   0.01113   0.02447   0.01199   0.00995   0.00871   0.01189   0.00718   0.01560   0.01548   0.02717   0.05390   0.10509   0.10701   0.06492   0.07621   0.02759   0.00000   0.02649   0.09195   0.02336   0.02751   0.08514   0.11377   0.01319   0.07606   0.09690  
  1 99.0000   4114.760635  x:  0.00152   0.06045   0.02514   0.01107   0.02379   0.01107   0.00967   0.00821   0.01072   0.00642   0.01500   0.01487   0.02694   0.05413   0.10538   0.10761   0.06496   0.07636   0.02852   0.00921   0.02670   0.09217   0.02333   0.02752   0.08534   0.11384   0.01340   0.07594   0.09705  
  2 3273.3676   4102.557853  x:  0.00666   0.06126   0.02406   0.01061   0.01826   0.00363   0.00752   0.00447   0.00114   0.00051   0.01025   0.01004   0.02518   0.05599   0.10771   0.11239   0.06526   0.07759   0.03547   0.00884   0.02778   0.09397   0.02311   0.02761   0.08680   0.11417   0.01446   0.07503   0.09828  
  3 890.2719   4101.200021  x:  0.00712   0.06135   0.02394   0.01057   0.01764   0.00286   0.00732   0.00414   0.00000   0.00085   0.00974   0.00952   0.02499   0.05620   0.10797   0.11294   0.06530   0.07773   0.03622   0.00881   0.02790   0.09418   0.02309   0.02762   0.08696   0.11421   0.01455   0.07492   0.09842  
  4 3598.9358   4097.703254  x:  0.00322   0.06232   0.02220   0.01073   0.00915   0.00364   0.00840   0.01026   0.00000   0.00086   0.00592   0.00575   0.02258   0.05936   0.11212   0.12152   0.06575   0.07996   0.04353   0.00883   0.02979   0.09769   0.02284   0.02774   0.08956   0.11477   0.01360   0.07308   0.10072  
  5 548.0908   4095.808072  x:  0.00000   0.06352   0.02078   0.01105   0.00652   0.00422   0.00849   0.00857   0.00000   0.00087   0.00999   0.01032   0.02085   0.06288   0.11735   0.13222   0.06619   0.08260   0.04987   0.00885   0.03149   0.10204   0.02268   0.02783   0.09269   0.11539   0.01240   0.07079   0.10359  
  6 402.9929   4094.511779  x:  0.00148   0.06475   0.02021   0.01142   0.01190   0.00702   0.00938   0.00902   0.00000   0.00108   0.01041   0.01067   0.02044   0.06599   0.12283   0.14342   0.06650   0.08515   0.05375   0.00875   0.03245   0.10644   0.02265   0.02788   0.09581   0.11596   0.01176   0.06849   0.10656  
  7 437.9943   4094.081317  x:  0.00000   0.06488   0.02088   0.01130   0.01261   0.00647   0.00904   0.00826   0.00000   0.00101   0.00990   0.00988   0.02167   0.06631   0.12454   0.14704   0.06636   0.08572   0.05192   0.00880   0.03203   0.10778   0.02278   0.02783   0.09658   0.11604   0.01164   0.06794   0.10747  
  8 174.7470   4093.499421  x:  0.00176   0.06510   0.02260   0.01101   0.01062   0.00627   0.00899   0.00849   0.00000   0.00101   0.01021   0.00993   0.02420   0.06630   0.12860   0.15576   0.06580   0.08675   0.04522   0.00880   0.03023   0.11072   0.02306   0.02769   0.09819   0.11617   0.01263   0.06694   0.10951  
  9 275.0629   4093.398332  x:  0.00160   0.06480   0.02146   0.01115   0.01085   0.00552   0.00927   0.00864   0.00000   0.00097   0.00976   0.01030   0.02191   0.06524   0.12936   0.15800   0.06535   0.08648   0.04332   0.00882   0.02954   0.11101   0.02282   0.02773   0.09818   0.11620   0.01305   0.06734   0.10969  
 10 59.7331   4093.383476  x:  0.00159   0.06462   0.02122   0.01116   0.01075   0.00598   0.00885   0.00838   0.00000   0.00099   0.00999   0.00989   0.02164   0.06465   0.12944   0.15869   0.06512   0.08616   0.04327   0.00882   0.02938   0.11084   0.02279   0.02776   0.09799   0.11623   0.01305   0.06772   0.10955  
 11 25.4543   4093.369030  x:  0.00156   0.06426   0.02129   0.01114   0.01076   0.00592   0.00926   0.00837   0.00000   0.00098   0.01001   0.00993   0.02202   0.06363   0.12940   0.15988   0.06471   0.08543   0.04369   0.00882   0.02930   0.11033   0.02282   0.02780   0.09753   0.11632   0.01297   0.06847   0.10916  
 12 20.3832   4093.366503  x:  0.00156   0.06422   0.02141   0.01113   0.01081   0.00585   0.00901   0.00852   0.00000   0.00098   0.00993   0.01009   0.02206   0.06352   0.12934   0.16016   0.06466   0.08526   0.04376   0.00882   0.02937   0.11017   0.02283   0.02778   0.09741   0.11634   0.01299   0.06859   0.10904  
 13 13.3146   4093.364093  x:  0.00154   0.06427   0.02166   0.01113   0.01080   0.00587   0.00907   0.00847   0.00000   0.00098   0.00996   0.01003   0.02190   0.06379   0.12911   0.16058   0.06477   0.08503   0.04367   0.00881   0.02966   0.10977   0.02283   0.02772   0.09718   0.11637   0.01305   0.06853   0.10877  
 14  5.2181   4093.362316  x:  0.00157   0.06433   0.02137   0.01116   0.01079   0.00586   0.00906   0.00846   0.00000   0.00098   0.00993   0.01005   0.02201   0.06404   0.12887   0.16087   0.06490   0.08492   0.04358   0.00881   0.02965   0.10944   0.02283   0.02776   0.09703   0.11639   0.01293   0.06839   0.10858  
 15  4.9957   4093.360266  x:  0.00151   0.06439   0.02129   0.01101   0.01083   0.00582   0.00906   0.00852   0.00000   0.00098   0.01002   0.01001   0.02206   0.06410   0.12865   0.16103   0.06499   0.08498   0.04366   0.00882   0.02940   0.10926   0.02282   0.02781   0.09701   0.11637   0.01322   0.06826   0.10853  
 16  2.5459   4093.354183  x:  0.00146   0.06451   0.02150   0.01137   0.01079   0.00592   0.00906   0.00840   0.00000   0.00099   0.00986   0.01009   0.02199   0.06403   0.12817   0.16129   0.06511   0.08523   0.04383   0.00882   0.02882   0.10901   0.02281   0.02784   0.09712   0.11634   0.01335   0.06802   0.10851  
 17  5.3595   4093.333637  x:  0.00156   0.06469   0.02191   0.01085   0.01079   0.00578   0.00904   0.00841   0.00000   0.00098   0.00991   0.01003   0.02169   0.06357   0.12708   0.16180   0.06518   0.08594   0.04399   0.00882   0.02835   0.10868   0.02281   0.02770   0.09767   0.11632   0.01259   0.06765   0.10864  
 18  9.0231   4093.236878  x:  0.00165   0.06493   0.02135   0.01150   0.01084   0.00514   0.00887   0.00838   0.00000   0.00094   0.01027   0.00961   0.02202   0.06189   0.12361   0.16334   0.06475   0.08821   0.04415   0.00877   0.03032   0.10840   0.02287   0.02737   0.09997   0.11627   0.01287   0.06729   0.10945  
 19 17.6935   4093.155188  x:  0.00166   0.06487   0.02105   0.01059   0.01059   0.00575   0.00893   0.00742   0.00000   0.00095   0.00902   0.01016   0.02214   0.06185   0.12240   0.16406   0.06425   0.08887   0.04440   0.00873   0.03112   0.10860   0.02285   0.02768   0.10081   0.11623   0.01339   0.06764   0.10989  
 20 28.2216   4092.423114  x:  0.00213   0.06381   0.02133   0.01106   0.01050   0.00319   0.00816   0.00583   0.00000   0.00076   0.00893   0.00888   0.02149   0.06811   0.12166   0.16760   0.06041   0.08795   0.04770   0.00852   0.03000   0.11180   0.02237   0.03097   0.10178   0.11604   0.01269   0.07243   0.11188  
 21 24.4460   4092.075734  x:  0.00218   0.06422   0.02063   0.01088   0.01035   0.00237   0.00786   0.00480   0.00000   0.00069   0.00840   0.00856   0.02155   0.06771   0.12503   0.16854   0.06227   0.08684   0.04974   0.00842   0.02968   0.11267   0.02282   0.02586   0.10036   0.11610   0.01302   0.07093   0.11162  
 22 45.6915   4091.961969  x:  0.00221   0.06486   0.02090   0.01083   0.01029   0.00203   0.00775   0.00447   0.00000   0.00066   0.00826   0.00840   0.02141   0.06565   0.12769   0.16860   0.06437   0.08659   0.05037   0.00837   0.03056   0.11237   0.02286   0.02815   0.09942   0.11621   0.01296   0.06841   0.11093  
 23 40.7104   4091.959965  x:  0.00221   0.06487   0.02091   0.01083   0.01029   0.00203   0.00775   0.00446   0.00000   0.00066   0.00826   0.00840   0.02145   0.06565   0.12794   0.16856   0.06418   0.08676   0.05038   0.00837   0.03058   0.11209   0.02243   0.02813   0.09951   0.11620   0.01297   0.06835   0.11081  
 24  5.9414   4091.958144  x:  0.00219   0.06484   0.02090   0.01083   0.01029   0.00202   0.00775   0.00446   0.00000   0.00066   0.00825   0.00840   0.02143   0.06571   0.12837   0.16850   0.06380   0.08711   0.05038   0.00837   0.03058   0.11153   0.02263   0.02813   0.09974   0.11619   0.01299   0.06832   0.11059  
 25  5.2007   4091.957008  x:  0.00219   0.06477   0.02090   0.01083   0.01029   0.00202   0.00775   0.00445   0.00000   0.00066   0.00825   0.00840   0.02143   0.06574   0.12853   0.16851   0.06424   0.08727   0.05036   0.00837   0.03058   0.11130   0.02262   0.02813   0.09991   0.11620   0.01299   0.06871   0.11064  
 26  0.5914   4091.892551  x:  0.00214   0.06466   0.02091   0.01082   0.01024   0.00220   0.00768   0.00449   0.00000   0.00071   0.00815   0.00824   0.02144   0.06572   0.12962   0.16849   0.06468   0.08413   0.05080   0.00829   0.03047   0.10917   0.02264   0.02812   0.10220   0.11707   0.01309   0.06771   0.11389  
 27  0.4131   4091.425005  x:  0.00225   0.06655   0.02103   0.01074   0.00987   0.00350   0.00711   0.00472   0.00000   0.00114   0.00737   0.00706   0.02165   0.06524   0.13480   0.17140   0.06613   0.08824   0.05372   0.00773   0.03101   0.11224   0.02279   0.02788   0.09686   0.11778   0.01308   0.06721   0.11044  
 28  4.1618   4091.411630  x:  0.00229   0.06508   0.02109   0.01076   0.00986   0.00353   0.00710   0.00472   0.00000   0.00116   0.00736   0.00703   0.02163   0.06534   0.13486   0.17152   0.06649   0.08783   0.05385   0.00771   0.03095   0.11277   0.02280   0.02788   0.09784   0.11668   0.01310   0.06673   0.10918  
 29  9.8285   4091.410896  x:  0.00228   0.06546   0.02107   0.01075   0.00986   0.00353   0.00710   0.00473   0.00000   0.00116   0.00735   0.00703   0.02164   0.06531   0.13489   0.17153   0.06651   0.08767   0.05385   0.00771   0.03094   0.11283   0.02279   0.02788   0.09806   0.11636   0.01309   0.06683   0.10899  
 30  2.1171   4091.405860  x:  0.00229   0.06531   0.02108   0.01076   0.00986   0.00352   0.00711   0.00475   0.00000   0.00116   0.00735   0.00703   0.02164   0.06533   0.13493   0.17162   0.06644   0.08785   0.05390   0.00770   0.03105   0.11254   0.02280   0.02787   0.09750   0.11493   0.01303   0.06680   0.10976  
 31  0.1805   4091.059862  x:  0.00233   0.06498   0.02119   0.01069   0.00989   0.00204   0.00746   0.00631   0.00000   0.00164   0.00717   0.00716   0.02197   0.06662   0.13489   0.17367   0.06557   0.08691   0.05469   0.00682   0.03036   0.11329   0.02274   0.02749   0.09924   0.11659   0.01323   0.06769   0.11076  
 32  0.2202   4090.596884  x:  0.00247   0.06457   0.02136   0.01083   0.00991   0.00235   0.00823   0.00404   0.00000   0.00249   0.00768   0.00763   0.02214   0.06745   0.13194   0.17475   0.06345   0.08631   0.05455   0.00460   0.02986   0.11370   0.02272   0.02795   0.10084   0.11654   0.01335   0.06868   0.11183  
 33  0.0036   4090.367002  x:  0.00245   0.06506   0.02113   0.01079   0.01011   0.00252   0.00752   0.00504   0.00000   0.00305   0.00780   0.00776   0.02176   0.06609   0.13253   0.17321   0.06438   0.08632   0.05410   0.00278   0.03034   0.11265   0.02273   0.02792   0.10025   0.11709   0.01342   0.06714   0.11087  
 34  0.0038   4090.349928  x:  0.00229   0.06512   0.02113   0.01077   0.01006   0.00249   0.00751   0.00502   0.00000   0.00298   0.00747   0.00730   0.02178   0.06595   0.13291   0.17190   0.06501   0.08665   0.05318   0.00277   0.03043   0.11234   0.02274   0.02778   0.09956   0.11699   0.01337   0.06739   0.11070  
 35  0.0018   4090.342144  x:  0.00213   0.06508   0.02112   0.01076   0.00998   0.00249   0.00751   0.00502   0.00000   0.00281   0.00753   0.00763   0.02176   0.06597   0.13323   0.17102   0.06522   0.08665   0.05277   0.00278   0.03045   0.11240   0.02274   0.02778   0.09923   0.11689   0.01340   0.06746   0.11034  
 36  0.0004   4090.333117  x:  0.00199   0.06506   0.02112   0.01077   0.00994   0.00246   0.00751   0.00497   0.00000   0.00260   0.00771   0.00744   0.02176   0.06615   0.13306   0.17140   0.06492   0.08647   0.05298   0.00256   0.03038   0.11250   0.02274   0.02783   0.09957   0.11696   0.01342   0.06743   0.11057  
 37  0.0005   4090.330620  x:  0.00203   0.06509   0.02112   0.01077   0.00999   0.00248   0.00753   0.00501   0.00000   0.00250   0.00754   0.00745   0.02177   0.06608   0.13295   0.17192   0.06489   0.08655   0.05323   0.00262   0.03040   0.11247   0.02274   0.02782   0.09969   0.11700   0.01340   0.06738   0.11066  
 38  0.0007   4090.330217  x:  0.00212   0.06510   0.02113   0.01077   0.01002   0.00249   0.00752   0.00502   0.00000   0.00251   0.00754   0.00746   0.02178   0.06599   0.13292   0.17199   0.06498   0.08665   0.05323   0.00258   0.03041   0.11241   0.02274   0.02780   0.09962   0.11698   0.01339   0.06741   0.11063  
 39  0.0002   4090.330130  x:  0.00215   0.06509   0.02113   0.01077   0.01003   0.00248   0.00752   0.00502   0.00000   0.00250   0.00756   0.00745   0.02178   0.06600   0.13293   0.17191   0.06498   0.08664   0.05319   0.00260   0.03041   0.11242   0.02274   0.02780   0.09960   0.11698   0.01339   0.06742   0.11061  
 40  0.0001   4090.330114  x:  0.00216   0.06509   0.02113   0.01077   0.01003   0.00248   0.00752   0.00501   0.00000   0.00249   0.00755   0.00745   0.02178   0.06602   0.13293   0.17187   0.06496   0.08662   0.05316   0.00259   0.03041   0.11243   0.02274   0.02781   0.09961   0.11698   0.01339   0.06741   0.11061  
 41  0.0001   4090.330114  x:  0.00216   0.06509   0.02113   0.01077   0.01003   0.00248   0.00752   0.00501   0.00000   0.00249   0.00755   0.00745   0.02178   0.06602   0.13293   0.17187   0.06496   0.08662   0.05316   0.00259   0.03041   0.11243   0.02274   0.02781   0.09961   0.11698   0.01339   0.06741   0.11061  
 42  0.0000   4090.330114  x:  0.00216   0.06509   0.02113   0.01077   0.01003   0.00248   0.00752   0.00501   0.00000   0.00249   0.00755   0.00745   0.02178   0.06602   0.13293   0.17187   0.06496   0.08662   0.05316   0.00259   0.03041   0.11243   0.02274   0.02781   0.09961   0.11698   0.01339   0.06741   0.11061  