

TREE # 1

  0  0.0000   1461.862365  x:  0.00373   0.00885   0.01308   0.00596   0.00755   0.00868   0.00418   0.00464   0.00792   0.00537   0.01402   0.00339   0.00930   0.01893   0.00871   0.06400   0.03183   0.02096   0.00000   0.00953   0.00787   0.02221   0.00470   0.00906   0.01966   0.02703   0.01041   0.01904   0.04702  
  1 99.0000   1461.860154  x:  0.00373   0.00885   0.01308   0.00596   0.00755   0.00868   0.00418   0.00464   0.00792   0.00537   0.01402   0.00339   0.00930   0.01893   0.00871   0.06400   0.03183   0.02096   0.00000   0.00953   0.00787   0.02221   0.00470   0.00906   0.01966   0.02703   0.01041   0.01904   0.04702  
  2 885.8018   1454.436274  x:  0.00048   0.00879   0.01222   0.00605   0.00416   0.00529   0.00079   0.00126   0.00453   0.00575   0.01368   0.00000   0.00921   0.01883   0.00871   0.06441   0.03158   0.02077   0.00000   0.00693   0.00783   0.02210   0.00530   0.00901   0.01963   0.02685   0.00975   0.01879   0.04697  
  3 7170.5186   1453.515333  x:  0.00000   0.00877   0.01213   0.00607   0.00368   0.00480   0.00031   0.00077   0.00405   0.00578   0.01365   0.00000   0.00920   0.01882   0.00873   0.06446   0.03155   0.02075   0.00000   0.00656   0.00783   0.02210   0.00532   0.00901   0.01962   0.02683   0.00972   0.01878   0.04696  
  4 95415.0151   1453.515333  x:  0.00000   0.00877   0.01213   0.00607   0.00368   0.00480   0.00031   0.00077   0.00405   0.00578   0.01365   0.00000   0.00920   0.01882   0.00873   0.06446   0.03155   0.02075   0.00000   0.00656   0.00783   0.02210   0.00532   0.00901   0.01962   0.02683   0.00972   0.01878   0.04696  
  5 15548526.0432   1452.932337  x:  0.00000   0.00873   0.01201   0.00594   0.00337   0.00450   0.00000   0.00047   0.00374   0.00566   0.01358   0.00000   0.00913   0.01880   0.00866   0.06450   0.03152   0.02072   0.00000   0.00631   0.00777   0.02207   0.00522   0.00895   0.01962   0.02680   0.00959   0.01873   0.04696  
  6 741.3385   1452.320448  x:  0.00000   0.00872   0.01192   0.00597   0.00291   0.00404   0.00000   0.00000   0.00328   0.00570   0.01355   0.00000   0.00913   0.01879   0.00868   0.06455   0.03149   0.02070   0.00000   0.00598   0.00777   0.02207   0.00529   0.00895   0.01961   0.02679   0.00952   0.01871   0.04695  
  7 3163.3425   1449.444350  x:  0.00000   0.00856   0.01185   0.00608   0.00000   0.00113   0.00000   0.00000   0.00038   0.00572   0.01357   0.00000   0.00922   0.01879   0.00900   0.06477   0.03138   0.02065   0.00000   0.00411   0.00787   0.02220   0.00510   0.00902   0.01945   0.02686   0.00960   0.01881   0.04692  
  8 12822.9359   1449.180389  x:  0.00000   0.00853   0.01186   0.00607   0.00000   0.00075   0.00000   0.00000   0.00000   0.00571   0.01357   0.00000   0.00922   0.01879   0.00902   0.06479   0.03138   0.02065   0.00000   0.00388   0.00787   0.02223   0.00511   0.00902   0.01942   0.02688   0.00963   0.01883   0.04691  
  9 49243.2261   1448.886614  x:  0.00000   0.00851   0.01185   0.00608   0.00000   0.00000   0.00000   0.00000   0.00000   0.00577   0.01355   0.00000   0.00919   0.01879   0.00903   0.06478   0.03139   0.02066   0.00000   0.00348   0.00785   0.02230   0.00508   0.00900   0.01937   0.02696   0.00967   0.01885   0.04690  
 10 12364.0832   1448.196135  x:  0.00000   0.00820   0.01148   0.00634   0.00000   0.00000   0.00000   0.00000   0.00000   0.00524   0.01320   0.00000   0.00941   0.01872   0.00956   0.06379   0.03190   0.02076   0.00000   0.00000   0.00813   0.02316   0.00518   0.00923   0.01888   0.02818   0.00954   0.01874   0.04670  
 11 802.0016   1448.018118  x:  0.00000   0.00690   0.00997   0.00688   0.00000   0.00000   0.00000   0.00000   0.00000   0.00528   0.01189   0.00000   0.00861   0.01850   0.01040   0.06769   0.03057   0.02054   0.00000   0.00000   0.00787   0.02477   0.00518   0.00876   0.01700   0.02898   0.00970   0.01936   0.04644  
 12 52.8056   1447.960713  x:  0.00000   0.00830   0.00989   0.00678   0.00000   0.00000   0.00000   0.00000   0.00000   0.00498   0.01171   0.00000   0.00872   0.01844   0.00986   0.07039   0.02996   0.02061   0.00000   0.00000   0.00796   0.02551   0.00526   0.00884   0.01687   0.02949   0.00955   0.01940   0.04629  
 13 62.6692   1447.939266  x:  0.00000   0.00785   0.01013   0.00656   0.00000   0.00000   0.00000   0.00000   0.00000   0.00518   0.01198   0.00000   0.00906   0.01844   0.00945   0.07169   0.03010   0.02079   0.00000   0.00000   0.00810   0.02590   0.00524   0.00905   0.01741   0.03022   0.00909   0.01903   0.04610  
 14 31.1183   1447.935071  x:  0.00000   0.00790   0.01020   0.00667   0.00000   0.00000   0.00000   0.00000   0.00000   0.00514   0.01208   0.00000   0.00883   0.01848   0.00971   0.07206   0.03046   0.02083   0.00000   0.00000   0.00792   0.02570   0.00525   0.00890   0.01762   0.03045   0.00903   0.01884   0.04602  
 15  9.4475   1447.930211  x:  0.00000   0.00791   0.01005   0.00656   0.00000   0.00000   0.00000   0.00000   0.00000   0.00519   0.01187   0.00000   0.00896   0.01850   0.00962   0.07238   0.03109   0.02072   0.00000   0.00000   0.00799   0.02517   0.00525   0.00896   0.01747   0.03060   0.00926   0.01879   0.04592  
 16  5.0763   1447.911268  x:  0.00000   0.00782   0.01018   0.00708   0.00000   0.00000   0.00000   0.00000   0.00000   0.00502   0.01224   0.00000   0.00859   0.01832   0.00893   0.07254   0.03168   0.02012   0.00000   0.00000   0.00814   0.02499   0.00528   0.00888   0.01710   0.03039   0.00888   0.01907   0.04577  
 17  2.7443   1447.782938  x:  0.00000   0.00820   0.00991   0.00586   0.00000   0.00000   0.00000   0.00000   0.00000   0.00584   0.01195   0.00000   0.00869   0.01784   0.00931   0.07144   0.03340   0.01820   0.00000   0.00000   0.00740   0.02636   0.00530   0.00842   0.01680   0.03014   0.00698   0.01992   0.04511  
 18 11.2183   1447.517339  x:  0.00000   0.00823   0.00811   0.00602   0.00000   0.00000   0.00000   0.00000   0.00000   0.00636   0.01000   0.00000   0.00728   0.01821   0.00734   0.07009   0.03335   0.01873   0.00000   0.00000   0.00677   0.02710   0.00546   0.00797   0.01925   0.02892   0.00724   0.01890   0.04489  
 19 27.6857   1447.397253  x:  0.00000   0.00837   0.00776   0.00571   0.00000   0.00000   0.00000   0.00000   0.00000   0.00681   0.01048   0.00000   0.00729   0.01804   0.00680   0.06907   0.03195   0.02030   0.00000   0.00000   0.00644   0.02593   0.00552   0.00719   0.01761   0.02972   0.00647   0.01683   0.04517  
 20 42.9488   1447.384928  x:  0.00000   0.00838   0.00802   0.00554   0.00000   0.00000   0.00000   0.00000   0.00000   0.00689   0.01023   0.00000   0.00687   0.01788   0.00684   0.06894   0.03152   0.02026   0.00000   0.00000   0.00654   0.02548   0.00552   0.00759   0.01756   0.03015   0.00625   0.01686   0.04528  
 21 22.5974   1447.376331  x:  0.00000   0.00837   0.00799   0.00565   0.00000   0.00000   0.00000   0.00000   0.00000   0.00687   0.01013   0.00000   0.00704   0.01769   0.00677   0.06881   0.03101   0.01994   0.00000   0.00000   0.00645   0.02496   0.00552   0.00735   0.01781   0.03081   0.00619   0.01723   0.04543  
 22 14.5805   1447.371639  x:  0.00000   0.00840   0.00764   0.00557   0.00000   0.00000   0.00000   0.00000   0.00000   0.00690   0.01043   0.00000   0.00694   0.01780   0.00681   0.06873   0.03091   0.01976   0.00000   0.00000   0.00651   0.02491   0.00551   0.00746   0.01787   0.03105   0.00625   0.01729   0.04549  
 23  5.3413   1447.290555  x:  0.00000   0.00833   0.00769   0.00589   0.00000   0.00000   0.00000   0.00000   0.00000   0.00675   0.01009   0.00000   0.00726   0.01984   0.00693   0.06944   0.03022   0.01803   0.00000   0.00000   0.00650   0.02432   0.00534   0.00763   0.01788   0.03030   0.00574   0.01611   0.04641  
 24  3.8725   1447.103191  x:  0.00000   0.00831   0.00674   0.00615   0.00000   0.00000   0.00000   0.00000   0.00000   0.00656   0.00999   0.00000   0.00755   0.01755   0.00765   0.07122   0.02986   0.01850   0.00000   0.00000   0.00763   0.02301   0.00493   0.00758   0.01866   0.02757   0.00446   0.01578   0.04715  
 25 21.9491   1447.088631  x:  0.00000   0.00829   0.00662   0.00634   0.00000   0.00000   0.00000   0.00000   0.00000   0.00649   0.01005   0.00000   0.00774   0.01726   0.00759   0.07133   0.02974   0.01854   0.00000   0.00000   0.00693   0.02285   0.00489   0.00809   0.01865   0.02733   0.00444   0.01574   0.04676  
 26 26.2358   1447.081178  x:  0.00000   0.00829   0.00663   0.00633   0.00000   0.00000   0.00000   0.00000   0.00000   0.00649   0.01005   0.00000   0.00774   0.01732   0.00764   0.07124   0.02943   0.01846   0.00000   0.00000   0.00706   0.02271   0.00487   0.00803   0.01867   0.02726   0.00449   0.01564   0.04531  
 27 10.4938   1447.080870  x:  0.00000   0.00829   0.00662   0.00634   0.00000   0.00000   0.00000   0.00000   0.00000   0.00649   0.01005   0.00000   0.00774   0.01741   0.00763   0.07125   0.02943   0.01854   0.00000   0.00000   0.00706   0.02268   0.00487   0.00803   0.01867   0.02726   0.00444   0.01574   0.04527  
 28  1.6969   1446.448828  x:  0.00000   0.00740   0.00700   0.00305   0.00000   0.00000   0.00000   0.00000   0.00000   0.00393   0.01037   0.00000   0.00751   0.01776   0.00727   0.07348   0.02853   0.01846   0.00000   0.00000   0.00618   0.02089   0.00442   0.00736   0.01932   0.02459   0.00504   0.01645   0.04585  
 29  0.0335   1446.395842  x:  0.00000   0.00727   0.00707   0.00357   0.00000   0.00000   0.00000   0.00000   0.00000   0.00355   0.01049   0.00000   0.00726   0.01780   0.00716   0.07362   0.02842   0.01859   0.00000   0.00000   0.00604   0.02080   0.00346   0.00720   0.01936   0.02455   0.00520   0.01658   0.04594  
 30  0.0040   1446.392524  x:  0.00000   0.00710   0.00705   0.00355   0.00000   0.00000   0.00000   0.00000   0.00000   0.00345   0.01057   0.00000   0.00707   0.01775   0.00708   0.07358   0.02829   0.01867   0.00000   0.00000   0.00596   0.02087   0.00357   0.00707   0.01936   0.02478   0.00524   0.01656   0.04596  
 31  0.0007   1446.392152  x:  0.00000   0.00707   0.00704   0.00351   0.00000   0.00000   0.00000   0.00000   0.00000   0.00352   0.01058   0.00000   0.00704   0.01774   0.00706   0.07354   0.02826   0.01871   0.00000   0.00000   0.00596   0.02087   0.00352   0.00705   0.01935   0.02482   0.00526   0.01656   0.04597  
 32  0.0003   1446.392121  x:  0.00000   0.00707   0.00704   0.00352   0.00000   0.00000   0.00000   0.00000   0.00000   0.00352   0.01058   0.00000   0.00704   0.01773   0.00705   0.07351   0.02826   0.01873   0.00000   0.00000   0.00597   0.02086   0.00353   0.00706   0.01934   0.02479   0.00529   0.01656   0.04598  
 33  0.0001   1446.392117  x:  0.00000   0.00707   0.00705   0.00352   0.00000   0.00000   0.00000   0.00000   0.00000   0.00351   0.01059   0.00000   0.00704   0.01773   0.00705   0.07349   0.02826   0.01873   0.00000   0.00000   0.00597   0.02087   0.00353   0.00706   0.01934   0.02479   0.00529   0.01655   0.04598  
 34  0.0000   1446.392117  x:  0.00000   0.00707   0.00705   0.00352   0.00000   0.00000   0.00000   0.00000   0.00000   0.00351   0.01059   0.00000   0.00704   0.01773   0.00705   0.07349   0.02826   0.01873   0.00000   0.00000   0.00597   0.02087   0.00353   0.00706   0.01934   0.02479   0.00529   0.01655   0.04598  
 35  0.0000   1446.392117  x:  0.00000   0.00707   0.00705   0.00352   0.00000   0.00000   0.00000   0.00000   0.00000   0.00351   0.01059   0.00000   0.00704   0.01773   0.00705   0.07349   0.02826   0.01872   0.00000   0.00000   0.00597   0.02087   0.00353   0.00706   0.01934   0.02479   0.00529   0.01655   0.04598  