

TREE # 1

  0  0.0000   4841.841444  x:  0.00758   0.07988   0.07500   0.02639   0.07366   0.07286   0.03703   0.04307   0.07519   0.02772   0.06881   0.07131   0.20094   0.13847   0.06223   0.09921   0.07848   0.03322   0.06278   0.09089   0.08515   0.06061   0.05129   0.11183   0.00000   0.13306   0.12235   2.00000   0.90000   0.60884   1.99821  
  1 99.0000   4699.055753  x:  0.03726   0.13368   0.06319   0.01448   0.04318   0.03318   0.00000   0.00889   0.04387   0.00198   0.05377   0.10728   0.25801   0.19314   0.09901   0.10494   0.09545   0.04393   0.07107   0.12152   0.06410   0.06762   0.09874   0.16491   0.12963   0.14818   0.15990   2.00289   0.89599   0.60545   1.99890  
  2 1572.3864   4694.765330  x:  0.03889   0.13666   0.06253   0.01383   0.04148   0.03097   0.00040   0.00701   0.04213   0.00064   0.05293   0.10927   0.26118   0.19617   0.10105   0.10526   0.09639   0.04452   0.07152   0.12322   0.06293   0.06801   0.10136   0.16785   0.13677   0.14902   0.16198   2.00305   0.89577   0.60526   1.99894  
  3 35683.7384   4677.423075  x:  0.04408   0.14694   0.06005   0.01211   0.03531   0.02257   0.00118   0.00084   0.03573   0.01193   0.05006   0.11620   0.27263   0.20696   0.10806   0.10638   0.09953   0.04627   0.07298   0.12923   0.05861   0.06938   0.11017   0.17824   0.15970   0.15193   0.16936   2.00367   0.89491   0.60461   1.99907  
  4 9263.1526   4655.445013  x:  0.05288   0.16906   0.05350   0.01125   0.02025   0.00000   0.00244   0.03762   0.02011   0.03091   0.04412   0.13139   0.30011   0.23199   0.12300   0.10888   0.10574   0.04846   0.07544   0.14291   0.04788   0.07249   0.12786   0.20179   0.20100   0.15835   0.18638   2.00534   0.89253   0.60323   1.99933  
  5 3929.8539   4624.397433  x:  0.03027   0.19155   0.02985   0.05868   0.00561   0.00000   0.00219   0.03312   0.00441   0.02715   0.04932   0.14973   0.36793   0.28245   0.13524   0.11209   0.10416   0.02811   0.06770   0.16585   0.02097   0.07793   0.12844   0.24171   0.15518   0.16766   0.22039   2.01236   0.88043   0.60397   1.99888  
  6 485.6991   4609.123157  x:  0.01497   0.20990   0.01366   0.08414   0.01474   0.00000   0.00209   0.03178   0.02371   0.02561   0.05026   0.16412   0.41975   0.32133   0.14526   0.11447   0.10408   0.01433   0.06268   0.18351   0.00527   0.08235   0.13068   0.27262   0.12480   0.17503   0.24659   2.01789   0.87130   0.60449   1.99856  
  7 2716.2929   4593.853829  x:  0.00000   0.23174   0.00786   0.09389   0.02435   0.00000   0.00192   0.02959   0.02869   0.02343   0.04594   0.18044   0.48236   0.36773   0.15575   0.11658   0.10649   0.00420   0.05899   0.20437   0.04412   0.09060   0.13343   0.30847   0.08254   0.18400   0.27774   2.02568   0.85965   0.60578   1.99803  
  8 1138.9460   4576.216958  x:  0.00435   0.25541   0.05156   0.06005   0.02490   0.00000   0.00159   0.02512   0.02757   0.01955   0.03485   0.19478   0.55683   0.42000   0.16163   0.11656   0.11786   0.03148   0.06403   0.22089   0.04189   0.09087   0.13502   0.34484   0.01099   0.19535   0.31247   2.03869   0.84173   0.61072   1.99661  
  9 578.0619   4573.448458  x:  0.00000   0.25482   0.04710   0.04532   0.02382   0.00000   0.00155   0.02459   0.02600   0.01918   0.03794   0.19185   0.56692   0.42558   0.16010   0.11576   0.11759   0.02975   0.06473   0.22000   0.03998   0.08968   0.13430   0.34666   0.00575   0.19835   0.31669   2.04217   0.83740   0.61287   1.99608  
 10 213.1702   4570.519952  x:  0.00087   0.23485   0.05383   0.03951   0.02963   0.00000   0.00158   0.02506   0.02254   0.01963   0.04497   0.17039   0.61028   0.44050   0.13881   0.11164   0.11785   0.03050   0.06592   0.20529   0.04017   0.08637   0.11058   0.33879   0.01703   0.21460   0.33222   2.06427   0.81970   0.62243   1.99374  
 11 108.8403   4569.851181  x:  0.00340   0.22699   0.05327   0.03937   0.02088   0.00000   0.00158   0.02492   0.02786   0.01957   0.03929   0.16444   0.62227   0.44230   0.13632   0.11361   0.11696   0.02980   0.06778   0.20069   0.04153   0.08706   0.11229   0.33304   0.01748   0.21797   0.33477   2.07484   0.81602   0.62520   1.99313  
 12 90.4273   4569.123237  x:  0.00809   0.21509   0.05157   0.04030   0.02637   0.00000   0.00157   0.02491   0.02438   0.01953   0.03450   0.15910   0.63920   0.44161   0.13935   0.12015   0.11500   0.02925   0.07122   0.19481   0.04069   0.08900   0.12634   0.32113   0.01596   0.22058   0.33589   2.09762   0.81352   0.62891   1.99247  
 13 78.7483   4568.734299  x:  0.00958   0.21035   0.05377   0.04095   0.02494   0.00000   0.00158   0.02503   0.02595   0.01963   0.04384   0.16024   0.64904   0.43944   0.14293   0.12309   0.11444   0.03000   0.07068   0.19283   0.04177   0.08961   0.13351   0.31389   0.01598   0.22065   0.33529   2.11719   0.81384   0.63094   1.99223  
 14 78.1980   4567.646156  x:  0.00128   0.20810   0.05775   0.03685   0.02437   0.00000   0.00158   0.02495   0.02548   0.01961   0.04003   0.17658   0.67142   0.42595   0.15060   0.12072   0.11401   0.02826   0.05715   0.19421   0.04070   0.08696   0.13072   0.29851   0.01960   0.21504   0.32842   2.19534   0.81919   0.63694   1.99179  
 15 61.7221   4566.131333  x:  0.01048   0.21925   0.04344   0.03585   0.02469   0.00000   0.00157   0.02479   0.02516   0.01947   0.04040   0.18433   0.69326   0.40608   0.15012   0.10935   0.11987   0.03478   0.07084   0.20165   0.04112   0.08619   0.12036   0.29331   0.01785   0.20494   0.31576   2.32803   0.82935   0.64549   1.99142  
 16 116.3971   4564.575520  x:  0.00000   0.22872   0.05192   0.03644   0.02442   0.00000   0.00157   0.02479   0.02530   0.01948   0.03998   0.16982   0.68778   0.40185   0.14335   0.11518   0.11687   0.03032   0.07577   0.20411   0.04014   0.09045   0.12491   0.31194   0.02030   0.20463   0.31023   2.44396   0.83257   0.65254   1.99099  
 17 89.9858   4563.631272  x:  0.00000   0.23071   0.04559   0.03687   0.02483   0.00000   0.00156   0.02475   0.02514   0.01943   0.04054   0.16381   0.66875   0.41419   0.14660   0.11968   0.12066   0.03211   0.05682   0.19822   0.04157   0.08121   0.12529   0.32182   0.01689   0.20986   0.31512   2.51810   0.82530   0.65711   1.99036  
 18 73.0728   4563.016095  x:  0.00000   0.22307   0.04584   0.03538   0.02501   0.00000   0.00155   0.02470   0.02480   0.01938   0.04116   0.17796   0.64399   0.43423   0.14947   0.11428   0.11878   0.02481   0.06045   0.19390   0.04074   0.08815   0.12277   0.32020   0.01489   0.21742   0.32744   2.57239   0.81390   0.65808   1.99022  
 19 52.8420   4562.878580  x:  0.00000   0.22127   0.04486   0.03660   0.02484   0.00000   0.00156   0.02470   0.02509   0.01938   0.04075   0.17894   0.63658   0.44062   0.14889   0.11446   0.11948   0.03047   0.06425   0.19686   0.04126   0.08444   0.12393   0.31794   0.01561   0.21888   0.33214   2.59534   0.81117   0.65624   1.99076  
 20 33.8133   4562.797478  x:  0.00000   0.22422   0.04502   0.03575   0.02475   0.00000   0.00155   0.02465   0.02497   0.01935   0.04083   0.17474   0.63384   0.44527   0.14838   0.11521   0.12177   0.03019   0.06301   0.20238   0.04070   0.08753   0.12337   0.31076   0.01579   0.21679   0.33602   2.60213   0.81008   0.64877   1.99252  
 21  9.2929   4562.758042  x:  0.00402   0.22488   0.04547   0.03551   0.02473   0.00000   0.00155   0.02463   0.02494   0.01933   0.04084   0.17474   0.63403   0.44564   0.14837   0.11496   0.12091   0.02888   0.06362   0.20194   0.04078   0.08545   0.12360   0.31034   0.01583   0.21622   0.33631   2.60220   0.80931   0.64513   1.99338  
 22  9.4643   4562.581464  x:  0.00000   0.22735   0.04604   0.03293   0.02449   0.00000   0.00154   0.02447   0.02468   0.01923   0.04111   0.17359   0.63453   0.44866   0.14787   0.11399   0.11395   0.02594   0.06444   0.20125   0.04076   0.07978   0.12439   0.30792   0.01641   0.21166   0.33934   2.60666   0.80235   0.61448   2.00071  
 23 14.7039   4562.329922  x:  0.00247   0.22639   0.04285   0.03011   0.02418   0.00000   0.00152   0.02426   0.02443   0.01909   0.04148   0.17499   0.63655   0.44709   0.14794   0.11317   0.11030   0.03159   0.06240   0.19413   0.04042   0.08507   0.12553   0.31373   0.01723   0.21024   0.33802   2.61446   0.79108   0.57950   2.00944  
 24 35.6603   4562.085410  x:  0.00098   0.22451   0.04359   0.02819   0.02389   0.00000   0.00150   0.02406   0.02425   0.01895   0.04187   0.17584   0.63725   0.44183   0.15110   0.11358   0.12499   0.02667   0.06418   0.19766   0.03991   0.08386   0.12775   0.31814   0.01776   0.21601   0.33191   2.62032   0.77257   0.55835   2.01637  
 25 15.9809   4561.731712  x:  0.00179   0.23496   0.04204   0.02654   0.02382   0.00000   0.00149   0.02392   0.02423   0.01885   0.04271   0.17797   0.63748   0.43583   0.15077   0.11136   0.11482   0.02948   0.06214   0.20672   0.03992   0.08489   0.13296   0.31680   0.01888   0.22322   0.32824   2.61495   0.75270   0.56965   2.02167  
 26  6.4061   4561.053088  x:  0.00059   0.24697   0.03931   0.01986   0.02315   0.00000   0.00144   0.02342   0.02371   0.01852   0.04381   0.18078   0.63760   0.43947   0.16163   0.12705   0.11447   0.02931   0.06840   0.20086   0.03931   0.08529   0.12815   0.31862   0.02175   0.22220   0.33316   2.60907   0.76122   0.60236   2.03308  
 27 12.3740   4560.708046  x:  0.00000   0.24847   0.03897   0.01833   0.02295   0.00000   0.00143   0.02328   0.02358   0.01842   0.04407   0.18094   0.63781   0.44226   0.16038   0.12266   0.11720   0.02851   0.06766   0.19881   0.03908   0.08514   0.13234   0.32010   0.02240   0.22062   0.33508   2.60776   0.76783   0.61258   2.03670  
 28 34.7903   4560.672121  x:  0.00064   0.24435   0.03925   0.01776   0.02288   0.00000   0.00142   0.02324   0.02355   0.01839   0.04415   0.17855   0.63826   0.44452   0.16518   0.11958   0.11528   0.02894   0.06756   0.20200   0.03898   0.08514   0.13126   0.32210   0.02283   0.22044   0.33252   2.60655   0.77019   0.61449   2.03758  
 29  6.7161   4560.634519  x:  0.00048   0.24456   0.03889   0.01767   0.02287   0.00000   0.00142   0.02317   0.02352   0.01835   0.04423   0.17963   0.63936   0.45234   0.16295   0.12090   0.11501   0.02908   0.06766   0.20205   0.03894   0.08515   0.13143   0.32129   0.02332   0.21935   0.32281   2.60759   0.77060   0.61600   2.03988  
 30  1.5736   4560.514146  x:  0.00000   0.24698   0.03915   0.01824   0.02282   0.00000   0.00142   0.02305   0.02355   0.01827   0.04414   0.17836   0.64027   0.45381   0.16480   0.11923   0.11536   0.02900   0.06822   0.20027   0.03891   0.08534   0.13191   0.32107   0.02341   0.22034   0.32217   2.61156   0.77075   0.61819   2.04474  
 31  1.6778   4557.134549  x:  0.00095   0.24616   0.02760   0.02186   0.02041   0.00000   0.00129   0.01616   0.02204   0.01358   0.04795   0.19033   0.69528   0.47803   0.14923   0.12302   0.12050   0.02125   0.06708   0.22376   0.03400   0.08766   0.15409   0.36208   0.02703   0.23878   0.35197   2.72174   0.80755   0.73209   2.29829  
 32 28.9791   4556.811193  x:  0.00121   0.24318   0.02766   0.02316   0.02025   0.00000   0.00129   0.01565   0.02202   0.01325   0.04847   0.18918   0.70040   0.48108   0.15071   0.12196   0.12367   0.02054   0.06820   0.22286   0.03371   0.08846   0.15674   0.36979   0.02955   0.21293   0.35731   2.73432   0.79612   0.74854   2.32081  
 33 25.2011   4556.195536  x:  0.00000   0.24938   0.02916   0.02298   0.02024   0.00000   0.00132   0.01411   0.02142   0.01226   0.04853   0.18693   0.71209   0.48662   0.15442   0.11974   0.12333   0.02020   0.06944   0.22008   0.03281   0.08927   0.15650   0.37013   0.02980   0.21736   0.35915   2.75432   0.78169   0.75879   2.43648  
 34  0.3840   4555.369177  x:  0.00000   0.26192   0.03205   0.02398   0.01973   0.00000   0.00157   0.00916   0.01976   0.00931   0.04810   0.18270   0.74266   0.50202   0.16419   0.11522   0.12102   0.02139   0.07096   0.21240   0.03045   0.09041   0.15218   0.36743   0.03008   0.22576   0.36350   2.78049   0.74397   0.80282   2.84233  
 35  0.4398   4555.209476  x:  0.00000   0.26070   0.03576   0.02485   0.02000   0.00000   0.00204   0.00940   0.01936   0.01012   0.04775   0.18245   0.73561   0.49840   0.16579   0.11535   0.11676   0.02234   0.07010   0.21144   0.03076   0.08979   0.14586   0.35756   0.02929   0.22812   0.36106   2.74339   0.75096   0.79071   2.80930  
 36  0.0218   4555.047319  x:  0.00000   0.25767   0.03131   0.02502   0.01862   0.00000   0.00273   0.00763   0.01882   0.01008   0.04806   0.18397   0.73204   0.49675   0.16237   0.11604   0.11877   0.02238   0.06906   0.21315   0.03037   0.08936   0.14620   0.35913   0.02917   0.22488   0.36198   2.74193   0.74528   0.80797   2.92765  
 37  0.0510   4554.974244  x:  0.00000   0.25773   0.03317   0.02437   0.01958   0.00000   0.00323   0.00795   0.01847   0.01108   0.04824   0.18338   0.72627   0.49357   0.16095   0.11636   0.12079   0.02198   0.06967   0.21369   0.03094   0.08957   0.14909   0.36239   0.02985   0.22210   0.36045   2.74838   0.75322   0.80737   2.85581  
 38  0.0420   4554.945957  x:  0.00000   0.25904   0.03339   0.02406   0.01888   0.00000   0.00358   0.00766   0.01924   0.01146   0.04803   0.18270   0.72889   0.49484   0.16334   0.11594   0.11941   0.02206   0.07012   0.21221   0.03156   0.08968   0.14947   0.36177   0.02985   0.22505   0.35978   2.75567   0.74990   0.80894   2.86733  
 39  0.0095   4554.938556  x:  0.00000   0.25940   0.03279   0.02412   0.01964   0.00000   0.00372   0.00756   0.01898   0.01158   0.04797   0.18300   0.73182   0.49652   0.16364   0.11582   0.11922   0.02196   0.07014   0.21236   0.03147   0.08972   0.14938   0.36183   0.02973   0.22563   0.36060   2.75759   0.74855   0.80820   2.86843  
 40  0.0038   4554.934789  x:  0.00000   0.25949   0.03277   0.02428   0.01957   0.00000   0.00379   0.00772   0.01934   0.01174   0.04795   0.18362   0.73399   0.49785   0.16323   0.11602   0.11968   0.02176   0.07002   0.21322   0.03137   0.08982   0.14938   0.36255   0.02975   0.22503   0.36179   2.75641   0.74920   0.80403   2.84739  
 41  0.0139   4554.934294  x:  0.00000   0.25969   0.03287   0.02428   0.01954   0.00000   0.00379   0.00771   0.01935   0.01171   0.04798   0.18353   0.73430   0.49807   0.16349   0.11598   0.11964   0.02193   0.07005   0.21312   0.03113   0.08986   0.14925   0.36293   0.02970   0.22523   0.36193   2.75534   0.74857   0.80249   2.84808  
 42  0.0012   4554.934188  x:  0.00000   0.25962   0.03279   0.02424   0.01954   0.00000   0.00380   0.00774   0.01934   0.01172   0.04800   0.18351   0.73393   0.49792   0.16344   0.11597   0.11961   0.02187   0.07005   0.21309   0.03104   0.08984   0.14936   0.36292   0.02965   0.22525   0.36182   2.75534   0.74885   0.80132   2.84188  
 43  0.0034   4554.934115  x:  0.00000   0.25961   0.03287   0.02426   0.01954   0.00000   0.00382   0.00772   0.01934   0.01169   0.04800   0.18354   0.73393   0.49792   0.16341   0.11599   0.11962   0.02187   0.07005   0.21311   0.03099   0.08985   0.14943   0.36284   0.02964   0.22517   0.36180   2.75573   0.74921   0.80064   2.83506  
 44  0.0028   4554.934051  x:  0.00000   0.25955   0.03284   0.02427   0.01956   0.00000   0.00383   0.00774   0.01937   0.01166   0.04798   0.18351   0.73388   0.49783   0.16342   0.11598   0.11964   0.02194   0.07003   0.21305   0.03102   0.08985   0.14934   0.36271   0.02962   0.22517   0.36175   2.75568   0.74914   0.79999   2.83095  
 45  0.0021   4554.934011  x:  0.00000   0.25959   0.03282   0.02425   0.01956   0.00000   0.00384   0.00774   0.01937   0.01162   0.04799   0.18351   0.73390   0.49784   0.16344   0.11598   0.11963   0.02188   0.07004   0.21308   0.03104   0.08984   0.14930   0.36283   0.02965   0.22524   0.36180   2.75524   0.74926   0.79963   2.82943  
 46  0.0007   4554.933998  x:  0.00000   0.25958   0.03284   0.02425   0.01956   0.00000   0.00384   0.00775   0.01936   0.01162   0.04799   0.18352   0.73386   0.49787   0.16340   0.11598   0.11963   0.02189   0.07005   0.21307   0.03106   0.08985   0.14935   0.36286   0.02968   0.22518   0.36179   2.75538   0.74912   0.79991   2.83210  
 47  0.0013   4554.933994  x:  0.00000   0.25959   0.03283   0.02425   0.01955   0.00000   0.00385   0.00775   0.01935   0.01162   0.04799   0.18352   0.73390   0.49789   0.16343   0.11599   0.11963   0.02189   0.07005   0.21308   0.03106   0.08984   0.14934   0.36281   0.02968   0.22520   0.36179   2.75546   0.74911   0.80021   2.83384  
 48  0.0009   4554.933993  x:  0.00000   0.25959   0.03283   0.02426   0.01955   0.00000   0.00385   0.00775   0.01935   0.01162   0.04799   0.18352   0.73392   0.49788   0.16343   0.11598   0.11963   0.02188   0.07004   0.21308   0.03106   0.08984   0.14934   0.36282   0.02967   0.22520   0.36180   2.75548   0.74907   0.80044   2.83497  
 49  0.0007   4554.933993  x:  0.00000   0.25959   0.03283   0.02425   0.01955   0.00000   0.00385   0.00775   0.01935   0.01162   0.04799   0.18352   0.73392   0.49788   0.16343   0.11598   0.11963   0.02189   0.07004   0.21308   0.03106   0.08984   0.14934   0.36283   0.02967   0.22520   0.36180   2.75547   0.74907   0.80052   2.83524  
 50  0.0002   4554.933993  x:  0.00000   0.25959   0.03283   0.02425   0.01955   0.00000   0.00385   0.00775   0.01935   0.01162   0.04799   0.18352   0.73392   0.49789   0.16343   0.11598   0.11963   0.02189   0.07004   0.21308   0.03106   0.08984   0.14934   0.36283   0.02967   0.22520   0.36180   2.75546   0.74907   0.80056   2.83548  
 51  0.0001   4554.933993  x:  0.00000   0.25959   0.03283   0.02425   0.01955   0.00000   0.00385   0.00775   0.01935   0.01162   0.04799   0.18352   0.73392   0.49788   0.16343   0.11598   0.11963   0.02189   0.07004   0.21308   0.03106   0.08984   0.14934   0.36283   0.02967   0.22520   0.36180   2.75546   0.74906   0.80058   2.83560  
 52  0.0001   4554.933993  x:  0.00000   0.25959   0.03283   0.02425   0.01955   0.00000   0.00385   0.00775   0.01935   0.01162   0.04799   0.18352   0.73392   0.49788   0.16343   0.11598   0.11963   0.02189   0.07004   0.21308   0.03106   0.08984   0.14934   0.36283   0.02967   0.22520   0.36180   2.75547   0.74906   0.80058   2.83561  
 53  0.0000   4554.933993  x:  0.00000   0.25959   0.03283   0.02425   0.01955   0.00000   0.00385   0.00775   0.01935   0.01162   0.04799   0.18352   0.73392   0.49788   0.16343   0.11598   0.11963   0.02189   0.07004   0.21308   0.03106   0.08984   0.14934   0.36283   0.02967   0.22520   0.36180   2.75547   0.74906   0.80058   2.83561  
 54  0.0000   4554.933993  x:  0.00000   0.25959   0.03283   0.02425   0.01955   0.00000   0.00385   0.00775   0.01935   0.01162   0.04799   0.18352   0.73392   0.49788   0.16343   0.11598   0.11963   0.02189   0.07004   0.21308   0.03106   0.08984   0.14934   0.36283   0.02967   0.22520   0.36180   2.75547   0.74906   0.80058   2.83562  
 55  0.0000   4554.933993  x:  0.00000   0.25959   0.03283   0.02425   0.01955   0.00000   0.00385   0.00775   0.01935   0.01162   0.04799   0.18352   0.73392   0.49788   0.16343   0.11598   0.11963   0.02189   0.07004   0.21308   0.03106   0.08984   0.14934   0.36283   0.02967   0.22520   0.36180   2.75547   0.74906   0.80058   2.83562  