

TREE # 1

  0  0.0000   5196.574941  x:  0.01051   0.09155   0.02145   0.02610   0.03074   0.01797   0.01562   0.02098   0.02598   0.04034   0.04621   0.05363   0.17160   0.40708   0.09748   0.11051   0.04184   0.00000   0.04570   0.09779   0.05263   0.04107   0.12788   0.13032   0.00972   0.21172   0.10230   2.00000   0.90000   0.60884   1.99821  
  1 99.0000   5189.434016  x:  0.01081   0.09218   0.01951   0.02570   0.02835   0.01368   0.01282   0.01949   0.02213   0.04105   0.04596   0.05387   0.17308   0.40768   0.09817   0.11161   0.04254   0.03357   0.04585   0.09853   0.05191   0.04086   0.12888   0.13164   0.01200   0.21240   0.10329   2.00050   0.90278   0.60762   1.99856  
  2 2914.0016   5172.659501  x:  0.01137   0.09435   0.01379   0.02468   0.02122   0.00000   0.00492   0.01546   0.01013   0.04313   0.04527   0.05469   0.17760   0.40957   0.10033   0.11502   0.04407   0.03318   0.04443   0.10063   0.04979   0.04027   0.13208   0.13496   0.01546   0.21452   0.10600   2.00209   0.91149   0.60380   1.99967  
  3 737.2218   5167.327961  x:  0.01101   0.09588   0.01066   0.02445   0.01701   0.00000   0.00965   0.01489   0.00131   0.04416   0.04479   0.05538   0.18120   0.41116   0.10181   0.11755   0.04483   0.03311   0.04323   0.10216   0.04828   0.03985   0.13454   0.13749   0.01575   0.21617   0.10778   2.00356   0.91956   0.60019   2.00071  
  4 1074.5990   5159.438095  x:  0.00965   0.10079   0.00227   0.02408   0.00538   0.00000   0.01696   0.01387   0.00608   0.04716   0.04328   0.05772   0.19309   0.41653   0.10653   0.12574   0.04718   0.03294   0.03931   0.10711   0.04355   0.03852   0.14255   0.14576   0.01600   0.22164   0.11346   2.00862   0.94703   0.58778   2.00426  
  5 801.3188   5147.002895  x:  0.00716   0.10950   0.00595   0.02567   0.01566   0.00000   0.02009   0.01435   0.00808   0.05144   0.04111   0.06272   0.21486   0.42680   0.11435   0.14006   0.05114   0.03285   0.03242   0.11571   0.03634   0.03657   0.15684   0.16048   0.01456   0.23177   0.12316   2.01869   0.99999   0.56312   2.01124  
  6 1194.4835   5145.059998  x:  0.00804   0.10980   0.01281   0.02534   0.01148   0.00000   0.01712   0.02009   0.00724   0.04670   0.04189   0.06114   0.22327   0.43280   0.11376   0.14276   0.04875   0.03310   0.03213   0.11701   0.04183   0.03810   0.16064   0.16419   0.00638   0.23580   0.12379   2.02595   0.99999   0.54692   2.01534  
  7 226.5239   5142.193943  x:  0.00902   0.10404   0.00887   0.02391   0.01501   0.00000   0.01699   0.01947   0.00723   0.03450   0.04399   0.05186   0.23484   0.44573   0.10656   0.14131   0.03974   0.03290   0.03568   0.11497   0.05377   0.04034   0.16245   0.16543   0.01053   0.24253   0.12121   2.04372   0.99999   0.50946   2.02430  
  8 241.3573   5139.269709  x:  0.01041   0.09408   0.01371   0.02602   0.01308   0.00000   0.01724   0.01087   0.00720   0.04255   0.04330   0.04848   0.24026   0.46083   0.09491   0.13364   0.03496   0.03289   0.03766   0.10807   0.05323   0.03610   0.15778   0.15972   0.00967   0.24652   0.11355   2.06839   0.99999   0.46148   2.03523  
  9 264.7396   5137.704443  x:  0.01085   0.08847   0.01149   0.02525   0.01331   0.00000   0.01518   0.01930   0.00654   0.04699   0.04174   0.04911   0.24059   0.47038   0.08859   0.12807   0.03578   0.03287   0.03749   0.10324   0.04819   0.03371   0.15291   0.15411   0.01140   0.24739   0.10866   2.08633   0.99999   0.42914   2.04245  
 10 463.0353   5136.556429  x:  0.00909   0.08896   0.00923   0.02210   0.01400   0.00000   0.01423   0.01691   0.00622   0.04037   0.04087   0.05378   0.23488   0.47599   0.08956   0.12545   0.04122   0.03304   0.03527   0.10133   0.04253   0.03762   0.14754   0.14825   0.00734   0.24420   0.10658   2.10299   0.99999   0.40574   2.04756  
 11 186.1887   5136.136751  x:  0.00880   0.09122   0.01202   0.02386   0.01230   0.00000   0.01456   0.01686   0.00625   0.03819   0.04135   0.05495   0.23001   0.47748   0.09241   0.12548   0.04288   0.03294   0.03485   0.10195   0.04245   0.03850   0.14534   0.14607   0.01098   0.24130   0.10758   2.11245   0.99999   0.39633   2.04966  
 12 147.8135   5134.926334  x:  0.00880   0.09749   0.01035   0.02673   0.01266   0.00000   0.01418   0.01706   0.00612   0.04055   0.04239   0.05260   0.21714   0.47873   0.10055   0.12726   0.04118   0.03300   0.03537   0.10549   0.04644   0.03669   0.14239   0.14356   0.00991   0.23291   0.11106   2.13608   0.98289   0.37999   2.05355  
 13 166.2717   5134.598175  x:  0.00778   0.09829   0.01152   0.02134   0.01238   0.00000   0.01440   0.01699   0.00618   0.04154   0.04123   0.05166   0.21187   0.47683   0.10136   0.12752   0.03919   0.03295   0.03616   0.10700   0.04663   0.03555   0.14407   0.14589   0.01059   0.22931   0.11262   2.15059   0.98313   0.37581   2.05525  
 14 71.7830   5133.910132  x:  0.01227   0.09837   0.00976   0.02419   0.01264   0.00000   0.01426   0.01693   0.00611   0.04125   0.04032   0.05055   0.20082   0.47008   0.10060   0.12760   0.03730   0.03294   0.03612   0.10956   0.04563   0.03497   0.14972   0.15314   0.00912   0.22112   0.11509   2.19313   0.98788   0.36798   2.05973  
 15 143.5824   5133.100770  x:  0.00582   0.09495   0.00919   0.02705   0.01183   0.00000   0.01365   0.01709   0.00589   0.04065   0.04187   0.05160   0.19882   0.46081   0.09601   0.12749   0.03712   0.03297   0.03289   0.10886   0.04482   0.03643   0.15538   0.15963   0.00940   0.21802   0.11451   2.24099   0.98555   0.36971   2.06342  
 16 171.2666   5131.821221  x:  0.01073   0.09039   0.00995   0.02390   0.01095   0.00000   0.01482   0.01650   0.00617   0.03983   0.04351   0.05382   0.20324   0.44415   0.08861   0.12803   0.04316   0.03287   0.02871   0.10590   0.04491   0.03803   0.16248   0.16705   0.01165   0.21736   0.11172   2.32746   0.97726   0.37899   2.06936  
 17 437.0520   5128.599543  x:  0.00749   0.09725   0.00677   0.02546   0.00973   0.00000   0.01536   0.01636   0.00622   0.04094   0.03838   0.05606   0.22102   0.41030   0.09777   0.13442   0.05017   0.03268   0.04486   0.10247   0.04829   0.03299   0.15715   0.15836   0.01061   0.22439   0.10630   2.57025   0.98020   0.39572   2.08783  
 18 358.5193   5127.180615  x:  0.00981   0.10061   0.00602   0.02400   0.00928   0.00000   0.01560   0.01684   0.00625   0.04428   0.04467   0.05235   0.22696   0.40485   0.10455   0.13470   0.04131   0.03294   0.03579   0.10406   0.04496   0.03817   0.14941   0.14948   0.01024   0.23019   0.11057   2.67696   0.98461   0.40499   2.09588  
 19 376.4508   5126.646090  x:  0.01049   0.09912   0.00637   0.02478   0.00876   0.00000   0.01556   0.01665   0.00621   0.04098   0.03917   0.05257   0.22738   0.41257   0.10473   0.13179   0.03823   0.03303   0.03156   0.10758   0.04348   0.03361   0.14687   0.14761   0.00987   0.23427   0.11486   2.71682   0.98428   0.41372   2.09828  
 20 151.2572   5125.767634  x:  0.00980   0.09635   0.00549   0.02459   0.00883   0.00000   0.01615   0.01679   0.00637   0.04370   0.04075   0.05486   0.22256   0.44173   0.10387   0.12503   0.04337   0.03292   0.03530   0.11585   0.04659   0.03680   0.14542   0.14819   0.00914   0.24098   0.12223   2.78893   0.98599   0.43163   2.10257  
 21 158.6800   5125.417087  x:  0.01000   0.09902   0.00592   0.02436   0.00853   0.00000   0.01615   0.01690   0.00638   0.04215   0.04455   0.05333   0.21966   0.45829   0.10502   0.12720   0.04279   0.03291   0.03703   0.11162   0.04328   0.03429   0.14753   0.14997   0.00927   0.24110   0.11752   2.81764   0.98643   0.44071   2.10402  
 22 94.0329   5125.272876  x:  0.01020   0.10066   0.00581   0.02457   0.00861   0.00000   0.01624   0.01698   0.00640   0.04316   0.04167   0.05382   0.21843   0.46597   0.10578   0.12953   0.04174   0.03293   0.03596   0.10816   0.04447   0.03653   0.14858   0.15043   0.00985   0.23964   0.11413   2.82983   0.98705   0.44443   2.10464  
 23 84.6116   5125.254459  x:  0.01012   0.10038   0.00562   0.02444   0.00874   0.00000   0.01622   0.01693   0.00640   0.04325   0.04218   0.05450   0.21898   0.46713   0.10540   0.13061   0.04197   0.03294   0.03529   0.10804   0.04550   0.03567   0.14830   0.14958   0.00985   0.23720   0.11429   2.83191   0.98764   0.44473   2.10475  
 24 10.9565   5125.237730  x:  0.01016   0.09982   0.00584   0.02450   0.00875   0.00000   0.01617   0.01697   0.00639   0.04313   0.04190   0.05391   0.22030   0.46802   0.10454   0.13153   0.04183   0.03293   0.03591   0.10849   0.04476   0.03618   0.14804   0.14868   0.00988   0.23414   0.11475   2.83358   0.98759   0.44555   2.10470  
 25 11.5800   5125.206237  x:  0.01021   0.10143   0.00606   0.02448   0.00906   0.00000   0.01588   0.01699   0.00633   0.04302   0.04200   0.05429   0.22095   0.46742   0.10475   0.12794   0.04125   0.03290   0.03604   0.10836   0.04490   0.03617   0.14666   0.14959   0.00998   0.23186   0.11389   2.83777   0.98779   0.44673   2.10438  
 26  2.3504   5125.157421  x:  0.01001   0.09944   0.00667   0.02444   0.00956   0.00000   0.01541   0.01701   0.00622   0.04290   0.04174   0.05218   0.21877   0.46587   0.10641   0.12695   0.04252   0.03287   0.03550   0.10740   0.04531   0.03598   0.14600   0.14869   0.00982   0.23175   0.11335   2.84447   0.98849   0.44805   2.10377  
 27  8.6165   5125.117083  x:  0.01052   0.09766   0.00700   0.02435   0.00994   0.00000   0.01502   0.01706   0.00613   0.04260   0.04208   0.05383   0.21648   0.46442   0.10648   0.12763   0.04112   0.03284   0.03651   0.10691   0.04518   0.03620   0.14603   0.14722   0.00983   0.23284   0.11322   2.84945   0.98848   0.44935   2.10307  
 28 19.2466   5125.090426  x:  0.01036   0.09973   0.00713   0.02436   0.01013   0.00000   0.01481   0.01706   0.00608   0.04256   0.04200   0.05344   0.21466   0.46364   0.10335   0.12892   0.04128   0.03284   0.03643   0.10728   0.04534   0.03615   0.14577   0.14579   0.00973   0.23417   0.11334   2.85221   0.98870   0.44968   2.10238  
 29  8.3095   5124.870048  x:  0.01045   0.09828   0.00727   0.02426   0.01031   0.00000   0.01399   0.01694   0.00581   0.04254   0.04205   0.05350   0.21438   0.46417   0.10140   0.13443   0.04129   0.03263   0.03642   0.10914   0.04498   0.03632   0.13626   0.15302   0.00984   0.23573   0.11182   2.86112   0.98864   0.44679   2.09170  
 30  1.8478   5121.286884  x:  0.00986   0.09845   0.00772   0.02341   0.01188   0.00000   0.00409   0.01512   0.00250   0.04322   0.04151   0.05436   0.22750   0.47527   0.10036   0.13557   0.04241   0.03075   0.03461   0.10719   0.04329   0.03625   0.14598   0.15759   0.01033   0.24157   0.11754   2.96640   0.98621   0.40748   1.95311  
 31 30.2587   5121.263523  x:  0.00989   0.09819   0.00774   0.02337   0.01189   0.00000   0.00400   0.01511   0.00247   0.04325   0.04157   0.05436   0.22756   0.47534   0.10068   0.13560   0.04236   0.03075   0.03412   0.11007   0.04327   0.03621   0.14671   0.15697   0.01056   0.24158   0.11483   2.96728   0.98625   0.40719   1.95246  
 32 11.1919   5120.214090  x:  0.00997   0.10153   0.00526   0.02307   0.00962   0.00000   0.00339   0.01298   0.00147   0.04495   0.04086   0.05597   0.21687   0.46586   0.10531   0.13473   0.04468   0.02907   0.03444   0.11124   0.04133   0.03624   0.14942   0.15781   0.01287   0.23226   0.11789   2.96128   0.97592   0.49775   2.54989  
 33  1.2450   5119.062436  x:  0.00973   0.10433   0.00439   0.02227   0.00970   0.00000   0.00689   0.01004   0.00239   0.04704   0.04045   0.05759   0.22592   0.47478   0.10904   0.13679   0.04677   0.02655   0.03264   0.11579   0.03953   0.03613   0.16133   0.16118   0.01547   0.23508   0.12088   3.03224   0.96878   0.51413   2.73592  
 34  0.7067   5117.158270  x:  0.00903   0.10659   0.00796   0.02367   0.01116   0.00000   0.00408   0.01395   0.00316   0.04923   0.04136   0.05776   0.24606   0.49040   0.10993   0.14082   0.04715   0.01820   0.03273   0.11443   0.04250   0.03554   0.17195   0.16583   0.01808   0.24594   0.12743   3.18454   0.95385   0.55769   3.24059  
 35  0.2884   5115.687158  x:  0.00850   0.10341   0.00636   0.02464   0.01293   0.00000   0.00573   0.01420   0.00266   0.04548   0.04158   0.05563   0.24185   0.48444   0.10654   0.13950   0.04583   0.00933   0.03563   0.11442   0.04202   0.03580   0.16225   0.16227   0.01778   0.24479   0.11958   3.17895   0.93719   0.65621   4.13390  
 36  0.4955   5115.227323  x:  0.00840   0.10214   0.00724   0.02316   0.01257   0.00000   0.00505   0.01207   0.00268   0.04504   0.04152   0.05686   0.23638   0.48570   0.10615   0.13795   0.04637   0.00731   0.03442   0.11390   0.04219   0.03639   0.15558   0.16185   0.01414   0.24260   0.11965   3.11889   0.94679   0.67381   4.29496  
 37  0.1143   5115.155339  x:  0.00849   0.10217   0.00666   0.02315   0.01222   0.00000   0.00525   0.01290   0.00262   0.04556   0.04116   0.05674   0.23532   0.48462   0.10615   0.13727   0.04644   0.00818   0.03445   0.11383   0.04137   0.03612   0.15685   0.16164   0.01354   0.24163   0.12018   3.09177   0.95147   0.67271   4.26918  
 38  0.0440   5115.127080  x:  0.00839   0.10246   0.00630   0.02332   0.01194   0.00000   0.00512   0.01319   0.00263   0.04581   0.04095   0.05644   0.23619   0.48345   0.10603   0.13705   0.04656   0.00737   0.03463   0.11350   0.04114   0.03578   0.15917   0.16153   0.01388   0.24144   0.12071   3.08781   0.95022   0.69004   4.42111  
 39  0.1222   5115.090667  x:  0.00831   0.10257   0.00653   0.02334   0.01120   0.00000   0.00506   0.01266   0.00247   0.04565   0.04113   0.05621   0.23657   0.48130   0.10587   0.13697   0.04649   0.00799   0.03459   0.11317   0.04199   0.03575   0.16056   0.16093   0.01453   0.24125   0.12043   3.08141   0.94914   0.71477   4.63739  
 40  0.0782   5115.006438  x:  0.00824   0.10192   0.00593   0.02319   0.01211   0.00000   0.00498   0.01260   0.00253   0.04482   0.04127   0.05648   0.23615   0.48337   0.10591   0.13748   0.04634   0.00812   0.03446   0.11368   0.04064   0.03647   0.15728   0.16145   0.01507   0.24238   0.11905   3.09403   0.94618   0.79201   5.31676  
 41  0.1729   5114.974236  x:  0.00807   0.10246   0.00669   0.02326   0.01202   0.00000   0.00526   0.01309   0.00255   0.04556   0.04108   0.05678   0.23655   0.48472   0.10617   0.13722   0.04683   0.00819   0.03427   0.11386   0.04161   0.03596   0.15797   0.16172   0.01465   0.24194   0.12001   3.09879   0.94425   0.82880   5.64373  
 42  0.2306   5114.966387  x:  0.00799   0.10267   0.00650   0.02333   0.01211   0.00000   0.00508   0.01293   0.00262   0.04564   0.04103   0.05660   0.23688   0.48463   0.10614   0.13701   0.04691   0.00847   0.03444   0.11352   0.04147   0.03580   0.15883   0.16172   0.01414   0.24191   0.12055   3.09660   0.94345   0.84540   5.79919  
 43  0.1327   5114.965443  x:  0.00798   0.10263   0.00647   0.02330   0.01215   0.00000   0.00514   0.01292   0.00256   0.04560   0.04110   0.05658   0.23710   0.48479   0.10616   0.13711   0.04684   0.00845   0.03439   0.11361   0.04139   0.03590   0.15886   0.16172   0.01401   0.24219   0.12041   3.09694   0.94320   0.84969   5.84467  
 44  0.0499   5114.965297  x:  0.00798   0.10262   0.00646   0.02329   0.01213   0.00000   0.00513   0.01294   0.00258   0.04559   0.04111   0.05661   0.23697   0.48466   0.10620   0.13715   0.04682   0.00845   0.03438   0.11367   0.04139   0.03594   0.15875   0.16170   0.01399   0.24216   0.12031   3.09653   0.94304   0.85140   5.86269  
 45  0.0187   5114.965232  x:  0.00799   0.10262   0.00646   0.02329   0.01212   0.00000   0.00513   0.01293   0.00258   0.04559   0.04109   0.05663   0.23700   0.48474   0.10620   0.13718   0.04682   0.00844   0.03438   0.11368   0.04140   0.03593   0.15877   0.16173   0.01400   0.24219   0.12033   3.09714   0.94305   0.85088   5.86493  
 46  0.0011   5114.965221  x:  0.00798   0.10263   0.00646   0.02330   0.01212   0.00000   0.00513   0.01293   0.00258   0.04559   0.04110   0.05661   0.23697   0.48471   0.10619   0.13714   0.04683   0.00845   0.03439   0.11366   0.04139   0.03593   0.15877   0.16171   0.01401   0.24215   0.12034   3.09695   0.94303   0.85031   5.86198  
 47  0.0022   5114.965220  x:  0.00798   0.10262   0.00646   0.02329   0.01212   0.00000   0.00513   0.01293   0.00258   0.04559   0.04110   0.05661   0.23696   0.48471   0.10619   0.13714   0.04683   0.00845   0.03439   0.11366   0.04139   0.03593   0.15877   0.16171   0.01401   0.24215   0.12033   3.09685   0.94304   0.85005   5.85989  
 48  0.0015   5114.965220  x:  0.00798   0.10263   0.00646   0.02329   0.01212   0.00000   0.00513   0.01293   0.00258   0.04559   0.04110   0.05661   0.23696   0.48472   0.10619   0.13715   0.04683   0.00845   0.03439   0.11366   0.04139   0.03593   0.15877   0.16171   0.01401   0.24215   0.12033   3.09684   0.94304   0.85001   5.85964  
 49  0.0002   5114.965220  x:  0.00798   0.10263   0.00646   0.02329   0.01212   0.00000   0.00513   0.01293   0.00258   0.04559   0.04110   0.05661   0.23696   0.48472   0.10619   0.13715   0.04683   0.00845   0.03439   0.11366   0.04139   0.03593   0.15877   0.16171   0.01401   0.24215   0.12033   3.09684   0.94304   0.85001   5.85960  
 50  0.0001   5114.965220  x:  0.00798   0.10263   0.00646   0.02329   0.01212   0.00000   0.00513   0.01293   0.00258   0.04559   0.04110   0.05661   0.23696   0.48472   0.10619   0.13715   0.04683   0.00845   0.03439   0.11366   0.04139   0.03593   0.15877   0.16171   0.01401   0.24215   0.12033   3.09684   0.94304   0.85001   5.85959  
 51  0.0000   5114.965220  x:  0.00798   0.10263   0.00646   0.02329   0.01212   0.00000   0.00513   0.01293   0.00258   0.04559   0.04110   0.05661   0.23696   0.48472   0.10619   0.13715   0.04683   0.00845   0.03439   0.11366   0.04139   0.03593   0.15877   0.16171   0.01401   0.24215   0.12033   3.09684   0.94304   0.85001   5.85959  
 52  0.0001   5114.965220  x:  0.00798   0.10263   0.00646   0.02329   0.01212   0.00000   0.00513   0.01293   0.00258   0.04559   0.04110   0.05661   0.23696   0.48472   0.10619   0.13715   0.04683   0.00845   0.03439   0.11366   0.04139   0.03593   0.15877   0.16171   0.01401   0.24215   0.12033   3.09684   0.94304   0.85001   5.85959  
 53  0.0000   5114.965220  x:  0.00798   0.10263   0.00646   0.02329   0.01212   0.00000   0.00513   0.01293   0.00258   0.04559   0.04110   0.05661   0.23696   0.48472   0.10619   0.13715   0.04683   0.00845   0.03439   0.11366   0.04139   0.03593   0.15877   0.16171   0.01401   0.24215   0.12033   3.09684   0.94304   0.85001   5.85959  
 54  0.0000   5114.965220  x:  0.00798   0.10263   0.00646   0.02329   0.01212   0.00000   0.00513   0.01293   0.00258   0.04559   0.04110   0.05661   0.23696   0.48472   0.10619   0.13715   0.04683   0.00845   0.03439   0.11366   0.04139   0.03593   0.15877   0.16171   0.01401   0.24215   0.12033   3.09684   0.94304   0.85001   5.85959  
check convergence!
