     1    611    328


 1

     1      1    -2.8462972665   0.058058900000      35.4740  --------E-------
     2      2    -3.0842771894   0.045763100000      27.9613  ------P---------
     3      1    -2.6661710056   0.069517900000      42.4754  ------S---------
     4      2    -3.0842771894   0.045763100000      27.9613  -----P----------
     5      1    -9.8959717357   0.000050377207       0.0308  --EEEEEEEVVVVVVV
     6      1   -13.2406022204   0.000001776968       0.0011  --GGI--S--------
     7      1    -6.4829481711   0.001529295402       0.9344  --IV------------
     8      1    -9.3903595113   0.000083525423       0.0510  --LLLLLLPLLLLLLL
     9      1    -3.3392578255   0.035463267889      21.6681  --PPP--P--------
    10      1    -3.6764916875   0.025311620320      15.4654  --PPPPPPPPPPPPPP
    11      1    -9.3022631533   0.000091217558       0.0557  --PPPR-P--------
    12      1   -12.9563427010   0.000002361195       0.0014  --RRRS---G------
    13      1   -14.1365908487   0.000000725365       0.0004  --SSGGHG-GG-----
    14      1   -16.6816402319   0.000000056919       0.0000  --VALLMLLLLLLLLL
    15      1   -15.5630039677   0.000000174210       0.0001  --WW--RRR-L-----
    16      1    -4.3023300562   0.013536980311       8.2711  -EEEEEEEEEEEEEEE
    17      1    -7.7464875030   0.000432258183       0.2641  -LLLLLLMLLLLLLLL
    18      1    -7.3243348601   0.000659298043       0.4028  AAAA-A-V-A------
    19     16    -3.8230465184   0.021861099101      13.3571  AAAAAAAAAAAAAAAA
    20      1    -8.9136304280   0.000134542499       0.0822  AAAAAAAAAAV-----
    21      1   -12.2028538136   0.000005016120       0.0031  AAAAAAATTAAAAAAA
    22      1   -12.6338045079   0.000003259931       0.0020  AAAAAAVAEAAAAAAA
    23      1    -9.3412422179   0.000087730388       0.0536  AAAAADAAAAAAAAAA
    24      1    -8.6254108928   0.000179486441       0.1097  AAAAPAAAAAAAAAAA
    25      1   -14.9642120858   0.000000317048       0.0002  AAACASAAAAAAAAAA
    26      1    -9.3103391959   0.000090483848       0.0553  AAAGAAAAAAAAAAAA
    27      1   -14.4407498973   0.000000535133       0.0003  AAPPAAPPAAAAAAAA
    28      1   -17.5666121533   0.000000023492       0.0000  AATTA-R--E------
    29      1   -24.5070490798   0.000000000023       0.0000  AATTTTTPPTTTATTT
    30      1   -18.7744432438   0.000000007020       0.0000  AATTTTTTTVVVAVVV
    31      1   -17.7991778318   0.000000018617       0.0000  AAVAVVAAAAAAAAAA
    32      1   -15.6371370901   0.000000161762       0.0001  AAVVAVVVVAAAAAAA
    33      1   -17.4198226544   0.000000027206       0.0000  AAVVTPAAAAAAAAAA
    34      1   -32.6103137476   0.000000000000       0.0000  AAVVTTAGAEAAAVVA
    35      2    -7.4558746490   0.000578035860       0.3532  AAVVVVVVVVVVVVVV
    36      1   -15.3188651097   0.000000222383       0.0001  ADEEEEEEDEE-----
    37      1   -20.6838261683   0.000000001040       0.0000  APPPPPLPPPAAAAAA
    38      1    -8.8233730957   0.000147250830       0.0900  APPPPPPPPPPPPPPP
    39      1   -23.1505575985   0.000000000088       0.0000  ASPPPPLPPRRRRRRR
    40      1   -13.6123358587   0.000001225287       0.0007  AVAA-A-L-A------
    41      1   -21.4556330506   0.000000000481       0.0000  AVVVAAAVTAAAAAAA
    42      1   -22.4849723199   0.000000000172       0.0000  AVVVTAMAAAAAAAAA
    43      1    -8.6161490374   0.000181156540       0.1107  AVVVVVVVVVVVVVVV
    44      5    -4.5519072163   0.010547069646       6.4443  CCCCCCCCCCCCCCCC
    45      1   -27.9378194407   0.000000000001       0.0000  CCHHHCHRCHHHHHHH
    46      1   -13.9030856631   0.000000916150       0.0006  DDAA-ALAAAA-AAAA
    47      1   -13.6644611089   0.000001163054       0.0007  DDADDDEDDDDDDDDD
    48      1   -15.5069670530   0.000000184251       0.0001  DDDDD-E-QE------
    49      5    -4.0805117143   0.016898816075      10.3252  DDDDDDDDDDDDDDDD
    50      1   -13.5613034655   0.000001289439       0.0008  DDDDDDDGDDDEEEEE
    51      1   -12.5057032541   0.000003705460       0.0023  DDDDDDEDDDEEEEEE
    52      1   -21.4624340382   0.000000000478       0.0000  DDDDSDDRQDDDDDDD
    53      1   -16.6206395771   0.000000060499       0.0000  DDEDDEDEEEEEEEEE
    54      1   -16.2332419989   0.000000089124       0.0001  DDEEDDEEDDDDEEEE
    55      1    -7.1028771964   0.000822734346       0.5027  DDEEEEEEEEEEEEEE
    56      1   -21.9338662891   0.000000000298       0.0000  DDEVDDDEDDDEEEEE
    57      2    -8.2644040706   0.000257522344       0.1573  DEEEEEEEEEEEEEEE
    58      1   -13.6287458743   0.000001205344       0.0007  EDDDDDDDDDDDDEED
    59      1   -19.0212770054   0.000000005485       0.0000  EDKKEEKEEEEEKKKK
    60      1    -6.3005250055   0.001835340960       1.1214  EE-----A--------
    61      1    -8.4425577435   0.000215498256       0.1317  EE-EEEEEKEEEEEEE
    62      1   -26.4886844654   0.000000000003       0.0000  EEAAAAAVMMVVVVVV
    63      1    -6.8854251342   0.001022581329       0.6248  EEDDDDDDDDDDDDDD
    64      1    -8.8480379341   0.000143663337       0.0878  EEDDDDDDEEEEEEEE
    65      1    -3.8250615339   0.021817093000      13.3302  EEEE-E-E-E------
    66      1    -3.8002577273   0.022365007041      13.6650  EEEE-E-EE-------
    67      1    -8.7196478830   0.000163344697       0.0998  EEEE-E-EEA--AAAA
    68      1    -7.5311342537   0.000536129804       0.3276  EEEEDEEEEEEEEEEE
    69      1    -7.8226623246   0.000400553858       0.2447  EEEEEDEEEEEEEEEE
    70      1    -7.5983521185   0.000501276798       0.3063  EEEEEEDEEEEEEEEE
    71      1    -8.1092040727   0.000300758160       0.1838  EEEEEEE-EA------
    72      3    -4.2517148999   0.014239793139       8.7005  EEEEEEEEEEE-----
    73      1    -4.3336285450   0.013119855030       8.0162  EEEEEEEEEEE-EEEE
    74     42    -4.3677390129   0.012679877221       7.7474  EEEEEEEEEEEEEEEE
    75      1   -10.4231024074   0.000029737478       0.0182  EEEEEEEEREEEEEEE
    76      1   -12.5681464368   0.000003481155       0.0021  EEEEEKEAEEEEEEEE
    77      1   -19.6893040495   0.000000002812       0.0000  EEEEEKEEEKEEAEEE
    78      1    -8.3947077761   0.000226060527       0.1381  EEEEEQEEEEEEEEEE
    79      1    -8.2989662808   0.000248773857       0.1520  EEEEKEEEEEEEEEEE
    80      1   -20.1151215286   0.000000001837       0.0000  EEEEVVEEEEK-----
    81      1    -8.5825704622   0.000187342800       0.1145  EEKKEEEEEEEEEEEE
    82      1   -17.8139714014   0.000000018344       0.0000  EEQQQQQQQRRQQQQQ
    83      1    -9.0442586528   0.000118066958       0.0721  EERR-R-R-R------
    84      1   -17.7842474759   0.000000018897       0.0000  EEVVVMVVA-------
    85      1    -9.2109049086   0.000099943562       0.0611  EKEEEEEEEEEEEEEE
    86     12    -4.1403113740   0.015917894315       9.7258  FFFFFFFFFFFFFFFF
    87      1   -13.4879921510   0.000001387521       0.0008  FFLLLLLPLLL-----
    88      1   -21.6200282941   0.000000000408       0.0000  FFSSSSFFSSSSSSSS
    89      1   -18.8430863610   0.000000006555       0.0000  GAAAAADAAGGGGGGG
    90      1   -30.1070984204   0.000000000000       0.0000  GDRS-G-SGV------
    91      1    -2.6884345818   0.067987284646      41.5402  GG--G-----------
    92      1   -24.2266564159   0.000000000030       0.0000  GG-GGVVVAGGGGGGG
    93      1   -23.4997702961   0.000000000062       0.0000  GGEEEEGAEGGGGGGG
    94      1   -25.4672403186   0.000000000009       0.0000  GGEEGERRGGGGGGGG
    95      9    -3.1015091076   0.044981269573      27.4836  GGGGGGGGGGGGGGGG
    96      1   -17.8483841683   0.000000017723       0.0000  GGGGGGGGVGGVVVVV
    97      1   -28.1111378281   0.000000000001       0.0000  GGIIATIATII-----
    98      1   -36.4022982024   0.000000000000       0.0000  GGRGGVVPVGG-----
    99      1   -12.3560336927   0.000004303708       0.0026  GGRRRRRRKRRRRRRR
   100      1    -8.9476832407   0.000130038078       0.0795  GGRRRRRRRRRRRRRR
   101      1   -14.7795170726   0.000000381362       0.0002  GREEEEEEEEEEEEEE
   102      5    -4.9406810091   0.007149727684       4.3685  HHHHHHHHHHHHHHHH
   103      1   -20.1532747454   0.000000001768       0.0000  HHHHHRHHRSHHHHHH
   104      1    -8.9859196652   0.000125159746       0.0765  HHRRRRRRRRRRRRRR
   105      1   -10.1679325947   0.000038381592       0.0235  HRRRRRRRRRRRRRRR
   106      1   -16.1184357506   0.000000099966       0.0001  IIAAVAAAIIIIIIII
   107     14    -4.5412571351   0.010659997070       6.5133  IIIIIIIIIIIIIIII
   108      1    -7.9927259285   0.000337911704       0.2065  IIIIIIIIIVIIIIII
   109      1    -7.4275359967   0.000594650930       0.3633  IIIIIIIIVIIIIIII
   110      1    -7.1777209369   0.000763405711       0.4664  IIIIIIIVIIIIIIII
   111      1    -7.3225991532   0.000660443385       0.4035  IIIIIIVIIIIIIIII
   112      1   -14.6934651774   0.000000415632       0.0003  IIVVIIAVIIIIIIII
   113      1   -10.7221986344   0.000022049985       0.0135  IIVVIILIIIIIIIII
   114      1   -12.8293941639   0.000002680803       0.0016  IIVVIVVIVVVVVVVV
   115      1   -12.4078371173   0.000004086437       0.0025  KEEEEEEEDEEEEEEE
   116      2    -9.0722695770   0.000114805682       0.0701  KEEEEEEEEEEEEEEE
   117      1    -7.8757679020   0.000379837168       0.2321  KKEEEEEEEEEEEEEE
   118      1    -8.4685525570   0.000209968601       0.1283  KKEEKKKKKKKKKKKK
   119      1   -13.0292924300   0.000002195079       0.0013  KKEEKNKKKKKKKKKK
   120      1    -9.6707352732   0.000063103440       0.0386  KKEKKKKKKKKKKKKK
   121      1   -18.8817239860   0.000000006306       0.0000  KKKEKKEKKKKKEEEE
   122      1    -7.7716176516   0.000421530825       0.2576  KKKKKKK-RKKKKKKK
   123      1   -12.4761934348   0.000003816436       0.0023  KKKKKKKKERRRRRRR
   124      2    -4.1656529326   0.015519578353       9.4825  KKKKKKKKKKKKKKKK
   125      1    -7.6741560063   0.000464682581       0.2839  KKKKRKKKK-KKKKKK
   126      1   -17.1262023508   0.000000036491       0.0000  KKKRKRKRRRRRRRRR
   127      1    -8.0809280681   0.000309383773       0.1890  KKQQQQQQQQQQQQQQ
   128      1   -10.5043805897   0.000027416087       0.0168  KKRRRRRRKRR-RRRR
   129      1   -11.8279917610   0.000007297405       0.0045  KKRRRRRRRRRKRRRR
   130      1   -13.3755064653   0.000001552714       0.0009  KKRRWRRRRRRRRRRR
   131      1    -8.3118819609   0.000245581434       0.1501  KRRRRRRRRRRRRRRR
   132      1   -17.3626490836   0.000000028807       0.0000  KTMMLMMMMMMMMMMM
   133      1    -8.8728775881   0.000140138745       0.0856  LFLLLLLLLLLLLLLL
   134      1    -2.8310381709   0.058951620032      36.0194  LL--L----L------
   135      1   -12.8279954139   0.000002684555       0.0016  LL--P----R------
   136      1   -14.6885915150   0.000000417663       0.0003  LLAAQLLLLLLLLLLL
   137      1   -31.1873014515   0.000000000000       0.0000  LLEEPLPLHEE-EEEE
   138      1   -13.2574347837   0.000001747307       0.0011  LLFFLFFFLLLLLLLL
   139      1   -18.2104994186   0.000000012339       0.0000  LLHHYYHHHHHHHHHH
   140      1    -7.4525104767   0.000579983747       0.3544  LLIIIIIIIIIIIIII
   141      1   -12.3656784284   0.000004262399       0.0026  LLIILLLLLIIIIIII
   142      1   -17.9197817244   0.000000016502       0.0000  LLLILLILLLLLIIII
   143      1   -13.7330148483   0.000001085994       0.0007  LLLLFLLLQLLLLLLL
   144      1    -8.2706124713   0.000255928494       0.1564  LLLLLFLLLLLLLLLL
   145      1    -7.6440424183   0.000478888666       0.2926  LLLLLILLLLLLLLLL
   146      2    -8.0882551764   0.000307125169       0.1877  LLLLLLLLLILLLLLL
   147     44    -3.3450106112   0.035259841007      21.5438  LLLLLLLLLLLLLLLL
   148      1    -9.4522674678   0.000078511341       0.0480  LLLLLLLLLLMLLLLL
   149      1   -10.0022090533   0.000045299750       0.0277  LLLLLLLLLPPPPPPP
   150      1    -7.7847400355   0.000416035471       0.2542  LLLLLLLMLLLLLLLL
   151      1    -7.4323694987   0.000591783619       0.3616  LLLLLLLVLLLLLLLL
   152      1    -9.4029519956   0.000082480225       0.0504  LLLLPLLLLLLLLLLL
   153      1    -7.5126844982   0.000546113080       0.3337  LLLLVLLLLLLLLLLL
   154      1    -9.0557574591   0.000116717105       0.0713  LLLMLLLLLLLLLLLL
   155      1    -8.0598040159   0.000315988728       0.1931  LLMMMMMMMMMMMMMM
   156      1   -10.9256609244   0.000017990604       0.0110  LLPLLLLLLLLLLLLL
   157      1   -22.0642031034   0.000000000262       0.0000  LLPPLL-PLPLLLLLL
   158      1   -15.3599507949   0.000000213431       0.0001  LLPPLLPLLILLLLLL
   159      1   -19.6115891647   0.000000003039       0.0000  LLPPLPPLPPP-----
   160      1   -14.6077836069   0.000000452814       0.0003  LLPPPLPPPPPPPPPP
   161      1   -14.3896778607   0.000000563174       0.0003  LLPPPPLPPPPPPPPP
   162      1   -34.7249926857   0.000000000000       0.0000  LLRRLLPPSLLPPPPP
   163      1   -15.1543305807   0.000000262155       0.0002  LLRRQLLLLLLLLLLL
   164      1   -33.2913333466   0.000000000000       0.0000  LLRRRRCHRHRRHHHH
   165      1   -31.0035787943   0.000000000000       0.0000  LLTTETAITIV-----
   166      1   -29.4859322674   0.000000000000       0.0000  LLVVLLVVLVLEVVVV
   167      1   -20.3756104179   0.000000001416       0.0000  LLVVV-M-EL------
   168      1    -7.4505644647   0.000581113502       0.3551  LLVVVVVVVVVVVVVV
   169      1   -26.4503078284   0.000000000003       0.0000  LLYYHYHHYLLLLLLL
   170      1   -20.5750696317   0.000000001160       0.0000  LPLLP-P--L------
   171      1   -20.6295973924   0.000000001098       0.0000  LPPPPPPPLAPPPPPP
   172      1   -10.0625352785   0.000042647782       0.0261  LPPPPPPPPPPPPPPP
   173      1   -21.4720309298   0.000000000473       0.0000  LPPPRPPPRPPPPPPP
   174      1   -33.1067540249   0.000000000000       0.0000  LPPSPSPAPPFPPPPP
   175      1   -26.8422388487   0.000000000002       0.0000  MKMMTTMTMTTTTTTT
   176      1   -32.2158154402   0.000000000000       0.0000  MM-PPPPLPPPLLPPL
   177      1    -9.5576658314   0.000070657533       0.0432  MMAAAAAAAAAAAAAA
   178      1   -18.0240608236   0.000000014868       0.0000  MMLLLMIMIMMMMMMM
   179      1    -8.6136687929   0.000181606410       0.1110  MMMMMMLMMMMMMMMM
   180      1    -9.1680064664   0.000104324277       0.0637  MMMMMMMIMMMMMMMM
   181      4    -5.5743406823   0.003793976193       2.3181  MMMMMMMMMMMMMMMM
   182      1   -21.2451767263   0.000000000593       0.0000  MMRRMMIMMMMMMIIM
   183      1   -22.0787550105   0.000000000258       0.0000  MMVVLMVVMVMMMMMM
   184      1   -14.0696428471   0.000000775589       0.0005  MMVVVVVVMVVVVVVV
   185      1   -23.7248897668   0.000000000050       0.0000  NKNKKKKKKRRKRRRR
   186      1   -12.2609202875   0.000004733147       0.0029  NNDDNNNKNNNNNNNN
   187      1    -8.5688193565   0.000189936765       0.1161  NNDDNNNNNNNNNNNN
   188      1   -14.1640177613   0.000000705741       0.0004  NNNNDRNNNNNNNNNN
   189      1    -5.0350055332   0.006506162117       3.9753  NNNNNNNNNNNNNNNN
   190      1   -18.6086693382   0.000000008286       0.0000  NNNNNNSSNNNYNNNN
   191      1   -15.6452556225   0.000000160454       0.0001  PLPPLPPPPPPPPPPP
   192      1   -36.9249557964   0.000000000000       0.0000  PPAAAPVVPAPLAAAA
   193      1   -12.2607122043   0.000004734132       0.0029  PPAAP-P--A------
   194      1   -21.1569337194   0.000000000648       0.0000  PPAAVAAAGVV-----
   195      1   -10.0000246052   0.000045398813       0.0277  PPHHHHHHHHHHHHHH
   196      1   -10.8327688424   0.000019741869       0.0121  PPLLLLLLPPPPPPPP
   197      1   -20.9958790710   0.000000000761       0.0000  PPLLPLLPLLLLLLLL
   198      1   -37.9393863690   0.000000000000       0.0000  PPLSALITTPPPPPPP
   199      1   -15.9250328594   0.000000121296       0.0001  PPPLPPLPPPPPPPPP
   200      1   -10.5282984477   0.000026768133       0.0164  PPPLPPPPPPPPPPPP
   201      1    -9.2722016152   0.000094001331       0.0574  PPPPLPPPPPPPPPPP
   202      1   -14.4175769652   0.000000547679       0.0003  PPPPPAPPPLLLLLLL
   203      1   -16.5338523095   0.000000065984       0.0000  PPPPPP-PPSPGGGGG
   204      1    -9.1913991893   0.000101912170       0.0623  PPPPPPPLPPPPPPPP
   205      1    -8.2250988619   0.000267845868       0.1637  PPPPPPPPAPPPPPPP
   206      1    -9.4463920161   0.000078973989       0.0483  PPPPPPPPLPPPPPPP
   207      1   -10.3621284960   0.000031607109       0.0193  PPPPPPPPPPL-----
   208     43    -3.8346770421   0.021608315921      13.2027  PPPPPPPPPPPPPPPP
   209      1   -21.1095158073   0.000000000680       0.0000  PPPPPPRPSPLPPPPP
   210      1   -14.6462221336   0.000000435739       0.0003  PPPPPSPPPLPPPPPP
   211      1   -18.6900630336   0.000000007639       0.0000  PPPPSSPPSSSSSSSS
   212      1   -33.9027185904   0.000000000000       0.0000  PPVAMITPTTTTTTTT
   213      1   -24.8810766335   0.000000000016       0.0000  PPVVLLRVPPPPPPPP
   214      1   -19.0710049390   0.000000005219       0.0000  PRPPPPAPAPPPPPPP
   215      1   -10.6746501359   0.000023123754       0.0141  PRRRRRRRRRRRRRRR
   216      2    -9.0739989813   0.000114607309       0.0700  PSPPPPPPPPPPPPPP
   217      1   -15.5505094156   0.000000176400       0.0001  QPPPLPPPPPPPPPPP
   218      1    -6.8206490099   0.001091012614       0.6666  QQ----E-E-------
   219      1    -7.3483676796   0.000643642134       0.3933  QQ--L-----------
   220      1   -18.2954663527   0.000000011334       0.0000  QQ--LLRVLLLLLLLL
   221      1    -7.7241750552   0.000442011324       0.2701  QQEEEEEEEEEEEEEE
   222      1   -17.6190574541   0.000000022292       0.0000  QQEQ-Q-EQP------
   223      1   -23.3320923570   0.000000000074       0.0000  QQGGLQEEEEEEEEEE
   224      1   -22.9093443889   0.000000000112       0.0000  QQLLLQQLQEEEEEEE
   225      1   -19.2913856381   0.000000004187       0.0000  QQLLLVLLPLLLLLLL
   226      1   -18.2645276708   0.000000011690       0.0000  QQLLP-R--Q------
   227      1   -24.0523767215   0.000000000036       0.0000  QQLLQRRRRRQRRRRR
   228      1    -9.0120096041   0.000121936565       0.0745  QQPPPPPPPPPPPPPP
   229      1   -34.0565133049   0.000000000000       0.0000  QQQQQQLLQQQRPLLL
   230      1   -22.1186768233   0.000000000248       0.0000  QQQQQQQLQWLLLLLL
   231      1   -11.2356413636   0.000013195412       0.0081  QQQQQQQQQQQQAAAA
   232     18    -5.0084501290   0.006681250362       4.0822  QQQQQQQQQQQQQQQQ
   233      1   -22.9132697792   0.000000000112       0.0000  QQQQQQRRQERRRRRR
   234      1   -28.2177826409   0.000000000001       0.0000  QQRRRRERRRRLLRRR
   235      1   -44.4529476986   0.000000000000       0.0000  QRAAAAAVEGAEGAAG
   236      1   -38.7266790650   0.000000000000       0.0000  QRRRHQQPRQRQEEEE
   237      1   -14.7728793696   0.000000383902       0.0002  RGEEEEEEEEEEEEEE
   238      1   -10.3763808548   0.000031159828       0.0190  RGRRRRRRRRRRRRRR
   239      1   -17.8359743478   0.000000017945       0.0000  RKKRKKKKKKR-----
   240      1    -3.2173278913   0.040061965290      24.4779  RR--------------
   241      1    -9.9138622655   0.000049483946       0.0302  RR----I-I-------
   242      1    -3.5185121116   0.029643508605      18.1122  RR--R-----------
   243      1   -14.7313715378   0.000000400172       0.0002  RRAAARRRRR-RRRRR
   244      1    -9.1566745947   0.000105513189       0.0645  RREE-E-E-E------
   245      1   -19.5426208596   0.000000003256       0.0000  RRGGR-L--L------
   246      1   -21.4081491643   0.000000000504       0.0000  RRPPLPLLL-------
   247      1    -8.6403213431   0.000176830070       0.1080  RRQQQQQQQQQQQQQQ
   248      1   -12.7336456806   0.000002950176       0.0018  RRQQRQQQQQQQQQQQ
   249      1    -9.9300878435   0.000048687519       0.0297  RRRRERRRRRRRRRRR
   250      1   -21.2955285834   0.000000000564       0.0000  RRRRGKRRKRRKKKKK
   251      1   -20.8577160107   0.000000000874       0.0000  RRRRPGRRTRRRRRRR
   252      1   -17.2937743938   0.000000030861       0.0000  RRRRQQQRRRRRRRRR
   253      1    -8.0574756672   0.000316725317       0.1935  RRRRR----Q------
   254      1   -12.7633671124   0.000002863783       0.0017  RRRRR-E--K------
   255      1    -9.6847455007   0.000062225511       0.0380  RRRRRHRRRRRRRRRR
   256      1   -15.5719089600   0.000000172666       0.0001  RRRRRPRRLRRRRRRR
   257      1    -8.6621272636   0.000173015865       0.1057  RRRRRQR-RR------
   258      1    -8.9364925170   0.000131501471       0.0803  RRRRRQRRRRRRRRRR
   259      1   -12.0807012915   0.000005667847       0.0035  RRRRRRRR-RRMRRRR
   260      1   -11.1509957145   0.000014360981       0.0088  RRRRRRRRI-RRRRRR
   261      1   -11.4878100150   0.000010254335       0.0063  RRRRRRRRRRRRPPPP
   262     22    -4.3273422429   0.013202590179       8.0668  RRRRRRRRRRRRRRRR
   263      1   -16.3920027179   0.000000076040       0.0000  RRRRRTRRREEEEEEE
   264      1   -11.9435185842   0.000006501234       0.0040  RRWRRRRRRRR-----
   265      1   -27.5924146071   0.000000000001       0.0000  RTMMTRRRSRRRRRRR
   266      1   -33.3798930792   0.000000000000       0.0000  SIVVAAAAAAAPAAAP
   267      1    -9.3437932479   0.000087506870       0.0535  SS--SSSSSPPPPPPP
   268      1    -7.0357655309   0.000879844359       0.5376  SSAAAAAAAAAAAAAA
   269      1    -9.0346606197   0.000119205624       0.0728  SSAAAAAASSSSSSSS
   270      1   -13.6432821547   0.000001187949       0.0007  SSCCSSTSSSSSSSSS
   271      1    -9.4925944236   0.000075408208       0.0461  SSDDSSSSSSSSSSSS
   272      1   -31.2056001438   0.000000000000       0.0000  SSLFSSLPSAL-----
   273      1   -22.3449904235   0.000000000198       0.0000  SSLPLRLLLLLLLLLL
   274      1    -7.8592470146   0.000386164538       0.2359  SSPPPPPPPPPPPPPP
   275      1   -24.0442847651   0.000000000036       0.0000  SSRHP-P--R------
   276      1   -13.9787666807   0.000000849374       0.0005  SSSSSSPSPSSSSSSS
   277      1   -18.9054696680   0.000000006158       0.0000  SSSSSSSASASSLLLL
   278      1   -10.7488025748   0.000021471103       0.0131  SSSSSSSSSSSPPPPP
   279      1   -10.5086227527   0.000027300030       0.0167  SSSSSSSSSSSPSSSS
   280     15    -4.3804313650   0.012519956785       7.6497  SSSSSSSSSSSSSSSS
   281      1   -23.1382631181   0.000000000089       0.0000  SSTSSSSASSSTTSSS
   282      1   -14.3498854870   0.000000586035       0.0004  SSTTSSSSSSGGGGGG
   283      1   -24.0252555728   0.000000000037       0.0000  SSVVVAAVPVVVVVVV
   284      1   -14.3813053778   0.000000567909       0.0003  TATAAAAAAAAAAAAA
   285      1   -14.0824117728   0.000000765749       0.0005  TIPPPPPPPPPPPPPP
   286      1   -11.6705220896   0.000008541943       0.0052  TIVVVVVVVVVVVVVV
   287      1   -35.7693551992   0.000000000000       0.0000  TMRRRRLTTTTTRRRR
   288      1   -10.7696655990   0.000021027791       0.0128  TMTTTTTTTTTTTTTT
   289      1   -30.4639074177   0.000000000000       0.0000  TP-VEAAATTTITTTT
   290      1   -15.5294594179   0.000000180153       0.0001  TTAA-A-EE-------
   291      1   -35.5391504146   0.000000000000       0.0000  TTAAMTAPIIAIIIII
   292      1   -19.2413645640   0.000000004401       0.0000  TTIIATIIIIIIIIII
   293      1   -16.0401646341   0.000000108105       0.0001  TTIIITIVIIIIIIII
   294      1   -14.3388982641   0.000000592510       0.0004  TTIIVVIIIIIIIIII
   295      1   -18.8134524099   0.000000006752       0.0000  TTLLPP-PPAA-AAAA
   296      1    -9.1655439734   0.000104581491       0.0639  TTNNTTTTTTTTTTTT
   297      1    -8.6013995254   0.000183848313       0.1123  TTPPPPPPPPPPPPPP
   298      1   -30.8075051799   0.000000000000       0.0000  TTPPTAPPRMMMMMMM
   299      1   -14.3178790871   0.000000605096       0.0004  TTTTTTPITTTTTTTT
   300      1   -24.0420802599   0.000000000036       0.0000  TTTTTTTSTPIVIIII
   301     10    -4.2217997479   0.014672214441       8.9647  TTTTTTTTTTTTTTTT
   302      1   -18.7826580430   0.000000006963       0.0000  VAVVVV-VIGV-----
   303      1   -26.1317920342   0.000000000004       0.0000  VMLLQQLQMQQQQQQQ
   304      1    -6.7653838173   0.001153004866       0.7045  VV---A-AA-------
   305      1    -8.4400300256   0.000216043663       0.1320  VV--VVVVVAVVVVVV
   306      1    -7.4883207243   0.000559581864       0.3419  VVAAAAAAAAAAAAAA
   307      1    -9.1695104047   0.000104167497       0.0636  VVEEEEEEEEEEEEEE
   308      1   -26.8109596033   0.000000000002       0.0000  VVMMKMMMMMKKMMMM
   309      1    -9.3279499682   0.000088904307       0.0543  VVPPPPPPPPPPPPPP
   310      1   -13.5047881679   0.000001364410       0.0008  VVVVLMVVVVVVVVVV
   311      1    -7.9108250052   0.000366751884       0.2241  VVVVLVVVVVVVVVVV
   312      1    -9.2699398688   0.000094214179       0.0576  VVVVMVVVVVVVVVVV
   313      1   -12.7230056981   0.000002981734       0.0018  VVVVVVAVVVVIIIII
   314      1   -13.5635144753   0.000001286591       0.0008  VVVVVVEVAVVVVVVV
   315      1    -9.5165285819   0.000073624804       0.0450  VVVVVVEVVVVVVVVV
   316      1    -7.1502952286   0.000784632401       0.4794  VVVVVVIVVVVVVVVV
   317      1    -7.8274103746   0.000398656516       0.2436  VVVVVVVLVVVVVVVV
   318     15    -3.9779482823   0.018724016351      11.4404  VVVVVVVVVVVVVVVV
   319      1   -23.4478713536   0.000000000066       0.0000  WCRRWWWWWRWWWWWW
   320      1   -18.9792472100   0.000000005720       0.0000  WRRMRRRRRRRRRRRR
   321      1    -4.8087783296   0.008157819780       4.9844  WW-WWWWWWWWWWWWW
   322      1   -11.7184707446   0.000008142032       0.0050  WWWGWWWW-WWWWWWW
   323      1   -15.0728770848   0.000000284402       0.0002  WWWWWWRRWWWWWWWW
   324      1   -10.5458784857   0.000026301660       0.0161  WWWWWWWWWLWWWWWW
   325      3    -4.8205480618   0.008062367252       4.9261  WWWWWWWWWWWWWWWW
   326      1   -22.9332574496   0.000000000110       0.0000  XXDDCCVCXRRXXXXX
   327      1   -10.2444072535   0.000035555800       0.0217  YYCCCCCCCCCCCCCC
   328      9    -4.2417342014   0.014382627830       8.7878  YYYYYYYYYYYYYYYY