

TREE # 1

  0  0.0000   5880.756923  x:  0.00425   0.02604   0.01973   0.03283   0.01770   0.00122   0.00554   0.00000   0.00000   0.00428   0.00948   0.02918   0.03051   0.06525   0.09282   0.13359   0.05056   0.03946   0.00769   0.00227   0.00676   0.07847   0.03057   0.02999   0.09666   0.10511   0.00078   0.09148   0.09019  
  1 99.0000   5880.747984  x:  0.00425   0.02604   0.01973   0.03283   0.01770   0.00122   0.00554   0.00000   0.00000   0.00428   0.00948   0.02918   0.03051   0.06525   0.09282   0.13359   0.05056   0.03946   0.00769   0.00227   0.00676   0.07847   0.03057   0.02999   0.09666   0.10511   0.00078   0.09148   0.09019  
  2 2445.4774   5878.947878  x:  0.00448   0.02665   0.01959   0.03261   0.01787   0.00101   0.00587   0.00000   0.00000   0.00397   0.00958   0.02914   0.03034   0.06520   0.09285   0.13375   0.05058   0.03954   0.00859   0.00273   0.00780   0.07856   0.03046   0.03003   0.09674   0.10518   0.00000   0.09167   0.09017  
  3 2702.3729   5875.620180  x:  0.00506   0.02898   0.01903   0.03175   0.01853   0.00019   0.00680   0.00000   0.00000   0.00283   0.00995   0.02897   0.02964   0.06499   0.09293   0.13435   0.05067   0.03987   0.01083   0.00064   0.01021   0.07887   0.03005   0.03022   0.09703   0.10540   0.00009   0.09243   0.09005  
  4 1958.2284   5875.188440  x:  0.00502   0.02951   0.01888   0.03152   0.01869   0.00000   0.00683   0.00000   0.00000   0.00264   0.01005   0.02894   0.02946   0.06492   0.09295   0.13451   0.05069   0.03996   0.01081   0.00067   0.01009   0.07894   0.02994   0.03027   0.09710   0.10546   0.00009   0.09264   0.09002  
  5 769.7944   5871.304890  x:  0.00340   0.04166   0.01467   0.02316   0.02226   0.00000   0.00563   0.00000   0.00000   0.01165   0.01343   0.02866   0.02383   0.06206   0.09357   0.14036   0.05134   0.04256   0.00915   0.00072   0.01083   0.08142   0.02658   0.03172   0.09954   0.10768   0.00009   0.09994   0.08873  
  6 918.9835   5870.655054  x:  0.00470   0.04161   0.01490   0.02097   0.02104   0.00000   0.00701   0.00000   0.00000   0.01274   0.01164   0.02898   0.02312   0.06032   0.09376   0.14351   0.05143   0.04309   0.01065   0.00073   0.00899   0.08249   0.02599   0.03206   0.10072   0.10875   0.00009   0.10329   0.08798  
  7 231.6308   5869.894641  x:  0.00428   0.04029   0.01592   0.01884   0.01905   0.00000   0.00553   0.00000   0.00000   0.01160   0.00942   0.02948   0.02288   0.05726   0.09403   0.14909   0.05149   0.04370   0.00988   0.00063   0.01005   0.08438   0.02536   0.03254   0.10287   0.11065   0.00008   0.10891   0.08673  
  8 318.5888   5869.494670  x:  0.00351   0.03874   0.01656   0.01908   0.01872   0.00000   0.00690   0.00000   0.00000   0.01098   0.01130   0.02980   0.02333   0.05527   0.09421   0.15330   0.05143   0.04385   0.00922   0.00058   0.01042   0.08562   0.02529   0.03271   0.10440   0.11201   0.00007   0.11276   0.08587  
  9 284.3638   5869.291790  x:  0.00403   0.03805   0.01661   0.02016   0.01944   0.00000   0.00585   0.00000   0.00000   0.01084   0.01254   0.02988   0.02381   0.05446   0.09433   0.15592   0.05133   0.04374   0.00997   0.00054   0.01003   0.08619   0.02548   0.03267   0.10523   0.11276   0.00007   0.11480   0.08544  
 10 227.1535   5869.174677  x:  0.00424   0.03820   0.01600   0.02186   0.02080   0.00000   0.00622   0.00000   0.00000   0.01107   0.01147   0.02964   0.02426   0.05475   0.09441   0.15825   0.05115   0.04329   0.00960   0.00053   0.01021   0.08631   0.02594   0.03239   0.10575   0.11323   0.00007   0.11584   0.08529  
 11 83.8783   5869.121749  x:  0.00339   0.03843   0.01574   0.02214   0.02048   0.00000   0.00621   0.00000   0.00000   0.01115   0.01131   0.02936   0.02437   0.05560   0.09441   0.15971   0.05102   0.04286   0.01007   0.00051   0.01011   0.08606   0.02623   0.03210   0.10585   0.11333   0.00006   0.11580   0.08540  
 12 44.2304   5869.012409  x:  0.00404   0.03897   0.01542   0.02202   0.01924   0.00000   0.00620   0.00000   0.00000   0.01108   0.01171   0.02881   0.02446   0.05784   0.09438   0.16303   0.05078   0.04197   0.00978   0.00047   0.01037   0.08529   0.02673   0.03154   0.10588   0.11337   0.00006   0.11519   0.08577  
 13 89.2546   5868.873274  x:  0.00401   0.03831   0.01641   0.02047   0.02093   0.00000   0.00630   0.00000   0.00000   0.01072   0.01173   0.02953   0.02419   0.05919   0.09423   0.16636   0.05100   0.04224   0.00998   0.00038   0.01065   0.08424   0.02620   0.03191   0.10537   0.11288   0.00007   0.11329   0.08633  
 14 38.5493   5868.694526  x:  0.00407   0.03883   0.01545   0.02185   0.02009   0.00000   0.00644   0.00000   0.00000   0.01052   0.01165   0.03004   0.02312   0.05716   0.09403   0.16767   0.05155   0.04397   0.01026   0.00027   0.01105   0.08399   0.02525   0.03308   0.10441   0.11183   0.00007   0.11115   0.08648  
 15 26.9998   5868.564186  x:  0.00414   0.04028   0.01657   0.02157   0.02011   0.00000   0.00658   0.00000   0.00000   0.01063   0.01158   0.02910   0.02445   0.05523   0.09385   0.16631   0.05115   0.04354   0.01047   0.00019   0.01131   0.08457   0.02623   0.03234   0.10402   0.11119   0.00007   0.11108   0.08592  
 16 30.6273   5868.514385  x:  0.00417   0.03978   0.01559   0.02112   0.02039   0.00000   0.00661   0.00000   0.00000   0.01037   0.01164   0.02932   0.02389   0.05550   0.09363   0.16476   0.05082   0.04268   0.01058   0.00015   0.01147   0.08489   0.02635   0.03176   0.10421   0.11108   0.00007   0.11215   0.08542  
 17 27.5685   5868.487950  x:  0.00416   0.03996   0.01623   0.02158   0.02029   0.00000   0.00663   0.00000   0.00000   0.01039   0.01163   0.02973   0.02360   0.05674   0.09337   0.16359   0.05097   0.04275   0.01063   0.00014   0.01153   0.08490   0.02592   0.03220   0.10455   0.11105   0.00007   0.11344   0.08502  
 18 21.5556   5868.475748  x:  0.00416   0.03974   0.01598   0.02143   0.02035   0.00000   0.00664   0.00000   0.00000   0.01036   0.01164   0.02910   0.02385   0.05712   0.09314   0.16328   0.05127   0.04349   0.01065   0.00014   0.01157   0.08452   0.02619   0.03250   0.10471   0.11092   0.00007   0.11395   0.08494  
 19  7.5805   5868.375391  x:  0.00417   0.03997   0.01593   0.02154   0.02027   0.00000   0.00667   0.00000   0.00000   0.01034   0.01162   0.02967   0.02426   0.05659   0.09201   0.16302   0.05117   0.04452   0.01071   0.00015   0.01177   0.08144   0.02550   0.03043   0.10523   0.10969   0.00007   0.11526   0.08521  
 20  4.7373   5867.945169  x:  0.00422   0.04074   0.01618   0.02145   0.02028   0.00000   0.00676   0.00000   0.00000   0.01021   0.01164   0.03082   0.02305   0.05449   0.09014   0.16259   0.04946   0.04220   0.01101   0.00020   0.01239   0.07574   0.02824   0.03358   0.10618   0.10686   0.00008   0.11756   0.08619  
 21 23.3618   5864.349216  x:  0.00452   0.04071   0.01537   0.02125   0.02128   0.00000   0.00763   0.00000   0.00000   0.00896   0.01165   0.02206   0.02446   0.05330   0.09162   0.15921   0.05059   0.03498   0.01364   0.00038   0.01578   0.07821   0.01769   0.03687   0.10733   0.10330   0.00018   0.12078   0.08918  
 22 21.9084   5855.132434  x:  0.00519   0.04676   0.01225   0.01941   0.02180   0.00000   0.01011   0.00000   0.00000   0.00475   0.01200   0.03294   0.02530   0.05927   0.10161   0.14855   0.05943   0.04360   0.02113   0.00092   0.02605   0.10179   0.03010   0.03006   0.10797   0.10670   0.00055   0.12473   0.09111  
 23 150.6955   5853.999697  x:  0.00530   0.04648   0.01469   0.02025   0.02251   0.00000   0.01038   0.00000   0.00000   0.00435   0.01204   0.02943   0.01983   0.05959   0.09964   0.14723   0.05216   0.04729   0.02198   0.00101   0.02735   0.10074   0.03101   0.02832   0.10539   0.11590   0.00061   0.12270   0.08351  
 24 119.1669   5853.775725  x:  0.00530   0.04701   0.01318   0.01966   0.02229   0.00000   0.01044   0.00000   0.00000   0.00424   0.01202   0.03091   0.02273   0.05971   0.09822   0.14674   0.05069   0.04736   0.02215   0.00101   0.02759   0.09949   0.02996   0.02966   0.10414   0.12021   0.00062   0.12188   0.08045  
 25 78.6268   5853.744459  x:  0.00533   0.04711   0.01330   0.01970   0.02230   0.00000   0.01045   0.00000   0.00000   0.00424   0.01202   0.03086   0.02250   0.05935   0.09751   0.14651   0.05263   0.04661   0.02217   0.00101   0.02764   0.09871   0.03010   0.02953   0.10376   0.12222   0.00062   0.12175   0.08045  
 26 21.8849   5853.741551  x:  0.00534   0.04710   0.01330   0.01970   0.02229   0.00000   0.01045   0.00000   0.00000   0.00423   0.01202   0.03087   0.02254   0.05931   0.09752   0.14637   0.05241   0.04670   0.02217   0.00100   0.02764   0.09864   0.03008   0.02956   0.10381   0.12278   0.00062   0.12183   0.08123  
 27  4.5236   5853.701031  x:  0.00532   0.04716   0.01331   0.01968   0.02228   0.00000   0.01046   0.00000   0.00000   0.00413   0.01201   0.03085   0.02259   0.05907   0.10017   0.14617   0.05255   0.04667   0.02221   0.00099   0.02767   0.09733   0.02994   0.02967   0.10651   0.12355   0.00063   0.12096   0.08083  
 28  0.4747   5851.967500  x:  0.00510   0.04896   0.01388   0.01996   0.02244   0.00000   0.01042   0.00000   0.00000   0.00110   0.01184   0.03026   0.02267   0.05730   0.09558   0.15538   0.05227   0.04638   0.02325   0.00106   0.02967   0.09526   0.02895   0.03064   0.10883   0.12169   0.00070   0.11887   0.08197  
 29  1.6528   5851.916601  x:  0.00505   0.04892   0.01390   0.01999   0.02243   0.00000   0.01042   0.00000   0.00000   0.00098   0.01184   0.03022   0.02270   0.05728   0.09824   0.15575   0.05234   0.04636   0.02330   0.00106   0.02985   0.09414   0.02892   0.03067   0.10580   0.12165   0.00070   0.12013   0.08197  
 30 21.1466   5850.173302  x:  0.00435   0.05673   0.01471   0.02094   0.02311   0.00000   0.01022   0.00000   0.00000   0.00276   0.01136   0.02815   0.02281   0.05351   0.09960   0.17403   0.05178   0.04591   0.02533   0.00124   0.03292   0.08512   0.02656   0.03280   0.09964   0.11819   0.00083   0.12142   0.08391  
 31  0.0495   5849.303603  x:  0.00368   0.06305   0.01402   0.02066   0.02354   0.00000   0.00985   0.00000   0.00000   0.00191   0.01124   0.02674   0.02236   0.05268   0.09059   0.17198   0.05116   0.04453   0.02754   0.00160   0.03603   0.08409   0.02454   0.03320   0.10792   0.11382   0.00101   0.12059   0.08450  
 32  0.0132   5848.772487  x:  0.00320   0.06508   0.01341   0.01985   0.02325   0.00000   0.00933   0.00000   0.00000   0.00187   0.01161   0.02762   0.02229   0.05484   0.09594   0.16006   0.05169   0.04381   0.02912   0.00207   0.03812   0.08526   0.02499   0.03199   0.10371   0.11416   0.00123   0.12394   0.08405  
 33  0.0074   5847.923621  x:  0.00344   0.06393   0.01471   0.02132   0.02256   0.00000   0.00830   0.00000   0.00000   0.00165   0.01100   0.02778   0.02323   0.05170   0.09576   0.17083   0.05225   0.04632   0.03097   0.00338   0.04045   0.08550   0.02675   0.03231   0.10173   0.11748   0.00197   0.11884   0.08495  
 34  0.0027   5846.928295  x:  0.00376   0.05624   0.01309   0.01949   0.02306   0.00000   0.00846   0.00000   0.00000   0.00222   0.01144   0.02801   0.02191   0.05616   0.09455   0.16436   0.05116   0.04380   0.02971   0.00520   0.03846   0.08310   0.02540   0.03270   0.10414   0.10958   0.00281   0.12299   0.08304  
 35  0.0045   5846.412405  x:  0.00384   0.05609   0.01548   0.02145   0.02307   0.00000   0.00931   0.00000   0.00000   0.00212   0.01123   0.02717   0.02323   0.05245   0.09327   0.16359   0.05155   0.04426   0.02836   0.00700   0.03690   0.08296   0.02466   0.03226   0.10527   0.11541   0.00367   0.12012   0.08477  
 36  0.0034   5846.005943  x:  0.00344   0.06050   0.01346   0.02054   0.02308   0.00000   0.00974   0.00000   0.00000   0.00193   0.01151   0.02736   0.02218   0.05414   0.09473   0.16699   0.05172   0.04445   0.02640   0.00904   0.03507   0.08482   0.02511   0.03264   0.10310   0.11076   0.00455   0.11978   0.08434  
 37  0.0033   5845.952665  x:  0.00363   0.06140   0.01405   0.02041   0.02323   0.00000   0.00961   0.00000   0.00000   0.00192   0.01142   0.02762   0.02242   0.05385   0.09466   0.16529   0.05143   0.04451   0.02557   0.00948   0.03397   0.08369   0.02519   0.03259   0.10410   0.11281   0.00469   0.12140   0.08367  
 38  0.0027   5845.934509  x:  0.00381   0.06191   0.01382   0.02067   0.02322   0.00000   0.00917   0.00000   0.00000   0.00193   0.01132   0.02752   0.02236   0.05345   0.09430   0.16592   0.05152   0.04494   0.02532   0.00950   0.03317   0.08443   0.02529   0.03251   0.10410   0.11221   0.00459   0.12126   0.08377  
 39  0.0006   5845.903472  x:  0.00377   0.06201   0.01401   0.02017   0.02321   0.00000   0.00880   0.00000   0.00000   0.00195   0.01139   0.02756   0.02226   0.05422   0.09456   0.16582   0.05150   0.04440   0.02609   0.00915   0.03260   0.08389   0.02494   0.03271   0.10406   0.11279   0.00412   0.12044   0.08399  
 40  0.0004   5845.827715  x:  0.00343   0.06177   0.01394   0.02069   0.02324   0.00000   0.00958   0.00000   0.00000   0.00188   0.01131   0.02736   0.02237   0.05355   0.09487   0.16455   0.05138   0.04429   0.02739   0.00954   0.03108   0.08440   0.02509   0.03271   0.10398   0.11252   0.00342   0.12145   0.08379  
 41  0.0006   5845.777211  x:  0.00361   0.06195   0.01382   0.02037   0.02323   0.00000   0.00970   0.00000   0.00000   0.00184   0.01152   0.02784   0.02245   0.05372   0.09411   0.16739   0.05170   0.04540   0.02759   0.01064   0.03126   0.08425   0.02513   0.03251   0.10427   0.11211   0.00335   0.12120   0.08398  
 42  0.0011   5845.710988  x:  0.00380   0.06123   0.01400   0.02054   0.02325   0.00000   0.00916   0.00000   0.00000   0.00199   0.01134   0.02731   0.02223   0.05379   0.09449   0.16517   0.05148   0.04446   0.02778   0.01150   0.03241   0.08379   0.02543   0.03263   0.10402   0.11205   0.00281   0.12121   0.08394  
 43  0.0009   5845.681929  x:  0.00367   0.06109   0.01394   0.02053   0.02316   0.00000   0.00920   0.00000   0.00000   0.00195   0.01134   0.02782   0.02252   0.05371   0.09463   0.16535   0.05149   0.04449   0.02624   0.01188   0.03303   0.08414   0.02486   0.03261   0.10403   0.11192   0.00278   0.12099   0.08407  
 44  0.0008   5845.673314  x:  0.00361   0.06126   0.01391   0.02049   0.02319   0.00000   0.00930   0.00000   0.00000   0.00192   0.01138   0.02752   0.02240   0.05374   0.09459   0.16586   0.05156   0.04462   0.02595   0.01172   0.03299   0.08406   0.02511   0.03259   0.10394   0.11208   0.00251   0.12105   0.08411  
 45  0.0006   5845.672423  x:  0.00365   0.06137   0.01393   0.02051   0.02322   0.00000   0.00933   0.00000   0.00000   0.00192   0.01138   0.02752   0.02234   0.05375   0.09459   0.16583   0.05155   0.04462   0.02584   0.01158   0.03311   0.08396   0.02520   0.03259   0.10393   0.11205   0.00256   0.12115   0.08408  
 46  0.0003   5845.672341  x:  0.00367   0.06139   0.01393   0.02052   0.02322   0.00000   0.00933   0.00000   0.00000   0.00192   0.01138   0.02756   0.02235   0.05375   0.09459   0.16579   0.05154   0.04462   0.02586   0.01156   0.03313   0.08395   0.02518   0.03258   0.10394   0.11203   0.00254   0.12115   0.08409  
 47  0.0001   5845.672338  x:  0.00367   0.06139   0.01393   0.02051   0.02322   0.00000   0.00933   0.00000   0.00000   0.00192   0.01138   0.02756   0.02236   0.05374   0.09459   0.16579   0.05154   0.04462   0.02585   0.01156   0.03313   0.08395   0.02518   0.03258   0.10394   0.11203   0.00254   0.12114   0.08409  
 48  0.0000   5845.672338  x:  0.00367   0.06139   0.01393   0.02051   0.02322   0.00000   0.00933   0.00000   0.00000   0.00192   0.01138   0.02756   0.02236   0.05374   0.09459   0.16579   0.05155   0.04462   0.02585   0.01156   0.03313   0.08395   0.02518   0.03258   0.10394   0.11203   0.00254   0.12114   0.08409  
 49  0.0000   5845.672338  x:  0.00367   0.06139   0.01393   0.02051   0.02322   0.00000   0.00933   0.00000   0.00000   0.00192   0.01138   0.02756   0.02236   0.05374   0.09459   0.16579   0.05155   0.04462   0.02585   0.01156   0.03313   0.08395   0.02518   0.03258   0.10394   0.11203   0.00254   0.12114   0.08409  