     1    316    303


 1

     1      1    -2.8017023425   0.060706631134      19.1833  -------LLLLLLL--
     2      1    -3.9472461196   0.019307800000       6.1013  ----CX----------
     3      1    -3.1421810611   0.043188498350      13.6476  ----PP----------
     4      1    -3.9559441901   0.019140587662       6.0484  ---AAAAA------AA
     5      1    -7.3487813564   0.000643375929       0.2033  ---ASSSS------SS
     6      1    -3.9129207107   0.019982053952       6.3143  ---PPPPP------PP
     7      1    -5.3850340167   0.004584684364       1.4488  --SSSSSSSSSSSSSS
     8      1   -13.6363270027   0.000001196240       0.0004  -AA--AAALAAAAAVA
     9      1   -16.8132881646   0.000000049898       0.0000  -AA-AATTTTTTTTGA
    10      1    -7.1378346193   0.000794470566       0.2511  -AA-P---------A-
    11      1   -13.3931401202   0.000001525574       0.0005  -AA-SAAAPPPPPPAA
    12      1   -25.4994311454   0.000000000008       0.0000  -AAASAVTATAAAAVV
    13      1   -31.4499419097   0.000000000000       0.0000  -AARRRTMVIIIIIRL
    14      1   -16.4569449844   0.000000071259       0.0000  -AV-W---------Y-
    15      1   -10.3348250773   0.000032481980       0.0103  -CC-P---------P-
    16      1   -10.0096836234   0.000044962416       0.0142  -DDDDDDDGDDDDDDD
    17      1   -14.5386453247   0.000000485229       0.0002  -EE-WW--GGGGGGGG
    18      1    -9.5415583170   0.000071804866       0.0227  -FF-P---------P-
    19      1   -16.9734215825   0.000000042514       0.0000  -FFFFFLLSFFFFFFF
    20      1   -26.3084968352   0.000000000004       0.0000  -GA--GEGGGRGGGGR
    21      1   -34.0893629766   0.000000000000       0.0000  -GG-P-LPGGTRRRPP
    22      1   -10.1779474897   0.000037999123       0.0120  -GGCGGGGGGGGGGGG
    23      1    -9.8466869941   0.000052922235       0.0167  -GGGGGG-GGGGGGCG
    24      1    -9.7024361016   0.000061134384       0.0193  -HH-E---------Q-
    25      1   -13.6776083545   0.000001147863       0.0004  -HQ-T---------H-
    26      1   -18.5659880966   0.000000008648       0.0000  -IIIGVMIIIIIIIII
    27      1   -15.5502007701   0.000000176455       0.0001  -IIVVVMIIIIIIIMI
    28      1   -10.6898103830   0.000022775837       0.0072  -KK-EER-KKKKKKKK
    29      1   -12.4718509162   0.000003833045       0.0012  -KKEEEEEEEEEEEEQ
    30      1   -13.7194325925   0.000001100845       0.0003  -KKKNKKKKKKKKKKR
    31      1   -12.9976722006   0.000002265597       0.0007  -KKQKKKKKKKKKKKQ
    32      1    -8.9494218998   0.000129812183       0.0410  -KKSKKK-KKKKKKK-
    33      1   -13.4405674649   0.000001454909       0.0005  -KTTTTATTTTTTTTT
    34      1    -9.7496238624   0.000058316595       0.0184  -LL-A-ALLLLLLLAA
    35      1   -11.3596610671   0.000011656331       0.0037  -LL-N---------A-
    36      1    -8.5653363843   0.000190599463       0.0602  -LL-PP--PPPPPPPP
    37      1    -9.5080880883   0.000074248863       0.0235  -LL-S---------A-
    38      1   -22.2039596647   0.000000000227       0.0000  -LLLLFGHLLLLLLLL
    39      2    -3.9094063949   0.020052400737       6.3366  -LLLLLLLLLLLLLLL
    40      1   -22.6230690260   0.000000000150       0.0000  -LLRRRG-SGGGGGS-
    41      1    -6.2757659990   0.001881349390       0.5945  -MMMMMM-MMMMMMM-
    42      1   -16.7653837533   0.000000052346       0.0000  -MMVVVMIMMMMMMVM
    43      1   -11.0401899968   0.000016043769       0.0051  -NN-A---------P-
    44      1   -23.8634528608   0.000000000043       0.0000  -NNDTTTNNSSSSSHN
    45      1   -29.5619212984   0.000000000000       0.0000  -NNSSSANHYHHHHDH
    46      1   -15.2611027490   0.000000235607       0.0001  -NNSSSGNSSSSSSSS
    47      1    -4.2822784916   0.013811157602       4.3643  -P-PPPPPPPPPPPPP
    48      1   -26.3226856663   0.000000000004       0.0000  -PL-SS--TTMTTTST
    49      1    -4.0056886695   0.018211743068       5.7549  -PP---PPPPPPPPPP
    50      1   -22.9035748863   0.000000000113       0.0000  -PP--ADGGDDDDDGG
    51      1   -12.3025653508   0.000004540083       0.0014  -PP-AAAAPPPPPPAA
    52      1   -11.7817709867   0.000007642613       0.0024  -PP-G---------Q-
    53      1   -12.9967991106   0.000002267576       0.0007  -PP-H---------V-
    54      1   -22.2242936495   0.000000000223       0.0000  -PP-HQ--LLLLLLQH
    55      1   -11.5282712944   0.000009847713       0.0031  -PP-L---------R-
    56      1   -14.7137694097   0.000000407278       0.0001  -PP-LP-PPPPPPPLP
    57      1    -3.9575002219   0.019110827459       6.0390  -PP-PPP-PPPPPP-P
    58      1    -4.2040688446   0.014934686110       4.7194  -PP-PPPPPPPPPPPP
    59      1   -11.6220167192   0.000008966486       0.0028  -PP-R---------G-
    60      1   -17.2863476403   0.000000031091       0.0000  -PPATTPTTTTTTTTT
    61      1    -4.1569153630   0.015655775900       4.9472  -PPPPPP-PPPPPPP-
    62      1    -9.2491322288   0.000096195091       0.0304  -PPPPPPLPPPPPPPP
    63      1    -4.3143036353   0.013375860722       4.2268  -PPPPPPPPPPPPPPP
    64      1   -27.9620751743   0.000000000001       0.0000  -QQ--RVRGRRRRRGS
    65      1    -9.5427608876   0.000071718567       0.0227  -QQ-AAQQQQQQQQQQ
    66      1   -28.5088265653   0.000000000000       0.0000  -QQ-QQPHLPPPPPPQ
    67      1   -11.1378127149   0.000014551555       0.0046  -QQQQQEQQQQQQQEQ
    68      1    -6.0903902505   0.002264525010       0.7156  -QQQQQQQQQQQQQQQ
    69      1   -16.5585504681   0.000000064374       0.0000  -QQQQQQRQQQQQQRE
    70      1   -16.8307594935   0.000000049034       0.0000  -QQQRRRQQQQQQQQR
    71      1   -13.8357903707   0.000000979924       0.0003  -QQSQQQQQQQQQQHQ
    72      1   -13.8268803194   0.000000988695       0.0003  -RR---PRRRRRRRTR
    73      1    -7.9062470470   0.000368434707       0.1164  -RR-L---------L-
    74      2    -4.9139648486   0.007343315403       2.3205  -RR-RRRRRRRRRRRR
    75      1    -6.3777260832   0.001698981911       0.5369  -RR-X---------Q-
    76      1    -5.0910561463   0.006151519550       1.9439  -RRRRRRRRRRRRRRR
    77      1    -5.0208135372   0.006599155866       2.0853  -RRRRRRRXRRRRRRR
    78      1   -18.7473372404   0.000000007213       0.0000  -SF-PPLLLLLLLLLL
    79      1    -9.2287782760   0.000098173103       0.0310  -SPPPPP-PPPPPPP-
    80      1   -12.7783933617   0.000002821073       0.0009  -SS---GGNGGGGGGG
    81      1   -16.6310853356   0.000000059870       0.0000  -SS---GSGSGGGGGG
    82      1    -7.6364449887   0.000482540845       0.1525  -SS---PPPPPPPPPP
    83      1   -10.2435815772   0.000035585170       0.0112  -SS---SSSGSSSSSS
    84      1    -4.7581361593   0.008581589216       2.7118  -SS---SSSSSSSSSS
    85      1   -12.5533992814   0.000003532872       0.0011  -SS---VGGGGGGGGG
    86      1    -8.9565233927   0.000128893588       0.0407  -SS-A---------P-
    87      1   -10.5960010829   0.000025015846       0.0079  -SS-D---------Q-
    88      1   -11.1121405069   0.000014929962       0.0047  -SS-G---------L-
    89      1   -10.7012950739   0.000022515759       0.0071  -SS-P---------Q-
    90      1   -11.6074615546   0.000009097949       0.0029  -SS-PPPSPPPPPPPP
    91      1   -16.8882471380   0.000000046294       0.0000  -SS-RR--SPPPPPAS
    92      1   -15.1957406377   0.000000251521       0.0001  -SS-S-SSSSSSSSHP
    93      1   -24.5285368106   0.000000000022       0.0000  -SSLTAPSSSSSSSPS
    94      1   -10.2482226662   0.000035420399       0.0112  -SSRRRSSSSSSSSSS
    95      2    -5.4616428081   0.004246573706       1.3419  -SSSSSSSSSSSSSSS
    96      1   -20.3942880018   0.000000001390       0.0000  -SSWSSLSSSSSSSPS
    97      1   -10.8575798229   0.000019258080       0.0061  -TA-A---------S-
    98      1   -13.3946692347   0.000001523243       0.0005  -TT--GGGAGGGGGGG
    99      1   -17.4219934610   0.000000027147       0.0000  -TT-G-V-AAAAAAGA
   100      1   -11.3755302165   0.000011472815       0.0036  -TT-V---------C-
   101      1   -17.5761560290   0.000000023269       0.0000  -TTSMTTTSSSSSSTT
   102      1    -5.1248367320   0.005947188263       1.8793  -TTTTTTTTTTTTTTT
   103      1   -14.5309183144   0.000000488993       0.0002  -VI---LLFFFFFFLL
   104      1    -9.5153442943   0.000073712048       0.0233  -VV-L---------T-
   105      1    -8.7867379186   0.000152745424       0.0483  -VV-R---------R-
   106      1    -8.6017605879   0.000183781944       0.0581  -VVVAAVVVVVVVVVV
   107      1   -14.2096065761   0.000000674289       0.0002  -WW-A---------H-
   108      1   -20.3954668265   0.000000001388       0.0000  -WW-R-RQQQQQQQPR
   109      1    -2.4509806984   0.086209000000      27.2420  -XX-----------L-
   110      1   -18.3633536579   0.000000010590       0.0000  -YY-CRC-YYYYYY-C
   111      1   -15.3191464783   0.000000222320       0.0001  AATAAAA--AAAAAAT
   112      1    -7.4265820831   0.000595218446       0.1881  ACCCCCC-CCCCCCCC
   113      1   -17.5314594985   0.000000024332       0.0000  ADDEEEDDNDDDDDEE
   114      1   -14.3785541345   0.000000569473       0.0002  AGG-GGGR------AG
   115      1   -23.0378122567   0.000000000099       0.0000  ALI-LLLQLLLLLLLP
   116      1    -6.8182930133   0.001093586067       0.3456  ALLLLLL-LLLLLLLL
   117      1   -10.7910559127   0.000020582777       0.0065  APPPAAP-PPPPPPPP
   118      1   -14.1352828822   0.000000726314       0.0002  ASAAAAATAAAAAAAA
   119      1   -20.1328765464   0.000000001805       0.0000  ASS-GGGSSGGGGGSG
   120      1   -14.7099582836   0.000000408833       0.0001  ASSLSSS-SSSSSSA-
   121      1   -10.1866383300   0.000037670309       0.0119  ASSSSSSSSSSSSSAS
   122      1    -7.5981293442   0.000501388482       0.1584  ASSSSSSSSSSSSSSS
   123      1   -19.4081873903   0.000000003725       0.0000  AVMLLLL-LLLLLLLV
   124      5    -5.6296858422   0.003589702883       1.1343  CCCCCCC-CCCCCCC-
   125      3    -5.6682187950   0.003454012104       1.0915  CCCCCCC-CCCCCCCC
   126      1    -7.7826062493   0.000416924149       0.1317  DKKKKKK-KKKKKKKK
   127      1   -28.9846996738   0.000000000000       0.0000  DNNDGGEHHHYHHHDD
   128      1   -13.2525780925   0.000001755814       0.0006  DRRRAAR-RRRRRRR-
   129      1   -14.7813524474   0.000000380663       0.0001  DRRRRRR--KKKKKKK
   130      1   -21.2997604142   0.000000000562       0.0000  DSSPSSG-NNNNNNT-
   131      1    -6.9732822774   0.000936573760       0.2960  EEEEEEEEEEEEEEEE
   132      1   -19.8999101262   0.000000002278       0.0000  EGGGSGG-SSSSSSSG
   133      1   -12.4381231234   0.000003964530       0.0013  EIVIIII-IIIIIIII
   134      1   -11.0791091415   0.000015431354       0.0049  EKKEKKKKKKKKKKKK
   135      1   -11.4904583109   0.000010227214       0.0032  ENNDDDD-NNNNNNDD
   136      1   -14.5227023946   0.000000493027       0.0002  EPP-PPPPPPPPPTPP
   137      1   -20.4272025098   0.000000001345       0.0000  ERR-GGRG------GR
   138      1   -34.4948944648   0.000000000000       0.0000  ETA-PPSSGGEGGGSP
   139      2    -5.6017607918   0.003691358277       1.1665  FFFFFFF--FFFFFFF
   140      2    -5.5968397004   0.003709568559       1.1722  FFFFFFF-FFFFFFF-
   141      1    -5.6532916137   0.003505957503       1.1079  FFFFFFF-FFFFFFFF
   142      1   -13.7900208413   0.000001025817       0.0003  FFFFLLL-FFFFFFLL
   143      1   -11.8268286053   0.000007305898       0.0023  FIILLLIIIIIIIIII
   144      1    -6.4480125718   0.001583666467       0.5004  FLL-LLLLLLLLLL-L
   145      1   -19.6284591953   0.000000002989       0.0000  FLL-LLPLPPPPPPLL
   146      1   -12.3076351624   0.000004517123       0.0014  FSSAAAS-SSSSSSSS
   147      1    -9.0565297734   0.000116626997       0.0369  FSSSSSS-SSSSSSS-
   148      1    -9.4155933365   0.000081444127       0.0257  FSSSSSSSSSSSSSSS
   149      1    -8.0031075229   0.000334421788       0.1057  FVVVVVV-VVVVVVV-
   150      1   -10.7907656132   0.000020588753       0.0065  FYFYYYY-YYYYYYY-
   151      2    -4.1877949250   0.015179720417       4.7968  GGG-GGGGGGGGGGGG
   152      1   -21.0027756988   0.000000000756       0.0000  GGG-GGGGVVSVVVGG
   153      1    -4.1492430969   0.015776353137       4.9853  GGGGGGG-GGGGGGG-
   154      1   -17.7329678771   0.000000019892       0.0000  GKKATTA-TTTTTTT-
   155      1    -7.4933102723   0.000556796758       0.1759  GPPPPPPPPPPPPPPP
   156      1   -18.1052737079   0.000000013708       0.0000  GQEQKKK-KKKKKKKK
   157      1    -8.0121495841   0.000331411556       0.1047  GRRRRRRRRRRRRRRR
   158      1   -26.8821847515   0.000000000002       0.0000  GSS-GGGH--F---GA
   159      1   -31.7138389678   0.000000000000       0.0000  HCS-RRHYCCCCCCHH
   160      1   -11.5886172778   0.000009271019       0.0029  HEEDEEE-EEEEEEEE
   161      1    -8.8614910111   0.000141743565       0.0448  HEEEEEE--EEEEEEE
   162      1    -9.1718347904   0.000103925653       0.0328  HEEEEEEEEEEEEEEE
   163      1    -8.3589623164   0.000234287324       0.0740  HFFFFFF-FFFFFFF-
   164      1    -7.0450701536   0.000871695708       0.2755  HHHHHHH-HHHHHHH-
   165      1    -8.3488629832   0.000236665458       0.0748  HRR-RRRRRRRRRRRR
   166      1    -9.1412842577   0.000107149633       0.0339  HSS-SSSSSSSSSSSS
   167      1   -29.3896050644   0.000000000000       0.0000  HSSGCSR-CCCCCCC-
   168      1    -9.0284555273   0.000119947606       0.0379  HTTTTTT-TTTTTTTT
   169      1    -7.0818963678   0.000840178350       0.2655  IIIIIIIIIIIIIIII
   170      1   -11.1556230599   0.000014294681       0.0045  IIIMIIIIIIIIIIII
   171      1   -13.5181614316   0.000001346285       0.0004  ITITTTT-TTTTTTTT
   172      1   -13.5849042540   0.000001259363       0.0004  IVVFLLL--LLLLLLL
   173      1    -6.5514519330   0.001428040673       0.4513  IVVVVVV-VVVVVVV-
   174      1   -10.1319783757   0.000039786680       0.0126  KEEDEEE--EEEEEEE
   175      1    -7.5841019632   0.000508471209       0.1607  KEEEEEE-EEEEEEEE
   176      1   -18.0091330872   0.000000015092       0.0000  KHDDDDD-DDDDDDA-
   177      1   -30.1072181862   0.000000000000       0.0000  KHHHQRP-HQHHHHR-
   178      1    -6.3161553636   0.001806876954       0.5710  KKKKKKK--KKKKKKK
   179      1   -21.0412043123   0.000000000728       0.0000  KLLGMMM-MMMMMMAM
   180      1   -14.3928320248   0.000000561400       0.0002  KNNDDDD-NDDDDDDD
   181      1    -8.0972563444   0.000304373088       0.0962  KQQQQQQ-QQQQQQQQ
   182      1   -14.7682947306   0.000000385666       0.0001  KQQRRRR-RRRRRRHR
   183      1   -21.3539921439   0.000000000532       0.0000  KQQSQQKKRRRRRRKK
   184      1   -19.8052109835   0.000000002504       0.0000  KQRAGGR--RRRRRRR
   185      1   -20.3041247881   0.000000001521       0.0000  KSSVAAV-AAAAAAG-
   186      1    -2.4509806984   0.086209000000      27.2420  L---------------
   187      1   -13.8889674194   0.000000929176       0.0003  LFF-FFLLL-----FF
   188      1   -18.9495376072   0.000000005893       0.0000  LGG-GGAGNSSSSSGG
   189      1   -22.4203576387   0.000000000183       0.0000  LKKRMRK-RKKKKKKK
   190      1   -11.5207348341   0.000009922210       0.0031  LKKRRRK-KKKKKKKK
   191      1    -4.7583463932   0.008579785265       2.7112  LLLLLLL--LLLLLLL
   192      1    -4.8108885328   0.008140623272       2.5724  LLLLLLL-LLLLLLLL
   193      1    -4.9407105032   0.007149516813       2.2592  LLLLLLLLLLLLLLLL
   194      1    -8.2552378738   0.000259893696       0.0821  LMMMMMMMMMMMMMMM
   195      1   -41.4431214894   0.000000000000       0.0000  LMT-EEGTVVVMMMVM
   196      1   -19.8087644991   0.000000002496       0.0000  LMV-MMVIIIIIII-I
   197      1   -23.3375688356   0.000000000073       0.0000  LRR-RRGQRRRRRLR-
   198      1    -7.9315276052   0.000359237221       0.1135  LRRRRRR--RRRRRRR
   199      1    -8.4089560493   0.000222862393       0.0704  LSS-SSSSSSSSSSSS
   200      1    -7.8978923293   0.000371525770       0.1174  LTTTTTT-TTTTTTTT
   201      1    -8.9436795207   0.000130559758       0.0413  LVV-IIIIIIIIIIII
   202      1    -9.8182849780   0.000054446882       0.0172  LVVVVVL-VVVVVVVV
   203      1   -41.0800902700   0.000000000000       0.0000  MAA-PPVLSSFLLLLA
   204      1    -8.6635788166   0.000172764905       0.0546  MAAAAAA-AAAAAAA-
   205      1    -7.0317853425   0.000883353284       0.2791  MLLLLLLLLLLLLLLL
   206      1   -12.0403620199   0.000005901158       0.0019  MTTAAAA-AAAAAAAA
   207      1   -12.4615780480   0.000003872625       0.0012  NDDDDDHDDDDDDDDD
   208      1   -12.7603590654   0.000002872410       0.0009  NHH-HHLHHHHHHHHH
   209      1   -12.7712885661   0.000002841187       0.0009  NHHHHHH-QHHHHHHH
   210      1    -7.8452199190   0.000391619474       0.1238  NNNNNNN-NNNNNNN-
   211      1   -12.2671166108   0.000004703909       0.0015  NQQ-QQQQEEEEEEQQ
   212      1   -12.5403839648   0.000003579154       0.0011  PIIIVII-IIIIIIII
   213      1    -8.9240300896   0.000133150553       0.0421  PPP-PPPAPPPPPPPP
   214      1    -8.6973650858   0.000167025329       0.0528  PPP-PPPPPPPPPPAP
   215      1    -5.1878286054   0.005584118986       1.7646  PPP-PPPPPPPPPPPP
   216      1    -5.2980633960   0.005001270014       1.5804  PPPPPPPPPPPPPPPP
   217      1   -12.7364674470   0.000002941863       0.0009  PPPPPPPPPSSSSSPP
   218      1   -10.6720214212   0.000023184620       0.0073  PPPSSSSPPPPPPPSS
   219      1   -16.5661544629   0.000000063887       0.0000  PQQRRRQQQQQQQQRQ
   220      1   -17.6581571866   0.000000021437       0.0000  PSS-PPSSXXVXXXSS
   221      1   -22.6473364479   0.000000000146       0.0000  PSSSPSV-SAAAAASS
   222      1   -12.3596643373   0.000004288111       0.0014  PSSSSSSSSSSSSSPS
   223      1    -8.2586032264   0.000259020532       0.0819  QHHHHHH--HHHHHHH
   224      1   -15.8718789448   0.000000127918       0.0000  QII-IVIIIIIIIILI
   225      1    -7.6185189867   0.000491268868       0.1552  QKKKKKK-KKKKKKKK
   226      1    -7.5462684007   0.000528077027       0.1669  QLL-LLLLLLLLLLLL
   227      1   -11.4009610778   0.000011184730       0.0035  QLL-MMLLLLLLLLLL
   228      1   -18.9615405272   0.000000005822       0.0000  QNNDNDD-DDDDDDGD
   229      1   -18.0784711328   0.000000014081       0.0000  QPPPRRLPPPPPPPPP
   230      1   -11.3673396000   0.000011567171       0.0037  QQQ-QQQHQQQQQQ-Q
   231      1    -7.8275557218   0.000398598576       0.1260  QQQ-QQQQQQQQQQQQ
   232      1    -7.7307881828   0.000439097891       0.1388  QQQQQQQ--QQQQQQQ
   233      1   -11.7938031658   0.000007551207       0.0024  QQQQQQQ-KQQQQQQQ
   234      1    -7.7676115018   0.000423222928       0.1337  QRR-RRRRRRRRRRRR
   235      1   -14.2793390986   0.000000628871       0.0002  QRRRRRQKRRRRRRRR
   236      1    -7.6925525305   0.000456212189       0.1442  QRRRRRR-RRRRRRR-
   237      1   -25.5933100641   0.000000000008       0.0000  QSSAPPASSAAAAATT
   238      1   -15.5665461908   0.000000173594       0.0001  QVVATTVVVVVVVVVV
   239      1   -30.7199506092   0.000000000000       0.0000  QYY-LLHYCCCCCCCC
   240      1   -16.3376479013   0.000000080288       0.0000  RKK-Q-RG------RR
   241      1    -7.0942082694   0.000829897574       0.2622  RKKKKKK-XKKKKKKK
   242      1   -10.2201181606   0.000036429992       0.0115  RKKKKKKKKKKKKKRK
   243      1   -16.9661841657   0.000000042823       0.0000  RPP-LLLL--X---LV
   244      1   -12.9672232826   0.000002335643       0.0007  RQQ-QQQQQQQQQQQR
   245      1    -8.4068483351   0.000223332618       0.0706  RQQQQQQ-QQQQQQQ-
   246      1    -8.7116580316   0.000164655025       0.0520  RSSSSSSSSSSSSSSS
   247      1   -15.1088929524   0.000000274341       0.0001  RTS-AASSSSSSSSSS
   248      1   -13.1775795648   0.000001892561       0.0006  RTT-TTMTTTTTTTTT
   249      1   -11.4321575864   0.000010841192       0.0034  SAA-AAAA--K---AA
   250      1   -14.7963720932   0.000000374988       0.0001  SAAATTAGAAAAAAAA
   251      1   -19.4774428028   0.000000003476       0.0000  SDDEEEQEDEEEEEDE
   252      1   -11.7258051514   0.000008082534       0.0026  SEE-EEGE------EE
   253      1    -7.8360056447   0.000395244639       0.1249  SEEEEEE--EEEEEEE
   254      1    -8.1463494239   0.000289791336       0.0916  SEEEEEEEEEEEEEEE
   255      1   -15.7336878111   0.000000146874       0.0000  SGDGGGG-SSSSSSGG
   256      1    -6.1566715226   0.002119295573       0.6697  SGGGGGGGGGGGGGGG
   257      1   -12.0852642877   0.000005642043       0.0018  SKK-QQQKKKKKKKQQ
   258      1   -26.3955375381   0.000000000003       0.0000  SLLAAAAAETTAAAAA
   259      1    -9.5417844667   0.000071788629       0.0227  SMM-MMMMMMMMMMMM
   260      1   -26.5987712810   0.000000000003       0.0000  SMTGVVVIIIIIIIII
   261      1   -20.4852445736   0.000000001269       0.0000  SPP-VAAPPPPPPPSS
   262      1    -6.9096357282   0.000998121318       0.3154  SPPPPPPPPPPPPPPP
   263      1   -11.7691280841   0.000007739851       0.0024  SPPPPPRPPPPPPPPP
   264      1   -18.7662009189   0.000000007079       0.0000  SQQRKKR-RRRRRRKK
   265      1    -7.8830401637   0.000377084913       0.1192  SRRRRRRRRRRRRRRR
   266      1   -15.7808709965   0.000000140105       0.0000  SSS-RRSSSSSSSSSG
   267      1   -18.8138919917   0.000000006749       0.0000  SSSSNSN-NNNNNNS-
   268      2    -7.0404914555   0.000875696091       0.2767  SSSSSSS-SSSSSSSS
   269      1    -7.2893327127   0.000682783514       0.2158  SSSSSSSSSSSSSSSS
   270      1   -28.2220589980   0.000000000001       0.0000  SVLLLLLLMVVVVMLL
   271      1   -20.9603773272   0.000000000789       0.0000  TAA-SSSTRRRRRRAS
   272      1   -15.1612231212   0.000000260354       0.0001  TAVVVVV-AAAAAAVV
   273      1   -20.5698125532   0.000000001166       0.0000  TDN-AAAT------TA
   274      1   -15.6456574821   0.000000160390       0.0001  TEEEEEEDEEEEEEDD
   275      1   -11.9824406041   0.000006253054       0.0020  TGG---GGGAGGGGGG
   276      1   -24.8516490145   0.000000000016       0.0000  THH-CCLQQQQQQQHH
   277      1   -22.7639376804   0.000000000130       0.0000  TIIVVAVVLLLLLLLV
   278      1    -7.1055648323   0.000820526105       0.2593  TLLLLLL-LLLLLLLL
   279      1    -7.9190697130   0.000363740552       0.1149  TRRRRRR--RRRRRRR
   280      1   -18.8482154139   0.000000006521       0.0000  TSS-SSSSSASSSPSS
   281      1    -7.5593690663   0.000521203985       0.1647  TSS-SSSSSSSSSSSS
   282      1   -10.6178551528   0.000024475079       0.0077  TSSASSSSSSSSSSSS
   283      1   -10.3842275459   0.000030916283       0.0098  TSSSSSASSSSSSSSS
   284      1   -27.4123062220   0.000000000001       0.0000  TTKKKEG-EKKKKKKK
   285      1   -23.7588608334   0.000000000048       0.0000  TTT-RRHQ------LH
   286      1    -6.4784701648   0.001536158953       0.4854  TTTTTTT-TTTTTTT-
   287      1   -12.4544212054   0.000003900440       0.0012  TVV-IIVIVVVVVVVV
   288      1   -22.7369299720   0.000000000133       0.0000  VCC-HHHYSSSSSSHH
   289      1   -14.2148463923   0.000000670765       0.0002  VDDDDDD-DGDDDDDD
   290      1    -6.9063133493   0.001001442970       0.3165  VII-IIIIIIIIIIII
   291      1    -6.9104810433   0.000997277947       0.3151  VIIIIII-IIIIIIII
   292      1   -17.7141385393   0.000000020270       0.0000  VIIVIIV-VVIIIIII
   293      1   -10.6827115638   0.000022938093       0.0072  VLILLLL-LLLLLLL-
   294      1    -5.9779491283   0.002534017912       0.8007  VLLLLLL-LLLLLLL-
   295      1   -11.7376613320   0.000007987272       0.0025  VLLLQQLLLLLLLLLL
   296      1   -26.4973642260   0.000000000003       0.0000  WMM-LLAF------AF
   297      1   -22.4561089800   0.000000000177       0.0000  WSSLSSS--SLLLLSS
   298      1    -5.8530058151   0.002871255711       0.9073  WWWWWWW-WWWWWWW-
   299      1   -10.7400162751   0.000021660586       0.0068  XMM-K-XX------RX
   300      1   -11.1536719916   0.000014322598       0.0045  YIIVVVVVVVVVVVVV
   301      1    -7.4543464215   0.000578919906       0.1829  YLL-LLLLLLLLLLLL
   302      1    -9.5386881798   0.000072011252       0.0228  YYYYYYY--YYYYYHY
   303      1    -5.7877675953   0.003064816456       0.9685  YYYYYYY-YYYYYYYY