

TREE # 1

  0  0.0000   4276.451003  x:  0.00724   0.04503   0.05371   0.00940   0.00000   0.12414   0.02641   0.02969   0.05064   0.01957   0.32992   0.04917   0.04804   0.07520   0.19211   0.13728   0.06657   0.04568   0.04424   0.02675   0.07072   0.07640   0.07184   0.04295   0.13266   0.13016   0.03451   0.11657   0.15944  
  1 99.0000   4276.447534  x:  0.00724   0.04503   0.05371   0.00940   0.00000   0.12414   0.02640   0.02969   0.05064   0.01957   0.32992   0.04917   0.04804   0.07520   0.19211   0.13728   0.06657   0.04568   0.04424   0.02675   0.07072   0.07640   0.07184   0.04295   0.13266   0.13016   0.03451   0.11657   0.15944  
  2 877.7871   4245.844508  x:  0.00000   0.05311   0.05183   0.00985   0.00000   0.10977   0.00974   0.01287   0.03388   0.01706   0.35076   0.04481   0.04372   0.07445   0.19188   0.14732   0.06429   0.04707   0.05278   0.02922   0.07669   0.08279   0.07182   0.03875   0.13600   0.13923   0.03225   0.11272   0.16456  
  3 2608.5275   4232.190454  x:  0.00056   0.05007   0.05094   0.01097   0.00000   0.10176   0.00000   0.00307   0.02411   0.01879   0.36046   0.04356   0.04267   0.07401   0.19180   0.15003   0.06345   0.04714   0.05065   0.02780   0.07752   0.08387   0.07155   0.03754   0.13739   0.14200   0.03084   0.11088   0.16661  
  4 2214.5901   4229.536189  x:  0.00059   0.04995   0.05101   0.00998   0.00000   0.09943   0.00000   0.00000   0.02106   0.01819   0.36223   0.04371   0.04295   0.07406   0.19177   0.15006   0.06346   0.04708   0.05019   0.02740   0.07726   0.08363   0.07149   0.03780   0.13758   0.14206   0.03073   0.11057   0.16691  
  5 2126.5471   4219.305318  x:  0.00050   0.05186   0.05219   0.01259   0.00000   0.08436   0.00000   0.00000   0.00000   0.01689   0.36963   0.04622   0.04573   0.07493   0.19158   0.14835   0.06426   0.04668   0.04991   0.02639   0.07515   0.08138   0.07132   0.04037   0.13811   0.14050   0.03131   0.10946   0.16779  
  6 2267.6019   4212.437083  x:  0.00000   0.05268   0.05272   0.00923   0.00000   0.05216   0.00000   0.00000   0.00000   0.02614   0.37601   0.04861   0.04700   0.07617   0.19122   0.14364   0.06596   0.04656   0.05425   0.02957   0.07406   0.07947   0.07160   0.04215   0.13810   0.13650   0.03426   0.10872   0.16775  
  7 737.9450   4206.624470  x:  0.00059   0.04504   0.04955   0.01139   0.00000   0.00784   0.00000   0.00000   0.00000   0.01833   0.37128   0.04633   0.04187   0.07599   0.19081   0.13912   0.06617   0.04746   0.05652   0.03604   0.07819   0.08232   0.07231   0.03694   0.13680   0.13304   0.03630   0.10971   0.16471  
  8 455.3811   4206.315695  x:  0.00048   0.04894   0.04702   0.01097   0.00000   0.00476   0.00000   0.00000   0.00000   0.01969   0.36941   0.04884   0.04494   0.07605   0.19041   0.14121   0.06401   0.04808   0.05233   0.03483   0.07993   0.08393   0.07208   0.03427   0.13623   0.13401   0.03333   0.10982   0.16288  
  9 32.4778   4205.821824  x:  0.00037   0.05271   0.04437   0.01055   0.00457   0.00171   0.00000   0.00000   0.00000   0.02101   0.36766   0.05151   0.04811   0.07618   0.18998   0.14335   0.06180   0.04873   0.04826   0.03367   0.08174   0.08557   0.07186   0.03163   0.13564   0.13498   0.03036   0.10992   0.16099  
 10 622.8586   4205.236632  x:  0.00034   0.05143   0.04396   0.01029   0.00527   0.00000   0.00000   0.00000   0.00000   0.02144   0.36608   0.05287   0.04998   0.07656   0.18943   0.14848   0.06068   0.04843   0.04998   0.03107   0.08168   0.08578   0.07196   0.03497   0.13513   0.13808   0.02898   0.11050   0.16047  
 11 28.2519   4195.768128  x:  0.00070   0.04668   0.05192   0.00729   0.00621   0.00000   0.00000   0.00000   0.00000   0.02063   0.39891   0.06359   0.05073   0.08952   0.17529   0.17533   0.07210   0.05241   0.05133   0.02630   0.07655   0.07795   0.06561   0.01062   0.13352   0.15984   0.04266   0.11273   0.16806  
 12 19.0963   4174.449502  x:  0.00195   0.05711   0.04992   0.00289   0.00793   0.00000   0.00000   0.00000   0.00000   0.02104   0.49283   0.05533   0.02293   0.10484   0.14402   0.20636   0.08675   0.05865   0.01852   0.04073   0.09344   0.08885   0.06140   0.03178   0.13726   0.19657   0.06302   0.11010   0.18631  
 13 313.1089   4153.997320  x:  0.00333   0.05214   0.02639   0.00000   0.00606   0.00000   0.00000   0.00000   0.00000   0.01812   0.58756   0.02040   0.04749   0.09274   0.12975   0.19918   0.07285   0.04571   0.02770   0.04006   0.11081   0.10584   0.06337   0.02930   0.14771   0.20119   0.05060   0.09627   0.19577  
 14 381.1938   4150.931770  x:  0.00310   0.05694   0.02596   0.00016   0.00690   0.00000   0.00000   0.00000   0.00000   0.01926   0.60071   0.01131   0.03459   0.08256   0.13133   0.20039   0.06676   0.04532   0.03198   0.02677   0.10565   0.10136   0.06281   0.02774   0.14676   0.19615   0.04256   0.09294   0.19330  
 15 191.5509   4149.188391  x:  0.00307   0.05825   0.02617   0.00000   0.00696   0.00000   0.00000   0.00000   0.00000   0.01945   0.60937   0.01391   0.02493   0.07469   0.13377   0.19950   0.06183   0.04528   0.03556   0.02005   0.10436   0.10078   0.06323   0.02653   0.14692   0.19230   0.03619   0.09027   0.19196  
 16 682.5017   4148.389008  x:  0.00303   0.05822   0.01981   0.00007   0.00670   0.00000   0.00000   0.00000   0.00000   0.01903   0.61437   0.01602   0.02363   0.06609   0.13570   0.20166   0.06259   0.04846   0.03649   0.01991   0.10345   0.09964   0.06362   0.02650   0.14498   0.18966   0.03765   0.08795   0.19156  
 17 76.6290   4147.120227  x:  0.00302   0.05730   0.02496   0.00007   0.00669   0.01011   0.00000   0.00000   0.00000   0.01892   0.62039   0.01595   0.02561   0.05466   0.14148   0.20583   0.06204   0.05359   0.03609   0.02193   0.10494   0.10118   0.06513   0.02658   0.14240   0.18616   0.03772   0.08449   0.19069  
 18 147.0977   4144.926856  x:  0.00301   0.05498   0.03316   0.00008   0.00633   0.00000   0.00000   0.00000   0.00000   0.01847   0.63510   0.01633   0.02781   0.04191   0.15604   0.21362   0.05819   0.06036   0.03598   0.02637   0.10853   0.10497   0.06800   0.02630   0.13696   0.17741   0.03549   0.07764   0.18760  
 19 128.4066   4138.288152  x:  0.00308   0.04847   0.03789   0.00022   0.00422   0.00414   0.00000   0.00000   0.00000   0.01668   0.67585   0.01961   0.02329   0.06847   0.20123   0.22317   0.03912   0.05757   0.03989   0.03316   0.11836   0.11812   0.07256   0.02378   0.12918   0.15418   0.01832   0.06633   0.18012  
 20 165.6183   4134.178803  x:  0.00317   0.04893   0.04255   0.00030   0.00486   0.00333   0.00000   0.00000   0.00000   0.01727   0.69557   0.02142   0.02152   0.06623   0.22788   0.20796   0.05293   0.04873   0.04485   0.01791   0.12735   0.13492   0.06783   0.02333   0.14943   0.16799   0.00378   0.09354   0.18544  
 21 103.2418   4133.098120  x:  0.00306   0.04997   0.04440   0.00033   0.00523   0.00296   0.00000   0.00000   0.00000   0.01749   0.69937   0.02229   0.02104   0.06418   0.23539   0.20041   0.04304   0.04551   0.04545   0.01017   0.12870   0.13994   0.06714   0.02307   0.15946   0.17734   0.01283   0.09926   0.18813  
 22 127.2227   4132.506697  x:  0.00331   0.04997   0.04486   0.00033   0.00549   0.00232   0.00000   0.00000   0.00000   0.01764   0.69790   0.02222   0.02127   0.06557   0.23659   0.19103   0.03854   0.05572   0.04732   0.00831   0.12472   0.13948   0.06844   0.02370   0.17009   0.19001   0.01065   0.09202   0.19101  
 23 57.8630   4132.337401  x:  0.00339   0.05059   0.04548   0.00034   0.00575   0.00221   0.00000   0.00000   0.00000   0.01777   0.69591   0.02253   0.02073   0.06414   0.23545   0.18988   0.03944   0.05059   0.04713   0.00961   0.12236   0.13879   0.06928   0.02346   0.17477   0.19466   0.00973   0.08498   0.19169  
 24 30.9038   4132.252362  x:  0.00333   0.05070   0.04569   0.00034   0.00583   0.00204   0.00000   0.00000   0.00000   0.01786   0.69520   0.02259   0.02077   0.06486   0.23399   0.19130   0.04165   0.05098   0.04741   0.00685   0.12280   0.14168   0.06944   0.02348   0.17987   0.19192   0.01129   0.08139   0.19158  
 25  8.7712   4131.898050  x:  0.00340   0.05031   0.04612   0.00034   0.00597   0.00178   0.00000   0.00000   0.00000   0.01779   0.69625   0.02289   0.02096   0.06412   0.22443   0.19862   0.03851   0.05198   0.04749   0.01185   0.11656   0.14411   0.06464   0.02374   0.19768   0.18300   0.00970   0.08389   0.19180  
 26 13.2175   4130.700858  x:  0.00380   0.05191   0.04675   0.00035   0.00647   0.00107   0.00000   0.00000   0.00000   0.01779   0.70784   0.02332   0.02110   0.06468   0.20747   0.20382   0.03779   0.05194   0.04815   0.01455   0.10614   0.14930   0.09443   0.02152   0.20595   0.17941   0.00871   0.09262   0.18898  
 27 12.1040   4126.943101  x:  0.00431   0.05375   0.04824   0.00036   0.00726   0.00000   0.00000   0.00000   0.00000   0.01783   0.72446   0.02433   0.02223   0.06524   0.19556   0.20284   0.03873   0.05175   0.05193   0.01498   0.10207   0.15694   0.09095   0.02254   0.19892   0.18302   0.00927   0.09168   0.18465  
 28 27.5096   4126.943101  x:  0.00431   0.05375   0.04824   0.00036   0.00726   0.00000   0.00000   0.00000   0.00000   0.01783   0.72446   0.02433   0.02223   0.06524   0.19556   0.20284   0.03873   0.05175   0.05193   0.01498   0.10207   0.15694   0.09095   0.02254   0.19892   0.18302   0.00927   0.09168   0.18465  
 29 68.7738   4121.415505  x:  0.00664   0.05486   0.04814   0.01877   0.00838   0.00030   0.00000   0.00000   0.00000   0.01755   0.72514   0.02501   0.02334   0.06543   0.19555   0.20327   0.03926   0.05190   0.05299   0.01534   0.10208   0.15676   0.09062   0.02274   0.19883   0.18340   0.00986   0.09159   0.18499  
 30 2912.6418   4120.588648  x:  0.00785   0.05559   0.04806   0.01872   0.00841   0.00000   0.00000   0.00000   0.00000   0.01737   0.72562   0.02535   0.02386   0.06552   0.19554   0.20356   0.03961   0.05200   0.05368   0.01558   0.10208   0.15664   0.09039   0.02286   0.19876   0.18367   0.01023   0.09151   0.18523  
 31 447.9160   4116.267393  x:  0.00000   0.06720   0.04556   0.01854   0.01216   0.00000   0.00000   0.00000   0.00000   0.01509   0.73828   0.03081   0.02972   0.06752   0.19478   0.21001   0.04616   0.05353   0.06526   0.01912   0.10183   0.15310   0.08464   0.02500   0.19699   0.19029   0.01418   0.08903   0.19092  
 32 342.2959   4116.267393  x:  0.00000   0.06720   0.04556   0.01854   0.01216   0.00000   0.00000   0.00000   0.00000   0.01509   0.73828   0.03081   0.02972   0.06752   0.19478   0.21001   0.04616   0.05353   0.06526   0.01912   0.10183   0.15310   0.08464   0.02500   0.19699   0.19029   0.01418   0.08903   0.19092  
 33 258.6369   4109.935835  x:  0.03921   0.07519   0.04476   0.01291   0.00762   0.00000   0.00000   0.00000   0.00000   0.01491   0.74512   0.03179   0.03205   0.06844   0.19494   0.21372   0.04832   0.05383   0.07246   0.02063   0.10188   0.15138   0.08191   0.02580   0.19608   0.19331   0.01714   0.08806   0.19372  
 34 636.2825   4103.298397  x:  0.03148   0.09804   0.03772   0.00300   0.01137   0.00000   0.00000   0.00000   0.00000   0.01508   0.79722   0.03821   0.04223   0.07339   0.19083   0.23360   0.05892   0.05403   0.09698   0.02402   0.10058   0.13728   0.06342   0.02881   0.18942   0.21520   0.02031   0.07870   0.21273  
 35 162.2788   4100.667337  x:  0.02861   0.11164   0.03424   0.01395   0.01177   0.00000   0.00000   0.00000   0.00000   0.01505   0.83192   0.04073   0.04668   0.07636   0.18809   0.24594   0.06413   0.05359   0.11127   0.02550   0.10004   0.12830   0.05298   0.03049   0.18518   0.22879   0.02142   0.07310   0.22461  
 36 1156.0261   4098.396158  x:  0.02685   0.11552   0.03592   0.01425   0.00281   0.00000   0.00000   0.00000   0.00000   0.01479   0.85731   0.03668   0.04151   0.07670   0.18603   0.25164   0.06201   0.05145   0.11456   0.02396   0.10089   0.12347   0.05380   0.03067   0.18288   0.23524   0.01876   0.07156   0.23055  
 37 286.4118   4093.955380  x:  0.02757   0.12113   0.04268   0.01382   0.00970   0.00000   0.00000   0.00000   0.00000   0.01441   0.93088   0.02433   0.02321   0.07599   0.18020   0.26477   0.05169   0.04503   0.11771   0.01797   0.10482   0.11157   0.06315   0.03012   0.17716   0.25026   0.00936   0.07008   0.24484  
 38 627.1380   4087.307619  x:  0.03093   0.10707   0.05087   0.01399   0.00963   0.00000   0.00000   0.00000   0.00000   0.01886   1.08806   0.03280   0.04689   0.06459   0.16937   0.27461   0.03804   0.05301   0.09580   0.01343   0.12217   0.10003   0.09238   0.02386   0.17185   0.26382   0.00644   0.08479   0.25915  
 39 303.6627   4084.127460  x:  0.03290   0.09519   0.04544   0.01393   0.00951   0.00000   0.00000   0.00000   0.00000   0.00859   1.15826   0.03478   0.04153   0.06372   0.16699   0.27257   0.04985   0.05997   0.08239   0.01628   0.13012   0.10057   0.09372   0.02664   0.17266   0.26245   0.01288   0.09014   0.25779  
 40 346.9604   4082.173658  x:  0.03474   0.08511   0.03905   0.01379   0.00925   0.00000   0.00000   0.00000   0.00000   0.01862   1.21555   0.03566   0.03480   0.06516   0.16625   0.26858   0.05982   0.06347   0.07175   0.01841   0.13570   0.10288   0.08961   0.02873   0.17441   0.25829   0.01768   0.09276   0.25349  
 41 688.4828   4078.856236  x:  0.03730   0.07526   0.03456   0.01260   0.00929   0.00000   0.00000   0.00000   0.00000   0.01648   1.30392   0.03467   0.03874   0.07553   0.17133   0.25214   0.05494   0.04993   0.06331   0.01465   0.13728   0.11356   0.06405   0.02311   0.18145   0.23698   0.01393   0.08712   0.23175  
 42 229.3097   4077.646716  x:  0.03596   0.07921   0.04276   0.01265   0.00952   0.00000   0.00000   0.00000   0.00000   0.01676   1.34300   0.03517   0.03951   0.07608   0.17717   0.24105   0.05115   0.05083   0.07118   0.01648   0.13375   0.12164   0.06229   0.03559   0.18622   0.22118   0.01787   0.08381   0.21655  
 43 153.3039   4076.928015  x:  0.03446   0.08538   0.04229   0.01296   0.00957   0.00000   0.00000   0.00000   0.00000   0.01696   1.36561   0.03402   0.03784   0.07165   0.18263   0.23288   0.05181   0.05669   0.08100   0.01822   0.12655   0.12696   0.06696   0.02695   0.18948   0.20968   0.02015   0.08138   0.20625  
 44 108.1645   4076.840104  x:  0.03446   0.08595   0.03856   0.01303   0.00946   0.00000   0.00000   0.00000   0.00000   0.01686   1.36865   0.03435   0.03821   0.07031   0.18429   0.23097   0.05230   0.05468   0.08166   0.01882   0.12118   0.12774   0.06928   0.02832   0.18977   0.20883   0.01868   0.08208   0.20586  
 45 25.4931   4076.780249  x:  0.03456   0.08555   0.04056   0.01304   0.00948   0.00000   0.00000   0.00000   0.00000   0.01693   1.37098   0.03489   0.03822   0.07120   0.18631   0.22925   0.05363   0.05346   0.08079   0.02112   0.11335   0.12914   0.06970   0.02767   0.18985   0.20942   0.01834   0.08375   0.20730  
 46 19.0478   4076.765993  x:  0.03465   0.08497   0.04026   0.01301   0.00953   0.00000   0.00000   0.00000   0.00000   0.01691   1.37159   0.03387   0.03847   0.07112   0.18690   0.22926   0.05263   0.05499   0.08044   0.02160   0.11102   0.13088   0.06903   0.02796   0.18976   0.20989   0.01823   0.08367   0.20831  
 47  9.4651   4076.760221  x:  0.03468   0.08475   0.04018   0.01301   0.00947   0.00000   0.00000   0.00000   0.00000   0.01686   1.37188   0.03482   0.03799   0.07093   0.18713   0.22966   0.05213   0.05526   0.08039   0.02147   0.11033   0.13257   0.06891   0.02794   0.18965   0.21011   0.01815   0.08330   0.20891  
 48  6.2058   4076.753928  x:  0.03464   0.08467   0.04035   0.01303   0.00949   0.00000   0.00000   0.00000   0.00000   0.01689   1.37224   0.03442   0.03829   0.07082   0.18727   0.23051   0.05273   0.05466   0.08045   0.02100   0.11006   0.13514   0.06932   0.02786   0.18943   0.21029   0.01838   0.08292   0.20947  
 49  4.7714   4076.739558  x:  0.03444   0.08639   0.04002   0.01303   0.00949   0.00000   0.00000   0.00000   0.00000   0.01688   1.37314   0.03437   0.03810   0.07160   0.18662   0.23188   0.05253   0.05479   0.07973   0.01970   0.10936   0.13651   0.06917   0.02783   0.18843   0.21056   0.01902   0.08500   0.20832  
 50  1.3491   4076.634284  x:  0.03425   0.08803   0.04049   0.01299   0.00946   0.00000   0.00000   0.00000   0.00000   0.01683   1.37982   0.03410   0.03796   0.06966   0.18155   0.23665   0.05275   0.05447   0.07809   0.02374   0.10722   0.13798   0.06871   0.02780   0.18317   0.21357   0.01708   0.08374   0.20145  
 51  3.4541   4076.274056  x:  0.03352   0.08198   0.03928   0.01290   0.00917   0.00000   0.00000   0.00000   0.00000   0.01656   1.40296   0.03392   0.03737   0.07314   0.17274   0.24236   0.05080   0.05264   0.08397   0.02184   0.10178   0.13388   0.07031   0.02735   0.17568   0.21473   0.02369   0.07971   0.19993  
 52 11.9994   4075.522220  x:  0.03213   0.08412   0.04141   0.01268   0.00870   0.00000   0.00000   0.00000   0.00000   0.01623   1.44906   0.03393   0.03695   0.07478   0.16633   0.24460   0.05642   0.05635   0.08847   0.01406   0.10004   0.12786   0.06875   0.02889   0.17120   0.21474   0.01495   0.07617   0.20841  
 53 47.4166   4073.836914  x:  0.02609   0.10148   0.03929   0.01238   0.00775   0.00000   0.00000   0.00000   0.00000   0.01522   1.55982   0.02998   0.03234   0.07175   0.16349   0.24476   0.05336   0.04996   0.09522   0.02395   0.11052   0.11971   0.06273   0.02802   0.17150   0.22050   0.01249   0.07936   0.23727  
 54 146.0633   4073.504926  x:  0.02504   0.10346   0.03856   0.01233   0.00751   0.00000   0.00000   0.00000   0.00000   0.01497   1.58147   0.02981   0.03208   0.07555   0.17857   0.24984   0.05291   0.05055   0.09339   0.02113   0.11235   0.11560   0.06536   0.02794   0.18122   0.23449   0.01397   0.07405   0.23269  
 55 30.0541   4073.474604  x:  0.02499   0.10183   0.03921   0.01232   0.00751   0.00000   0.00000   0.00000   0.00000   0.01498   1.58343   0.02969   0.03185   0.07280   0.18086   0.25120   0.05314   0.05008   0.09490   0.02002   0.11244   0.11500   0.06392   0.02797   0.18232   0.23615   0.01400   0.07583   0.23168  
 56 13.0970   4073.472606  x:  0.02498   0.10137   0.03912   0.01232   0.00750   0.00000   0.00000   0.00000   0.00000   0.01497   1.58359   0.02972   0.03185   0.07331   0.18126   0.25155   0.05314   0.05018   0.09552   0.02042   0.11271   0.11512   0.06403   0.02795   0.18224   0.23614   0.01345   0.07640   0.23155  
 57  2.7071   4073.470665  x:  0.02496   0.10134   0.03913   0.01231   0.00750   0.00000   0.00000   0.00000   0.00000   0.01496   1.58392   0.02973   0.03187   0.07326   0.18248   0.25257   0.05312   0.05019   0.09515   0.02065   0.11275   0.11471   0.06403   0.02797   0.18135   0.23505   0.01345   0.07628   0.23174  
 58  0.6015   4073.007678  x:  0.02211   0.09797   0.04211   0.01180   0.00780   0.00000   0.00000   0.00000   0.00000   0.01451   1.68704   0.03110   0.03453   0.07106   0.18078   0.25158   0.05238   0.05295   0.09065   0.01881   0.11410   0.11959   0.06966   0.02881   0.18472   0.22979   0.01522   0.07989   0.22811  
 59  0.2369   4073.002291  x:  0.02208   0.09790   0.04215   0.01180   0.00781   0.00000   0.00000   0.00000   0.00000   0.01450   1.68823   0.03112   0.03455   0.07102   0.18182   0.24963   0.05239   0.05300   0.09086   0.01834   0.11473   0.11990   0.06968   0.02879   0.18219   0.23094   0.01544   0.07988   0.22794  
 60  2.9947   4072.967041  x:  0.02102   0.09704   0.04074   0.01166   0.00805   0.00000   0.00000   0.00000   0.00000   0.01477   1.70665   0.03129   0.03464   0.07211   0.18155   0.24857   0.05272   0.05235   0.09088   0.01934   0.11411   0.11875   0.06734   0.02823   0.18233   0.23049   0.01460   0.07892   0.22725  
 61  0.0159   4072.964499  x:  0.02054   0.09685   0.04065   0.01172   0.00813   0.00000   0.00000   0.00000   0.00000   0.01498   1.70601   0.03113   0.03433   0.07186   0.18127   0.24912   0.05260   0.05234   0.09050   0.01928   0.11428   0.11854   0.06759   0.02827   0.18204   0.23086   0.01481   0.07911   0.22758  
 62  0.0009   4072.963941  x:  0.02032   0.09684   0.04076   0.01177   0.00817   0.00000   0.00000   0.00000   0.00000   0.01498   1.70322   0.03114   0.03440   0.07191   0.18150   0.24897   0.05254   0.05229   0.09054   0.01924   0.11421   0.11881   0.06758   0.02825   0.18216   0.23077   0.01464   0.07905   0.22756  
 63  0.0018   4072.963885  x:  0.02026   0.09686   0.04075   0.01178   0.00815   0.00000   0.00000   0.00000   0.00000   0.01495   1.70275   0.03116   0.03438   0.07194   0.18148   0.24891   0.05258   0.05233   0.09059   0.01925   0.11423   0.11869   0.06758   0.02825   0.18217   0.23072   0.01469   0.07907   0.22748  
 64  0.0004   4072.963882  x:  0.02025   0.09686   0.04074   0.01178   0.00815   0.00000   0.00000   0.00000   0.00000   0.01494   1.70278   0.03115   0.03439   0.07192   0.18149   0.24893   0.05258   0.05233   0.09058   0.01925   0.11422   0.11872   0.06757   0.02826   0.18217   0.23072   0.01469   0.07906   0.22749  
 65  0.0001   4072.963882  x:  0.02025   0.09686   0.04074   0.01178   0.00814   0.00000   0.00000   0.00000   0.00000   0.01494   1.70277   0.03116   0.03439   0.07192   0.18149   0.24893   0.05258   0.05233   0.09058   0.01925   0.11422   0.11872   0.06757   0.02826   0.18217   0.23072   0.01469   0.07906   0.22749  
 66  0.0000   4072.963882  x:  0.02025   0.09686   0.04074   0.01178   0.00814   0.00000   0.00000   0.00000   0.00000   0.01494   1.70277   0.03116   0.03439   0.07192   0.18149   0.24893   0.05258   0.05233   0.09058   0.01925   0.11422   0.11872   0.06757   0.02826   0.18217   0.23072   0.01469   0.07906   0.22749  
 67  0.0000   4072.963882  x:  0.02025   0.09686   0.04074   0.01178   0.00814   0.00000   0.00000   0.00000   0.00000   0.01494   1.70277   0.03116   0.03439   0.07192   0.18149   0.24893   0.05258   0.05233   0.09058   0.01925   0.11422   0.11872   0.06757   0.02826   0.18217   0.23072   0.01469   0.07906   0.22749  
 68  0.0000   4072.963882  x:  0.02025   0.09686   0.04074   0.01178   0.00814   0.00000   0.00000   0.00000   0.00000   0.01494   1.70277   0.03116   0.03439   0.07192   0.18149   0.24893   0.05258   0.05233   0.09058   0.01925   0.11422   0.11872   0.06757   0.02826   0.18217   0.23072   0.01469   0.07906   0.22749  
 69  0.0000   4072.963882  x:  0.02025   0.09686   0.04074   0.01178   0.00814   0.00000   0.00000   0.00000   0.00000   0.01494   1.70277   0.03116   0.03439   0.07192   0.18149   0.24893   0.05258   0.05233   0.09058   0.01925   0.11422   0.11872   0.06757   0.02826   0.18217   0.23072   0.01469   0.07906   0.22749  