     1    475    238


 1

     1      1    -3.2655871508   0.038174514306      18.1329  --------------NN
     2      1    -2.6661710056   0.069517900000      33.0210  --------------S-
     3      1    -3.3446034605   0.035274200000      16.7552  --------------Y-
     4      1    -8.4298985393   0.000218243632       0.1037  -SSSSSSSSSSSSSNN
     5      4    -3.2796412793   0.037641757262      17.8798  AAAAAAAA-AAAAAAA
     6      9    -3.2827270023   0.037525784248      17.8247  AAAAAAAAAAAAAAAA
     7      1    -8.4027916273   0.000224240454       0.1065  AAAAAAAAAAAAEAAA
     8      1    -9.7084149184   0.000060769963       0.0289  AAAAAAASAAAAAAAA
     9      1   -14.2260906002   0.000000663265       0.0003  AAAAAATTTTTTTAAA
    10      1    -9.0850418126   0.000113348682       0.0538  AAAAAAVAAAAAAAAA
    11      1    -9.4991061536   0.000074918766       0.0356  AAAARAAA-AAAAAAA
    12      1   -20.6481335052   0.000000001078       0.0000  AAVATAAAAAAAHAAA
    13      1   -13.0981179756   0.000002049083       0.0010  ADDDDNNNNNNNDDDD
    14      1   -17.2646917298   0.000000031772       0.0000  AFFAVVVV-VVVVVVV
    15      1   -16.9796547058   0.000000042250       0.0000  AGGAGSSS-SSSGGGG
    16      1    -8.4077538767   0.000223130473       0.1060  AKKAAAAA-AAAAAAA
    17      1   -25.2384715243   0.000000000011       0.0000  AMMRMTTTTTTTTTTT
    18      1   -19.5561318143   0.000000003213       0.0000  ASSSLLLL-LLLSSSS
    19      1    -6.9948724201   0.000916569721       0.4354  ASSSSSSS-SSSSSSS
    20      1   -11.2385226213   0.000013157447       0.0062  ASSSSSSSSSSSSSAA
    21      1    -7.6013652812   0.000499768643       0.2374  ATTAAAAA-AAAAAAA
    22      1    -7.4029787591   0.000609434696       0.2895  ATTTTTTT-TTTTTTT
    23      1   -27.2767251414   0.000000000001       0.0000  AVGVAVGGGGGGVVVV
    24      1   -11.9833267183   0.000006247515       0.0030  AVVTTTTTTTTTTTTT
    25      1   -11.8076776825   0.000007447161       0.0035  AVVVAAAAAAAAAAAA
    26      7    -4.3126565455   0.013397910118       6.3640  CCCCCCCC-CCCCCCC
    27      4    -4.3140029686   0.013379883001       6.3554  CCCCCCCCCCCCCCCC
    28      1    -9.6940091350   0.000061651738       0.0293  CCCCCCCCCCCCCCSS
    29      1   -14.1933064122   0.000000685370       0.0003  CFFYYYYYYYYYYYYY
    30      1   -17.5540662803   0.000000023788       0.0000  CYYCCCCCCCCCCCYY
    31      1    -8.5978921580   0.000184494269       0.0876  DAADDDDDDDDDDDDD
    32      2    -3.6008476274   0.027300571924      12.9678  DDDDDDDD-DDDDDDD
    33      1    -9.9919534681   0.000045766715       0.0217  DDDDDDDD-NDDDDDD
    34      1   -14.6215091431   0.000000446642       0.0002  DDDDDDDDDDDDDANN
    35     12    -3.6035809778   0.027226051787      12.9324  DDDDDDDDDDDDDDDD
    36      1    -7.6638939875   0.000469475714       0.2230  DDDDDDDDDDDDDDEE
    37      1    -8.9462262302   0.000130227683       0.0619  DDDDDDDDDDDDGDDD
    38      1   -12.2673397726   0.000004702860       0.0022  DDDDDDEDDDDDEDDD
    39      1    -8.3976272781   0.000225401505       0.1071  DDDDDNNN-NNNDDDD
    40      1   -28.1858599065   0.000000000001       0.0000  DDDDHEDN-HHHDDDD
    41      1   -13.4045375001   0.000001508285       0.0007  DDDGDDEDDDDDDDDD
    42      1    -8.4504679342   0.000213800347       0.1016  DDNDDDDDDDDDDDDD
    43      1    -7.5015387061   0.000552233990       0.2623  DNNDDDDDDDDDDDDD
    44      1    -8.4756201991   0.000208489850       0.0990  DSSDDDDD-DDDDDDD
    45      1   -19.3564604937   0.000000003923       0.0000  EDDDGDDDDDDDDHDD
    46      1   -21.5325386610   0.000000000445       0.0000  EDEDEDEEEEEEEEDE
    47      1    -8.0936731185   0.000305465682       0.1451  EEDEEEEE-EEEEEEE
    48      1   -12.2653458584   0.000004712246       0.0022  EEEAEDDDDDDDEEEE
    49      1    -7.3773721981   0.000625241741       0.2970  EEEEDEEEEEEEEEEE
    50      1   -16.5592969682   0.000000064326       0.0000  EEEEDEEEEEEEEEEG
    51      1    -9.4403122625   0.000079455594       0.0377  EEEEEEEE-EEEEAEE
    52      5    -3.7677695663   0.023103536769      10.9742  EEEEEEEE-EEEEEEE
    53      1    -8.4840279835   0.000206744261       0.0982  EEEEEEEEEEEEAEEE
    54     15    -3.7711858206   0.023024743876      10.9368  EEEEEEEEEEEEEEEE
    55      1    -9.5095445270   0.000074140803       0.0352  EEEEEEEEEEEEGEEE
    56      1   -12.7122754528   0.000003013901       0.0014  EEEEKEEEEEEEKEEE
    57      1    -7.9165869709   0.000364644748       0.1732  EEEKEEEEEEEEEEEE
    58      1   -14.7449949717   0.000000394757       0.0002  ENNSSNNN-NNNSSSS
    59      1   -27.1026266066   0.000000000002       0.0000  ERREEDDD-DDDKKGG
    60      1   -13.5541082757   0.000001298750       0.0006  ESSSGSSS-SSSSSSS
    61      2    -3.7921541926   0.022546978963      10.7098  FFFFFFFF-FFFFFFF
    62     11    -3.7941255681   0.022502574185      10.6887  FFFFFFFFFFFFFFFF
    63      1   -16.6441230990   0.000000059095       0.0000  FFFFFFSSSSSSFLFF
    64      1    -8.7957840575   0.000151369899       0.0719  FFFFFLFFFFFFFFFF
    65      1   -11.9157687766   0.000006684168       0.0032  FFFIFFFFFFFFFFII
    66      1   -11.8315335624   0.000007271605       0.0035  FLLLFFFF-FFFFFFF
    67      1   -18.9622412085   0.000000005818       0.0000  FLLVFFFF-FFFVFFF
    68      1   -14.4184648381   0.000000547193       0.0003  FLSFFFFF-FFFFFFF
    69      1    -9.0740699602   0.000114599174       0.0544  FYFFFFFFFFFFFFFF
    70      1   -14.2428276784   0.000000652257       0.0003  FYYCYYYYYYYYYYYY
    71      2    -7.3782323211   0.000624704187       0.2967  FYYYYYYYYYYYYYYY
    72      1    -7.3114066098   0.000667876949       0.3172  GAAGGGGGGGGGGGGG
    73      1    -8.7815664147   0.000153537394       0.0729  GAGGGGGGGGGGGGGG
    74      1   -13.0685808619   0.000002110510       0.0010  GEDDDDDDDDDDDDDD
    75      1   -14.9715971721   0.000000314715       0.0001  GEEEEEEEEEEEEEVV
    76      1   -23.0269552813   0.000000000100       0.0000  GGG-G-TK-KKKGRGG
    77      4    -2.8581879417   0.057372628678      27.2520  GGGGGGGG-GGGGGGG
    78     11    -2.8595625804   0.057293816226      27.2146  GGGGGGGGGGGGGGGG
    79      1   -15.2551049293   0.000000237024       0.0001  GGGRGGGG-GGGRGGG
    80      1   -10.3489597084   0.000032026089       0.0152  GRGGGGGG-GGGGGGG
    81      1    -4.4548435350   0.011622138191       5.5205  HHHHHHHH-HHHHHHH
    82      1    -4.4575849154   0.011590321119       5.5054  HHHHHHHHHHHHHHHH
    83      1    -9.0084780471   0.000122367953       0.0581  HHHHYHHHHHHHHHHH
    84      1   -12.3936102734   0.000004144990       0.0020  HHHYYHHHHHHHHHYY
    85      1   -10.1162150026   0.000040418822       0.0192  HHRHHHHH-HHHHHHH
    86     20    -3.9478717306   0.019295724607       9.1655  IIIIIIIIIIIIIIII
    87      1    -8.3898241299   0.000227167227       0.1079  IIIIIIVIIIIIIIII
    88      1    -8.6364012249   0.000177524625       0.0843  IIIIIIVVVVVVIIII
    89      1    -8.9083442243   0.000135255602       0.0642  IIIITIIIIIIIIIII
    90      1    -6.8723745579   0.001036014066       0.4921  IIIVIIIIIIIIIIII
    91      1   -20.5715719211   0.000000001164       0.0000  ITTIITTTTTTTIITI
    92      1    -6.8212251752   0.001090384192       0.5179  IVVIIIII-IIIIIII
    93      1   -12.3302832203   0.000004415969       0.0021  IVVIIIIIIIIIIIMM
    94      1   -15.1667301871   0.000000258924       0.0001  IVVMIIII-IIIIIVV
    95      1   -12.0371566979   0.000005920103       0.0028  IVVMVVVVVVVVVVVV
    96      1    -6.5268143376   0.001463661161       0.6952  IVVVVVVVVVVVVVVV
    97      1   -22.3398543079   0.000000000199       0.0000  KIIIIIII-IIVIITI
    98      4    -3.6189490201   0.026810839345      12.7351  KKKKKKKK-KKKKKKK
    99      1    -8.2556507406   0.000259786416       0.1234  KKKKKKKKKKKKEKKK
   100     15    -3.6220552228   0.026727688651      12.6957  KKKKKKKKKKKKKKKK
   101      1    -9.9078179962   0.000049783946       0.0236  KKKKKKKKRRKKKKKK
   102      1    -8.2375345885   0.000264535635       0.1257  KKKKKRRRRRRRKKKK
   103      1    -8.6348871130   0.000177793621       0.0845  KKKKTKKKKKKKKKKK
   104      1   -11.5865319244   0.000009290372       0.0044  KKKRKKKK-KKKRKKK
   105      1    -8.3535144333   0.000235567177       0.1119  KKRKKKKKKKKKKKKK
   106      1    -8.0565434938   0.000317020698       0.1506  KNNNNNNN-NNNNNNN
   107      1   -19.6564465980   0.000000002906       0.0000  KRRIRRRRRRRRRRTT
   108      1   -10.2827168356   0.000034219434       0.0163  KRRRRKKKKKKKRRRR
   109      1   -14.4329620911   0.000000539317       0.0003  L--LLVLLLLLLQLLL
   110      1    -7.2843824641   0.000686171841       0.3259  LIIIIIIIIIIIIIII
   111      1    -8.6927024371   0.000167805928       0.0797  LLLLLFFFFFFFLLLL
   112      1    -7.6163550099   0.000492333114       0.2339  LLLLLLLL-LLLILLL
   113     13    -2.9922896650   0.050172427056      23.8319  LLLLLLLL-LLLLLLL
   114     22    -2.9942949434   0.050071918180      23.7842  LLLLLLLLLLLLLLLL
   115      1    -8.3435379934   0.000237929061       0.1130  LLLLLVLL-LLLLLLL
   116      1   -19.0285570323   0.000000005445       0.0000  LLLLLVVL-LLLLLII
   117      1    -9.2638341594   0.000094791183       0.0450  LLLLSLLLLLLLLLLL
   118      1    -7.6079642364   0.000496481549       0.2358  LLLLVLLLLLLLLLLL
   119      1   -14.2237972040   0.000000664788       0.0003  LTTLLIIIIIIILLLL
   120      1   -30.9958831234   0.000000000000       0.0000  MCNATAAAAAAATTTT
   121      1    -8.5011576090   0.000203232968       0.0965  MIIIIIIIIIIIIIII
   122      1    -4.9270594431   0.007247784499       3.4427  MMMMMMMM-MMMMMMM
   123      4    -4.9307117951   0.007221361322       3.4301  MMMMMMMMMMMMMMMM
   124      1   -18.4371516980   0.000000009837       0.0000  MTTAASAAAAAAAAAA
   125      1   -24.5476756921   0.000000000022       0.0000  MVVMLMML-VVVMMMM
   126      1    -7.8517598237   0.000389066677       0.1848  NKKKKKKKKKKKKKKK
   127      1   -13.1217975412   0.000002001132       0.0010  NKKNNNNNNNNNNDNN
   128      1   -12.3952949828   0.000004138012       0.0020  NNDSNNNN-NNNNNNN
   129      1    -8.9783037161   0.000126116596       0.0599  NNNHNNNNNNNNNNNN
   130      1    -8.0543525697   0.000317716027       0.1509  NNNNDNNNNNNNNNNN
   131      1    -8.7930353367   0.000151786544       0.0721  NNNNNDNNNNNNNNNN
   132      1   -16.9787421234   0.000000042289       0.0000  NNNNNNNN-HHNNNDD
   133      1    -8.2343930772   0.000265367984       0.1260  NNNNNNNNNNNNDNNN
   134     10    -4.3309142940   0.013155513982       6.2489  NNNNNNNNNNNNNNNN
   135      1    -9.8133957554   0.000054713737       0.0260  NNNNNNNNNNNNNNSN
   136      1   -13.2150722887   0.000001822918       0.0009  NNNNNSNNNNNNNNSS
   137      1   -12.8250622374   0.000002692441       0.0013  NNNSHNNNNNNNNNNN
   138      1   -12.4046937180   0.000004099303       0.0019  NNNSNSSSSSSSNNNN
   139      1    -8.9051810336   0.000135684118       0.0644  NNSNNNNN-NNNNNNN
   140      1   -12.7532490550   0.000002892906       0.0014  NNSNSNNNNNNNNNNN
   141      1    -7.9589406295   0.000349523196       0.1660  PAAPPPPPPPPPPPPP
   142      1   -12.3224110571   0.000004450870       0.0021  PAAVAAAAAAAAAAAA
   143      1   -13.7260899923   0.000001093540       0.0005  PPPAPPPPPPPPPPTT
   144      1    -9.9274329845   0.000048816949       0.0232  PPPPPPPP-PPPPPSP
   145      8    -3.5395787911   0.029025550327      13.7871  PPPPPPPPPPPPPPPP
   146      1   -11.8742984076   0.000006967191       0.0033  PPPPPPPPPPTPPPPP
   147      1    -9.1142536820   0.000110085449       0.0523  PPPPTPPPPPPPPPPP
   148      1    -8.3288839602   0.000241441353       0.1147  PSSSSSSS-SSSSSSS
   149      1   -32.4190597272   0.000000000000       0.0000  PTTITMMM-IMMITTT
   150      1   -14.0468630450   0.000000793460       0.0004  QHHHHHHH-HHHDHHH
   151      1   -18.1331723761   0.000000013331       0.0000  QKEKKKRKKKKKKKKK
   152      1   -12.1866400964   0.000005098113       0.0024  QKKKKRRRRRRRKKKK
   153      2    -4.3353090085   0.013097826108       6.2215  QQQQQQQQ-QQQQQQQ
   154      1   -11.3288812197   0.000012020690       0.0057  QQQQQQQQEQQQQQQQ
   155      3    -4.3391204207   0.013047999909       6.1978  QQQQQQQQQQQQQQQQ
   156      1   -35.5901244125   0.000000000000       0.0000  QRRSRRHHHHHHRCCC
   157      1    -9.5716962604   0.000069673100       0.0331  REEEEEEEEEEEEEEE
   158      1   -26.8560640003   0.000000000002       0.0000  RHH-NHRH-HHHNNSN
   159      1   -11.3538695812   0.000011724035       0.0056  RKKRRKKK-KKKRRRR
   160      1   -17.0107048488   0.000000040959       0.0000  RKRKKKKK-KKKKRKK
   161      1   -16.6664252435   0.000000057791       0.0000  RQKRKKKK-KKKKKKK
   162      1    -8.3685211477   0.000232058480       0.1102  RQQRRRRRRRRRRRRR
   163      1   -19.0237199591   0.000000005471       0.0000  RQQXGKQQ-QQQQQQQ
   164      1    -7.3035120112   0.000673170437       0.3198  RRRKRRRRRRRRRRRR
   165      1    -8.3830262099   0.000228716752       0.1086  RRRQRRRRRRRRRRRR
   166      1   -10.7071766796   0.000022383719       0.0106  RRRRMRRRRRRRRRRR
   167      1   -12.0184165193   0.000006032093       0.0029  RRRRRKKKKKKKKRRR
   168      1    -7.7058830789   0.000450170986       0.2138  RRRRRRRR-RRRKRRR
   169      3    -3.8521566620   0.021233892693      10.0861  RRRRRRRR-RRRRRRR
   170      1    -7.9881701201   0.000339454677       0.1612  RRRRRRRRRRRRRRKK
   171      1    -9.0787403290   0.000114065202       0.0542  RRRRRRRRRRRRRRQQ
   172      8    -3.8548480144   0.021176821638      10.0590  RRRRRRRRRRRRRRRR
   173      1    -7.1982960879   0.000747859009       0.3552  SAASSSSS-SSSSSSS
   174      1   -16.3382404480   0.000000080240       0.0000  SFFSSSSSSSSSFSSS
   175      1   -33.8291413025   0.000000000000       0.0000  SLLSSSTTTTAALSSS
   176      1   -16.2374896203   0.000000088746       0.0000  SNNHNNNNNNNNDNNN
   177      1   -18.9557670729   0.000000005856       0.0000  SNNSSSSSNNNNNSSS
   178      1   -12.7097238491   0.000003021601       0.0014  SPPNSSSSSSSSSSSS
   179      1    -8.5175417782   0.000199930295       0.0950  SPPSSSSSSSSSSSSS
   180      1   -12.7821547219   0.000002810482       0.0013  SSNNNNNNNNNNNNNN
   181      1   -14.3256870883   0.000000600390       0.0003  SSNSSGSSSSSSSSSS
   182      1    -7.2558290842   0.000706046764       0.3354  SSSASSSSSSSSSSSS
   183      1   -13.6252318692   0.000001209587       0.0006  SSSFASSS-SSSSSSS
   184      1   -28.7311777608   0.000000000000       0.0000  SSSGGSTS-SSSSGVG
   185      1    -9.4607054432   0.000077851652       0.0370  SSSLSSSS-SSSSSSS
   186      1   -18.9598961041   0.000000005832       0.0000  SSSNSNNNNNNNNNSS
   187      2    -7.4905731006   0.000558322894       0.2652  SSSSASSSSSSSSSSS
   188      1    -8.4194725900   0.000220530932       0.1048  SSSSGSSSSSSSSSSS
   189      1   -10.5929887642   0.000025091316       0.0119  SSSSSCSSSSSSSSSS
   190      1    -8.8642895077   0.000141347451       0.0671  SSSSSNSSSSSSSSSS
   191      6    -3.7041690999   0.024620666185      11.6948  SSSSSSSS-SSSSSSS
   192      1    -9.9045498890   0.000049946911       0.0237  SSSSSSSSSSSSLSSS
   193      1    -9.9932660688   0.000045706681       0.0217  SSSSSSSSSSSSSPSS
   194     15    -3.7080145438   0.024526170601      11.6499  SSSSSSSSSSSSSSSS
   195      1    -8.7145716481   0.000164175981       0.0780  SSSSSSSSSSSSSTSS
   196      1    -7.3458512602   0.000645263847       0.3065  SSSTSSSS-SSSSSSS
   197      1    -7.2948186899   0.000679048034       0.3225  STTSSSSS-SSSSSSS
   198      1    -7.6251950484   0.000488000051       0.2318  TAATTTTTTTTTTTTT
   199      1   -18.4444794877   0.000000009765       0.0000  TFCFFFFF-FFFFFFF
   200      1    -8.4102740378   0.000222568856       0.1057  TIIIIIIIIIIIIIII
   201      1   -19.3223527042   0.000000004059       0.0000  TIITATIT-TTTTTTT
   202      1   -28.3181006648   0.000000000001       0.0000  TNNNTTTTIIIINTNN
   203      1   -13.6159061206   0.000001220920       0.0006  TRKRRRRRRRRRRRRR
   204      1   -16.9926855204   0.000000041703       0.0000  TSSATTAAAAAATTTT
   205      1    -7.1669132128   0.000771701136       0.3666  TSSTTTTT-TTTTTTT
   206      1   -18.7212636777   0.000000007404       0.0000  TTTAMATTTTTTTTTT
   207      1    -7.1916422247   0.000752851753       0.3576  TTTSTTTT-TTTTTTT
   208      6    -3.6591170448   0.025755243417      12.2337  TTTTTTTT-TTTTTTT
   209      1   -11.6208140722   0.000008977276       0.0043  TTTTTTTTTTITTTTT
   210      1   -12.5108158819   0.000003686563       0.0018  TTTTTTTTTTTTMMTT
   211      1    -8.3664314841   0.000232543911       0.1105  TTTTTTTTTTTTTTAA
   212      1   -10.2017035591   0.000037107051       0.0176  TTTTTTTTTTTTTTMM
   213     15    -3.6623073482   0.025673207305      12.1948  TTTTTTTTTTTTTTTT
   214      1   -10.4928573797   0.000027733836       0.0132  VIIIIVII-IIIIIII
   215      1   -24.4194370684   0.000000000025       0.0000  VIISFVVV-VVVYFFF
   216      2    -6.7419725351   0.001180316643       0.5607  VIIVVVVV-VVVVVVV
   217      1   -14.9009858762   0.000000337741       0.0002  VIVVVVVA-VVVVVVV
   218      1    -7.1186607258   0.000809850637       0.3847  VLLLLLLLLLLLLLLL
   219      1   -22.8064848743   0.000000000125       0.0000  VMMMVMMMMMMMVMVV
   220      1   -21.2571143090   0.000000000586       0.0000  VTIVITTT-TTTIIII
   221      1   -16.2796023667   0.000000085086       0.0000  VTT-IVVV-VVVVIVV
   222      1   -20.4422180925   0.000000001325       0.0000  VVIPPIVVVVVVPPPP
   223      1   -10.3924690616   0.000030662533       0.0146  VVVDVVVVVVVVVVVV
   224      1    -7.0033057516   0.000908872487       0.4317  VVVVIVVVVVVVVVVV
   225      1   -11.4450008012   0.000010702847       0.0051  VVVVVIVVVVVVIVVV
   226      1    -3.4535068344   0.031634504664      15.0264  VVVVVVVV-VVVVVVV
   227      1    -9.7385317700   0.000058967049       0.0280  VVVVVVVVVVVIVVVV
   228      1    -8.3139363383   0.000245077434       0.1164  VVVVVVVVVVVVVVLL
   229     15    -3.4565046370   0.031539812667      14.9814  VVVVVVVVVVVVVVVV
   230      1    -4.5914321569   0.010138328294       4.8157  WWWWWWWW-WWWWWWW
   231      3    -4.5927214954   0.010125264981       4.8095  WWWWWWWWWWWWWWWW
   232      1    -3.3267136736   0.035910926386      17.0577  XXX-XXXX-XXXXXQQ
   233      1    -8.5219601206   0.000199048883       0.0945  YHHHHHHHHHHHHHHH
   234      1   -13.6022389681   0.000001237721       0.0006  YHHHHQQQQQQQHHHH
   235      1    -9.1292119715   0.000108451014       0.0515  YYYSYYYY-YYYYYYY
   236      1    -7.8568291930   0.000387099345       0.1839  YYYYFYYYYYYYYYYY
   237      1    -3.8873620237   0.020499351578       9.7372  YYYYYYYY-YYYYYYY
   238      7    -3.8893682278   0.020458266920       9.7177  YYYYYYYYYYYYYYYY