

TREE # 1

  0  0.0000   3636.282681  x:  0.00106   0.02824   0.01849   0.00496   0.01127   0.00647   0.00000   0.23440   0.02652   0.01667   0.01731   0.01522   0.02395   0.03701   0.09212   0.07514   0.02745   0.03326   0.01537   0.00609   0.00848   0.05462   0.01557   0.00789   0.07670   0.07316   0.00630   0.03247   0.05878  
  1 99.0000   3621.892125  x:  0.00693   0.03123   0.01708   0.00073   0.00859   0.00063   0.00428   0.22848   0.01993   0.01126   0.01174   0.01040   0.02252   0.03653   0.09430   0.07712   0.02552   0.03358   0.01373   0.00127   0.00663   0.05326   0.01478   0.00169   0.07815   0.07305   0.00409   0.03019   0.05906  
  2 1116.5144   3619.093869  x:  0.00787   0.03204   0.01666   0.00000   0.00803   0.00213   0.00464   0.22638   0.01756   0.00954   0.00995   0.00907   0.02212   0.03638   0.09502   0.07777   0.02490   0.03369   0.01324   0.00115   0.00603   0.05282   0.01458   0.00071   0.07863   0.07303   0.00378   0.02947   0.05914  
  3 1948.9053   3619.093869  x:  0.00787   0.03204   0.01666   0.00000   0.00803   0.00213   0.00464   0.22638   0.01756   0.00954   0.00995   0.00907   0.02212   0.03638   0.09502   0.07777   0.02490   0.03369   0.01324   0.00115   0.00603   0.05282   0.01458   0.00071   0.07863   0.07303   0.00378   0.02947   0.05914  
  4 3665.8862   3616.575311  x:  0.00699   0.03255   0.01636   0.00198   0.00834   0.00191   0.00323   0.22365   0.01445   0.00794   0.00825   0.00860   0.02185   0.03625   0.09583   0.07848   0.02430   0.03379   0.01285   0.00431   0.00550   0.05235   0.01452   0.00763   0.07919   0.07305   0.00448   0.02879   0.05921  
  5 1195.4679   3609.954740  x:  0.00453   0.03422   0.01547   0.00297   0.00866   0.00225   0.00079   0.21466   0.00478   0.00378   0.00371   0.00627   0.02094   0.03582   0.09838   0.08072   0.02249   0.03410   0.01162   0.00326   0.00432   0.05086   0.01424   0.00697   0.08098   0.07308   0.00516   0.02679   0.05940  
  6 846.2778   3606.849334  x:  0.00332   0.03517   0.01502   0.00354   0.00881   0.00220   0.00319   0.20937   0.00000   0.00251   0.00230   0.00524   0.02045   0.03558   0.09984   0.08200   0.02152   0.03427   0.01104   0.00302   0.00391   0.05003   0.01411   0.00690   0.08200   0.07309   0.00542   0.02569   0.05951  
  7 2637.9639   3606.849334  x:  0.00332   0.03517   0.01502   0.00354   0.00881   0.00220   0.00319   0.20937   0.00000   0.00251   0.00230   0.00524   0.02045   0.03558   0.09984   0.08200   0.02152   0.03427   0.01104   0.00302   0.00391   0.05003   0.01411   0.00690   0.08200   0.07309   0.00542   0.02569   0.05951  
  8 1072.9142   3603.362790  x:  0.00378   0.03558   0.01504   0.00285   0.00912   0.00191   0.00915   0.20641   0.00137   0.00592   0.00636   0.00588   0.02035   0.03550   0.10049   0.08256   0.02136   0.03433   0.01123   0.00215   0.00484   0.04973   0.01414   0.00397   0.08244   0.07307   0.00488   0.02542   0.05957  
  9 1083.9212   3601.808098  x:  0.00391   0.03586   0.01506   0.00248   0.00917   0.00202   0.00948   0.20403   0.00000   0.00603   0.00642   0.00617   0.02030   0.03544   0.10099   0.08299   0.02125   0.03437   0.01135   0.00215   0.00517   0.04950   0.01416   0.00220   0.08278   0.07306   0.00467   0.02522   0.05961  
 10 634.3923   3592.279967  x:  0.00411   0.03906   0.01522   0.00028   0.00966   0.00015   0.01464   0.17105   0.00000   0.00572   0.00572   0.00846   0.01990   0.03480   0.10760   0.08866   0.01995   0.03489   0.01237   0.00226   0.00692   0.04646   0.01453   0.00255   0.08715   0.07290   0.00412   0.02284   0.06028  
 11 989.6440   3590.678887  x:  0.00413   0.03950   0.01524   0.00000   0.00973   0.00022   0.01535   0.16655   0.00000   0.00568   0.00564   0.00877   0.01985   0.03471   0.10850   0.08943   0.01978   0.03496   0.01251   0.00228   0.00715   0.04604   0.01458   0.00263   0.08775   0.07288   0.00405   0.02252   0.06037  
 12 79552.2070   3558.522697  x:  0.00093   0.04928   0.01554   0.01481   0.01208   0.00044   0.03139   0.03055   0.00000   0.00623   0.00700   0.01464   0.01990   0.03302   0.13324   0.11035   0.01654   0.03662   0.01368   0.00000   0.00885   0.03559   0.01507   0.00104   0.10369   0.07220   0.00678   0.01635   0.06284  
 13 9484.7812   3553.779685  x:  0.00031   0.05111   0.01560   0.01767   0.01252   0.00049   0.03445   0.00481   0.00000   0.00639   0.00733   0.01570   0.01991   0.03271   0.13790   0.11428   0.01594   0.03693   0.01388   0.00056   0.00916   0.03364   0.01515   0.00073   0.10669   0.07207   0.00730   0.01522   0.06331  
 14 251323.0433   3553.146511  x:  0.00041   0.05104   0.01554   0.01745   0.01229   0.00048   0.03422   0.00191   0.00000   0.00657   0.00752   0.01512   0.01984   0.03274   0.13816   0.11444   0.01621   0.03690   0.01371   0.00051   0.00911   0.03389   0.01506   0.00076   0.10679   0.07205   0.00689   0.01581   0.06331  
 15 1070.9205   3552.545953  x:  0.00000   0.05148   0.01550   0.01744   0.01202   0.00048   0.03312   0.00187   0.00000   0.00546   0.00629   0.01417   0.01972   0.03268   0.14027   0.11610   0.01625   0.03693   0.01356   0.00051   0.00887   0.03370   0.01502   0.00073   0.10799   0.07198   0.00695   0.01564   0.06347  
 16 79.0292   3551.811065  x:  0.00233   0.05322   0.01556   0.01783   0.01256   0.00047   0.02695   0.00201   0.00000   0.00607   0.00500   0.01341   0.01966   0.03248   0.14662   0.12105   0.01579   0.03706   0.01396   0.00053   0.00939   0.03291   0.01514   0.00159   0.11158   0.07179   0.00711   0.01494   0.06391  
 17 404.5638   3551.404174  x:  0.00000   0.05406   0.01570   0.01647   0.01316   0.00044   0.02248   0.00204   0.00000   0.00649   0.00704   0.01380   0.01983   0.03237   0.15072   0.12423   0.01529   0.03720   0.01428   0.00054   0.00838   0.03249   0.01547   0.00197   0.11382   0.07174   0.00816   0.01527   0.06412  
 18 233.2269   3551.371249  x:  0.00024   0.05397   0.01566   0.01629   0.01284   0.00044   0.02247   0.00207   0.00000   0.00673   0.00689   0.01424   0.02018   0.03253   0.15168   0.12479   0.01572   0.03724   0.01412   0.00054   0.00754   0.03300   0.01539   0.00192   0.11408   0.07176   0.00847   0.01565   0.06405  
 19 40.2653   3551.352328  x:  0.00011   0.05348   0.01559   0.01643   0.01251   0.00044   0.02250   0.00211   0.00000   0.00670   0.00699   0.01447   0.02041   0.03277   0.15278   0.12524   0.01585   0.03719   0.01384   0.00055   0.00787   0.03383   0.01528   0.00197   0.11415   0.07179   0.00810   0.01561   0.06387  
 20 26.8113   3551.334851  x:  0.00039   0.05249   0.01563   0.01648   0.01266   0.00044   0.02266   0.00213   0.00000   0.00656   0.00721   0.01392   0.02012   0.03289   0.15425   0.12555   0.01545   0.03703   0.01400   0.00055   0.00767   0.03404   0.01540   0.00192   0.11383   0.07186   0.00795   0.01564   0.06360  
 21 18.9159   3551.323526  x:  0.00023   0.05184   0.01566   0.01647   0.01281   0.00044   0.02273   0.00213   0.00000   0.00696   0.00697   0.01354   0.01999   0.03286   0.15521   0.12563   0.01561   0.03698   0.01412   0.00054   0.00778   0.03386   0.01539   0.00190   0.11348   0.07192   0.00796   0.01567   0.06344  
 22 30.5562   3551.312151  x:  0.00037   0.05151   0.01565   0.01643   0.01275   0.00044   0.02272   0.00214   0.00000   0.00675   0.00719   0.01342   0.02019   0.03267   0.15598   0.12545   0.01606   0.03707   0.01410   0.00054   0.00799   0.03343   0.01526   0.00190   0.11294   0.07196   0.00810   0.01570   0.06343  
 23 16.5899   3551.273263  x:  0.00026   0.05149   0.01559   0.01637   0.01233   0.00044   0.02248   0.00214   0.00000   0.00684   0.00707   0.01390   0.02084   0.03226   0.15767   0.12412   0.01549   0.03730   0.01372   0.00054   0.00773   0.03286   0.01522   0.00193   0.11087   0.07204   0.00769   0.01562   0.06370  
 24 16.9249   3551.201450  x:  0.00012   0.05230   0.01569   0.01620   0.01272   0.00045   0.02217   0.00207   0.00000   0.00657   0.00682   0.01471   0.02033   0.03247   0.15989   0.12178   0.01546   0.03749   0.01422   0.00054   0.00803   0.03382   0.01561   0.00195   0.10781   0.07209   0.00851   0.01572   0.06419  
 25 37.3313   3551.138980  x:  0.00000   0.05304   0.01567   0.01626   0.01295   0.00045   0.02200   0.00208   0.00000   0.00657   0.00693   0.01467   0.01985   0.03285   0.16057   0.12105   0.01598   0.03734   0.01437   0.00055   0.00763   0.03388   0.01530   0.00196   0.10730   0.07203   0.00798   0.01527   0.06427  
 26 24.4488   3551.138980  x:  0.00000   0.05304   0.01567   0.01626   0.01295   0.00045   0.02200   0.00208   0.00000   0.00657   0.00693   0.01467   0.01985   0.03285   0.16057   0.12105   0.01598   0.03734   0.01437   0.00055   0.00763   0.03388   0.01530   0.00196   0.10730   0.07203   0.00798   0.01527   0.06427  
 27 36.5994   3549.050239  x:  0.00001   0.05282   0.01562   0.01551   0.01264   0.00404   0.02130   0.00234   0.00000   0.00622   0.00654   0.01402   0.01978   0.03288   0.16031   0.12084   0.01622   0.03728   0.01420   0.00305   0.00757   0.03422   0.01523   0.00201   0.10715   0.07203   0.00760   0.01580   0.06423  
 28 2102.7916   3540.407715  x:  0.00018   0.05020   0.01498   0.00632   0.00892   0.00327   0.01272   0.00431   0.00000   0.00228   0.00207   0.00614   0.01896   0.03330   0.15707   0.11822   0.01898   0.03661   0.01208   0.00370   0.00651   0.03829   0.01438   0.00230   0.10532   0.07195   0.00316   0.02187   0.06366  
 29 808.6813   3538.380460  x:  0.00055   0.04888   0.01478   0.00246   0.00816   0.00321   0.00906   0.00401   0.00000   0.00399   0.00421   0.00371   0.01880   0.03353   0.15540   0.11689   0.01995   0.03627   0.01134   0.00374   0.00618   0.04006   0.01411   0.00203   0.10438   0.07194   0.00321   0.02381   0.06338  
 30 1110.4434   3537.327290  x:  0.00116   0.04702   0.01469   0.00115   0.00835   0.00334   0.00562   0.00292   0.00000   0.00415   0.00380   0.00604   0.01905   0.03391   0.15295   0.11496   0.02078   0.03582   0.01085   0.00356   0.00596   0.04215   0.01397   0.00217   0.10304   0.07195   0.00467   0.02534   0.06297  
 31 464.5481   3535.923621  x:  0.00222   0.04137   0.01469   0.00329   0.00911   0.00348   0.00589   0.00271   0.00000   0.00427   0.00509   0.00722   0.02022   0.03509   0.14503   0.10883   0.02237   0.03454   0.01038   0.00331   0.00546   0.04757   0.01388   0.00142   0.09885   0.07199   0.00271   0.02821   0.06173  
 32 332.3300   3535.160014  x:  0.00288   0.03756   0.01479   0.00355   0.00941   0.00340   0.00761   0.00301   0.00000   0.00451   0.00500   0.00683   0.02085   0.03579   0.13908   0.10431   0.02300   0.03374   0.01056   0.00336   0.00520   0.05086   0.01397   0.00337   0.09580   0.07207   0.00393   0.02934   0.06087  
 33 889.6135   3534.607897  x:  0.00324   0.03565   0.01498   0.00271   0.00954   0.00334   0.00883   0.00288   0.00000   0.00458   0.00413   0.00637   0.02096   0.03602   0.13472   0.10116   0.02262   0.03345   0.01126   0.00347   0.00521   0.05209   0.01418   0.00171   0.09376   0.07219   0.00512   0.02866   0.06035  
 34 480.3143   3533.983228  x:  0.00346   0.03459   0.01534   0.00120   0.00974   0.00351   0.00855   0.00242   0.00000   0.00400   0.00430   0.00668   0.02054   0.03584   0.12760   0.09637   0.02078   0.03363   0.01258   0.00328   0.00535   0.05182   0.01457   0.00225   0.09090   0.07244   0.00375   0.02517   0.05977  
 35 308.8798   3533.739100  x:  0.00327   0.03483   0.01534   0.00209   0.00932   0.00340   0.00734   0.00373   0.00000   0.00432   0.00419   0.00633   0.02024   0.03561   0.12378   0.09405   0.02010   0.03396   0.01247   0.00340   0.00530   0.05104   0.01448   0.00224   0.08961   0.07259   0.00397   0.02374   0.05962  
 36 288.0898   3533.587747  x:  0.00303   0.03589   0.01510   0.00278   0.00881   0.00342   0.00716   0.00268   0.00000   0.00407   0.00423   0.00581   0.02003   0.03532   0.12084   0.09264   0.02029   0.03439   0.01153   0.00342   0.00535   0.04985   0.01415   0.00226   0.08896   0.07269   0.00429   0.02376   0.05972  
 37 150.5308   3533.477847  x:  0.00314   0.03743   0.01484   0.00231   0.00900   0.00347   0.00772   0.00300   0.00000   0.00444   0.00412   0.00635   0.01994   0.03502   0.11799   0.09164   0.02096   0.03480   0.01074   0.00332   0.00553   0.04840   0.01394   0.00224   0.08865   0.07274   0.00412   0.02467   0.05996  
 38 132.9107   3533.457588  x:  0.00318   0.03778   0.01489   0.00228   0.00922   0.00339   0.00770   0.00312   0.00000   0.00412   0.00437   0.00636   0.02003   0.03501   0.11730   0.09158   0.02113   0.03480   0.01104   0.00344   0.00548   0.04805   0.01406   0.00220   0.08872   0.07273   0.00425   0.02502   0.06006  
 39 63.8581   3533.446356  x:  0.00318   0.03795   0.01499   0.00237   0.00935   0.00338   0.00761   0.00301   0.00000   0.00429   0.00423   0.00627   0.02017   0.03505   0.11676   0.09168   0.02120   0.03472   0.01145   0.00345   0.00540   0.04783   0.01422   0.00223   0.08889   0.07271   0.00420   0.02529   0.06016  
 40 47.2612   3533.440945  x:  0.00314   0.03788   0.01507   0.00236   0.00914   0.00351   0.00762   0.00304   0.00000   0.00427   0.00426   0.00630   0.02027   0.03515   0.11628   0.09199   0.02112   0.03454   0.01150   0.00326   0.00545   0.04775   0.01427   0.00222   0.08923   0.07266   0.00422   0.02536   0.06026  
 41 18.8665   3533.435479  x:  0.00313   0.03771   0.01509   0.00234   0.00907   0.00338   0.00763   0.00303   0.00000   0.00429   0.00427   0.00634   0.02033   0.03527   0.11566   0.09246   0.02100   0.03433   0.01139   0.00345   0.00550   0.04772   0.01424   0.00222   0.08971   0.07260   0.00420   0.02534   0.06038  
 42 30.8130   3533.433300  x:  0.00318   0.03763   0.01503   0.00234   0.00925   0.00342   0.00761   0.00303   0.00000   0.00427   0.00425   0.00628   0.02027   0.03529   0.11537   0.09271   0.02100   0.03430   0.01130   0.00340   0.00544   0.04775   0.01418   0.00222   0.08995   0.07257   0.00421   0.02526   0.06042  
 43 18.7293   3533.432631  x:  0.00320   0.03762   0.01498   0.00235   0.00921   0.00342   0.00762   0.00303   0.00000   0.00427   0.00425   0.00630   0.02018   0.03523   0.11524   0.09284   0.02109   0.03442   0.01136   0.00340   0.00542   0.04784   0.01419   0.00222   0.09004   0.07255   0.00421   0.02521   0.06039  
 44  5.7920   3533.432507  x:  0.00316   0.03763   0.01502   0.00235   0.00922   0.00342   0.00762   0.00303   0.00000   0.00427   0.00425   0.00629   0.02019   0.03520   0.11521   0.09288   0.02109   0.03447   0.01135   0.00340   0.00545   0.04789   0.01420   0.00222   0.09005   0.07256   0.00421   0.02521   0.06037  
 45  2.6336   3533.432459  x:  0.00319   0.03765   0.01503   0.00235   0.00922   0.00342   0.00762   0.00303   0.00000   0.00427   0.00425   0.00629   0.02022   0.03519   0.11520   0.09290   0.02107   0.03450   0.01134   0.00340   0.00544   0.04791   0.01420   0.00222   0.09004   0.07256   0.00421   0.02521   0.06035  
 46  1.4662   3533.432424  x:  0.00317   0.03767   0.01501   0.00235   0.00922   0.00342   0.00762   0.00303   0.00000   0.00427   0.00425   0.00630   0.02022   0.03519   0.11519   0.09292   0.02105   0.03449   0.01135   0.00340   0.00542   0.04793   0.01419   0.00222   0.09003   0.07256   0.00421   0.02522   0.06032  
 47  0.7052   3533.432363  x:  0.00318   0.03769   0.01499   0.00235   0.00922   0.00342   0.00762   0.00303   0.00000   0.00427   0.00425   0.00629   0.02021   0.03520   0.11519   0.09295   0.02104   0.03447   0.01135   0.00340   0.00546   0.04794   0.01419   0.00222   0.09000   0.07257   0.00421   0.02522   0.06028  
 48  1.2400   3533.432122  x:  0.00318   0.03772   0.01504   0.00235   0.00922   0.00342   0.00762   0.00303   0.00000   0.00427   0.00425   0.00629   0.02016   0.03523   0.11517   0.09305   0.02107   0.03442   0.01133   0.00340   0.00543   0.04792   0.01422   0.00222   0.08990   0.07261   0.00421   0.02520   0.06020  
 49  1.3938   3533.431253  x:  0.00317   0.03765   0.01503   0.00234   0.00922   0.00341   0.00761   0.00303   0.00000   0.00427   0.00425   0.00629   0.02029   0.03523   0.11515   0.09324   0.02118   0.03443   0.01136   0.00340   0.00546   0.04781   0.01411   0.00222   0.08969   0.07265   0.00421   0.02514   0.06017  
 50  1.4228   3533.428161  x:  0.00320   0.03744   0.01490   0.00234   0.00921   0.00341   0.00760   0.00303   0.00000   0.00428   0.00426   0.00630   0.02032   0.03511   0.11516   0.09359   0.02108   0.03459   0.01130   0.00339   0.00546   0.04758   0.01436   0.00222   0.08932   0.07270   0.00421   0.02518   0.06035  
 51  3.3182   3533.419679  x:  0.00318   0.03736   0.01517   0.00237   0.00925   0.00340   0.00763   0.00300   0.00000   0.00431   0.00429   0.00635   0.01995   0.03499   0.11521   0.09400   0.02072   0.03480   0.01141   0.00337   0.00549   0.04741   0.01406   0.00221   0.08891   0.07269   0.00422   0.02534   0.06085  
 52  6.2182   3533.343464  x:  0.00280   0.03931   0.01500   0.00229   0.00934   0.00327   0.00771   0.00288   0.00000   0.00443   0.00439   0.00652   0.02025   0.03539   0.11604   0.09498   0.02071   0.03452   0.01151   0.00321   0.00569   0.04765   0.01429   0.00209   0.08884   0.07216   0.00440   0.02376   0.06314  
 53  6.3607   3533.245989  x:  0.00281   0.03933   0.01509   0.00226   0.00948   0.00308   0.00777   0.00270   0.00000   0.00461   0.00458   0.00681   0.02016   0.03460   0.11744   0.09498   0.02021   0.03475   0.01167   0.00304   0.00581   0.04512   0.01432   0.00196   0.09131   0.07210   0.00461   0.02297   0.06094  
 54 16.7396   3533.244803  x:  0.00282   0.03932   0.01509   0.00226   0.00948   0.00308   0.00777   0.00269   0.00000   0.00461   0.00458   0.00681   0.02017   0.03492   0.11746   0.09497   0.02018   0.03497   0.01168   0.00304   0.00580   0.04508   0.01432   0.00195   0.09138   0.07234   0.00461   0.02298   0.06092  
 55  5.1556   3533.244646  x:  0.00282   0.03932   0.01509   0.00226   0.00948   0.00308   0.00777   0.00269   0.00000   0.00461   0.00459   0.00681   0.02017   0.03487   0.11746   0.09496   0.02019   0.03493   0.01168   0.00304   0.00580   0.04510   0.01432   0.00195   0.09141   0.07254   0.00461   0.02297   0.06095  
 56  1.4649   3533.098111  x:  0.00287   0.03942   0.01506   0.00199   0.00927   0.00208   0.00725   0.00283   0.00000   0.00488   0.00482   0.00657   0.02008   0.03486   0.11762   0.09503   0.02043   0.03489   0.01162   0.00246   0.00572   0.04572   0.01427   0.00203   0.09165   0.07250   0.00483   0.02382   0.06084  
 57  0.0010   3533.085452  x:  0.00293   0.03900   0.01507   0.00210   0.00931   0.00209   0.00743   0.00274   0.00000   0.00482   0.00480   0.00657   0.02015   0.03494   0.11691   0.09447   0.02045   0.03481   0.01164   0.00220   0.00569   0.04598   0.01428   0.00205   0.09117   0.07252   0.00473   0.02365   0.06080  
 58  0.0014   3533.083301  x:  0.00294   0.03887   0.01507   0.00214   0.00933   0.00202   0.00751   0.00274   0.00000   0.00476   0.00475   0.00657   0.02017   0.03496   0.11678   0.09434   0.02045   0.03479   0.01164   0.00229   0.00569   0.04601   0.01428   0.00205   0.09104   0.07253   0.00467   0.02360   0.06078  
 59  0.0005   3533.082816  x:  0.00292   0.03888   0.01506   0.00216   0.00933   0.00204   0.00753   0.00277   0.00000   0.00471   0.00470   0.00656   0.02016   0.03495   0.11688   0.09441   0.02045   0.03480   0.01164   0.00228   0.00568   0.04597   0.01428   0.00205   0.09108   0.07253   0.00463   0.02363   0.06079  
 60  0.0002   3533.082771  x:  0.00292   0.03891   0.01506   0.00216   0.00933   0.00203   0.00753   0.00276   0.00000   0.00471   0.00469   0.00657   0.02016   0.03495   0.11690   0.09443   0.02045   0.03480   0.01164   0.00227   0.00569   0.04596   0.01428   0.00204   0.09111   0.07253   0.00463   0.02363   0.06079  
 61  0.0001   3533.082768  x:  0.00292   0.03892   0.01506   0.00216   0.00934   0.00204   0.00753   0.00276   0.00000   0.00470   0.00469   0.00657   0.02016   0.03495   0.11689   0.09443   0.02045   0.03480   0.01164   0.00227   0.00568   0.04597   0.01428   0.00204   0.09111   0.07253   0.00464   0.02363   0.06079  
 62  0.0000   3533.082768  x:  0.00292   0.03891   0.01506   0.00216   0.00934   0.00204   0.00753   0.00276   0.00000   0.00470   0.00469   0.00658   0.02016   0.03495   0.11689   0.09442   0.02045   0.03480   0.01164   0.00227   0.00568   0.04597   0.01428   0.00204   0.09110   0.07253   0.00464   0.02363   0.06079  
 63  0.0000   3533.082768  x:  0.00292   0.03891   0.01506   0.00216   0.00934   0.00203   0.00753   0.00276   0.00000   0.00470   0.00469   0.00658   0.02016   0.03495   0.11689   0.09442   0.02045   0.03480   0.01164   0.00227   0.00568   0.04597   0.01428   0.00204   0.09110   0.07253   0.00464   0.02363   0.06079  
 64  0.0000   3533.082768  x:  0.00292   0.03891   0.01506   0.00216   0.00934   0.00203   0.00753   0.00276   0.00000   0.00470   0.00469   0.00658   0.02016   0.03495   0.11689   0.09442   0.02045   0.03480   0.01164   0.00227   0.00568   0.04597   0.01428   0.00204   0.09110   0.07253   0.00464   0.02363   0.06079  