

Model 0: one-ratio

TREE # 1

  0  0.0000   7813.913891  x:  0.00552   0.07954   0.01704   0.02230   0.00690   0.00000   0.00372   0.00409   0.00750   0.00643   0.00471   0.01116   0.03227   0.05724   0.19705   0.21226   0.13382   0.15649   0.02414   0.00194   0.02139   0.07446   0.01780   0.02866   0.09181   0.12539   0.00626   0.08399   0.10327   2.00000   0.40000  
  1 99.0000   7813.912374  x:  0.00552   0.07954   0.01704   0.02230   0.00690   0.00000   0.00372   0.00409   0.00750   0.00643   0.00471   0.01116   0.03227   0.05724   0.19705   0.21226   0.13382   0.15649   0.02414   0.00194   0.02139   0.07446   0.01780   0.02866   0.09181   0.12539   0.00626   0.08399   0.10327   2.00000   0.40000  
  2 1133.6477   7811.980412  x:  0.00639   0.07919   0.01793   0.02166   0.00635   0.00000   0.00351   0.00387   0.00620   0.00657   0.00337   0.01134   0.03265   0.05696   0.19691   0.21246   0.13395   0.15622   0.02435   0.00000   0.02149   0.07474   0.01786   0.02858   0.09154   0.12568   0.00545   0.08394   0.10347   2.00071   0.39624  
  3 1100.1948   7805.097536  x:  0.00384   0.07709   0.02114   0.01884   0.00626   0.00000   0.00573   0.00186   0.00251   0.00781   0.00073   0.01180   0.03436   0.05556   0.19607   0.21346   0.13463   0.15485   0.02467   0.00053   0.02227   0.07621   0.01811   0.02823   0.09018   0.12723   0.00223   0.08372   0.10450   2.00440   0.37681  
  4 1640.1506   7797.138670  x:  0.00327   0.07473   0.02466   0.01580   0.00615   0.00000   0.00712   0.00370   0.00113   0.00858   0.00236   0.01228   0.03630   0.05392   0.19512   0.21468   0.13545   0.15322   0.02528   0.00061   0.02314   0.07793   0.01838   0.02785   0.08859   0.12908   0.00000   0.08349   0.10574   2.00884   0.35342  
  5 5348.0507   7797.138670  x:  0.00327   0.07473   0.02466   0.01580   0.00615   0.00000   0.00712   0.00370   0.00113   0.00858   0.00236   0.01228   0.03630   0.05392   0.19512   0.21468   0.13545   0.15322   0.02528   0.00061   0.02314   0.07793   0.01838   0.02785   0.08859   0.12908   0.00000   0.08349   0.10574   2.00884   0.35342  
  6 18887.2725   7790.260777  x:  0.00637   0.07482   0.02443   0.01625   0.00581   0.00000   0.00563   0.00421   0.00841   0.00782   0.00201   0.01220   0.03623   0.05391   0.19513   0.21478   0.13550   0.15315   0.02563   0.00401   0.02324   0.07797   0.01835   0.02788   0.08856   0.12920   0.00461   0.08359   0.10586   2.00914   0.35181  
  7 2718.3701   7785.387410  x:  0.01231   0.07490   0.02370   0.01763   0.00505   0.00000   0.00107   0.00479   0.00656   0.00573   0.00185   0.01199   0.03600   0.05388   0.19509   0.21511   0.13568   0.15290   0.02619   0.00416   0.02302   0.07811   0.01828   0.02798   0.08843   0.12951   0.00540   0.08363   0.10606   2.01020   0.34611  
  8 827.8276   7779.594072  x:  0.02676   0.07484   0.02144   0.02129   0.00336   0.00000   0.00642   0.00516   0.00283   0.00370   0.00486   0.01148   0.03527   0.05378   0.19486   0.21622   0.13631   0.15204   0.02732   0.00466   0.02240   0.07859   0.01809   0.02828   0.08802   0.13053   0.00707   0.08372   0.10672   2.01391   0.32622  
  9 1307.0451   7769.114317  x:  0.03923   0.07381   0.01902   0.02404   0.00725   0.00000   0.00814   0.00271   0.00559   0.01094   0.00187   0.01165   0.03428   0.05372   0.19428   0.21821   0.13748   0.15051   0.02681   0.00066   0.02164   0.07949   0.01800   0.02866   0.08735   0.13227   0.00153   0.08372   0.10775   2.02087   0.28900  
 10 1545.5037   7764.274600  x:  0.04056   0.07316   0.01881   0.02395   0.00815   0.00000   0.00829   0.00400   0.00501   0.01294   0.00088   0.01190   0.03405   0.05376   0.19402   0.21907   0.13800   0.14992   0.02595   0.00336   0.02180   0.07986   0.01804   0.02874   0.08715   0.13302   0.00000   0.08377   0.10818   2.02390   0.27296  
 11 2825.3998   7750.167905  x:  0.03986   0.07005   0.01921   0.02163   0.01141   0.00000   0.00595   0.00591   0.00201   0.02048   0.00561   0.01307   0.03341   0.05404   0.19293   0.22273   0.14019   0.14751   0.02146   0.00602   0.02251   0.08140   0.01837   0.02897   0.08644   0.13605   0.00405   0.08416   0.11007   2.03681   0.20519  
 12 6518.0857   7742.765766  x:  0.03609   0.06882   0.02059   0.02008   0.00481   0.00000   0.00626   0.00473   0.00455   0.01441   0.00460   0.01245   0.03375   0.05438   0.19266   0.22494   0.14145   0.14659   0.01982   0.00382   0.02281   0.08217   0.01858   0.02894   0.08641   0.13753   0.00209   0.08441   0.11102   2.04391   0.17146  
 13 2120.9803   7742.033241  x:  0.03521   0.06901   0.02060   0.02036   0.00622   0.00000   0.00693   0.00382   0.00398   0.01258   0.00217   0.01236   0.03400   0.05450   0.19283   0.22557   0.14179   0.14664   0.02049   0.00348   0.02282   0.08232   0.01858   0.02893   0.08660   0.13783   0.00349   0.08458   0.11124   2.04542   0.16821  
 14 411.6239   7741.750022  x:  0.03457   0.06946   0.02040   0.02093   0.00812   0.00000   0.00714   0.00479   0.00439   0.01092   0.00236   0.01237   0.03428   0.05464   0.19315   0.22634   0.14218   0.14681   0.02155   0.00300   0.02275   0.08248   0.01857   0.02893   0.08689   0.13813   0.00321   0.08478   0.11145   2.04713   0.16692  
 15 239.3591   7741.579188  x:  0.03412   0.07010   0.02009   0.02146   0.00858   0.00000   0.00696   0.00383   0.00447   0.01054   0.00296   0.01247   0.03449   0.05479   0.19360   0.22737   0.14271   0.14708   0.02265   0.00357   0.02270   0.08267   0.01855   0.02894   0.08726   0.13854   0.00280   0.08504   0.11171   2.04946   0.16651  
 16 158.9397   7740.755454  x:  0.03206   0.07421   0.01840   0.02391   0.00663   0.00000   0.00663   0.00460   0.00435   0.01238   0.00269   0.01292   0.03536   0.05569   0.19674   0.23435   0.14619   0.14887   0.02838   0.00346   0.02214   0.08387   0.01846   0.02908   0.08968   0.14121   0.00324   0.08676   0.11344   2.06577   0.16555  
 17 293.1142   7738.886651  x:  0.03358   0.08011   0.02375   0.01955   0.00732   0.00000   0.00685   0.00451   0.00424   0.01246   0.00274   0.00979   0.03353   0.05649   0.20421   0.25111   0.15367   0.15249   0.02619   0.00334   0.02177   0.08552   0.01874   0.02909   0.09356   0.14673   0.00293   0.08957   0.11647   2.11303   0.16665  
 18 296.6791   7737.522543  x:  0.03428   0.08184   0.02316   0.01828   0.00758   0.00000   0.00712   0.00436   0.00436   0.01120   0.00253   0.01584   0.03291   0.05612   0.20925   0.26328   0.15830   0.15449   0.02081   0.00301   0.02205   0.08601   0.01866   0.02896   0.09505   0.14993   0.00279   0.09060   0.11792   2.15383   0.16815  
 19 886.9229   7735.511139  x:  0.03302   0.07908   0.01749   0.02175   0.00772   0.00000   0.00697   0.00428   0.00454   0.01036   0.00249   0.01266   0.03419   0.05462   0.21335   0.27543   0.16114   0.15514   0.01368   0.00308   0.02291   0.08525   0.01839   0.02876   0.09392   0.15139   0.00296   0.08964   0.11787   2.20917   0.17048  
 20 806.1129   7728.727484  x:  0.03213   0.05643   0.02189   0.02249   0.00707   0.00000   0.00690   0.00425   0.00469   0.00999   0.00239   0.01297   0.03750   0.05045   0.21784   0.30336   0.15869   0.14976   0.02156   0.00295   0.02460   0.07849   0.01890   0.02867   0.08007   0.14621   0.00312   0.07903   0.11107   2.41764   0.17894  
 21 899.8954   7722.460606  x:  0.03019   0.06421   0.01414   0.01506   0.00712   0.00000   0.00688   0.00414   0.00494   0.00815   0.00219   0.01196   0.02944   0.05820   0.20954   0.30213   0.14449   0.14036   0.02455   0.00301   0.01971   0.07856   0.01668   0.02941   0.07948   0.13423   0.00328   0.07956   0.10513   2.61113   0.18552  
 22 862.4496   7716.196117  x:  0.02748   0.07780   0.02214   0.02526   0.00665   0.00000   0.00670   0.00413   0.00517   0.00786   0.00203   0.01306   0.02953   0.06494   0.19739   0.29191   0.12772   0.13105   0.02139   0.00294   0.02087   0.08093   0.01890   0.02955   0.08387   0.12165   0.00351   0.08359   0.10093   2.83413   0.19298  
 23 3034.5044   7711.928253  x:  0.02871   0.08232   0.02067   0.01898   0.00666   0.00000   0.00689   0.00409   0.00516   0.00748   0.00194   0.01259   0.04412   0.05742   0.18815   0.27028   0.12419   0.13366   0.02294   0.00223   0.02830   0.08403   0.01849   0.02767   0.09109   0.12312   0.00314   0.08826   0.10618   2.98485   0.19832  
 24 1143.6173   7707.353721  x:  0.02638   0.07896   0.02169   0.02156   0.00642   0.00000   0.00670   0.00401   0.00542   0.00641   0.00182   0.01255   0.03806   0.04690   0.18161   0.23570   0.13157   0.14558   0.02458   0.00246   0.01971   0.08507   0.01894   0.02973   0.09578   0.13464   0.00314   0.09092   0.11574   3.13454   0.20378  
 25 1003.9546   7706.230190  x:  0.02608   0.07717   0.02134   0.02246   0.00634   0.00000   0.00669   0.00401   0.00548   0.00618   0.00177   0.01247   0.03461   0.05363   0.18323   0.22343   0.13688   0.15050   0.02533   0.00209   0.02541   0.08461   0.01788   0.02815   0.09496   0.13879   0.00310   0.08985   0.11693   3.17392   0.20520  
 26 476.2522   7705.963093  x:  0.02622   0.07773   0.02125   0.02206   0.00637   0.00000   0.00671   0.00400   0.00546   0.00620   0.00178   0.01251   0.03701   0.05680   0.18605   0.21936   0.13917   0.15177   0.02495   0.00218   0.02353   0.08397   0.01976   0.02867   0.09345   0.13921   0.00313   0.08891   0.11558   3.18318   0.20538  
 27 148.1013   7705.885586  x:  0.02617   0.07855   0.02156   0.02216   0.00637   0.00000   0.00670   0.00400   0.00545   0.00625   0.00178   0.01254   0.03766   0.05663   0.18816   0.21778   0.14007   0.15190   0.02483   0.00222   0.02304   0.08378   0.01807   0.02862   0.09273   0.13874   0.00316   0.08855   0.11437   3.18578   0.20532  
 28 69.7260   7705.824951  x:  0.02607   0.07964   0.02144   0.02211   0.00636   0.00000   0.00670   0.00401   0.00545   0.00626   0.00178   0.01252   0.03713   0.05507   0.19112   0.21616   0.14088   0.15166   0.02504   0.00219   0.02381   0.08379   0.01872   0.02862   0.09219   0.13773   0.00318   0.08834   0.11280   3.18789   0.20518  
 29 51.9815   7705.816567  x:  0.02609   0.07897   0.02142   0.02212   0.00637   0.00000   0.00670   0.00400   0.00545   0.00626   0.00178   0.01251   0.03710   0.05520   0.19234   0.21580   0.14072   0.15111   0.02508   0.00221   0.02365   0.08405   0.01874   0.02839   0.09290   0.13727   0.00317   0.08882   0.11316   3.18821   0.20519  
 30  8.7712   7705.815435  x:  0.02608   0.07891   0.02142   0.02212   0.00637   0.00000   0.00670   0.00400   0.00545   0.00626   0.00178   0.01251   0.03710   0.05522   0.19250   0.21575   0.14067   0.15100   0.02508   0.00220   0.02370   0.08406   0.01870   0.02869   0.09296   0.13725   0.00316   0.08884   0.11328   3.18826   0.20519  
 31  5.0024   7705.808631  x:  0.02603   0.07926   0.02143   0.02212   0.00636   0.00000   0.00669   0.00400   0.00545   0.00626   0.00178   0.01251   0.03710   0.05518   0.19304   0.21566   0.14019   0.15035   0.02507   0.00220   0.02372   0.08366   0.01872   0.02856   0.09260   0.13774   0.00316   0.08835   0.11424   3.18866   0.20521  
 32  2.0666   7705.588949  x:  0.02529   0.07864   0.02147   0.02204   0.00620   0.00000   0.00650   0.00402   0.00547   0.00615   0.00184   0.01246   0.03709   0.05530   0.19456   0.21670   0.13846   0.14699   0.02516   0.00218   0.02366   0.08717   0.01872   0.02857   0.09035   0.14430   0.00317   0.09058   0.11139   3.20246   0.20575  
 33  2.2470   7702.985020  x:  0.01834   0.07649   0.02189   0.02092   0.00454   0.00000   0.00435   0.00425   0.00542   0.00619   0.00268   0.01199   0.03625   0.05560   0.20084   0.23303   0.14483   0.14449   0.02597   0.00295   0.02332   0.07571   0.01869   0.02873   0.10131   0.15080   0.00348   0.08464   0.10395   3.36281   0.20773  
 34 65.0189   7701.302365  x:  0.01371   0.07617   0.02224   0.02023   0.00346   0.00000   0.00295   0.00439   0.00540   0.00613   0.00322   0.01170   0.03577   0.05597   0.20491   0.24421   0.15061   0.15041   0.02606   0.00349   0.02308   0.08337   0.01873   0.02872   0.09151   0.14205   0.00352   0.08579   0.11243   3.46614   0.20913  
 35 373.5401   7701.280852  x:  0.01366   0.07612   0.02223   0.02022   0.00345   0.00000   0.00293   0.00440   0.00539   0.00615   0.00323   0.01170   0.03574   0.05599   0.20548   0.24443   0.14936   0.15183   0.02610   0.00349   0.02317   0.08205   0.01874   0.02873   0.09086   0.14209   0.00349   0.08739   0.11245   3.46750   0.20904  
 36 15.9494   7701.275675  x:  0.01366   0.07609   0.02223   0.02022   0.00345   0.00000   0.00292   0.00440   0.00539   0.00617   0.00323   0.01170   0.03572   0.05601   0.20593   0.24452   0.14823   0.15296   0.02610   0.00350   0.02314   0.08237   0.01874   0.02873   0.09109   0.14222   0.00350   0.08691   0.11231   3.46785   0.20897  
 37  6.4983   7700.677942  x:  0.01485   0.07514   0.02265   0.01897   0.00577   0.00000   0.00237   0.00450   0.00487   0.00733   0.00312   0.01201   0.03547   0.05572   0.20525   0.24518   0.14885   0.15313   0.02542   0.00371   0.02321   0.08284   0.01871   0.02871   0.08978   0.14060   0.00358   0.08681   0.11326   3.58072   0.21016  
 38  0.1773   7700.381237  x:  0.01585   0.07514   0.02278   0.01857   0.00578   0.00000   0.00255   0.00439   0.00458   0.00576   0.00217   0.01220   0.03591   0.05549   0.20429   0.24399   0.14732   0.15286   0.02515   0.00313   0.02322   0.08240   0.01858   0.02859   0.09024   0.13949   0.00333   0.08673   0.11267   3.66524   0.21087  
 39  0.1098   7700.306651  x:  0.01655   0.07529   0.02262   0.01882   0.00526   0.00000   0.00246   0.00445   0.00441   0.00658   0.00208   0.01221   0.03588   0.05545   0.20323   0.24260   0.14683   0.15232   0.02505   0.00306   0.02328   0.08250   0.01860   0.02863   0.09047   0.13963   0.00322   0.08684   0.11265   3.70663   0.21128  
 40  0.0846   7700.284674  x:  0.01616   0.07565   0.02232   0.01942   0.00514   0.00000   0.00243   0.00447   0.00447   0.00643   0.00227   0.01209   0.03586   0.05558   0.20323   0.24277   0.14670   0.15220   0.02522   0.00313   0.02333   0.08261   0.01863   0.02866   0.09054   0.13986   0.00297   0.08696   0.11266   3.73029   0.21173  
 41  0.0237   7700.281159  x:  0.01616   0.07563   0.02234   0.01928   0.00513   0.00000   0.00256   0.00447   0.00448   0.00638   0.00222   0.01212   0.03586   0.05563   0.20358   0.24342   0.14688   0.15222   0.02522   0.00318   0.02333   0.08266   0.01864   0.02866   0.09047   0.13991   0.00289   0.08699   0.11271   3.73754   0.21183  
 42  0.0060   7700.280505  x:  0.01603   0.07559   0.02236   0.01921   0.00515   0.00000   0.00253   0.00448   0.00448   0.00640   0.00221   0.01213   0.03585   0.05561   0.20357   0.24342   0.14688   0.15219   0.02522   0.00323   0.02331   0.08260   0.01863   0.02866   0.09051   0.13994   0.00286   0.08696   0.11266   3.73892   0.21179  
 43  0.0012   7700.280262  x:  0.01608   0.07559   0.02236   0.01924   0.00516   0.00000   0.00254   0.00448   0.00449   0.00642   0.00221   0.01212   0.03585   0.05560   0.20351   0.24331   0.14686   0.15222   0.02521   0.00326   0.02331   0.08261   0.01863   0.02866   0.09049   0.13988   0.00282   0.08696   0.11269   3.73650   0.21172  
 44  0.0016   7700.280232  x:  0.01608   0.07559   0.02235   0.01925   0.00516   0.00000   0.00253   0.00449   0.00449   0.00641   0.00220   0.01212   0.03585   0.05560   0.20353   0.24332   0.14687   0.15221   0.02521   0.00326   0.02331   0.08262   0.01863   0.02866   0.09050   0.13990   0.00282   0.08697   0.11269   3.73609   0.21174  
 45  0.0003   7700.280231  x:  0.01608   0.07559   0.02236   0.01924   0.00515   0.00000   0.00253   0.00449   0.00449   0.00641   0.00220   0.01212   0.03585   0.05560   0.20353   0.24332   0.14687   0.15221   0.02521   0.00326   0.02331   0.08262   0.01863   0.02866   0.09050   0.13990   0.00282   0.08697   0.11269   3.73597   0.21175  
 46  0.0001   7700.280231  x:  0.01608   0.07559   0.02236   0.01924   0.00515   0.00000   0.00253   0.00449   0.00449   0.00641   0.00220   0.01212   0.03585   0.05560   0.20353   0.24332   0.14687   0.15221   0.02521   0.00326   0.02331   0.08262   0.01863   0.02866   0.09049   0.13990   0.00282   0.08697   0.11269   3.73593   0.21175  
 47  0.0000   7700.280230  x:  0.01608   0.07559   0.02236   0.01924   0.00515   0.00000   0.00253   0.00449   0.00448   0.00641   0.00220   0.01212   0.03585   0.05560   0.20353   0.24332   0.14687   0.15221   0.02521   0.00326   0.02331   0.08262   0.01863   0.02866   0.09049   0.13990   0.00282   0.08697   0.11269   3.73594   0.21175  
 48  0.0000   7700.280230  x:  0.01608   0.07559   0.02236   0.01924   0.00515   0.00000   0.00253   0.00449   0.00448   0.00641   0.00220   0.01212   0.03585   0.05560   0.20353   0.24332   0.14687   0.15221   0.02521   0.00326   0.02331   0.08262   0.01863   0.02866   0.09049   0.13990   0.00282   0.08697   0.11269   3.73593   0.21175  
 49  0.0000   7700.280230  x:  0.01608   0.07559   0.02236   0.01924   0.00515   0.00000   0.00253   0.00449   0.00448   0.00641   0.00220   0.01212   0.03585   0.05560   0.20353   0.24332   0.14687   0.15221   0.02521   0.00326   0.02331   0.08262   0.01863   0.02866   0.09049   0.13990   0.00282   0.08697   0.11269   3.73593   0.21175  

Model 1: NearlyNeutral

TREE # 1

  0  0.0000   7734.510591  x:  0.00584   0.07922   0.01597   0.02409   0.00546   0.00000   0.00401   0.00435   0.00815   0.00840   0.00636   0.01066   0.03182   0.05745   0.19548   0.21026   0.13220   0.15686   0.02418   0.00285   0.02182   0.07387   0.02030   0.03068   0.09338   0.12526   0.00635   0.08308   0.10164   3.73593   0.50913   0.13125  
  1 99.0000   7734.508937  x:  0.00584   0.07922   0.01597   0.02409   0.00546   0.00000   0.00401   0.00435   0.00815   0.00840   0.00636   0.01066   0.03182   0.05745   0.19548   0.21026   0.13220   0.15686   0.02418   0.00285   0.02182   0.07387   0.02030   0.03068   0.09338   0.12526   0.00635   0.08308   0.10164   3.73593   0.50913   0.13125  
  2 1123.8611   7725.669774  x:  0.00382   0.07978   0.01864   0.02254   0.00758   0.00000   0.00582   0.00095   0.00557   0.00899   0.00166   0.01050   0.03475   0.05832   0.19735   0.21372   0.13523   0.15807   0.02569   0.00197   0.02376   0.07713   0.02015   0.03107   0.09416   0.12869   0.00457   0.08522   0.10486   3.73624   0.52138   0.12004  
  3 1116.9161   7722.370021  x:  0.00278   0.07998   0.01948   0.02196   0.00844   0.00000   0.00667   0.00157   0.00481   0.00925   0.00030   0.01033   0.03585   0.05864   0.19809   0.21510   0.13643   0.15855   0.02622   0.00165   0.02448   0.07840   0.02011   0.03121   0.09447   0.13006   0.00395   0.08606   0.10613   3.73637   0.52630   0.11554  
  4 9213.5793   7709.254203  x:  0.00000   0.08108   0.02392   0.01923   0.01203   0.00000   0.00967   0.00288   0.00102   0.01003   0.00150   0.01011   0.04106   0.06022   0.20163   0.22162   0.14209   0.16082   0.02904   0.00051   0.02792   0.08441   0.01987   0.03191   0.09593   0.13648   0.00114   0.09005   0.11211   3.73696   0.54945   0.09438  
  5 12473.2660   7709.254203  x:  0.00000   0.08108   0.02392   0.01923   0.01203   0.00000   0.00967   0.00288   0.00102   0.01003   0.00150   0.01011   0.04106   0.06022   0.20163   0.22162   0.14209   0.16082   0.02904   0.00051   0.02792   0.08441   0.01987   0.03191   0.09593   0.13648   0.00114   0.09005   0.11211   3.73696   0.54945   0.09438  
  6 14557.9901   7700.286787  x:  0.00794   0.08152   0.02402   0.01955   0.01049   0.00000   0.00749   0.00529   0.01365   0.00890   0.00233   0.01112   0.04094   0.06028   0.20203   0.22215   0.14243   0.16101   0.02978   0.00246   0.02791   0.08462   0.01991   0.03191   0.09603   0.13689   0.00312   0.09030   0.11245   3.73701   0.55136   0.09272  
  7 2919.5215   7692.779465  x:  0.01417   0.08220   0.02432   0.02046   0.00600   0.00000   0.00122   0.00525   0.01028   0.00608   0.00130   0.01335   0.04065   0.06047   0.20312   0.22383   0.14363   0.16163   0.03059   0.00324   0.02755   0.08532   0.02006   0.03194   0.09637   0.13817   0.00464   0.09099   0.11349   3.73716   0.55758   0.08736  
  8 850.7595   7687.806422  x:  0.02139   0.08301   0.02468   0.02153   0.00169   0.00000   0.00274   0.00532   0.00630   0.00458   0.00543   0.01547   0.04025   0.06072   0.20465   0.22626   0.14535   0.16250   0.03138   0.00366   0.02703   0.08630   0.02025   0.03198   0.09684   0.13997   0.00571   0.09191   0.11494   3.73739   0.56668   0.07963  
  9 1646.7334   7681.577471  x:  0.03050   0.08404   0.02512   0.02288   0.00638   0.00000   0.00316   0.00530   0.00194   0.00598   0.00742   0.01746   0.03967   0.06110   0.20706   0.23015   0.14810   0.16390   0.03204   0.00350   0.02625   0.08784   0.02047   0.03203   0.09758   0.14279   0.00604   0.09329   0.11718   3.73775   0.58141   0.06738  
 10 2017.5500   7672.540498  x:  0.03219   0.08474   0.02539   0.02366   0.00492   0.00000   0.00486   0.00219   0.00283   0.00904   0.00367   0.01686   0.03902   0.06160   0.21058   0.23612   0.15228   0.16600   0.03114   0.00000   0.02525   0.09006   0.02059   0.03209   0.09866   0.14691   0.00228   0.09512   0.12035   3.73832   0.60423   0.04967  
 11 1500.9007   7668.837783  x:  0.03059   0.08490   0.02533   0.02364   0.00418   0.00000   0.00568   0.00666   0.00295   0.00961   0.00159   0.01546   0.03866   0.06183   0.21284   0.24010   0.15498   0.16733   0.03006   0.00105   0.02509   0.09140   0.02051   0.03205   0.09931   0.14958   0.00053   0.09623   0.12232   3.73871   0.61954   0.03920  
 12 2739.2694   7665.682566  x:  0.02588   0.08459   0.02481   0.02276   0.00535   0.00000   0.00355   0.00588   0.00433   0.00710   0.00512   0.01325   0.03834   0.06181   0.21500   0.24416   0.15751   0.16850   0.02842   0.00342   0.02528   0.09240   0.02012   0.03181   0.09977   0.15203   0.00219   0.09716   0.12407   3.73914   0.63514   0.03250  
 13 1272.0792   7657.810029  x:  0.02528   0.08260   0.02138   0.01787   0.00653   0.00000   0.00662   0.00552   0.00454   0.00212   0.00167   0.01312   0.03704   0.05989   0.22060   0.25622   0.16330   0.17041   0.02468   0.00225   0.02435   0.09271   0.01774   0.02973   0.09913   0.15697   0.00724   0.09742   0.12677   3.74062   0.68058   0.04728  
 14 490.2969   7650.039862  x:  0.02399   0.07975   0.01723   0.01229   0.00513   0.00000   0.00587   0.00618   0.00447   0.00764   0.00172   0.01318   0.03549   0.05725   0.22835   0.27320   0.17120   0.17289   0.01973   0.00197   0.02338   0.09288   0.01514   0.02713   0.09807   0.16362   0.01310   0.09746   0.13020   3.74276   0.74536   0.07045  
 15 5656.5266   7644.445024  x:  0.02290   0.07852   0.01901   0.01829   0.00562   0.00000   0.00401   0.00755   0.00514   0.00641   0.00433   0.01303   0.03568   0.05644   0.23200   0.28212   0.17461   0.17356   0.01902   0.00000   0.02326   0.09237   0.01742   0.02755   0.09717   0.16614   0.00835   0.09647   0.13087   3.74400   0.78227   0.08523  
 16 1751.2038   7642.930559  x:  0.02313   0.07842   0.02098   0.01928   0.00562   0.00000   0.00466   0.00532   0.00510   0.00628   0.00348   0.01270   0.03623   0.05667   0.23269   0.28494   0.17488   0.17308   0.02081   0.00573   0.02451   0.09166   0.01861   0.02862   0.09663   0.16609   0.00479   0.09547   0.13007   3.74454   0.79717   0.09087  
 17 867.0540   7642.077436  x:  0.02321   0.07883   0.02237   0.01526   0.00576   0.00000   0.00395   0.00572   0.00511   0.00570   0.00443   0.01228   0.03715   0.05777   0.23104   0.28447   0.17211   0.17081   0.02456   0.00485   0.02463   0.08982   0.01790   0.03004   0.09569   0.16280   0.00275   0.09357   0.12701   3.74498   0.80597   0.09225  
 18 215.5889   7640.941123  x:  0.02200   0.07933   0.02314   0.01663   0.00562   0.00000   0.00464   0.00593   0.00519   0.00622   0.00342   0.01218   0.03829   0.05940   0.22645   0.28167   0.16503   0.16541   0.02933   0.00392   0.02478   0.08592   0.01734   0.03125   0.09380   0.15485   0.00699   0.08996   0.12019   3.74585   0.82068   0.09278  
 19 326.3637   7640.021905  x:  0.02250   0.07894   0.01867   0.01706   0.00563   0.00000   0.00437   0.00564   0.00517   0.00589   0.00375   0.01355   0.03632   0.05854   0.22100   0.27729   0.15751   0.15995   0.02652   0.00475   0.02406   0.08321   0.01718   0.02812   0.09228   0.14707   0.00531   0.08749   0.11420   3.74674   0.83252   0.09264  
 20 246.8129   7639.755417  x:  0.02361   0.07842   0.02003   0.01672   0.00546   0.00000   0.00429   0.00553   0.00486   0.00586   0.00370   0.01135   0.03541   0.05757   0.21864   0.27499   0.15485   0.15811   0.02375   0.00476   0.02371   0.08302   0.01758   0.02774   0.09188   0.14475   0.00538   0.08735   0.11303   3.74713   0.83621   0.09278  
 21 169.0767   7639.659730  x:  0.02351   0.07786   0.02130   0.01640   0.00550   0.00000   0.00433   0.00554   0.00493   0.00584   0.00368   0.01252   0.03539   0.05681   0.21714   0.27331   0.15368   0.15735   0.02235   0.00478   0.02376   0.08349   0.01744   0.02840   0.09178   0.14409   0.00545   0.08774   0.11325   3.74739   0.83785   0.09283  
 22 97.4410   7639.558459  x:  0.02372   0.07672   0.02047   0.01663   0.00548   0.00000   0.00429   0.00552   0.00489   0.00581   0.00370   0.01213   0.03618   0.05558   0.21431   0.26969   0.15240   0.15664   0.02278   0.00472   0.02400   0.08500   0.01671   0.02941   0.09177   0.14427   0.00526   0.08890   0.11514   3.74798   0.83995   0.09319  
 23 55.1921   7639.515165  x:  0.02358   0.07633   0.02051   0.01639   0.00549   0.00000   0.00431   0.00555   0.00493   0.00582   0.00368   0.01224   0.03597   0.05566   0.21275   0.26740   0.15207   0.15654   0.02351   0.00467   0.02377   0.08554   0.01772   0.02861   0.09177   0.14478   0.00539   0.08933   0.11626   3.74841   0.84099   0.09340  
 24 55.0491   7639.496565  x:  0.02354   0.07638   0.02082   0.01652   0.00549   0.00000   0.00430   0.00555   0.00494   0.00582   0.00369   0.01225   0.03560   0.05615   0.21203   0.26598   0.15220   0.15672   0.02369   0.00471   0.02360   0.08545   0.01712   0.02806   0.09177   0.14528   0.00532   0.08926   0.11666   3.74875   0.84148   0.09353  
 25 35.5242   7639.477969  x:  0.02360   0.07678   0.02054   0.01649   0.00549   0.00000   0.00430   0.00555   0.00493   0.00581   0.00368   0.01222   0.03538   0.05687   0.21136   0.26387   0.15285   0.15728   0.02330   0.00469   0.02363   0.08478   0.01726   0.02863   0.09176   0.14611   0.00536   0.08873   0.11667   3.74942   0.84205   0.09364  
 26 24.3545   7639.471248  x:  0.02362   0.07698   0.02060   0.01646   0.00548   0.00000   0.00430   0.00555   0.00492   0.00580   0.00368   0.01221   0.03589   0.05645   0.21135   0.26286   0.15335   0.15764   0.02322   0.00465   0.02382   0.08451   0.01726   0.02837   0.09174   0.14637   0.00537   0.08848   0.11632   3.74997   0.84227   0.09363  
 27 13.6840   7639.467432  x:  0.02358   0.07694   0.02063   0.01647   0.00549   0.00000   0.00430   0.00555   0.00493   0.00580   0.00368   0.01222   0.03556   0.05598   0.21163   0.26221   0.15374   0.15786   0.02343   0.00467   0.02365   0.08456   0.01724   0.02847   0.09170   0.14633   0.00538   0.08850   0.11593   3.75065   0.84237   0.09363  
 28  9.1201   7639.461349  x:  0.02361   0.07650   0.02061   0.01647   0.00548   0.00000   0.00430   0.00555   0.00493   0.00580   0.00368   0.01222   0.03562   0.05642   0.21251   0.26127   0.15419   0.15798   0.02341   0.00465   0.02381   0.08505   0.01725   0.02844   0.09166   0.14582   0.00538   0.08887   0.11551   3.75270   0.84246   0.09367  
 29  7.3143   7639.451674  x:  0.02356   0.07659   0.02060   0.01648   0.00548   0.00000   0.00430   0.00553   0.00494   0.00580   0.00368   0.01222   0.03596   0.05649   0.21355   0.26059   0.15418   0.15770   0.02336   0.00478   0.02308   0.08486   0.01725   0.02847   0.09171   0.14536   0.00534   0.08882   0.11606   3.75707   0.84242   0.09369  
 30 10.3473   7639.425144  x:  0.02348   0.07712   0.02062   0.01650   0.00549   0.00000   0.00429   0.00555   0.00495   0.00581   0.00368   0.01222   0.03554   0.05618   0.21564   0.25942   0.15379   0.15687   0.02346   0.00467   0.02390   0.08422   0.01726   0.02843   0.09195   0.14467   0.00532   0.08842   0.11758   3.76980   0.84220   0.09367  
 31 54.7645   7639.130972  x:  0.02308   0.07687   0.02076   0.01677   0.00547   0.00000   0.00416   0.00557   0.00505   0.00585   0.00368   0.01220   0.03575   0.05642   0.21721   0.25892   0.14951   0.15396   0.02365   0.00450   0.02386   0.08561   0.01738   0.02855   0.09048   0.15066   0.00511   0.08787   0.11471   3.91832   0.83802   0.09313  
 32 55.6882   7638.886995  x:  0.02286   0.07663   0.02092   0.01700   0.00544   0.00000   0.00406   0.00558   0.00512   0.00589   0.00367   0.01220   0.03583   0.05649   0.21188   0.26098   0.15215   0.15764   0.02395   0.00450   0.02391   0.08369   0.01749   0.02865   0.09325   0.14609   0.00483   0.08971   0.11514   4.04073   0.83458   0.09280  
 33 236.8010   7638.869665  x:  0.02283   0.07713   0.02091   0.01702   0.00544   0.00000   0.00405   0.00558   0.00512   0.00589   0.00367   0.01220   0.03583   0.05650   0.21124   0.26123   0.15283   0.15803   0.02386   0.00452   0.02392   0.08471   0.01750   0.02865   0.09189   0.14521   0.00485   0.08864   0.11563   4.04916   0.83430   0.09274  
 34 46.9989   7638.866115  x:  0.02285   0.07678   0.02093   0.01703   0.00544   0.00000   0.00404   0.00557   0.00512   0.00589   0.00367   0.01220   0.03583   0.05648   0.21103   0.26128   0.15357   0.15717   0.02387   0.00452   0.02396   0.08430   0.01750   0.02864   0.09136   0.14524   0.00482   0.08884   0.11570   4.04925   0.83422   0.09268  
 35  1.0355   7638.852501  x:  0.02278   0.07729   0.02092   0.01705   0.00543   0.00000   0.00403   0.00558   0.00514   0.00590   0.00366   0.01220   0.03584   0.05651   0.21056   0.26123   0.15497   0.15518   0.02385   0.00451   0.02389   0.08493   0.01751   0.02866   0.09241   0.14524   0.00484   0.08847   0.11545   4.04838   0.83407   0.09276  
 36  2.8862   7637.675430  x:  0.01907   0.08489   0.02182   0.01940   0.00508   0.00000   0.00285   0.00550   0.00584   0.00607   0.00308   0.01221   0.03634   0.05703   0.20736   0.25153   0.14969   0.15475   0.02512   0.00329   0.02454   0.08431   0.01856   0.02919   0.08946   0.14203   0.00288   0.09399   0.11275   3.94135   0.82639   0.09463  
 37  3.9840   7637.302911  x:  0.01855   0.07794   0.02240   0.02016   0.00490   0.00000   0.00245   0.00540   0.00594   0.00613   0.00289   0.01218   0.03641   0.05672   0.20657   0.24878   0.14800   0.15554   0.02583   0.00300   0.02456   0.08362   0.01885   0.02935   0.09138   0.14134   0.00234   0.08790   0.11292   3.90766   0.82372   0.09437  
 38 160.1310   7636.915657  x:  0.01621   0.07818   0.02245   0.02024   0.00459   0.00000   0.00216   0.00495   0.00575   0.00631   0.00195   0.01218   0.03625   0.05662   0.20888   0.25357   0.15000   0.15643   0.02586   0.00141   0.02443   0.08395   0.01884   0.02926   0.09154   0.14321   0.00337   0.08800   0.11392   3.91830   0.82825   0.09613  
 39  0.0146   7636.740010  x:  0.01488   0.07789   0.02161   0.01931   0.00502   0.00000   0.00270   0.00435   0.00524   0.00625   0.00220   0.01225   0.03589   0.05629   0.20955   0.25514   0.15062   0.15687   0.02522   0.00133   0.02398   0.08408   0.01827   0.02873   0.09157   0.14378   0.00297   0.08803   0.11448   3.92569   0.83106   0.09769  
 40  0.0061   7636.685596  x:  0.01396   0.07824   0.02169   0.01911   0.00500   0.00000   0.00246   0.00430   0.00467   0.00637   0.00238   0.01219   0.03604   0.05638   0.20842   0.25267   0.14965   0.15638   0.02579   0.00133   0.02407   0.08379   0.01824   0.02890   0.09139   0.14287   0.00324   0.08793   0.11389   3.92027   0.82996   0.09757  
 41  0.0051   7636.672227  x:  0.01386   0.07835   0.02185   0.01936   0.00507   0.00000   0.00258   0.00440   0.00449   0.00642   0.00219   0.01216   0.03610   0.05642   0.20846   0.25264   0.14958   0.15628   0.02594   0.00143   0.02417   0.08377   0.01840   0.02899   0.09138   0.14282   0.00301   0.08793   0.11379   3.92012   0.82990   0.09743  
 42  0.0008   7636.670469  x:  0.01377   0.07834   0.02188   0.01940   0.00511   0.00000   0.00253   0.00450   0.00449   0.00642   0.00222   0.01215   0.03608   0.05641   0.20868   0.25307   0.14975   0.15635   0.02592   0.00143   0.02418   0.08382   0.01843   0.02897   0.09141   0.14299   0.00299   0.08795   0.11388   3.92122   0.82992   0.09736  
 43  0.0015   7636.670311  x:  0.01376   0.07831   0.02187   0.01940   0.00513   0.00000   0.00254   0.00450   0.00450   0.00642   0.00221   0.01215   0.03607   0.05641   0.20870   0.25309   0.14976   0.15638   0.02590   0.00145   0.02417   0.08383   0.01842   0.02896   0.09143   0.14301   0.00303   0.08793   0.11391   3.92087   0.82990   0.09729  
 44  0.0004   7636.670279  x:  0.01376   0.07832   0.02186   0.01939   0.00514   0.00000   0.00254   0.00449   0.00449   0.00642   0.00221   0.01215   0.03607   0.05641   0.20870   0.25310   0.14976   0.15639   0.02590   0.00144   0.02416   0.08383   0.01842   0.02896   0.09143   0.14300   0.00302   0.08794   0.11390   3.92088   0.82991   0.09725  
 45  0.0001   7636.670277  x:  0.01376   0.07832   0.02186   0.01939   0.00514   0.00000   0.00254   0.00449   0.00449   0.00642   0.00221   0.01215   0.03607   0.05641   0.20869   0.25309   0.14976   0.15638   0.02590   0.00144   0.02416   0.08382   0.01842   0.02896   0.09142   0.14300   0.00302   0.08794   0.11390   3.92083   0.82990   0.09724  
 46  0.0001   7636.670277  x:  0.01376   0.07832   0.02186   0.01939   0.00514   0.00000   0.00254   0.00449   0.00449   0.00642   0.00221   0.01215   0.03607   0.05641   0.20869   0.25309   0.14976   0.15638   0.02590   0.00144   0.02416   0.08382   0.01842   0.02896   0.09142   0.14300   0.00302   0.08794   0.11390   3.92083   0.82990   0.09724  
 47  0.0000   7636.670277  x:  0.01376   0.07832   0.02186   0.01939   0.00514   0.00000   0.00254   0.00449   0.00449   0.00642   0.00221   0.01215   0.03607   0.05641   0.20869   0.25309   0.14976   0.15638   0.02590   0.00144   0.02417   0.08382   0.01842   0.02896   0.09142   0.14300   0.00302   0.08794   0.11390   3.92083   0.82990   0.09724  
 48  0.0000   7636.670277  x:  0.01376   0.07832   0.02186   0.01939   0.00514   0.00000   0.00254   0.00449   0.00449   0.00642   0.00221   0.01215   0.03607   0.05641   0.20869   0.25309   0.14976   0.15638   0.02590   0.00144   0.02416   0.08382   0.01842   0.02896   0.09142   0.14300   0.00302   0.08794   0.11390   3.92083   0.82990   0.09724  
 49  0.0000   7636.670277  x:  0.01376   0.07832   0.02186   0.01939   0.00514   0.00000   0.00254   0.00449   0.00449   0.00642   0.00221   0.01215   0.03607   0.05641   0.20869   0.25309   0.14976   0.15638   0.02590   0.00144   0.02416   0.08382   0.01842   0.02896   0.09142   0.14300   0.00302   0.08794   0.11390   3.92083   0.82990   0.09724  

Model 2: PositiveSelection

TREE # 1

  0  0.0000   7832.765090  x:  0.00564   0.08027   0.01723   0.02455   0.00799   0.00000   0.00347   0.00431   0.00701   0.00910   0.00680   0.01378   0.03362   0.05781   0.19659   0.20883   0.13227   0.15623   0.02301   0.00439   0.01956   0.07272   0.01879   0.02917   0.09335   0.12502   0.00854   0.08361   0.10021   3.92083   0.91827   0.57566   0.25513   2.18071  
  1 99.0000   7832.763461  x:  0.00564   0.08027   0.01723   0.02455   0.00799   0.00000   0.00347   0.00431   0.00701   0.00910   0.00680   0.01378   0.03362   0.05781   0.19659   0.20883   0.13227   0.15623   0.02301   0.00439   0.01956   0.07272   0.01879   0.02917   0.09335   0.12502   0.00854   0.08361   0.10021   3.92083   0.91827   0.57566   0.25513   2.18071  
  2 1094.4415   7827.902471  x:  0.00372   0.08096   0.01995   0.02355   0.00673   0.00000   0.00513   0.00148   0.00624   0.00859   0.00231   0.01381   0.03577   0.05882   0.19831   0.21186   0.13498   0.15766   0.02482   0.00376   0.02230   0.07581   0.01960   0.03043   0.09436   0.12807   0.00637   0.08552   0.10327   3.92110   0.92092   0.57481   0.24803   2.17984  
  3 866.5766   7825.604561  x:  0.00214   0.08134   0.02120   0.02301   0.00647   0.00000   0.00620   0.00264   0.00610   0.00841   0.00061   0.01384   0.03693   0.05940   0.19935   0.21367   0.13659   0.15851   0.02572   0.00352   0.02368   0.07760   0.02001   0.03111   0.09496   0.12988   0.00530   0.08666   0.10506   3.92126   0.92254   0.57429   0.24372   2.17930  
  4 3344.3208   7819.371340  x:  0.00000   0.08255   0.02469   0.02154   0.00605   0.00000   0.00867   0.00379   0.00565   0.00774   0.00252   0.01393   0.04023   0.06105   0.20240   0.21896   0.14126   0.16102   0.02852   0.00288   0.02754   0.08276   0.02113   0.03303   0.09669   0.13514   0.00252   0.08995   0.11027   3.92174   0.92725   0.57276   0.23110   2.17776  
  5 3947.3003   7787.864149  x:  0.00961   0.09262   0.02916   0.01414   0.02959   0.00000   0.04202   0.00574   0.02533   0.01486   0.00360   0.01606   0.06230   0.07414   0.23225   0.26993   0.18518   0.18530   0.04258   0.00925   0.04560   0.12682   0.02524   0.04507   0.11268   0.18401   0.00817   0.12056   0.15758   3.92631   0.97449   0.55728   0.10403   2.16231  
  6 3052.7649   7769.562735  x:  0.00840   0.09740   0.02185   0.03024   0.02985   0.00000   0.03994   0.00552   0.02231   0.01012   0.00339   0.01692   0.06251   0.07786   0.24675   0.29264   0.20276   0.19660   0.04029   0.00391   0.03963   0.13881   0.02325   0.04418   0.11928   0.20196   0.00914   0.13038   0.17331   3.92843   0.99839   0.54905   0.04103   2.15515  
  7 1698.5160   7765.454093  x:  0.00695   0.09909   0.02042   0.01738   0.02752   0.00000   0.03301   0.00523   0.01878   0.01393   0.00323   0.01562   0.05759   0.07801   0.25312   0.30224   0.20855   0.20096   0.03562   0.00504   0.03265   0.13934   0.02284   0.04171   0.12107   0.20705   0.00976   0.13174   0.17633   3.92946   1.01017   0.54542   0.02866   2.15152  
  8 417.5749   7759.873786  x:  0.00379   0.10258   0.03010   0.02049   0.03091   0.00000   0.01898   0.00440   0.02231   0.01174   0.00255   0.02050   0.04769   0.07695   0.27358   0.33658   0.22726   0.21335   0.02714   0.01553   0.02460   0.14062   0.02480   0.03967   0.12459   0.22333   0.01125   0.13401   0.18531   3.93384   1.05496   0.53370   0.04284   2.13614  
  9 234.3940   7755.435542  x:  0.00272   0.10507   0.01846   0.02201   0.03126   0.00000   0.01233   0.00393   0.02295   0.01522   0.00215   0.01319   0.04682   0.07590   0.28944   0.36389   0.24012   0.22189   0.02973   0.01297   0.02602   0.13909   0.02362   0.04037   0.12683   0.23329   0.00782   0.13355   0.18950   3.93786   1.09763   0.52220   0.05786   2.12209  
 10 530.1232   7752.239890  x:  0.00301   0.10625   0.01478   0.02010   0.02988   0.00000   0.01639   0.00417   0.02167   0.01638   0.00235   0.02406   0.04987   0.07611   0.30024   0.38376   0.24531   0.22577   0.03202   0.00320   0.02654   0.13141   0.02164   0.04011   0.12688   0.23460   0.00987   0.12940   0.18606   3.94185   1.14309   0.50913   0.06592   2.10823  
 11 438.6062   7747.080260  x:  0.00302   0.10690   0.01990   0.02071   0.02879   0.00000   0.02252   0.00463   0.02029   0.01662   0.00274   0.01944   0.05318   0.07713   0.30926   0.40217   0.24649   0.22725   0.03299   0.00000   0.02851   0.11991   0.02165   0.03963   0.12587   0.23108   0.01542   0.12316   0.17767   3.94661   1.19941   0.49241   0.06974   2.09177  
 12 764.3878   7741.859074  x:  0.00300   0.10722   0.01796   0.02080   0.02336   0.00000   0.03140   0.00522   0.01506   0.01142   0.00331   0.01960   0.05952   0.07869   0.32263   0.43277   0.24519   0.22732   0.03676   0.01548   0.03691   0.10116   0.02378   0.04063   0.12352   0.22190   0.01865   0.11244   0.16078   3.95586   1.30963   0.45940   0.07432   2.06000  
 13 1876.1038   7733.124283  x:  0.00609   0.10284   0.01991   0.02098   0.02622   0.00000   0.03182   0.00495   0.02593   0.01305   0.00292   0.02009   0.05639   0.07829   0.32116   0.44880   0.23337   0.21770   0.03478   0.01628   0.03291   0.10844   0.02615   0.04551   0.11992   0.20690   0.00000   0.11387   0.15033   3.96661   1.43884   0.42055   0.07996   2.02342  
 14 572.4114   7721.580823  x:  0.00183   0.09298   0.01916   0.01727   0.02315   0.00000   0.01845   0.00436   0.03438   0.00631   0.00265   0.02059   0.05196   0.07550   0.30725   0.46634   0.20856   0.19516   0.04007   0.01313   0.03549   0.14186   0.02475   0.05273   0.11463   0.18317   0.01211   0.12913   0.14662   3.98703   1.68173   0.34817   0.09717   1.95427  
 15 1584.4459   7719.365985  x:  0.00143   0.09181   0.02097   0.02072   0.02128   0.00000   0.01646   0.00455   0.03059   0.01697   0.00291   0.02240   0.05257   0.07421   0.30086   0.46630   0.20371   0.19025   0.04036   0.01516   0.03719   0.14800   0.02228   0.04884   0.11383   0.18133   0.01375   0.13176   0.15003   3.99201   1.73967   0.33131   0.10177   1.93735  
 16 1138.5635   7714.184391  x:  0.00365   0.09250   0.02073   0.01968   0.02675   0.00000   0.02386   0.00470   0.01821   0.01306   0.00280   0.02020   0.05572   0.07014   0.28200   0.45492   0.20039   0.18471   0.03433   0.01576   0.03557   0.15163   0.01830   0.03003   0.11345   0.19027   0.01023   0.13195   0.16718   4.00101   1.84074   0.30339   0.11276   1.90629  
 17 673.4720   7711.328668  x:  0.00435   0.09407   0.01916   0.02002   0.02966   0.00000   0.02579   0.00475   0.01082   0.01367   0.00276   0.02001   0.05517   0.06792   0.26656   0.43971   0.20219   0.18381   0.03077   0.01432   0.03235   0.14635   0.02918   0.03565   0.11300   0.20185   0.01080   0.12765   0.18061   4.00711   1.90576   0.28663   0.11866   1.88494  
 18 618.4119   7707.824998  x:  0.00357   0.09635   0.02060   0.01879   0.02732   0.00000   0.02060   0.00449   0.01830   0.01239   0.00264   0.02039   0.05201   0.06787   0.24720   0.41252   0.20960   0.18636   0.03282   0.01428   0.03281   0.13159   0.01970   0.04492   0.11233   0.22044   0.01005   0.11798   0.19573   4.01489   1.98344   0.26841   0.12262   1.85744  
 19 560.5054   7706.995464  x:  0.00296   0.09323   0.02028   0.01858   0.02592   0.00000   0.01701   0.00434   0.02397   0.01258   0.00259   0.02116   0.05109   0.06945   0.24693   0.39998   0.21551   0.18913   0.03543   0.01305   0.03561   0.12850   0.02501   0.03868   0.11157   0.22497   0.01025   0.11752   0.19463   4.01745   2.00282   0.26616   0.12287   1.84793  
 20 164.2083   7705.708742  x:  0.00370   0.08429   0.02054   0.01860   0.02661   0.00000   0.01825   0.00444   0.02034   0.01261   0.00265   0.02082   0.05179   0.06957   0.25836   0.37078   0.23212   0.19620   0.03292   0.01310   0.03567   0.13117   0.02255   0.04048   0.10953   0.23055   0.01011   0.12388   0.18348   4.02303   2.03234   0.26901   0.12551   1.82612  
 21 120.4828   7705.323404  x:  0.00317   0.09215   0.02095   0.01869   0.02752   0.00000   0.01888   0.00437   0.01968   0.01258   0.00254   0.02080   0.05106   0.06714   0.26368   0.36124   0.23634   0.19603   0.03654   0.01357   0.03335   0.13373   0.02259   0.04000   0.11023   0.23010   0.01023   0.12335   0.18033   4.02579   2.04098   0.27405   0.12597   1.81484  
 22 77.5954   7704.917587  x:  0.00334   0.09745   0.02016   0.01849   0.02651   0.00000   0.01793   0.00441   0.02090   0.01256   0.00262   0.02087   0.05257   0.06861   0.26857   0.35459   0.23806   0.19268   0.03031   0.01284   0.03674   0.13603   0.02277   0.04015   0.11216   0.22773   0.01052   0.11937   0.18131   4.03029   2.04860   0.28613   0.12579   1.79604  
 23 61.4253   7702.583614  x:  0.00344   0.08691   0.02024   0.01812   0.02504   0.00000   0.01878   0.00442   0.01887   0.01212   0.00263   0.01995   0.04887   0.07568   0.28401   0.33414   0.23926   0.17136   0.03534   0.01392   0.03179   0.13677   0.02194   0.03975   0.11163   0.21550   0.00985   0.10282   0.19905   4.06140   2.08777   0.37798   0.12194   1.66484  
 24 119.7391   7696.690157  x:  0.00329   0.07815   0.02104   0.01590   0.02286   0.00000   0.01287   0.00416   0.02066   0.01111   0.00248   0.01925   0.05288   0.04884   0.28634   0.30196   0.23377   0.14756   0.03345   0.01285   0.03431   0.12023   0.02163   0.03897   0.10087   0.19702   0.00719   0.10883   0.21534   4.13518   2.17524   0.59975   0.10909   1.35117  
 25 521.4275   7687.125524  x:  0.00354   0.07978   0.01970   0.01439   0.01958   0.00000   0.01155   0.00412   0.01805   0.01033   0.00249   0.01795   0.04860   0.05595   0.27240   0.27087   0.22376   0.13723   0.03269   0.01183   0.03423   0.10814   0.02020   0.03752   0.09264   0.18275   0.00497   0.12139   0.21887   4.21723   2.27143   0.84779   0.09881   1.00000  
 26 2038.1793   7678.472508  x:  0.00435   0.06705   0.01941   0.01204   0.01243   0.00000   0.00919   0.00420   0.01486   0.00935   0.00272   0.01581   0.04794   0.04557   0.23605   0.22634   0.20282   0.14320   0.03327   0.01088   0.03121   0.11646   0.01835   0.03413   0.10412   0.17137   0.00411   0.10097   0.20508   4.34661   2.42283   1.24138   0.08072   1.00000  
 27 1474.7696   7678.319992  x:  0.00398   0.06700   0.01955   0.01186   0.01479   0.00000   0.00729   0.00403   0.01410   0.00937   0.00252   0.01602   0.04925   0.04600   0.23569   0.22562   0.20161   0.14281   0.03352   0.01074   0.03149   0.11690   0.01808   0.03407   0.10190   0.17250   0.00401   0.09953   0.20397   4.34879   2.42553   1.24840   0.08005   1.00000  
 28 115.1412   7678.179620  x:  0.00407   0.06729   0.01938   0.01186   0.01346   0.00000   0.00769   0.00409   0.01448   0.00936   0.00261   0.01582   0.04945   0.04580   0.23609   0.22518   0.19941   0.14161   0.03305   0.01073   0.03115   0.11858   0.01813   0.03388   0.09649   0.17634   0.00423   0.09779   0.20249   4.35041   2.42787   1.25451   0.07968   1.00000  
 29 60.1355   7678.136190  x:  0.00410   0.06715   0.01939   0.01185   0.01390   0.00000   0.00788   0.00409   0.01413   0.00935   0.00259   0.01591   0.04771   0.04551   0.23706   0.22493   0.19742   0.14028   0.03309   0.01044   0.03226   0.11833   0.01803   0.03390   0.09715   0.17874   0.00415   0.09796   0.20153   4.35021   2.42849   1.25563   0.07948   1.00000  
 30 14.0868   7678.075586  x:  0.00403   0.06696   0.01937   0.01186   0.01343   0.00000   0.00757   0.00408   0.01455   0.00932   0.00260   0.01584   0.04920   0.04591   0.23849   0.22448   0.19460   0.13889   0.03320   0.01057   0.03114   0.11766   0.01813   0.03394   0.09910   0.18155   0.00415   0.09896   0.20072   4.34921   2.42925   1.25642   0.07963   1.00000  
 31 17.6375   7676.712188  x:  0.00385   0.06766   0.01952   0.01207   0.01286   0.00000   0.00687   0.00409   0.01439   0.00902   0.00260   0.01575   0.04803   0.04604   0.25038   0.21895   0.17110   0.15908   0.03336   0.01039   0.03183   0.11497   0.01815   0.03425   0.09708   0.17853   0.00351   0.09997   0.20875   4.31080   2.44350   1.25596   0.07979   1.00000  
 32  7.3328   7663.283020  x:  0.00397   0.06967   0.01897   0.01324   0.00614   0.00000   0.00050   0.00424   0.00863   0.00791   0.00286   0.01447   0.04200   0.04729   0.23858   0.22415   0.16767   0.15295   0.03160   0.00819   0.03077   0.10761   0.01694   0.03260   0.09475   0.17103   0.00216   0.09989   0.19393   4.05349   2.53021   1.24897   0.07944   1.00000  
 33 84.4409   7654.472757  x:  0.00444   0.07285   0.01854   0.01472   0.00368   0.00000   0.00195   0.00436   0.00181   0.00693   0.00299   0.01318   0.03930   0.05068   0.22694   0.23301   0.16203   0.15395   0.03010   0.00661   0.02831   0.10295   0.01623   0.03136   0.09493   0.16864   0.00144   0.09856   0.17401   4.06117   2.66290   1.35151   0.07894   1.00000  
 34  4.0558   7645.014795  x:  0.00497   0.07925   0.01858   0.01735   0.00201   0.00000   0.00298   0.00440   0.00646   0.00537   0.00302   0.01075   0.03470   0.05600   0.20830   0.25129   0.15341   0.15795   0.02854   0.00189   0.02677   0.09701   0.01755   0.02904   0.09643   0.16544   0.00000   0.09459   0.13577   4.29199   2.84569   1.44415   0.08036   1.00000  
 35  2.2417   7642.063421  x:  0.00516   0.08144   0.01944   0.01840   0.00648   0.00000   0.00310   0.00437   0.00620   0.00520   0.00284   0.01003   0.03466   0.05750   0.20320   0.25436   0.15096   0.15843   0.02850   0.00000   0.02616   0.09374   0.01855   0.02870   0.09621   0.16183   0.00008   0.09308   0.12066   4.22192   2.91521   1.45240   0.08236   1.00000  
 36  1.0700   7638.651036  x:  0.00563   0.08090   0.02248   0.01767   0.00545   0.00000   0.00334   0.00459   0.00617   0.00652   0.00298   0.01156   0.03615   0.05673   0.20428   0.24438   0.15095   0.15176   0.02918   0.00062   0.02618   0.08336   0.01932   0.02882   0.09245   0.14661   0.00292   0.08801   0.10964   3.79975   2.86351   1.12858   0.09183   1.00000  
 37  1.8599   7638.104872  x:  0.00564   0.08038   0.02273   0.01762   0.00544   0.00000   0.00295   0.00458   0.00553   0.00680   0.00296   0.01197   0.03621   0.05615   0.20590   0.24478   0.14982   0.15242   0.02875   0.00109   0.02516   0.08204   0.01910   0.02875   0.09184   0.14383   0.00328   0.08621   0.10891   4.03711   2.80083   0.96049   0.09550   1.00000  
 38  1.8763   7637.517044  x:  0.00659   0.07918   0.02267   0.01920   0.00536   0.00000   0.00280   0.00462   0.00505   0.00586   0.00291   0.01238   0.03655   0.05578   0.21087   0.25086   0.14941   0.15359   0.02815   0.00171   0.02362   0.08290   0.01856   0.02913   0.09088   0.13914   0.00210   0.08718   0.11618   3.94601   2.78676   0.86306   0.09734   1.00000  
 39  0.2779   7637.287756  x:  0.00707   0.08003   0.02237   0.02011   0.00522   0.00000   0.00252   0.00466   0.00461   0.00647   0.00289   0.01255   0.03636   0.05685   0.21164   0.25690   0.15052   0.15855   0.02762   0.00170   0.02340   0.08569   0.01843   0.02947   0.09201   0.14271   0.00296   0.08799   0.11445   3.92625   2.83912   0.92628   0.09725   1.00000  
 40  0.2622   7637.144266  x:  0.00798   0.07964   0.02200   0.01988   0.00484   0.00000   0.00233   0.00465   0.00415   0.00665   0.00281   0.01192   0.03600   0.05644   0.21004   0.25459   0.14984   0.15821   0.02706   0.00075   0.02430   0.08379   0.01842   0.02912   0.09125   0.14334   0.00278   0.08866   0.11416   3.90999   2.82131   0.86105   0.09834   1.00000  
 41  0.1201   7636.995245  x:  0.00938   0.07962   0.02200   0.01961   0.00487   0.00000   0.00233   0.00462   0.00406   0.00660   0.00263   0.01170   0.03609   0.05635   0.20743   0.25310   0.14857   0.15720   0.02685   0.00193   0.02519   0.08229   0.01839   0.02860   0.09091   0.14426   0.00253   0.08884   0.11338   3.88677   2.81180   0.83346   0.09810   1.00000  
 42  0.0536   7636.760998  x:  0.01185   0.07925   0.02163   0.01906   0.00493   0.00000   0.00257   0.00453   0.00449   0.00625   0.00227   0.01256   0.03577   0.05646   0.20739   0.25167   0.14778   0.15420   0.02638   0.00147   0.02475   0.08417   0.01865   0.02885   0.09115   0.14238   0.00345   0.08764   0.11458   3.90041   2.78007   0.80638   0.09668   1.00000  
 43  0.0403   7636.698368  x:  0.01280   0.07847   0.02175   0.01890   0.00499   0.00000   0.00259   0.00450   0.00454   0.00653   0.00215   0.01219   0.03612   0.05635   0.20939   0.25185   0.15041   0.15522   0.02610   0.00158   0.02358   0.08365   0.01844   0.02910   0.09141   0.14280   0.00317   0.08769   0.11373   3.90845   2.77513   0.81021   0.09698   1.00000  
 44  0.0147   7636.674785  x:  0.01345   0.07803   0.02178   0.01945   0.00513   0.00000   0.00256   0.00450   0.00451   0.00638   0.00212   0.01218   0.03623   0.05640   0.20885   0.25303   0.15029   0.15657   0.02588   0.00142   0.02428   0.08370   0.01831   0.02891   0.09144   0.14291   0.00310   0.08793   0.11371   3.92472   2.77297   0.81876   0.09718   1.00000  
 45  0.0185   7636.671510  x:  0.01362   0.07820   0.02187   0.01939   0.00515   0.00000   0.00254   0.00451   0.00449   0.00645   0.00214   0.01214   0.03602   0.05640   0.20860   0.25328   0.14960   0.15656   0.02589   0.00144   0.02417   0.08392   0.01841   0.02895   0.09143   0.14290   0.00302   0.08796   0.11388   3.92302   2.77196   0.82016   0.09736   1.00000  
 46  0.0040   7636.670699  x:  0.01369   0.07840   0.02188   0.01941   0.00515   0.00000   0.00254   0.00451   0.00449   0.00639   0.00216   0.01215   0.03605   0.05639   0.20867   0.25308   0.14970   0.15647   0.02591   0.00144   0.02413   0.08380   0.01843   0.02897   0.09144   0.14311   0.00302   0.08794   0.11391   3.92115   2.77109   0.82138   0.09729   1.00000  
 47  0.0030   7636.670436  x:  0.01374   0.07839   0.02187   0.01941   0.00515   0.00000   0.00254   0.00451   0.00450   0.00642   0.00218   0.01215   0.03608   0.05641   0.20875   0.25309   0.14976   0.15634   0.02592   0.00144   0.02418   0.08382   0.01843   0.02897   0.09142   0.14298   0.00301   0.08795   0.11390   3.92050   2.77021   0.82163   0.09720   1.00000  
 48  0.0014   7636.670326  x:  0.01376   0.07831   0.02187   0.01938   0.00514   0.00000   0.00254   0.00451   0.00449   0.00641   0.00220   0.01215   0.03606   0.05642   0.20867   0.25307   0.14980   0.15636   0.02591   0.00144   0.02417   0.08384   0.01841   0.02895   0.09142   0.14300   0.00302   0.08794   0.11391   3.92043   2.76994   0.82061   0.09724   1.00000  
 49  0.0010   7636.670296  x:  0.01377   0.07831   0.02187   0.01939   0.00514   0.00000   0.00254   0.00451   0.00449   0.00642   0.00221   0.01215   0.03607   0.05641   0.20868   0.25311   0.14975   0.15638   0.02590   0.00144   0.02416   0.08381   0.01841   0.02896   0.09143   0.14300   0.00302   0.08794   0.11391   3.92091   2.77017   0.82077   0.09723   1.00000  
 50  0.0006   7636.670284  x:  0.01377   0.07832   0.02186   0.01939   0.00514   0.00000   0.00254   0.00450   0.00449   0.00642   0.00221   0.01215   0.03607   0.05640   0.20870   0.25307   0.14975   0.15639   0.02590   0.00144   0.02416   0.08383   0.01842   0.02896   0.09143   0.14300   0.00302   0.08794   0.11389   3.92096   2.77023   0.82047   0.09724   1.00000  
 51  0.0004   7636.670279  x:  0.01376   0.07833   0.02186   0.01939   0.00514   0.00000   0.00254   0.00449   0.00449   0.00642   0.00221   0.01215   0.03606   0.05641   0.20870   0.25308   0.14976   0.15639   0.02591   0.00144   0.02417   0.08382   0.01842   0.02896   0.09142   0.14300   0.00302   0.08794   0.11391   3.92091   2.77022   0.82046   0.09724   1.00000  
 52  0.0001   7636.670277  x:  0.01376   0.07832   0.02186   0.01939   0.00514   0.00000   0.00254   0.00449   0.00449   0.00642   0.00221   0.01215   0.03607   0.05641   0.20869   0.25309   0.14976   0.15638   0.02591   0.00144   0.02416   0.08382   0.01842   0.02896   0.09142   0.14300   0.00302   0.08794   0.11390   3.92083   2.77024   0.82052   0.09724   1.00000  
 53  0.0001   7636.670277  x:  0.01376   0.07832   0.02186   0.01939   0.00514   0.00000   0.00254   0.00449   0.00449   0.00642   0.00221   0.01215   0.03607   0.05641   0.20869   0.25309   0.14976   0.15638   0.02590   0.00144   0.02416   0.08382   0.01842   0.02896   0.09142   0.14300   0.00302   0.08794   0.11390   3.92083   2.77023   0.82054   0.09724   1.00000  
 54  0.0000   7636.670277  x:  0.01376   0.07832   0.02186   0.01939   0.00514   0.00000   0.00254   0.00449   0.00449   0.00642   0.00221   0.01215   0.03607   0.05641   0.20869   0.25308   0.14976   0.15638   0.02590   0.00144   0.02416   0.08382   0.01842   0.02896   0.09143   0.14300   0.00302   0.08794   0.11390   3.92083   2.77023   0.82056   0.09724   1.00000  
 55  0.0000   7636.670277  x:  0.01376   0.07832   0.02186   0.01939   0.00514   0.00000   0.00254   0.00449   0.00449   0.00642   0.00221   0.01215   0.03607   0.05641   0.20869   0.25309   0.14976   0.15638   0.02590   0.00144   0.02416   0.08382   0.01842   0.02896   0.09142   0.14300   0.00302   0.08794   0.11390   3.92083   2.77023   0.82057   0.09724   1.00000  

Model 7: beta

TREE # 1

  0  0.0000   7656.088305  x:  0.00618   0.08109   0.01660   0.02217   0.00579   0.00000   0.00329   0.00370   0.00660   0.00722   0.00388   0.01067   0.03247   0.05781   0.19747   0.21163   0.13290   0.15753   0.02445   0.00161   0.02105   0.07387   0.01895   0.02847   0.09213   0.12449   0.00696   0.08491   0.10221   3.92083   0.74676   1.92879  
  1 99.0000   7656.087286  x:  0.00618   0.08109   0.01660   0.02217   0.00579   0.00000   0.00329   0.00370   0.00660   0.00722   0.00388   0.01067   0.03247   0.05781   0.19747   0.21163   0.13290   0.15753   0.02445   0.00161   0.02105   0.07387   0.01895   0.02847   0.09213   0.12449   0.00696   0.08491   0.10221   3.92083   0.74676   1.92879  
  2 915.2676   7655.257810  x:  0.00779   0.08102   0.01793   0.02159   0.00585   0.00000   0.00362   0.00219   0.00567   0.00711   0.00331   0.01112   0.03315   0.05774   0.19779   0.21255   0.13357   0.15757   0.02500   0.00068   0.02156   0.07468   0.01891   0.02863   0.09214   0.12536   0.00553   0.08514   0.10292   3.92083   0.74584   1.92901  
  3 544.3948   7654.705880  x:  0.00842   0.08084   0.01892   0.02102   0.00636   0.00000   0.00462   0.00287   0.00558   0.00722   0.00381   0.01121   0.03383   0.05763   0.19814   0.21364   0.13435   0.15762   0.02541   0.00000   0.02206   0.07560   0.01887   0.02879   0.09213   0.12639   0.00430   0.08542   0.10377   3.92083   0.74472   1.92928  
  4 518.3174   7654.082366  x:  0.00882   0.08042   0.02032   0.02006   0.00721   0.00000   0.00616   0.00270   0.00598   0.00739   0.00486   0.01112   0.03503   0.05740   0.19884   0.21579   0.13591   0.15770   0.02604   0.00141   0.02310   0.07738   0.01881   0.02906   0.09213   0.12845   0.00268   0.08600   0.10542   3.92083   0.74245   1.92981  
  5 910.6116   7651.886527  x:  0.00628   0.07796   0.02224   0.01748   0.00596   0.00000   0.00473   0.00261   0.00856   0.00587   0.00425   0.00979   0.03915   0.05617   0.20241   0.22682   0.14373   0.15812   0.02775   0.00053   0.02586   0.08552   0.01874   0.02997   0.09209   0.13850   0.00502   0.08913   0.11365   3.92080   0.73033   1.93264  
  6 433.7088   7650.505514  x:  0.00523   0.07657   0.01926   0.01972   0.00666   0.00000   0.00378   0.00264   0.00610   0.00961   0.00432   0.01180   0.03925   0.05553   0.20531   0.23562   0.14951   0.15838   0.02768   0.00050   0.02505   0.08996   0.01892   0.02986   0.09208   0.14554   0.00528   0.09104   0.11894   3.92078   0.71944   1.93513  
  7 492.9842   7649.433790  x:  0.00747   0.07641   0.01596   0.02249   0.00606   0.00000   0.00420   0.00262   0.00617   0.00721   0.00499   0.01040   0.03653   0.05573   0.20787   0.24318   0.15379   0.15848   0.02654   0.00064   0.02225   0.09132   0.01911   0.02918   0.09217   0.15018   0.00379   0.09187   0.12183   3.92076   0.70827   1.93760  
  8 411.0219   7648.354001  x:  0.00660   0.07757   0.01924   0.02286   0.00663   0.00000   0.00530   0.00269   0.00738   0.00678   0.00318   0.01178   0.03168   0.05741   0.21065   0.25158   0.15722   0.15822   0.02355   0.00087   0.01949   0.08886   0.01909   0.02837   0.09253   0.15262   0.00383   0.09147   0.12210   3.92071   0.69156   1.94117  
  9 294.6680   7647.055187  x:  0.00704   0.07995   0.02100   0.02072   0.00697   0.00000   0.00337   0.00263   0.00516   0.00753   0.00601   0.00965   0.02959   0.05944   0.21383   0.26150   0.15996   0.15751   0.02185   0.00081   0.02046   0.08352   0.01898   0.02836   0.09321   0.15301   0.00520   0.09000   0.12004   3.92063   0.66684   1.94631  
 10 464.1164   7645.017353  x:  0.00753   0.08356   0.01811   0.01861   0.00410   0.00000   0.00417   0.00265   0.00711   0.00901   0.00568   0.01122   0.03200   0.06138   0.21810   0.27562   0.16253   0.15607   0.02209   0.00056   0.02404   0.07497   0.01892   0.02905   0.09416   0.15130   0.00478   0.08722   0.11520   3.92046   0.62543   1.95475  
 11 885.5666   7643.990906  x:  0.00624   0.08495   0.01667   0.01929   0.00775   0.00000   0.00369   0.00264   0.00704   0.00708   0.00390   0.01152   0.03479   0.06147   0.21988   0.28231   0.16291   0.15511   0.02322   0.00043   0.02526   0.07169   0.01892   0.02941   0.09442   0.14932   0.00420   0.08589   0.11224   3.92035   0.60095   1.95962  
 12 1004.0150   7643.141720  x:  0.00470   0.08491   0.01775   0.02141   0.00678   0.00000   0.00566   0.00277   0.00502   0.00668   0.00288   0.00980   0.03663   0.06014   0.22020   0.28528   0.16158   0.15421   0.02485   0.00074   0.02425   0.07236   0.01890   0.02927   0.09412   0.14653   0.00463   0.08559   0.11015   3.92021   0.58057   1.96344  
 13 535.2567   7641.782585  x:  0.00537   0.08370   0.02034   0.02403   0.00597   0.00000   0.00380   0.00267   0.00647   0.00703   0.00523   0.01091   0.03787   0.05673   0.21960   0.28778   0.15767   0.15262   0.02765   0.00088   0.02099   0.07674   0.01881   0.02866   0.09314   0.14083   0.00495   0.08591   0.10727   3.91991   0.54453   1.96994  
 14 814.2460   7640.577531  x:  0.00559   0.08088   0.01830   0.01943   0.00650   0.00000   0.00360   0.00270   0.00648   0.00796   0.00363   0.00989   0.03447   0.05419   0.21753   0.28647   0.15296   0.15152   0.02638   0.00085   0.02092   0.08264   0.01865   0.02836   0.09209   0.13631   0.00364   0.08711   0.10694   3.91953   0.51256   1.97528  
 15 497.8958   7640.335221  x:  0.00584   0.08008   0.01793   0.01906   0.00643   0.00000   0.00433   0.00272   0.00568   0.00679   0.00415   0.01123   0.03389   0.05445   0.21667   0.28516   0.15185   0.15144   0.02543   0.00088   0.02187   0.08347   0.01863   0.02848   0.09188   0.13600   0.00447   0.08746   0.10769   3.91939   0.50540   1.97632  
 16 311.0302   7639.942005  x:  0.00655   0.07862   0.01842   0.02134   0.00644   0.00000   0.00409   0.00271   0.00623   0.00720   0.00393   0.01062   0.03411   0.05705   0.21418   0.28032   0.15006   0.15182   0.02283   0.00066   0.02423   0.08299   0.01862   0.02892   0.09156   0.13753   0.00423   0.08789   0.11086   3.91899   0.49283   1.97771  
 17 199.5162   7639.674649  x:  0.00578   0.07832   0.01830   0.02023   0.00603   0.00000   0.00369   0.00271   0.00584   0.00697   0.00420   0.01079   0.03501   0.05870   0.21191   0.27501   0.14964   0.15260   0.02378   0.00075   0.02220   0.08066   0.01853   0.02851   0.09132   0.14072   0.00343   0.08771   0.11382   3.91852   0.48383   1.97821  
 18 134.9487   7639.613271  x:  0.00636   0.07849   0.01824   0.02000   0.00639   0.00000   0.00404   0.00272   0.00599   0.00724   0.00400   0.01063   0.03500   0.05866   0.21138   0.27350   0.14979   0.15286   0.02445   0.00078   0.02181   0.08003   0.01854   0.02841   0.09131   0.14173   0.00414   0.08761   0.11441   3.91835   0.48163   1.97822  
 19 149.2325   7639.543874  x:  0.00605   0.07939   0.01840   0.02037   0.00631   0.00000   0.00396   0.00272   0.00601   0.00715   0.00402   0.01066   0.03393   0.05675   0.21092   0.27095   0.15106   0.15343   0.02524   0.00068   0.02267   0.07940   0.01866   0.02852   0.09155   0.14353   0.00395   0.08715   0.11412   3.91792   0.47896   1.97771  
 20 51.9646   7639.515834  x:  0.00621   0.07984   0.01841   0.02023   0.00631   0.00000   0.00397   0.00272   0.00598   0.00717   0.00402   0.01066   0.03455   0.05606   0.21107   0.26947   0.15245   0.15373   0.02417   0.00070   0.02238   0.07964   0.01836   0.02847   0.09168   0.14429   0.00403   0.08695   0.11311   3.91746   0.47774   1.97691  
 21 28.2209   7639.502134  x:  0.00620   0.07987   0.01837   0.02020   0.00631   0.00000   0.00397   0.00272   0.00598   0.00717   0.00402   0.01066   0.03453   0.05668   0.21146   0.26858   0.15359   0.15377   0.02426   0.00070   0.02236   0.08009   0.01901   0.02853   0.09168   0.14438   0.00404   0.08694   0.11233   3.91694   0.47702   1.97589  
 22 20.0196   7639.491731  x:  0.00615   0.07976   0.01833   0.02025   0.00631   0.00000   0.00396   0.00272   0.00599   0.00717   0.00401   0.01067   0.03436   0.05728   0.21190   0.26794   0.15452   0.15369   0.02458   0.00069   0.02246   0.08039   0.01847   0.02846   0.09165   0.14427   0.00403   0.08699   0.11189   3.91637   0.47645   1.97474  
 23 29.1851   7639.454566  x:  0.00622   0.07865   0.01843   0.02024   0.00630   0.00000   0.00396   0.00273   0.00597   0.00716   0.00401   0.01066   0.03439   0.05667   0.21412   0.26670   0.15682   0.15238   0.02455   0.00073   0.02238   0.07944   0.01854   0.02876   0.09136   0.14251   0.00398   0.08750   0.11309   3.91271   0.47407   1.96716  
 24 14.8948   7639.406345  x:  0.00617   0.07950   0.01843   0.02025   0.00630   0.00000   0.00394   0.00273   0.00597   0.00716   0.00399   0.01067   0.03456   0.05665   0.21533   0.26656   0.15708   0.15118   0.02446   0.00072   0.02269   0.07964   0.01876   0.02698   0.09156   0.14210   0.00397   0.08707   0.11386   3.90716   0.47090   1.95558  
 25 36.1185   7639.138558  x:  0.00585   0.08471   0.01826   0.02026   0.00627   0.00000   0.00385   0.00277   0.00590   0.00715   0.00389   0.01074   0.03460   0.05736   0.21983   0.26751   0.15605   0.14599   0.02422   0.00076   0.02223   0.08147   0.01848   0.02900   0.09265   0.14217   0.00400   0.08458   0.11606   3.87463   0.45267   1.88768  
 26 221.2098   7637.948711  x:  0.00631   0.08076   0.01885   0.02025   0.00609   0.00000   0.00349   0.00292   0.00565   0.00712   0.00360   0.01086   0.03484   0.05677   0.22560   0.27917   0.15165   0.14264   0.02471   0.00072   0.02275   0.07893   0.01850   0.02852   0.09147   0.14858   0.00379   0.08932   0.10972   3.73724   0.37661   1.60013  
 27 369.5091   7637.561902  x:  0.00652   0.08019   0.01899   0.02026   0.00604   0.00000   0.00337   0.00298   0.00555   0.00711   0.00349   0.01092   0.03499   0.05680   0.22139   0.28484   0.15533   0.14939   0.02477   0.00082   0.02269   0.07942   0.01848   0.02855   0.09148   0.14465   0.00390   0.08429   0.11162   3.69083   0.35084   1.50239  
 28 369.7942   7637.530337  x:  0.00645   0.08179   0.01896   0.02027   0.00603   0.00000   0.00336   0.00299   0.00555   0.00711   0.00348   0.01093   0.03505   0.05690   0.21956   0.28546   0.15641   0.14950   0.02474   0.00083   0.02268   0.07932   0.01848   0.02859   0.09170   0.14365   0.00383   0.08637   0.11198   3.68724   0.34876   1.49441  
 29 46.7527   7637.518041  x:  0.00654   0.08137   0.01898   0.02026   0.00603   0.00000   0.00335   0.00299   0.00554   0.00711   0.00347   0.01093   0.03503   0.05686   0.21750   0.28588   0.15737   0.14745   0.02472   0.00083   0.02267   0.07925   0.01847   0.02857   0.09170   0.14369   0.00385   0.08596   0.11176   3.68665   0.34823   1.49182  
 30  7.0700   7637.207257  x:  0.00676   0.08305   0.01909   0.02020   0.00597   0.00000   0.00317   0.00307   0.00541   0.00706   0.00326   0.01102   0.03512   0.05680   0.21713   0.28557   0.15754   0.14728   0.02453   0.00084   0.02317   0.07945   0.01847   0.02857   0.08276   0.14407   0.00380   0.08557   0.11187   3.70613   0.34281   1.44933  
 31  1.8931   7633.663135  x:  0.00962   0.08125   0.02076   0.01976   0.00545   0.00000   0.00154   0.00385   0.00420   0.00663   0.00130   0.01195   0.03616   0.05660   0.21705   0.28008   0.15581   0.14963   0.02568   0.00109   0.02397   0.08157   0.01846   0.02886   0.08821   0.14508   0.00298   0.08709   0.11319   3.90265   0.28834   1.02615  
 32 298.5082   7632.773605  x:  0.01086   0.08004   0.02138   0.01958   0.00516   0.00000   0.00189   0.00407   0.00393   0.00637   0.00163   0.01212   0.03632   0.05648   0.21259   0.26877   0.15396   0.15285   0.02597   0.00131   0.02408   0.08279   0.01850   0.02895   0.08886   0.14457   0.00272   0.08767   0.11425   3.64525   0.31358   1.08322  
 33  1.6992   7632.289635  x:  0.01185   0.07934   0.02199   0.01950   0.00484   0.00000   0.00268   0.00425   0.00397   0.00614   0.00250   0.01216   0.03646   0.05647   0.21189   0.26357   0.15255   0.15365   0.02620   0.00153   0.02415   0.08345   0.01850   0.02901   0.09046   0.14436   0.00243   0.08806   0.11443   3.80081   0.29498   0.97951  
 34  0.7204   7632.030353  x:  0.01281   0.07817   0.02221   0.01937   0.00500   0.00000   0.00274   0.00439   0.00445   0.00619   0.00234   0.01222   0.03632   0.05635   0.20880   0.25295   0.15019   0.15540   0.02622   0.00169   0.02402   0.08423   0.01852   0.02902   0.09165   0.14333   0.00242   0.08837   0.11473   3.81599   0.30853   1.06863  
 35  0.2373   7631.994010  x:  0.01341   0.07787   0.02220   0.01934   0.00522   0.00000   0.00257   0.00447   0.00463   0.00645   0.00224   0.01220   0.03615   0.05635   0.20805   0.25128   0.14964   0.15574   0.02604   0.00184   0.02389   0.08410   0.01852   0.02900   0.09166   0.14290   0.00256   0.08840   0.11444   3.79756   0.30348   1.03920  
 36  0.0454   7631.981577  x:  0.01398   0.07783   0.02205   0.01940   0.00515   0.00000   0.00252   0.00451   0.00440   0.00649   0.00220   0.01214   0.03604   0.05634   0.20783   0.25229   0.14972   0.15587   0.02587   0.00200   0.02374   0.08381   0.01852   0.02897   0.09164   0.14241   0.00257   0.08831   0.11410   3.79893   0.30415   1.04464  
 37  0.0045   7631.978601  x:  0.01419   0.07788   0.02202   0.01940   0.00516   0.00000   0.00254   0.00452   0.00451   0.00640   0.00218   0.01213   0.03605   0.05634   0.20820   0.25286   0.14989   0.15567   0.02581   0.00208   0.02374   0.08378   0.01852   0.02897   0.09157   0.14258   0.00252   0.08828   0.11414   3.79877   0.30409   1.04460  
 38  0.0009   7631.978076  x:  0.01426   0.07787   0.02205   0.01938   0.00516   0.00000   0.00252   0.00452   0.00451   0.00642   0.00222   0.01215   0.03608   0.05635   0.20832   0.25275   0.14991   0.15559   0.02582   0.00211   0.02378   0.08384   0.01852   0.02898   0.09156   0.14271   0.00251   0.08830   0.11423   3.79923   0.30419   1.04528  
 39  0.0011   7631.977913  x:  0.01428   0.07786   0.02207   0.01938   0.00516   0.00000   0.00254   0.00451   0.00450   0.00643   0.00221   0.01216   0.03610   0.05635   0.20832   0.25268   0.14992   0.15559   0.02582   0.00212   0.02379   0.08388   0.01852   0.02898   0.09156   0.14276   0.00251   0.08830   0.11428   3.79939   0.30422   1.04524  
 40  0.0003   7631.977852  x:  0.01426   0.07785   0.02209   0.01938   0.00515   0.00000   0.00254   0.00451   0.00450   0.00642   0.00221   0.01217   0.03610   0.05635   0.20824   0.25271   0.14992   0.15565   0.02583   0.00214   0.02379   0.08389   0.01852   0.02898   0.09157   0.14271   0.00252   0.08831   0.11428   3.79931   0.30434   1.04531  
 41  0.0001   7631.977830  x:  0.01424   0.07786   0.02208   0.01938   0.00516   0.00000   0.00254   0.00450   0.00450   0.00642   0.00221   0.01216   0.03609   0.05635   0.20827   0.25270   0.14991   0.15563   0.02583   0.00215   0.02378   0.08388   0.01852   0.02898   0.09157   0.14271   0.00251   0.08831   0.11426   3.79893   0.30423   1.04512  
 42  0.0003   7631.977829  x:  0.01424   0.07786   0.02208   0.01938   0.00516   0.00000   0.00254   0.00450   0.00450   0.00643   0.00221   0.01216   0.03609   0.05635   0.20827   0.25270   0.14991   0.15563   0.02583   0.00215   0.02378   0.08387   0.01852   0.02898   0.09157   0.14272   0.00251   0.08830   0.11427   3.79918   0.30426   1.04524  
 43  0.0003   7631.977829  x:  0.01424   0.07786   0.02208   0.01938   0.00516   0.00000   0.00254   0.00450   0.00450   0.00642   0.00221   0.01216   0.03609   0.05635   0.20827   0.25269   0.14991   0.15563   0.02583   0.00215   0.02378   0.08388   0.01852   0.02898   0.09157   0.14272   0.00251   0.08830   0.11427   3.79920   0.30426   1.04522  

Model 8: beta&w>1

TREE # 1

  0  0.0000   7696.537522  x:  0.00713   0.07984   0.01659   0.02290   0.00591   0.00000   0.00319   0.00507   0.00660   0.00688   0.00372   0.01167   0.03230   0.05771   0.19759   0.21221   0.13323   0.15602   0.02442   0.00225   0.01999   0.07423   0.01844   0.02865   0.09353   0.12383   0.00614   0.08426   0.10232   3.79920   0.90000   0.76687   1.93569   2.47532  
  1 99.0000   7696.536076  x:  0.00713   0.07984   0.01659   0.02290   0.00591   0.00000   0.00319   0.00507   0.00660   0.00688   0.00372   0.01167   0.03230   0.05771   0.19759   0.21221   0.13323   0.15602   0.02442   0.00225   0.01999   0.07423   0.01844   0.02865   0.09353   0.12383   0.00614   0.08426   0.10232   3.79920   0.90000   0.76687   1.93569   2.47532  
  2 1049.5451   7682.657789  x:  0.00827   0.08103   0.01958   0.02193   0.00784   0.00000   0.00714   0.00562   0.00705   0.00699   0.00731   0.01191   0.03547   0.05885   0.20013   0.21673   0.13694   0.15810   0.02627   0.00000   0.02274   0.07817   0.01932   0.03016   0.09468   0.12838   0.00441   0.08662   0.10618   3.79949   0.92161   0.76385   1.93678   2.47438  
  3 1681.6055   7664.910958  x:  0.00227   0.08290   0.01954   0.02013   0.00754   0.00000   0.00931   0.00477   0.00982   0.00436   0.01300   0.01018   0.04008   0.06069   0.20619   0.22797   0.14591   0.16302   0.02788   0.01393   0.02637   0.08675   0.01963   0.03202   0.09715   0.13947   0.00448   0.09204   0.11515   3.80023   0.97651   0.75559   1.93968   2.47228  
  4 3699.2278   7659.210113  x:  0.00286   0.08246   0.01357   0.02026   0.00347   0.00000   0.00497   0.00487   0.00931   0.00725   0.01223   0.00976   0.03740   0.05975   0.20796   0.23180   0.14827   0.16399   0.02566   0.01053   0.02101   0.08745   0.01764   0.02999   0.09694   0.14197   0.00391   0.09249   0.11695   3.80048   0.99418   0.75137   1.94103   2.47193  
  5 902.0366   7658.436162  x:  0.00263   0.08208   0.01358   0.02030   0.00539   0.00000   0.00350   0.00454   0.00881   0.00536   0.01139   0.00997   0.03618   0.05928   0.20832   0.23287   0.14874   0.16400   0.02473   0.00956   0.01942   0.08721   0.01731   0.02923   0.09663   0.14240   0.00404   0.09230   0.11712   3.80056   0.99699   0.74973   1.94151   2.47190  
  6 452.9917   7657.869446  x:  0.00213   0.08110   0.01563   0.02023   0.00531   0.00000   0.00573   0.00497   0.00842   0.00529   0.00919   0.00978   0.03386   0.05821   0.20903   0.23540   0.14973   0.16378   0.02306   0.00952   0.01778   0.08653   0.01738   0.02799   0.09584   0.14334   0.00490   0.09171   0.11734   3.80073   0.99830   0.74535   1.94274   2.47188  
  7 209.2467   7657.128135  x:  0.00444   0.07940   0.01511   0.01995   0.00571   0.00000   0.00694   0.00359   0.01015   0.00477   0.00887   0.00936   0.03167   0.05638   0.21080   0.24127   0.15218   0.16347   0.02166   0.00993   0.01795   0.08588   0.01791   0.02717   0.09458   0.14580   0.00514   0.09084   0.11820   3.80116   0.99771   0.73524   1.94559   2.47171  
  8 254.7873   7655.603615  x:  0.00457   0.07561   0.01441   0.01952   0.00634   0.00000   0.00579   0.00701   0.01185   0.00477   0.00794   0.01038   0.02923   0.05285   0.21490   0.25527   0.15796   0.16269   0.01977   0.00982   0.02004   0.08472   0.01900   0.02663   0.09187   0.15156   0.00405   0.08893   0.12023   3.80221   0.99531   0.71031   1.95259   2.47125  
  9 933.0638   7654.188386  x:  0.00190   0.07313   0.01525   0.01971   0.00604   0.00000   0.00430   0.00451   0.01113   0.00591   0.00729   0.01032   0.02952   0.05114   0.21786   0.26603   0.16207   0.16183   0.01958   0.00856   0.02088   0.08372   0.01897   0.02694   0.08995   0.15547   0.00349   0.08750   0.12141   3.80308   0.99331   0.68948   1.95840   2.47092  
 10 1162.7396   7652.586854  x:  0.00202   0.07192   0.01526   0.02103   0.00501   0.00000   0.00442   0.00511   0.00801   0.00427   0.00877   0.00822   0.03262   0.05160   0.22056   0.27790   0.16545   0.16002   0.02213   0.00822   0.01798   0.08182   0.01651   0.02774   0.08822   0.15799   0.00620   0.08596   0.12130   3.80423   0.99132   0.66107   1.96620   2.47072  
 11 760.7145   7651.711684  x:  0.00236   0.07230   0.01478   0.02151   0.00658   0.00000   0.00502   0.00500   0.00698   0.00589   0.00960   0.01069   0.03397   0.05307   0.22142   0.28373   0.16621   0.15853   0.02337   0.00937   0.01566   0.08047   0.01566   0.02793   0.08781   0.15788   0.00694   0.08519   0.12015   3.80495   0.99083   0.64267   1.97116   2.47074  
 12 871.4615   7649.001139  x:  0.00185   0.07710   0.01523   0.02073   0.00473   0.00000   0.00545   0.00482   0.01000   0.00393   0.00903   0.01192   0.03509   0.06036   0.22125   0.29559   0.16418   0.15329   0.02450   0.00959   0.01395   0.07729   0.01857   0.02784   0.08941   0.15220   0.00286   0.08406   0.11384   3.80714   0.99169   0.58567   1.98623   2.47121  
 13 750.6923   7647.517734  x:  0.00195   0.07998   0.01508   0.02002   0.00666   0.00000   0.00473   0.00529   0.01014   0.00599   0.00845   0.00862   0.03433   0.06337   0.22049   0.30077   0.16204   0.15039   0.02392   0.00958   0.01658   0.07643   0.01899   0.02750   0.09089   0.14799   0.00354   0.08413   0.11028   3.80842   0.99272   0.55200   1.99502   2.47156  
 14 1427.9165   7646.623650  x:  0.00164   0.08134   0.01411   0.01962   0.00567   0.00000   0.00536   0.00486   0.00867   0.00488   0.00874   0.01048   0.03318   0.06292   0.21943   0.30211   0.16005   0.14919   0.02249   0.00866   0.02028   0.07770   0.01744   0.02754   0.09221   0.14510   0.00583   0.08525   0.10912   3.80925   0.99336   0.53025   2.00057   2.47178  
 15 706.5962   7645.686069  x:  0.00234   0.08102   0.01557   0.02044   0.00543   0.00000   0.00520   0.00488   0.00750   0.00494   0.01056   0.01015   0.03317   0.05703   0.21721   0.29892   0.15714   0.15001   0.02083   0.00975   0.01901   0.08263   0.01595   0.02863   0.09348   0.14286   0.00295   0.08819   0.11134   3.81021   0.99320   0.50655   2.00635   2.47189  
 16 290.3316   7645.279272  x:  0.00214   0.08025   0.01558   0.01997   0.00549   0.00000   0.00481   0.00495   0.00869   0.00512   0.00981   0.01029   0.03405   0.05431   0.21599   0.29578   0.15585   0.15129   0.02211   0.00930   0.01762   0.08519   0.01812   0.02875   0.09368   0.14268   0.00462   0.08967   0.11362   3.81071   0.99308   0.49505   2.00907   2.47184  
 17 304.4715   7645.068944  x:  0.00183   0.07905   0.01426   0.01936   0.00603   0.00000   0.00581   0.00490   0.00853   0.00488   0.00826   0.01001   0.03432   0.05469   0.21535   0.29240   0.15557   0.15299   0.02358   0.00921   0.01774   0.08566   0.01764   0.02764   0.09313   0.14393   0.00371   0.08969   0.11560   3.81103   0.99294   0.48882   2.01047   2.47165  
 18 134.3907   7644.848742  x:  0.00206   0.07720   0.01529   0.01972   0.00574   0.00000   0.00515   0.00495   0.00939   0.00504   0.00882   0.01022   0.03372   0.05696   0.21472   0.28702   0.15574   0.15569   0.02375   0.00913   0.01804   0.08471   0.01667   0.02684   0.09191   0.14653   0.00394   0.08880   0.11790   3.81147   0.99294   0.48180   2.01198   2.47127  
 19 135.8545   7644.759706  x:  0.00218   0.07667   0.01501   0.01988   0.00568   0.00000   0.00526   0.00491   0.00839   0.00498   0.00925   0.01016   0.03347   0.05775   0.21464   0.28434   0.15612   0.15696   0.02299   0.00922   0.01809   0.08375   0.01779   0.02770   0.09133   0.14797   0.00390   0.08812   0.11844   3.81171   0.99302   0.47889   2.01260   2.47098  
 20 111.3531   7644.721832  x:  0.00219   0.07746   0.01497   0.01946   0.00575   0.00000   0.00533   0.00492   0.00877   0.00497   0.00889   0.01016   0.03405   0.05704   0.21511   0.28256   0.15696   0.15753   0.02253   0.00915   0.01810   0.08280   0.01736   0.02846   0.09124   0.14906   0.00397   0.08758   0.11765   3.81193   0.99313   0.47760   2.01286   2.47054  
 21 33.4837   7644.699925  x:  0.00213   0.07831   0.01503   0.01984   0.00570   0.00000   0.00530   0.00491   0.00862   0.00497   0.00910   0.01019   0.03400   0.05636   0.21574   0.28130   0.15786   0.15775   0.02284   0.00916   0.01822   0.08243   0.01756   0.02779   0.09138   0.14983   0.00393   0.08738   0.11674   3.81216   0.99313   0.47685   2.01301   2.47000  
 22 31.2038   7644.689894  x:  0.00209   0.07844   0.01508   0.01941   0.00568   0.00000   0.00524   0.00491   0.00851   0.00498   0.00919   0.01017   0.03360   0.05658   0.21643   0.28065   0.15864   0.15757   0.02296   0.00916   0.01802   0.08290   0.01751   0.02784   0.09158   0.15007   0.00395   0.08766   0.11625   3.81243   0.99296   0.47657   2.01307   2.46931  
 23 13.5601   7644.679921  x:  0.00208   0.07827   0.01497   0.01989   0.00575   0.00000   0.00529   0.00491   0.00863   0.00497   0.00893   0.01016   0.03360   0.05691   0.21721   0.27998   0.15943   0.15717   0.02276   0.00910   0.01793   0.08343   0.01746   0.02797   0.09175   0.15007   0.00400   0.08797   0.11585   3.81281   0.99285   0.47632   2.01312   2.46831  
 24 21.4237   7644.665188  x:  0.00217   0.07759   0.01500   0.01960   0.00572   0.00000   0.00527   0.00492   0.00857   0.00497   0.00901   0.01017   0.03418   0.05688   0.21816   0.27911   0.16016   0.15621   0.02238   0.00914   0.01798   0.08338   0.01757   0.02751   0.09161   0.14937   0.00399   0.08790   0.11581   3.81362   0.99292   0.47608   2.01318   2.46619  
 25 14.1808   7644.637537  x:  0.00215   0.07692   0.01505   0.01970   0.00568   0.00000   0.00528   0.00491   0.00863   0.00498   0.00906   0.01019   0.03373   0.05641   0.21940   0.27783   0.16096   0.15454   0.02313   0.00919   0.01818   0.08272   0.01751   0.02800   0.09117   0.14802   0.00388   0.08742   0.11627   3.81536   0.99319   0.47574   2.01327   2.46166  
 26 32.8244   7644.490401  x:  0.00199   0.08070   0.01484   0.01982   0.00575   0.00000   0.00516   0.00490   0.00845   0.00499   0.00864   0.01010   0.03327   0.05679   0.22011   0.27559   0.16138   0.15142   0.02193   0.00903   0.01766   0.08174   0.01736   0.02757   0.09072   0.14672   0.00407   0.08708   0.12052   3.82587   0.99224   0.47473   2.01368   2.43388  
 27 29.3346   7642.786419  x:  0.00243   0.07451   0.01420   0.01999   0.00561   0.00000   0.00421   0.00482   0.00767   0.00510   0.00543   0.00983   0.03034   0.05398   0.20573   0.26057   0.14801   0.14494   0.02093   0.00781   0.01557   0.07693   0.01655   0.02606   0.09039   0.14342   0.00495   0.08245   0.10999   3.94470   0.98931   0.46505   2.01795   2.12040  
 28 138.6848   7642.637950  x:  0.00239   0.07508   0.01414   0.02002   0.00563   0.00000   0.00414   0.00482   0.00761   0.00510   0.00514   0.00980   0.03007   0.05391   0.20604   0.26001   0.14857   0.14997   0.02073   0.00776   0.01551   0.07660   0.01649   0.02591   0.08655   0.13879   0.00502   0.08330   0.10868   3.95492   0.98887   0.46425   2.01824   2.09337  
 29 115.6525   7642.614333  x:  0.00237   0.07487   0.01416   0.02005   0.00565   0.00000   0.00413   0.00482   0.00757   0.00510   0.00505   0.00980   0.03000   0.05389   0.20697   0.26012   0.14860   0.15172   0.02071   0.00774   0.01538   0.07631   0.01647   0.02589   0.08835   0.13764   0.00508   0.08245   0.10904   3.95611   0.98868   0.46415   2.01819   2.09019  
 30 18.3442   7642.513215  x:  0.00230   0.07498   0.01422   0.02006   0.00568   0.00000   0.00411   0.00482   0.00752   0.00511   0.00488   0.00981   0.02999   0.05387   0.21299   0.26005   0.14308   0.15278   0.02073   0.00762   0.01544   0.07574   0.01648   0.02590   0.08801   0.13877   0.00501   0.08358   0.10897   3.95577   0.98857   0.46415   2.01680   2.09093  
 31  2.9525   7641.882137  x:  0.00246   0.07694   0.01446   0.01994   0.00565   0.00000   0.00396   0.00481   0.00723   0.00518   0.00392   0.00990   0.03047   0.05425   0.21542   0.25913   0.14030   0.15282   0.02081   0.00701   0.01585   0.08281   0.01665   0.02608   0.08504   0.13931   0.00517   0.07476   0.10847   3.94942   0.98896   0.46438   2.00720   2.10697  
 32 10.1448   7639.593771  x:  0.00303   0.07736   0.01532   0.01982   0.00571   0.00000   0.00354   0.00476   0.00633   0.00534   0.00090   0.01017   0.03129   0.05453   0.21337   0.25712   0.14281   0.15276   0.02178   0.00506   0.01701   0.08219   0.01702   0.02648   0.08645   0.14004   0.00478   0.07820   0.10980   3.93165   0.98935   0.46491   1.98114   2.15172  
 33 129.7962   7636.070984  x:  0.00427   0.07882   0.01719   0.01958   0.00479   0.00000   0.00170   0.00463   0.00374   0.00584   0.00193   0.01098   0.03291   0.05588   0.21324   0.27057   0.14706   0.15004   0.02400   0.00260   0.01880   0.08088   0.01777   0.02716   0.08791   0.14012   0.00380   0.08143   0.10968   3.75636   0.99208   0.34894   1.47227   2.18917  
 34  2.7143   7634.680891  x:  0.00542   0.07977   0.01920   0.01936   0.00452   0.00000   0.00164   0.00452   0.00281   0.00599   0.00273   0.01159   0.03455   0.05610   0.21152   0.26072   0.14979   0.15403   0.02572   0.00167   0.02117   0.08244   0.01851   0.02813   0.09018   0.14204   0.00297   0.08596   0.11305   3.93328   0.99230   0.39190   1.51976   2.33511  
 35  1.7550   7632.992344  x:  0.00710   0.08081   0.02154   0.01918   0.00467   0.00000   0.00310   0.00445   0.00490   0.00605   0.00296   0.01243   0.03632   0.05694   0.21035   0.26094   0.15244   0.15466   0.02776   0.00188   0.02325   0.08278   0.01917   0.02905   0.09200   0.14270   0.00190   0.08937   0.11441   3.85781   0.99444   0.33222   1.15528   2.39908  
 36  1.3917   7632.772053  x:  0.00776   0.08013   0.02178   0.01923   0.00490   0.00000   0.00292   0.00451   0.00481   0.00618   0.00286   0.01242   0.03609   0.05639   0.20838   0.25278   0.15090   0.15534   0.02755   0.00201   0.02344   0.08284   0.01901   0.02899   0.09198   0.14205   0.00228   0.08934   0.11442   3.71103   0.99494   0.33866   1.19403   2.34789  
 37  0.5035   7632.345573  x:  0.00927   0.07968   0.02228   0.01934   0.00545   0.00000   0.00243   0.00469   0.00448   0.00653   0.00243   0.01242   0.03632   0.05633   0.20834   0.24993   0.15014   0.15617   0.02737   0.00228   0.02411   0.08398   0.01872   0.02917   0.09214   0.14281   0.00281   0.08922   0.11482   3.77846   0.99750   0.29704   1.01742   2.34640  
 38  0.6088   7632.169913  x:  0.01041   0.07916   0.02221   0.01939   0.00516   0.00000   0.00224   0.00461   0.00478   0.00670   0.00226   0.01227   0.03612   0.05622   0.20832   0.24914   0.14954   0.15645   0.02685   0.00213   0.02419   0.08443   0.01848   0.02906   0.09197   0.14292   0.00274   0.08892   0.11478   3.81162   0.99912   0.30691   1.07794   2.36046  
 39  0.1083   7632.086032  x:  0.01130   0.07864   0.02212   0.01942   0.00501   0.00000   0.00272   0.00450   0.00428   0.00663   0.00210   0.01216   0.03595   0.05622   0.20858   0.25173   0.14940   0.15589   0.02647   0.00213   0.02406   0.08420   0.01837   0.02895   0.09158   0.14279   0.00265   0.08834   0.11428   3.79676   0.99999   0.30456   1.05886   2.35742  
 40  0.0490   7632.030874  x:  0.01222   0.07818   0.02211   0.01944   0.00509   0.00000   0.00243   0.00447   0.00447   0.00658   0.00208   0.01213   0.03586   0.05629   0.20858   0.25311   0.14949   0.15568   0.02614   0.00205   0.02380   0.08383   0.01838   0.02887   0.09138   0.14262   0.00251   0.08802   0.11400   3.79759   0.99986   0.30815   1.05045   2.34263  
 41  0.0251   7631.970174  x:  0.01355   0.07773   0.02219   0.01942   0.00538   0.00000   0.00266   0.00447   0.00452   0.00628   0.00216   0.01210   0.03587   0.05637   0.20799   0.25252   0.14948   0.15583   0.02567   0.00241   0.02336   0.08333   0.01849   0.02883   0.09137   0.14201   0.00247   0.08796   0.11376   3.81324   0.99828   0.31140   1.07943   2.30505  
 42  0.0460   7631.953965  x:  0.01418   0.07786   0.02209   0.01939   0.00511   0.00000   0.00258   0.00449   0.00456   0.00631   0.00217   0.01213   0.03593   0.05632   0.20818   0.25237   0.14986   0.15582   0.02553   0.00213   0.02339   0.08367   0.01849   0.02890   0.09154   0.14241   0.00256   0.08822   0.11419   3.80405   0.99819   0.30988   1.07811   2.29688  
 43  0.0122   7631.948526  x:  0.01448   0.07791   0.02200   0.01939   0.00515   0.00000   0.00250   0.00452   0.00449   0.00642   0.00220   0.01214   0.03602   0.05629   0.20830   0.25269   0.14984   0.15561   0.02554   0.00228   0.02351   0.08389   0.01850   0.02896   0.09154   0.14259   0.00251   0.08825   0.11426   3.80097   0.99810   0.31241   1.08921   2.28390  
 44  0.0129   7631.940502  x:  0.01464   0.07779   0.02185   0.01943   0.00515   0.00000   0.00253   0.00440   0.00441   0.00655   0.00226   0.01219   0.03606   0.05635   0.20813   0.25304   0.14951   0.15557   0.02573   0.00208   0.02389   0.08362   0.01849   0.02895   0.09141   0.14230   0.00264   0.08803   0.11382   3.80658   0.99728   0.31564   1.10563   2.21323  
 45  0.0173   7631.835378  x:  0.01504   0.07760   0.02114   0.01944   0.00492   0.00000   0.00254   0.00463   0.00434   0.00692   0.00245   0.01232   0.03581   0.05643   0.20813   0.25249   0.14938   0.15587   0.02579   0.00201   0.02472   0.08292   0.01849   0.02874   0.09094   0.14192   0.00208   0.08743   0.11338   3.82014   0.99162   0.33116   1.19913   1.61292  
 46  0.0760   7631.819969  x:  0.01503   0.07760   0.02108   0.01944   0.00492   0.00000   0.00254   0.00464   0.00435   0.00694   0.00247   0.01233   0.03579   0.05643   0.20816   0.25256   0.14942   0.15591   0.02576   0.00201   0.02475   0.08290   0.01848   0.02873   0.09092   0.14193   0.00210   0.08740   0.11341   3.82136   0.99036   0.33453   1.21985   1.48901  
 47  0.8003   7631.739539  x:  0.01409   0.07802   0.02178   0.01936   0.00517   0.00000   0.00255   0.00458   0.00460   0.00650   0.00226   0.01219   0.03597   0.05636   0.20866   0.25337   0.15035   0.15608   0.02548   0.00221   0.02374   0.08396   0.01850   0.02894   0.09157   0.14296   0.00260   0.08828   0.11462   3.80889   0.98892   0.33305   1.22367   1.40542  
 48  0.0689   7631.728599  x:  0.01418   0.07801   0.02208   0.01939   0.00518   0.00000   0.00253   0.00444   0.00449   0.00637   0.00217   0.01214   0.03612   0.05635   0.20836   0.25290   0.14980   0.15585   0.02563   0.00213   0.02351   0.08401   0.01852   0.02901   0.09159   0.14267   0.00249   0.08833   0.11426   3.80397   0.98846   0.33362   1.22995   1.42304  
 49  0.0133   7631.716147  x:  0.01433   0.07816   0.02231   0.01943   0.00507   0.00000   0.00256   0.00452   0.00439   0.00629   0.00221   0.01215   0.03623   0.05645   0.20851   0.25324   0.14980   0.15584   0.02599   0.00210   0.02355   0.08382   0.01851   0.02901   0.09158   0.14264   0.00265   0.08830   0.11407   3.81325   0.98579   0.34252   1.27797   1.37292  
 50  0.0235   7631.694858  x:  0.01414   0.07820   0.02234   0.01939   0.00517   0.00000   0.00253   0.00452   0.00450   0.00641   0.00225   0.01217   0.03609   0.05642   0.20889   0.25362   0.15043   0.15621   0.02604   0.00212   0.02370   0.08387   0.01848   0.02894   0.09155   0.14307   0.00250   0.08828   0.11461   3.81327   0.98148   0.35012   1.33859   1.37197  
 51  0.0202   7631.683646  x:  0.01407   0.07812   0.02227   0.01937   0.00520   0.00000   0.00251   0.00449   0.00453   0.00647   0.00223   0.01217   0.03602   0.05638   0.20880   0.25347   0.15038   0.15621   0.02591   0.00211   0.02375   0.08392   0.01848   0.02893   0.09153   0.14306   0.00243   0.08824   0.11465   3.80959   0.97827   0.35492   1.38049   1.27774  
 52  0.1692   7631.672703  x:  0.01417   0.07793   0.02205   0.01938   0.00511   0.00000   0.00252   0.00450   0.00450   0.00646   0.00219   0.01216   0.03601   0.05632   0.20823   0.25299   0.14967   0.15575   0.02552   0.00211   0.02372   0.08392   0.01849   0.02896   0.09156   0.14254   0.00269   0.08818   0.11408   3.80581   0.97337   0.36131   1.43952   1.22306  
 53  0.0506   7631.667961  x:  0.01419   0.07806   0.02198   0.01940   0.00515   0.00000   0.00256   0.00450   0.00449   0.00642   0.00219   0.01216   0.03611   0.05639   0.20847   0.25306   0.14988   0.15589   0.02561   0.00206   0.02369   0.08395   0.01852   0.02900   0.09157   0.14277   0.00261   0.08827   0.11421   3.80928   0.97087   0.36358   1.46406   1.22371  
 54  0.0159   7631.665590  x:  0.01417   0.07812   0.02196   0.01940   0.00517   0.00000   0.00256   0.00449   0.00449   0.00641   0.00220   0.01216   0.03614   0.05641   0.20859   0.25314   0.15003   0.15600   0.02571   0.00205   0.02370   0.08395   0.01853   0.02900   0.09157   0.14289   0.00256   0.08830   0.11433   3.81095   0.96766   0.36758   1.50036   1.18233  
 55  0.0750   7631.664363  x:  0.01413   0.07805   0.02199   0.01938   0.00515   0.00000   0.00253   0.00449   0.00450   0.00642   0.00221   0.01216   0.03609   0.05638   0.20846   0.25314   0.14997   0.15598   0.02580   0.00209   0.02374   0.08390   0.01850   0.02897   0.09157   0.14278   0.00260   0.08826   0.11432   3.81006   0.96439   0.37052   1.53409   1.15599  
 56  0.0257   7631.664117  x:  0.01415   0.07806   0.02201   0.01939   0.00515   0.00000   0.00254   0.00450   0.00450   0.00642   0.00220   0.01216   0.03609   0.05638   0.20850   0.25311   0.14996   0.15594   0.02577   0.00207   0.02374   0.08392   0.01850   0.02898   0.09157   0.14279   0.00261   0.08825   0.11428   3.80951   0.96391   0.37055   1.53794   1.15668  
 57  0.0034   7631.664064  x:  0.01415   0.07807   0.02202   0.01939   0.00516   0.00000   0.00254   0.00450   0.00450   0.00642   0.00221   0.01216   0.03609   0.05639   0.20851   0.25311   0.14996   0.15594   0.02575   0.00206   0.02374   0.08393   0.01851   0.02898   0.09157   0.14280   0.00260   0.08826   0.11428   3.80960   0.96318   0.37134   1.54614   1.15008  
 58  0.0112   7631.664056  x:  0.01415   0.07806   0.02202   0.01939   0.00515   0.00000   0.00254   0.00450   0.00450   0.00642   0.00221   0.01216   0.03609   0.05639   0.20850   0.25313   0.14996   0.15595   0.02574   0.00207   0.02373   0.08392   0.01851   0.02898   0.09157   0.14281   0.00260   0.08826   0.11429   3.80982   0.96297   0.37165   1.54910   1.14908  
 59  0.0021   7631.664051  x:  0.01415   0.07806   0.02202   0.01939   0.00515   0.00000   0.00254   0.00450   0.00450   0.00642   0.00221   0.01216   0.03609   0.05639   0.20850   0.25313   0.14996   0.15595   0.02575   0.00206   0.02373   0.08392   0.01851   0.02898   0.09157   0.14280   0.00260   0.08826   0.11428   3.80971   0.96288   0.37192   1.55121   1.14876  
 60  0.0009   7631.664050  x:  0.01415   0.07806   0.02202   0.01939   0.00515   0.00000   0.00254   0.00450   0.00450   0.00642   0.00221   0.01216   0.03609   0.05639   0.20851   0.25312   0.14996   0.15595   0.02575   0.00206   0.02373   0.08392   0.01851   0.02898   0.09157   0.14280   0.00260   0.08826   0.11428   3.80969   0.96290   0.37195   1.55131   1.14901  
 61  0.0002   7631.664050  x:  0.01415   0.07806   0.02202   0.01939   0.00515   0.00000   0.00254   0.00450   0.00450   0.00642   0.00221   0.01216   0.03609   0.05639   0.20850   0.25312   0.14996   0.15595   0.02575   0.00206   0.02373   0.08392   0.01851   0.02898   0.09157   0.14280   0.00260   0.08826   0.11428   3.80970   0.96290   0.37196   1.55137   1.14896  
 62  0.0001   7631.664050  x:  0.01415   0.07806   0.02202   0.01939   0.00515   0.00000   0.00254   0.00450   0.00450   0.00642   0.00221   0.01216   0.03609   0.05639   0.20850   0.25312   0.14996   0.15595   0.02575   0.00206   0.02373   0.08392   0.01851   0.02898   0.09157   0.14280   0.00260   0.08826   0.11428   3.80970   0.96289   0.37196   1.55143   1.14892  
 63  0.0000   7631.664050  x:  0.01415   0.07806   0.02202   0.01939   0.00515   0.00000   0.00254   0.00450   0.00450   0.00642   0.00221   0.01216   0.03609   0.05639   0.20850   0.25312   0.14996   0.15595   0.02575   0.00206   0.02373   0.08392   0.01851   0.02898   0.09157   0.14280   0.00260   0.08826   0.11428   3.80970   0.96289   0.37196   1.55143   1.14893  
 64  0.0000   7631.664050  x:  0.01415   0.07806   0.02202   0.01939   0.00515   0.00000   0.00254   0.00450   0.00450   0.00642   0.00221   0.01216   0.03609   0.05639   0.20850   0.25312   0.14996   0.15595   0.02575   0.00206   0.02373   0.08392   0.01851   0.02898   0.09157   0.14280   0.00260   0.08826   0.11428   3.80970   0.96289   0.37196   1.55142   1.14893  