

Model 0: one-ratio

TREE # 1

  0  0.0000   4919.610666  x:  0.00758   0.07988   0.07500   0.02639   0.07366   0.07286   0.03703   0.04307   0.07519   0.02772   0.06881   0.07131   0.20094   0.13847   0.06223   0.09921   0.07848   0.03322   0.06278   0.09089   0.08515   0.06061   0.05129   0.11183   0.00000   0.13306   0.12235   2.00000   0.40000  
  1 99.0000   4762.827869  x:  0.05224   0.14949   0.06587   0.02021   0.04465   0.03303   0.00056   0.00998   0.04523   0.00446   0.05757   0.12034   0.27254   0.20772   0.11134   0.11103   0.10399   0.05328   0.07826   0.13206   0.06567   0.07447   0.11310   0.17945   0.30355   0.15476   0.16982   2.00357   0.40158  
  2 2311.4074   4751.490713  x:  0.05660   0.16607   0.06091   0.02041   0.03354   0.01480   0.06527   0.00259   0.03366   0.02029   0.05425   0.13248   0.29605   0.22813   0.12258   0.11418   0.10859   0.05432   0.08046   0.14364   0.05787   0.07784   0.12466   0.19827   0.34222   0.16016   0.18344   2.00523   0.40099  
  3 1948.0020   4737.883687  x:  0.05412   0.17309   0.05658   0.02149   0.02665   0.00000   0.06964   0.02228   0.02648   0.01930   0.05265   0.13779   0.31072   0.23961   0.12686   0.11556   0.10944   0.05196   0.08015   0.14957   0.05235   0.07915   0.12736   0.20810   0.33973   0.16267   0.19101   2.00663   0.39981  
  4 815.0411   4707.490596  x:  0.04033   0.19595   0.03960   0.02529   0.00593   0.00000   0.06388   0.01313   0.00499   0.00994   0.04750   0.15514   0.36503   0.28093   0.14002   0.11984   0.11085   0.04058   0.07740   0.16999   0.03222   0.08321   0.13346   0.24246   0.30844   0.17112   0.21824   2.01240   0.39456  
  5 929.6237   4676.886251  x:  0.02001   0.23206   0.01446   0.02991   0.01473   0.00000   0.05593   0.00496   0.02340   0.00484   0.04016   0.18228   0.44983   0.34560   0.16065   0.12617   0.11371   0.02374   0.07342   0.20160   0.00440   0.08967   0.14382   0.29609   0.26484   0.18434   0.26087   2.02172   0.38627  
  6 2374.4033   4664.059880  x:  0.01065   0.25199   0.00649   0.03075   0.02016   0.00000   0.04589   0.00104   0.02591   0.02191   0.03819   0.19695   0.49709   0.38145   0.17123   0.12876   0.11595   0.01614   0.07142   0.21878   0.02253   0.09466   0.14945   0.32526   0.24128   0.19138   0.28441   2.02756   0.38102  
  7 1682.3461   4661.501398  x:  0.01399   0.25632   0.02184   0.02677   0.02386   0.00000   0.04637   0.00043   0.02477   0.01731   0.04258   0.19929   0.50922   0.39003   0.17136   0.12697   0.11786   0.01925   0.07113   0.22007   0.02586   0.09397   0.14997   0.33064   0.23523   0.19224   0.28985   2.03070   0.37829  
  8 280.9675   4660.308166  x:  0.01189   0.25482   0.01864   0.01584   0.02669   0.00000   0.04765   0.00051   0.02316   0.01334   0.04928   0.19361   0.52028   0.39613   0.16602   0.12022   0.11884   0.02242   0.06909   0.21411   0.02880   0.08980   0.14862   0.33033   0.23566   0.19130   0.29405   2.03771   0.37325  
  9 100.6809   4658.850621  x:  0.01067   0.24965   0.01902   0.02328   0.02540   0.00000   0.04697   0.00052   0.02402   0.01628   0.05948   0.18129   0.54136   0.40693   0.15436   0.10662   0.12030   0.02817   0.06622   0.19953   0.02773   0.08141   0.14547   0.32689   0.23846   0.18838   0.30127   2.05407   0.36365  
 10 144.3507   4657.833381  x:  0.01052   0.24234   0.02482   0.02120   0.02121   0.00000   0.04664   0.00058   0.02725   0.01777   0.04564   0.17158   0.55869   0.41435   0.14827   0.10221   0.11850   0.02509   0.06679   0.18704   0.02783   0.08212   0.14328   0.32062   0.24090   0.18470   0.30578   2.07369   0.35962  
 11 87.7710   4657.293573  x:  0.01100   0.23663   0.02523   0.02512   0.02743   0.00000   0.04776   0.00066   0.02310   0.01425   0.04163   0.16691   0.56875   0.41755   0.14828   0.10505   0.11675   0.02299   0.06891   0.18168   0.02975   0.08559   0.14298   0.31555   0.24202   0.18197   0.30739   2.09030   0.36088  
 12 87.7344   4655.995148  x:  0.01587   0.22198   0.02767   0.02238   0.02521   0.00000   0.04638   0.00079   0.02455   0.01818   0.05149   0.16133   0.59131   0.42140   0.15613   0.12183   0.11306   0.02415   0.07618   0.17689   0.02711   0.09444   0.14480   0.30160   0.24159   0.17474   0.30805   2.14480   0.37229  
 13 93.3271   4654.892420  x:  0.01477   0.21657   0.02777   0.02558   0.02010   0.00000   0.04819   0.00088   0.02983   0.01143   0.05067   0.16797   0.60121   0.41876   0.15887   0.12416   0.11274   0.03065   0.07369   0.18521   0.03385   0.08773   0.14688   0.29612   0.24051   0.17235   0.30520   2.19945   0.37981  
 14 87.3502   4653.011352  x:  0.01341   0.21236   0.03208   0.02425   0.02573   0.00000   0.04593   0.00117   0.02521   0.01750   0.04490   0.18289   0.61315   0.41102   0.16071   0.12137   0.11293   0.04050   0.06609   0.20271   0.02992   0.07243   0.14963   0.29058   0.23840   0.17068   0.29840   2.30359   0.39004  
 15 305.9251   4650.274593  x:  0.02071   0.23145   0.03602   0.02517   0.02567   0.00000   0.04532   0.00167   0.02600   0.01765   0.05206   0.19513   0.60880   0.39650   0.15439   0.09966   0.11202   0.02973   0.06250   0.21957   0.02926   0.09602   0.14721   0.30492   0.23421   0.18038   0.28764   2.46835   0.38546  
 16 151.9264   4648.639404  x:  0.02183   0.25530   0.03713   0.02622   0.02552   0.00000   0.04465   0.00188   0.02664   0.01757   0.04979   0.18528   0.58719   0.39662   0.16019   0.11053   0.11955   0.03402   0.08150   0.21088   0.03079   0.08707   0.14536   0.33134   0.22763   0.19251   0.28781   2.57069   0.37393  
 17 106.5153   4648.242890  x:  0.01680   0.26068   0.04098   0.02666   0.02529   0.00000   0.04467   0.00200   0.02694   0.01739   0.05192   0.18215   0.57467   0.40447   0.16357   0.11563   0.11807   0.02975   0.06979   0.20328   0.03151   0.08454   0.14654   0.33862   0.22771   0.19385   0.29316   2.59385   0.37828  
 18 44.2491   4648.096567  x:  0.01914   0.26076   0.03987   0.02670   0.02542   0.00000   0.04439   0.00199   0.02684   0.01760   0.05034   0.18165   0.56560   0.41352   0.16284   0.11280   0.11857   0.03502   0.06842   0.20122   0.03132   0.08739   0.14989   0.34088   0.22550   0.19171   0.29888   2.60157   0.38441  
 19 21.8573   4648.023234  x:  0.01890   0.25860   0.04050   0.02654   0.02543   0.00000   0.04435   0.00202   0.02686   0.01751   0.05140   0.18351   0.55950   0.42055   0.16232   0.11040   0.11617   0.03211   0.07240   0.20291   0.03147   0.08565   0.15139   0.34013   0.22525   0.18888   0.30301   2.60419   0.38471  
 20 13.5983   4647.964241  x:  0.02126   0.25638   0.03988   0.02655   0.02544   0.00000   0.04424   0.00203   0.02688   0.01755   0.05120   0.18511   0.55589   0.42582   0.16350   0.11203   0.11692   0.03261   0.07076   0.20575   0.03140   0.08626   0.14808   0.33800   0.22502   0.18687   0.30542   2.60388   0.37884  
 21  6.5014   4647.742287  x:  0.01122   0.25581   0.04305   0.02681   0.02555   0.00000   0.04358   0.00211   0.02682   0.01791   0.05145   0.18558   0.55590   0.43107   0.16409   0.11211   0.11948   0.03680   0.07258   0.20891   0.03093   0.09074   0.14467   0.33550   0.22490   0.19058   0.30571   2.59362   0.37683  
 22  3.1407   4645.154321  x:  0.01829   0.27239   0.05019   0.02793   0.02559   0.00000   0.03579   0.00276   0.02789   0.01792   0.05271   0.17472   0.58143   0.47408   0.16852   0.10744   0.12968   0.03051   0.07451   0.22967   0.03350   0.08461   0.12874   0.32273   0.20456   0.23587   0.29747   2.45513   0.38922  
 23 25.5064   4641.114864  x:  0.02071   0.28442   0.05939   0.02950   0.02591   0.00000   0.02286   0.00370   0.02909   0.01882   0.05417   0.19609   0.62694   0.49786   0.17375   0.11332   0.10834   0.04173   0.06778   0.22293   0.03637   0.08798   0.17837   0.34525   0.16589   0.23372   0.29048   2.24525   0.35687  
 24 82.7913   4639.271890  x:  0.01969   0.28598   0.06357   0.02993   0.02604   0.00000   0.01754   0.00407   0.02960   0.01910   0.05514   0.20635   0.65003   0.48535   0.17926   0.11024   0.11144   0.04173   0.07153   0.22061   0.03779   0.08765   0.15154   0.38128   0.15551   0.19411   0.31374   2.16791   0.36584  
 25 53.2869   4638.451357  x:  0.01865   0.27769   0.06697   0.03027   0.02592   0.00000   0.01507   0.00415   0.02962   0.01915   0.05487   0.18711   0.65711   0.46817   0.17671   0.11249   0.12427   0.03613   0.06806   0.23939   0.03754   0.08835   0.16451   0.38709   0.14948   0.19324   0.34857   2.16773   0.36328  
 26 13.9807   4635.091710  x:  0.02298   0.27667   0.05899   0.02872   0.02577   0.00000   0.00540   0.00398   0.02898   0.01907   0.05298   0.21931   0.68596   0.45579   0.17763   0.11483   0.10122   0.04218   0.07175   0.21901   0.03784   0.08910   0.15508   0.37260   0.12804   0.23486   0.41529   2.26133   0.36260  
 27 13.3954   4633.210762  x:  0.02019   0.28179   0.05690   0.02821   0.02562   0.00000   0.00132   0.00387   0.02867   0.01887   0.05212   0.21801   0.69845   0.46894   0.17855   0.11428   0.10900   0.03825   0.07151   0.21930   0.03765   0.08931   0.15782   0.37168   0.11939   0.22605   0.40640   2.30839   0.36356  
 28 44.4371   4633.115575  x:  0.02049   0.27809   0.05733   0.02823   0.02565   0.00000   0.00119   0.00385   0.02865   0.01892   0.05174   0.21304   0.69929   0.47112   0.17598   0.11573   0.09988   0.04112   0.07085   0.22402   0.03753   0.08955   0.15547   0.37771   0.12001   0.22718   0.40317   2.31259   0.36387  
 29  7.9508   4632.703795  x:  0.02207   0.25226   0.05665   0.02763   0.02560   0.00000   0.00130   0.00379   0.02848   0.01864   0.05230   0.21827   0.70143   0.47746   0.17014   0.11760   0.10908   0.03645   0.07043   0.22111   0.03747   0.08978   0.15526   0.39597   0.12015   0.23675   0.39273   2.33461   0.36536  
 30  3.5607   4628.048917  x:  0.01251   0.24911   0.04524   0.02547   0.02545   0.00000   0.00333   0.00284   0.02637   0.01469   0.04604   0.18635   0.73225   0.51008   0.22242   0.08602   0.10065   0.03335   0.06740   0.22261   0.03667   0.08921   0.15536   0.39527   0.10915   0.20942   0.35118   2.59832   0.36609  
 31 11.7735   4626.117712  x:  0.00758   0.27344   0.03865   0.02459   0.02526   0.00000   0.00433   0.00251   0.02564   0.01314   0.04467   0.18695   0.74512   0.52584   0.17321   0.11329   0.10182   0.02964   0.06752   0.22865   0.03618   0.09001   0.15343   0.38398   0.10736   0.18854   0.34114   2.70181   0.37366  
 32 61.8627   4622.920070  x:  0.00505   0.26709   0.02051   0.02423   0.02229   0.00000   0.00278   0.00218   0.02036   0.00740   0.04630   0.20076   0.74549   0.51188   0.17188   0.10630   0.12780   0.02238   0.07065   0.20343   0.03333   0.08705   0.14969   0.36384   0.07148   0.20993   0.34958   2.79248   0.37257  
 33  0.0757   4619.889920  x:  0.00608   0.26477   0.02504   0.02603   0.01604   0.00000   0.00264   0.00308   0.01698   0.01329   0.04872   0.19351   0.71204   0.48351   0.16025   0.10956   0.12799   0.03258   0.07134   0.20247   0.02568   0.08717   0.14399   0.35873   0.03287   0.22390   0.34852   2.74239   0.37143  
 34  0.0653   4618.918623  x:  0.00624   0.25689   0.03558   0.02749   0.01861   0.00000   0.00375   0.00374   0.01690   0.01085   0.04809   0.17967   0.68777   0.47218   0.15947   0.11342   0.11223   0.03185   0.06975   0.21303   0.02881   0.08734   0.14326   0.35877   0.03137   0.21410   0.33768   2.65647   0.37621  
 35  0.0788   4618.668302  x:  0.00749   0.24987   0.03364   0.02601   0.01787   0.00000   0.00390   0.00385   0.01917   0.01194   0.04625   0.18195   0.67601   0.46757   0.16098   0.11305   0.11151   0.02906   0.07078   0.20659   0.02983   0.08812   0.14299   0.34755   0.03578   0.20668   0.33016   2.65769   0.37950  
 36  0.0193   4618.564206  x:  0.00766   0.24869   0.03105   0.02534   0.01945   0.00000   0.00390   0.00404   0.01876   0.01168   0.04631   0.18295   0.67156   0.46556   0.15969   0.11246   0.11388   0.03027   0.07105   0.20278   0.03062   0.08768   0.14311   0.34328   0.03059   0.20675   0.32842   2.67791   0.38010  
 37  0.0220   4618.500677  x:  0.00666   0.24934   0.03092   0.02525   0.02051   0.00000   0.00397   0.00432   0.01958   0.01164   0.04732   0.18108   0.67010   0.46316   0.15701   0.11279   0.11579   0.03121   0.07070   0.20370   0.03188   0.08675   0.14195   0.34456   0.03347   0.21052   0.33075   2.69017   0.37948  
 38  0.0103   4618.431407  x:  0.00681   0.25028   0.03134   0.02546   0.02008   0.00000   0.00390   0.00491   0.02100   0.01162   0.04753   0.18029   0.67175   0.46419   0.16090   0.11183   0.11695   0.02900   0.07035   0.20567   0.03286   0.08660   0.14315   0.34825   0.03050   0.21152   0.33108   2.69751   0.37900  
 39  0.0055   4618.284028  x:  0.00804   0.24962   0.02920   0.02578   0.02111   0.00000   0.00402   0.00623   0.02022   0.01271   0.04609   0.18339   0.67614   0.46716   0.16021   0.11288   0.11011   0.03044   0.07108   0.20635   0.03158   0.08845   0.14276   0.34658   0.03314   0.20899   0.33167   2.68976   0.37944  
 40  0.0044   4618.202894  x:  0.00521   0.25094   0.02980   0.02589   0.01972   0.00000   0.00383   0.00718   0.01964   0.01205   0.04662   0.18190   0.67782   0.46704   0.15806   0.11278   0.11495   0.03010   0.07072   0.20480   0.03045   0.08743   0.14268   0.34585   0.03268   0.20850   0.33022   2.68277   0.37938  
 41  0.0058   4618.187243  x:  0.00725   0.25021   0.02954   0.02569   0.01952   0.00000   0.00382   0.00754   0.01948   0.01161   0.04672   0.18170   0.67692   0.46658   0.15907   0.11264   0.11490   0.03029   0.07066   0.20466   0.03041   0.08716   0.14274   0.34633   0.03289   0.20942   0.33101   2.68359   0.37912  
 42  0.0034   4618.184705  x:  0.00690   0.24993   0.02971   0.02546   0.01967   0.00000   0.00383   0.00772   0.01937   0.01157   0.04668   0.18186   0.67639   0.46670   0.15984   0.11251   0.11440   0.03014   0.07074   0.20477   0.03041   0.08739   0.14301   0.34626   0.03316   0.20921   0.33123   2.68796   0.37929  
 43  0.0040   4618.184449  x:  0.00691   0.25005   0.02974   0.02543   0.01961   0.00000   0.00385   0.00776   0.01939   0.01158   0.04667   0.18190   0.67626   0.46678   0.15939   0.11262   0.11429   0.03017   0.07076   0.20488   0.03045   0.08743   0.14293   0.34628   0.03309   0.20921   0.33108   2.68964   0.37937  
 44  0.0018   4618.184405  x:  0.00692   0.25009   0.02977   0.02545   0.01961   0.00000   0.00385   0.00777   0.01937   0.01162   0.04668   0.18186   0.67625   0.46676   0.15947   0.11257   0.11439   0.03018   0.07074   0.20486   0.03048   0.08740   0.14289   0.34628   0.03309   0.20919   0.33100   2.69010   0.37935  
 45  0.0004   4618.184390  x:  0.00692   0.25003   0.02978   0.02546   0.01959   0.00000   0.00385   0.00777   0.01936   0.01162   0.04667   0.18186   0.67630   0.46672   0.15947   0.11257   0.11436   0.03020   0.07074   0.20484   0.03053   0.08739   0.14292   0.34624   0.03308   0.20923   0.33107   2.69007   0.37935  
 46  0.0001   4618.184387  x:  0.00692   0.25004   0.02977   0.02545   0.01960   0.00000   0.00385   0.00777   0.01935   0.01161   0.04667   0.18187   0.67632   0.46675   0.15946   0.11257   0.11436   0.03018   0.07075   0.20485   0.03054   0.08739   0.14292   0.34626   0.03309   0.20921   0.33104   2.68998   0.37935  
 47  0.0001   4618.184387  x:  0.00691   0.25005   0.02976   0.02545   0.01959   0.00000   0.00385   0.00777   0.01935   0.01161   0.04667   0.18187   0.67631   0.46675   0.15946   0.11257   0.11436   0.03019   0.07075   0.20485   0.03054   0.08740   0.14291   0.34626   0.03309   0.20921   0.33105   2.68995   0.37935  
 48  0.0000   4618.184387  x:  0.00691   0.25005   0.02976   0.02545   0.01959   0.00000   0.00385   0.00777   0.01935   0.01161   0.04667   0.18187   0.67630   0.46675   0.15946   0.11257   0.11436   0.03019   0.07075   0.20485   0.03054   0.08740   0.14291   0.34626   0.03309   0.20921   0.33105   2.68993   0.37935  
 49  0.0000   4618.184387  x:  0.00691   0.25005   0.02976   0.02545   0.01959   0.00000   0.00385   0.00777   0.01935   0.01161   0.04667   0.18187   0.67630   0.46675   0.15946   0.11257   0.11436   0.03019   0.07075   0.20485   0.03054   0.08740   0.14291   0.34626   0.03309   0.20921   0.33105   2.68993   0.37935  
 50  0.0000   4618.184387  x:  0.00691   0.25005   0.02976   0.02545   0.01959   0.00000   0.00385   0.00777   0.01935   0.01161   0.04667   0.18187   0.67630   0.46675   0.15946   0.11257   0.11436   0.03019   0.07075   0.20485   0.03054   0.08740   0.14291   0.34626   0.03309   0.20921   0.33105   2.68993   0.37935  
 51  0.0000   4618.184387  x:  0.00691   0.25005   0.02976   0.02545   0.01959   0.00000   0.00385   0.00777   0.01935   0.01161   0.04667   0.18187   0.67630   0.46675   0.15946   0.11257   0.11436   0.03019   0.07075   0.20485   0.03054   0.08740   0.14291   0.34626   0.03309   0.20921   0.33105   2.68993   0.37935  

Model 1: NearlyNeutral

TREE # 1

  0  0.0000   4613.556483  x:  0.01361   0.20309   0.03895   0.02412   0.00898   0.02551   0.00914   0.01985   0.02186   0.03115   0.06404   0.14380   0.50511   0.33256   0.11797   0.10632   0.06053   0.03085   0.04006   0.17289   0.04022   0.07649   0.12543   0.25766   0.00000   0.18808   0.23820   2.68993   0.87929   0.27339  
  1 99.0000   4597.625592  x:  0.01407   0.20485   0.03822   0.02264   0.02209   0.01193   0.00071   0.01111   0.01953   0.02238   0.06031   0.14554   0.50776   0.33585   0.12058   0.10720   0.06721   0.03321   0.04603   0.17418   0.03763   0.07711   0.12723   0.26076   0.02991   0.18990   0.24164   2.68991   0.87442   0.26751  
  2 830.4774   4591.631836  x:  0.01431   0.20635   0.03759   0.02152   0.02917   0.00000   0.01172   0.00458   0.01784   0.01518   0.05721   0.14705   0.51007   0.33870   0.12281   0.10794   0.07249   0.03485   0.05065   0.17533   0.03552   0.07764   0.12862   0.26343   0.04792   0.19115   0.24439   2.68989   0.87025   0.26244  
  3 2091.2747   4587.576925  x:  0.01370   0.20947   0.03616   0.02058   0.02311   0.00000   0.01265   0.01387   0.01729   0.00515   0.05145   0.15040   0.51544   0.34510   0.12745   0.10941   0.08091   0.03575   0.05708   0.17812   0.03204   0.07883   0.13065   0.26932   0.05189   0.19221   0.24942   2.68985   0.86106   0.25117  
  4 338.2733   4580.319455  x:  0.01164   0.21725   0.03261   0.01986   0.00821   0.00000   0.01263   0.01504   0.01708   0.01362   0.03863   0.15870   0.52923   0.36130   0.13869   0.11278   0.10031   0.03651   0.07098   0.18508   0.02474   0.08178   0.13528   0.28407   0.05604   0.19458   0.26200   2.68975   0.83762   0.22266  
  5 673.3543   4570.492140  x:  0.00543   0.23234   0.02614   0.02500   0.02466   0.00000   0.00966   0.00647   0.02032   0.01261   0.02534   0.17440   0.55789   0.39385   0.15876   0.11786   0.13122   0.03156   0.08915   0.19860   0.01934   0.08751   0.14211   0.31278   0.03300   0.19773   0.28635   2.68958   0.78937   0.16730  
  6 692.1972   4567.937197  x:  0.00405   0.23658   0.02571   0.02672   0.02219   0.00000   0.00882   0.00243   0.01764   0.01010   0.03677   0.17783   0.56737   0.40358   0.16242   0.11768   0.13672   0.02743   0.08994   0.20173   0.02494   0.08869   0.14298   0.32046   0.03096   0.19921   0.29393   2.68958   0.77227   0.15730  
  7 351.5947   4565.828078  x:  0.00249   0.24179   0.02555   0.02829   0.02513   0.00000   0.00975   0.00742   0.01492   0.01384   0.05136   0.18174   0.57968   0.41589   0.16622   0.11692   0.14232   0.02145   0.08930   0.20533   0.03244   0.08980   0.14372   0.32985   0.03172   0.20133   0.30365   2.68959   0.74986   0.14680  
  8 1040.1881   4562.817878  x:  0.00344   0.24890   0.02794   0.01736   0.02545   0.00000   0.01006   0.00760   0.02925   0.01396   0.05544   0.18498   0.60223   0.43576   0.16673   0.11257   0.14172   0.00955   0.07793   0.20828   0.03428   0.08766   0.14272   0.34266   0.03286   0.20590   0.31962   2.68982   0.70743   0.15146  
  9 238.2800   4560.736922  x:  0.00533   0.25303   0.03144   0.02104   0.02600   0.00000   0.00988   0.00717   0.01701   0.01379   0.04952   0.18550   0.62197   0.45103   0.16377   0.10896   0.13488   0.01036   0.06601   0.20889   0.03018   0.08512   0.14234   0.35094   0.03167   0.21073   0.33199   2.69030   0.67623   0.15995  
 10 207.4579   4560.054106  x:  0.00499   0.25355   0.03297   0.02827   0.02519   0.00000   0.01007   0.00738   0.02174   0.01354   0.04842   0.18314   0.63556   0.45901   0.15976   0.10887   0.12503   0.02293   0.06183   0.20814   0.03254   0.08595   0.14420   0.35346   0.03267   0.21506   0.33864   2.69107   0.66665   0.15897  
 11 94.4261   4559.518640  x:  0.00369   0.25279   0.03314   0.02069   0.02519   0.00000   0.01003   0.00728   0.01951   0.01345   0.04756   0.17895   0.65097   0.46611   0.15553   0.11140   0.11102   0.02903   0.06078   0.20719   0.03475   0.08796   0.14696   0.35375   0.03257   0.21974   0.34431   2.69236   0.66448   0.15326  
 12 76.6185   4559.227809  x:  0.00565   0.25162   0.03399   0.02291   0.02468   0.00000   0.01013   0.00732   0.02024   0.01318   0.04889   0.17586   0.66475   0.47118   0.15330   0.11460   0.10113   0.02437   0.06256   0.20656   0.02967   0.08788   0.14830   0.35228   0.03355   0.22296   0.34784   2.69390   0.66663   0.14971  
 13 54.6331   4559.094402  x:  0.00830   0.25026   0.03472   0.02418   0.02458   0.00000   0.01012   0.00729   0.02015   0.01317   0.04660   0.17469   0.67748   0.47455   0.15305   0.11624   0.10164   0.02176   0.06561   0.20659   0.03406   0.08778   0.14764   0.34993   0.03342   0.22415   0.34932   2.69590   0.67047   0.15218  
 14 27.0779   4558.940253  x:  0.00605   0.24779   0.03409   0.02303   0.02523   0.00000   0.01003   0.00733   0.02013   0.01348   0.04899   0.17442   0.69676   0.47855   0.15352   0.11670   0.10740   0.02363   0.06738   0.20652   0.03179   0.08652   0.14585   0.34632   0.03240   0.22466   0.35031   2.69961   0.67690   0.15732  
 15 34.2956   4558.902445  x:  0.00340   0.24740   0.03448   0.02352   0.02492   0.00000   0.01008   0.00731   0.02019   0.01332   0.04823   0.17562   0.70238   0.47865   0.15396   0.11530   0.10849   0.02266   0.06446   0.20667   0.03205   0.08749   0.14536   0.34552   0.03300   0.22393   0.34960   2.70147   0.67922   0.15685  
 16 16.8107   4558.888852  x:  0.00508   0.24813   0.03462   0.02323   0.02490   0.00000   0.01008   0.00732   0.02019   0.01331   0.04838   0.17638   0.70509   0.47772   0.15442   0.11381   0.10867   0.02302   0.06320   0.20695   0.03179   0.08772   0.14571   0.34569   0.03312   0.22275   0.34832   2.70331   0.67988   0.15618  
 17  8.4526   4558.873217  x:  0.00462   0.24914   0.03326   0.02340   0.02487   0.00000   0.01008   0.00732   0.02017   0.01330   0.04831   0.17694   0.70845   0.47529   0.15548   0.11240   0.10744   0.02303   0.06413   0.20745   0.03195   0.08732   0.14686   0.34662   0.03332   0.22058   0.34568   2.70728   0.67918   0.15650  
 18  7.6778   4558.864526  x:  0.00415   0.24980   0.03500   0.02330   0.02491   0.00000   0.01008   0.00732   0.02018   0.01332   0.04837   0.17703   0.71004   0.47359   0.15593   0.11315   0.10712   0.02323   0.06470   0.20744   0.03191   0.08729   0.14687   0.34733   0.03333   0.21972   0.34408   2.71084   0.67845   0.15654  
 19  7.2641   4558.849480  x:  0.00429   0.25044   0.03421   0.02343   0.02486   0.00000   0.01008   0.00732   0.02018   0.01329   0.04830   0.17553   0.71188   0.47091   0.15550   0.11586   0.10782   0.02323   0.06386   0.20687   0.03187   0.08790   0.14567   0.34846   0.03343   0.21979   0.34209   2.71944   0.67703   0.15603  
 20  7.3497   4558.817070  x:  0.00401   0.24989   0.03450   0.02349   0.02480   0.00000   0.01003   0.00730   0.02015   0.01325   0.04812   0.17503   0.71299   0.46793   0.15117   0.11446   0.10953   0.02261   0.06463   0.20664   0.03196   0.08660   0.14569   0.34915   0.03310   0.22300   0.34170   2.74220   0.67530   0.15450  
 21  8.7733   4558.748014  x:  0.00480   0.24776   0.03412   0.02344   0.02487   0.00000   0.00995   0.00731   0.02011   0.01325   0.04851   0.17813   0.71190   0.46764   0.15477   0.11434   0.10914   0.02270   0.06471   0.20748   0.03157   0.08984   0.14805   0.34797   0.03248   0.22739   0.34587   2.79461   0.67376   0.15560  
 22 18.6512   4558.718265  x:  0.00474   0.24822   0.03400   0.02339   0.02473   0.00000   0.00994   0.00731   0.02009   0.01317   0.04830   0.17797   0.71074   0.47019   0.15692   0.11469   0.10842   0.02304   0.06381   0.20794   0.03210   0.08620   0.14702   0.34756   0.03263   0.22594   0.34793   2.81668   0.67420   0.15494  
 23 23.0583   4558.696449  x:  0.00440   0.24995   0.03420   0.02347   0.02467   0.00000   0.00992   0.00730   0.02007   0.01313   0.04827   0.17614   0.70941   0.47464   0.15589   0.11360   0.10816   0.02305   0.06467   0.20789   0.03184   0.08772   0.14532   0.34778   0.03275   0.22167   0.34884   2.83237   0.67470   0.15508  
 24 13.4752   4558.690234  x:  0.00436   0.25030   0.03407   0.02349   0.02467   0.00000   0.00991   0.00731   0.02007   0.01313   0.04831   0.17686   0.70902   0.47705   0.15472   0.11473   0.10854   0.02292   0.06424   0.20752   0.03189   0.08757   0.14733   0.34837   0.03278   0.22090   0.34744   2.83522   0.67501   0.15542  
 25  2.5318   4558.674042  x:  0.00453   0.24965   0.03384   0.02342   0.02460   0.00000   0.00987   0.00730   0.02005   0.01308   0.04834   0.17817   0.70871   0.48164   0.15558   0.11405   0.10789   0.02307   0.06480   0.20696   0.03189   0.08764   0.14541   0.35000   0.03278   0.22351   0.34221   2.83702   0.67480   0.15523  
 26  1.3053   4558.609658  x:  0.00401   0.24935   0.03514   0.02363   0.02432   0.00000   0.00969   0.00729   0.01998   0.01288   0.04821   0.17164   0.70959   0.48575   0.15884   0.11241   0.10987   0.02280   0.06411   0.21230   0.03168   0.08797   0.14863   0.34895   0.03229   0.22652   0.33840   2.83618   0.67203   0.15398  
 27  1.4074   4557.867882  x:  0.00343   0.25679   0.03207   0.02409   0.02073   0.00000   0.00763   0.00715   0.01898   0.01039   0.04767   0.18621   0.72710   0.49688   0.15933   0.11899   0.11772   0.02292   0.07042   0.22148   0.03069   0.09012   0.14732   0.34335   0.02706   0.22632   0.35207   2.81400   0.64516   0.14060  
 28  3.5218   4557.665425  x:  0.00261   0.25892   0.03273   0.02441   0.01984   0.00000   0.00703   0.00711   0.01872   0.00974   0.04761   0.18326   0.73225   0.49807   0.16488   0.11619   0.12130   0.02145   0.07123   0.21159   0.03081   0.09025   0.15144   0.36212   0.02514   0.22883   0.36230   2.80753   0.64591   0.14003  
 29 13.2899   4557.657607  x:  0.00268   0.25844   0.03266   0.02439   0.01981   0.00000   0.00701   0.00711   0.01872   0.00972   0.04768   0.18379   0.73241   0.49794   0.16421   0.11673   0.12103   0.02150   0.07107   0.21479   0.03074   0.09036   0.15088   0.36516   0.02514   0.22892   0.36314   2.80728   0.64695   0.14063  
 30  3.3119   4557.654402  x:  0.00303   0.25554   0.03281   0.02435   0.01979   0.00000   0.00698   0.00711   0.01873   0.00975   0.04770   0.18365   0.73258   0.49802   0.16418   0.11670   0.12111   0.02152   0.07105   0.21454   0.03074   0.09034   0.15089   0.36549   0.02516   0.22772   0.36312   2.80722   0.64631   0.14027  
 31  0.1164   4557.450919  x:  0.00292   0.25845   0.03306   0.02377   0.01963   0.00000   0.00488   0.00728   0.01979   0.01234   0.04888   0.18477   0.74091   0.50250   0.16440   0.11693   0.12105   0.02150   0.07133   0.21376   0.03140   0.09046   0.15126   0.36679   0.02248   0.22964   0.36843   2.80353   0.64268   0.14325  
 32  0.1189   4557.380881  x:  0.00294   0.25709   0.03312   0.02385   0.01848   0.00000   0.00383   0.00749   0.01942   0.01209   0.04836   0.18319   0.73546   0.49859   0.16278   0.11628   0.11822   0.02140   0.06939   0.21360   0.03127   0.08991   0.15013   0.36283   0.02440   0.22837   0.36375   2.80565   0.64829   0.14313  
 33  0.0073   4557.363897  x:  0.00306   0.25663   0.03310   0.02396   0.01906   0.00000   0.00414   0.00764   0.01927   0.01176   0.04834   0.18260   0.73120   0.49542   0.16239   0.11618   0.11766   0.02160   0.06914   0.21310   0.03115   0.08977   0.14987   0.36218   0.02644   0.22736   0.36147   2.80384   0.65122   0.14389  
 34  0.0060   4557.353712  x:  0.00306   0.25698   0.03305   0.02395   0.01951   0.00000   0.00379   0.00779   0.01933   0.01156   0.04843   0.18309   0.73198   0.49610   0.16289   0.11643   0.11868   0.02165   0.06989   0.21326   0.03114   0.08995   0.15014   0.36331   0.02729   0.22720   0.36229   2.80286   0.64969   0.14385  
 35  0.0019   4557.352116  x:  0.00296   0.25722   0.03307   0.02394   0.01960   0.00000   0.00386   0.00780   0.01939   0.01158   0.04832   0.18329   0.73400   0.49755   0.16303   0.11644   0.11881   0.02144   0.06988   0.21364   0.03123   0.08999   0.15012   0.36351   0.02786   0.22731   0.36302   2.80402   0.64851   0.14345  
 36  0.0024   4557.351988  x:  0.00299   0.25718   0.03308   0.02395   0.01955   0.00000   0.00384   0.00779   0.01935   0.01163   0.04830   0.18324   0.73396   0.49752   0.16301   0.11642   0.11871   0.02146   0.06981   0.21361   0.03119   0.08998   0.15011   0.36345   0.02804   0.22727   0.36295   2.80402   0.64864   0.14352  
 37  0.0002   4557.351964  x:  0.00299   0.25718   0.03307   0.02394   0.01953   0.00000   0.00385   0.00777   0.01937   0.01163   0.04831   0.18326   0.73386   0.49747   0.16303   0.11644   0.11878   0.02147   0.06986   0.21362   0.03119   0.08999   0.15012   0.36348   0.02807   0.22725   0.36293   2.80395   0.64863   0.14351  
 38  0.0001   4557.351957  x:  0.00298   0.25719   0.03307   0.02394   0.01955   0.00000   0.00385   0.00775   0.01936   0.01163   0.04832   0.18326   0.73390   0.49749   0.16302   0.11643   0.11878   0.02147   0.06986   0.21362   0.03119   0.08999   0.15011   0.36348   0.02807   0.22726   0.36294   2.80400   0.64861   0.14352  
 39  0.0000   4557.351956  x:  0.00299   0.25718   0.03307   0.02394   0.01955   0.00000   0.00385   0.00775   0.01936   0.01163   0.04832   0.18326   0.73389   0.49748   0.16302   0.11643   0.11877   0.02147   0.06985   0.21362   0.03119   0.08999   0.15011   0.36348   0.02807   0.22725   0.36293   2.80398   0.64863   0.14351  
 40  0.0000   4557.351956  x:  0.00299   0.25718   0.03307   0.02394   0.01955   0.00000   0.00385   0.00775   0.01936   0.01163   0.04832   0.18326   0.73389   0.49748   0.16302   0.11643   0.11876   0.02147   0.06985   0.21362   0.03119   0.08999   0.15011   0.36348   0.02807   0.22725   0.36293   2.80398   0.64863   0.14351  
 41  0.0000   4557.351956  x:  0.00299   0.25718   0.03307   0.02394   0.01955   0.00000   0.00385   0.00775   0.01936   0.01163   0.04832   0.18326   0.73389   0.49748   0.16302   0.11643   0.11876   0.02147   0.06985   0.21362   0.03119   0.08999   0.15011   0.36348   0.02807   0.22725   0.36293   2.80398   0.64863   0.14351  

Model 2: PositiveSelection

TREE # 1

  0  0.0000   4885.846049  x:  0.02256   0.09865   0.02097   0.01781   0.00947   0.05212   0.04613   0.06902   0.07014   0.04634   0.02992   0.07163   0.19861   0.18727   0.11651   0.10898   0.07258   0.04659   0.07790   0.08489   0.05336   0.08326   0.04834   0.16031   0.00000   0.06570   0.10995   2.80398   1.13559   0.52284   0.46449   2.44668  
  1 99.0000   4741.213041  x:  0.04050   0.15263   0.05451   0.03044   0.04691   0.00376   0.00000   0.02488   0.03397   0.00834   0.05256   0.12738   0.27553   0.23076   0.12592   0.11226   0.09837   0.05314   0.08313   0.13299   0.03761   0.08109   0.12153   0.19868   0.25356   0.13856   0.16939   2.80475   1.14332   0.52151   0.44200   2.44402  
  2 1866.0745   4733.830709  x:  0.04189   0.15682   0.05710   0.03142   0.04981   0.00000   0.00046   0.02146   0.03116   0.00540   0.05431   0.13171   0.28150   0.23414   0.12665   0.11252   0.10037   0.05365   0.08353   0.13672   0.03639   0.08092   0.12720   0.20166   0.27320   0.14421   0.17401   2.80481   1.14392   0.52141   0.44025   2.44381  
  3 75144.0766   4710.604188  x:  0.03969   0.17115   0.05299   0.02550   0.03443   0.00000   0.00051   0.00177   0.01906   0.03389   0.05168   0.14135   0.31205   0.25393   0.13226   0.11549   0.10360   0.04817   0.08129   0.14984   0.03461   0.08228   0.13263   0.21875   0.26971   0.15373   0.19094   2.80537   1.14833   0.52051   0.42542   2.44201  
  4 643.6582   4690.494805  x:  0.03587   0.19285   0.04639   0.01735   0.01115   0.00000   0.00054   0.02071   0.00468   0.05947   0.04804   0.15583   0.35923   0.28467   0.14090   0.12007   0.10851   0.03940   0.07773   0.16966   0.03232   0.08449   0.14044   0.24516   0.26178   0.16796   0.21689   2.80627   1.15545   0.51904   0.40135   2.43908  
  5 1916.0065   4677.534160  x:  0.03248   0.20866   0.04135   0.01433   0.00272   0.00000   0.00055   0.02747   0.02342   0.06920   0.04630   0.16624   0.39481   0.30807   0.14734   0.12348   0.11215   0.03251   0.07503   0.18402   0.03136   0.08630   0.14561   0.26505   0.25257   0.17808   0.23619   2.80702   1.16122   0.51782   0.38157   2.43668  
  6 1968.1751   4644.623777  x:  0.01507   0.27890   0.01631   0.00602   0.05020   0.00000   0.00059   0.05698   0.07473   0.11195   0.03871   0.21126   0.55712   0.41545   0.17688   0.13923   0.12777   0.00000   0.06237   0.24782   0.02881   0.09513   0.16481   0.35592   0.19074   0.22052   0.32286   2.81052   1.18833   0.51205   0.28793   2.42536  
  7 4405.9090   4615.038912  x:  0.00000   0.33895   0.02887   0.12312   0.05538   0.00000   0.00049   0.05560   0.07986   0.08268   0.06782   0.24878   0.71014   0.51832   0.20187   0.15216   0.14863   0.02122   0.06403   0.29853   0.04094   0.10624   0.17785   0.43899   0.09827   0.25426   0.40066   2.81458   1.21965   0.50512   0.17170   2.41198  
  8 1043.5618   4615.038912  x:  0.00000   0.33895   0.02887   0.12312   0.05538   0.00000   0.00049   0.05560   0.07986   0.08268   0.06782   0.24878   0.71014   0.51832   0.20187   0.15216   0.14863   0.02122   0.06403   0.29853   0.04094   0.10624   0.17785   0.43899   0.09827   0.25426   0.40066   2.81458   1.21965   0.50512   0.17170   2.41198  
  9 415.1079   4613.327199  x:  0.00003   0.33893   0.02896   0.12264   0.05496   0.00000   0.00682   0.05499   0.07935   0.08209   0.06765   0.24873   0.71025   0.51840   0.20185   0.15213   0.14864   0.02125   0.06413   0.29847   0.04091   0.10625   0.17787   0.43900   0.09810   0.25427   0.40069   2.81459   1.21970   0.50513   0.17165   2.41195  
 10 1876.9502   4584.362042  x:  0.00244   0.33765   0.03649   0.08254   0.01951   0.00000   0.00676   0.00391   0.03621   0.03205   0.05294   0.24409   0.72017   0.52461   0.20039   0.15019   0.14961   0.02372   0.07252   0.29346   0.03856   0.10711   0.17929   0.43969   0.08370   0.25503   0.40306   2.81521   1.22355   0.50576   0.16754   2.40994  
 11 368.3156   4579.777806  x:  0.00234   0.33662   0.03832   0.06507   0.01329   0.00000   0.00675   0.01175   0.02045   0.01189   0.04850   0.24160   0.72441   0.52713   0.19944   0.14906   0.14945   0.02381   0.07499   0.29089   0.03761   0.10712   0.17943   0.43966   0.07708   0.25519   0.40393   2.81556   1.22556   0.50605   0.16568   2.40878  
 12 504.1676   4578.030532  x:  0.00132   0.33523   0.03874   0.04984   0.02334   0.00000   0.00675   0.01048   0.01590   0.00642   0.04714   0.23889   0.72828   0.52928   0.19827   0.14775   0.14877   0.02305   0.07615   0.28814   0.03691   0.10678   0.17911   0.43931   0.07070   0.25518   0.40459   2.81598   1.22777   0.50635   0.16399   2.40743  
 13 265.2680   4576.134034  x:  0.00000   0.33304   0.03957   0.02749   0.02471   0.00000   0.00674   0.01105   0.01271   0.01191   0.04555   0.23470   0.73436   0.53265   0.19646   0.14575   0.14777   0.02204   0.07803   0.28383   0.03593   0.10628   0.17865   0.43875   0.06084   0.25520   0.40562   2.81663   1.23126   0.50684   0.16147   2.40527  
 14 350.1443   4575.437393  x:  0.00000   0.33155   0.03985   0.01860   0.02351   0.00000   0.00674   0.01113   0.01821   0.01039   0.04669   0.23212   0.73809   0.53466   0.19530   0.14450   0.14706   0.02136   0.07887   0.28109   0.03556   0.10592   0.17826   0.43829   0.05498   0.25522   0.40622   2.81707   1.23354   0.50717   0.16015   2.40382  
 15 259.1990   4573.591414  x:  0.00000   0.32177   0.04055   0.01787   0.02193   0.00000   0.00673   0.01045   0.01626   0.00991   0.06473   0.21735   0.75996   0.54619   0.18832   0.13726   0.14228   0.01745   0.08216   0.26443   0.03482   0.10347   0.17550   0.43484   0.02261   0.25547   0.40959   2.81985   1.24796   0.50936   0.15392   2.39440  
 16 106.6106   4572.363654  x:  0.00000   0.30972   0.04422   0.02486   0.02301   0.00000   0.00673   0.01101   0.01868   0.01049   0.04849   0.20297   0.78719   0.55991   0.18200   0.13159   0.13862   0.02173   0.08632   0.24503   0.03603   0.10188   0.17423   0.43006   0.01042   0.25930   0.41485   2.82382   1.26796   0.51298   0.15273   2.38071  
 17 82.5317   4571.008258  x:  0.00000   0.29101   0.04547   0.02409   0.02250   0.00000   0.00672   0.01076   0.01812   0.01029   0.05164   0.18442   0.83082   0.58014   0.17547   0.12710   0.13293   0.02300   0.08587   0.21801   0.03585   0.09972   0.17258   0.42121   0.02918   0.26777   0.42391   2.83123   1.30460   0.52000   0.15517   2.35498  
 18 101.9832   4569.886557  x:  0.00000   0.28096   0.05159   0.02378   0.02227   0.00000   0.00672   0.01061   0.01794   0.01016   0.05030   0.19609   0.87300   0.59422   0.18408   0.13877   0.12914   0.01263   0.07169   0.22302   0.03944   0.10273   0.17208   0.41268   0.02865   0.26657   0.42743   2.84193   1.35643   0.53061   0.16567   2.31705  
 19 52.8192   4568.833336  x:  0.00000   0.27708   0.04744   0.02341   0.02295   0.00000   0.00672   0.01094   0.01815   0.01043   0.05364   0.21034   0.91521   0.60521   0.19151   0.14589   0.13196   0.03002   0.07115   0.23869   0.03122   0.10277   0.17469   0.40681   0.02763   0.26272   0.42856   2.85510   1.42008   0.54320   0.16657   2.27054  
 20 120.2823   4568.233174  x:  0.00000   0.28189   0.03809   0.02338   0.02273   0.00000   0.00672   0.01081   0.01798   0.01032   0.05297   0.21373   0.93337   0.60619   0.18971   0.13952   0.13314   0.02822   0.07819   0.25040   0.04231   0.10306   0.17528   0.40710   0.02967   0.25912   0.42641   2.86411   1.46271   0.55219   0.16152   2.23888  
 21 84.0479   4567.532755  x:  0.00000   0.29323   0.03684   0.02452   0.02236   0.00000   0.00671   0.01061   0.01810   0.01018   0.04972   0.21305   0.94491   0.60139   0.18344   0.12605   0.13357   0.01632   0.08484   0.25973   0.03208   0.09947   0.17281   0.41072   0.03236   0.25440   0.42110   2.87533   1.51411   0.56477   0.16178   2.19930  
 22 93.5856   4566.710985  x:  0.00000   0.30952   0.04976   0.02286   0.02209   0.00000   0.00671   0.01042   0.01736   0.00992   0.05138   0.20293   0.94089   0.58442   0.17686   0.11581   0.13419   0.02223   0.08249   0.25678   0.03639   0.10085   0.16442   0.41812   0.03189   0.24817   0.40904   2.89187   1.58677   0.58611   0.17501   2.14009  
 23 74.0911   4565.307605  x:  0.00000   0.32110   0.03759   0.02105   0.01911   0.00000   0.00669   0.00877   0.01519   0.00846   0.04576   0.18037   0.91462   0.54945   0.17845   0.12506   0.12534   0.02387   0.06848   0.23638   0.03261   0.10088   0.15545   0.42542   0.02834   0.23963   0.38679   2.91993   1.70958   0.62425   0.17479   2.03775  
 24 122.1911   4564.250326  x:  0.00000   0.30884   0.04969   0.01952   0.01836   0.00000   0.00667   0.00833   0.01439   0.00795   0.04521   0.18093   0.87836   0.52204   0.17754   0.13185   0.11649   0.02095   0.07900   0.21594   0.03294   0.09461   0.16346   0.41898   0.02747   0.23639   0.37183   2.94233   1.80878   0.65856   0.16456   1.95101  
 25 118.8107   4563.318895  x:  0.00000   0.28229   0.04107   0.01668   0.01676   0.00000   0.00666   0.00740   0.01273   0.00701   0.04390   0.18469   0.83703   0.50388   0.16891   0.12389   0.11527   0.01978   0.08522   0.20396   0.03181   0.09197   0.16906   0.40281   0.02243   0.23476   0.36418   2.96059   1.89090   0.69362   0.18042   1.87241  
 26 124.3089   4562.690215  x:  0.00000   0.26204   0.04334   0.01558   0.01604   0.00000   0.00665   0.00695   0.01192   0.00648   0.04209   0.18150   0.80221   0.50192   0.16203   0.11327   0.12635   0.01958   0.07537   0.20487   0.03009   0.09690   0.15888   0.38569   0.02133   0.23379   0.36586   2.97100   1.94457   0.72133   0.17173   1.81553  
 27 76.1008   4562.266020  x:  0.00000   0.25811   0.04480   0.01535   0.01671   0.00000   0.00664   0.00723   0.01194   0.00651   0.04215   0.16894   0.77586   0.51199   0.16588   0.11734   0.12856   0.01796   0.08016   0.21071   0.03112   0.08695   0.14997   0.37489   0.02050   0.23281   0.37252   2.97467   1.97527   0.74678   0.17372   1.77254  
 28 41.0523   4561.786427  x:  0.00000   0.26486   0.04336   0.01564   0.01853   0.00000   0.00664   0.00807   0.01254   0.00691   0.04329   0.16609   0.74743   0.52850   0.16575   0.11711   0.11736   0.01772   0.08324   0.20745   0.02873   0.09982   0.15160   0.36990   0.01975   0.23196   0.38012   2.97467   2.00425   0.78359   0.17358   1.71799  
 29 40.9469   4561.353252  x:  0.00000   0.27106   0.04014   0.01544   0.01980   0.00000   0.00663   0.00862   0.01273   0.00706   0.04360   0.17403   0.72787   0.53839   0.16071   0.11154   0.11110   0.01998   0.07313   0.19860   0.03034   0.08917   0.15482   0.37179   0.01898   0.23151   0.38178   2.97166   2.02432   0.82039   0.17009   1.66800  
 30 54.0245   4560.743604  x:  0.00000   0.26093   0.03672   0.01610   0.02315   0.00000   0.00662   0.01017   0.01385   0.00783   0.04544   0.17485   0.72021   0.52320   0.15877   0.11474   0.13102   0.01480   0.07463   0.18779   0.02991   0.09016   0.15360   0.38355   0.01861   0.23076   0.36364   2.95894   2.03859   0.88658   0.16783   1.58924  
 31 28.7086   4560.344674  x:  0.00000   0.24774   0.03821   0.01613   0.02463   0.00000   0.00662   0.01082   0.01416   0.00803   0.04576   0.16690   0.72141   0.49842   0.15697   0.11038   0.11788   0.01690   0.07088   0.19569   0.02947   0.08901   0.15149   0.38089   0.01935   0.23017   0.35172   2.94707   2.04167   0.93356   0.16375   1.53672  
 32 39.5493   4560.229141  x:  0.00000   0.25354   0.03709   0.01609   0.02485   0.00000   0.00661   0.01090   0.01419   0.00805   0.04575   0.16873   0.72437   0.48551   0.15567   0.11099   0.11807   0.01698   0.07205   0.19181   0.02943   0.08877   0.14741   0.36666   0.01895   0.22842   0.35587   2.93964   2.03918   0.95109   0.16218   1.51796  
 33 13.6133   4560.183280  x:  0.00000   0.25543   0.03760   0.01619   0.02480   0.00000   0.00661   0.01087   0.01421   0.00806   0.04579   0.16569   0.72490   0.48272   0.15535   0.11121   0.12074   0.01657   0.07014   0.19269   0.02950   0.08866   0.15416   0.36479   0.01836   0.22908   0.36005   2.93269   2.03617   0.96139   0.16134   1.50647  
 34  7.1755   4560.117434  x:  0.00597   0.25503   0.03759   0.01621   0.02451   0.00000   0.00661   0.01071   0.01418   0.00803   0.04575   0.16651   0.72475   0.48251   0.15600   0.11124   0.12049   0.01658   0.07084   0.19273   0.02948   0.08885   0.15299   0.36813   0.01806   0.23047   0.36427   2.92119   2.03085   0.97644   0.15995   1.48955  
 35 13.1609   4559.845014  x:  0.00191   0.25420   0.03781   0.01635   0.02315   0.00000   0.00659   0.00999   0.01405   0.00788   0.04552   0.16876   0.72427   0.48133   0.15824   0.11172   0.12044   0.01650   0.07314   0.19326   0.02940   0.08965   0.15071   0.38144   0.01665   0.23605   0.38317   2.86675   2.00566   1.04800   0.15339   1.40909  
 36 81.7934   4559.664872  x:  0.00227   0.25717   0.03826   0.01633   0.02192   0.00000   0.00658   0.00935   0.01379   0.00767   0.04489   0.16804   0.72323   0.49454   0.15473   0.11396   0.11990   0.01688   0.07409   0.19356   0.02932   0.08993   0.15136   0.37540   0.01792   0.23133   0.36592   2.82998   1.98774   1.09260   0.14917   1.35761  
 37 19.8886   4559.646851  x:  0.00221   0.25787   0.03817   0.01637   0.02185   0.00000   0.00658   0.00931   0.01380   0.00767   0.04491   0.16810   0.72304   0.49533   0.15959   0.11105   0.12018   0.01687   0.07407   0.19287   0.02936   0.08993   0.15166   0.37409   0.01777   0.23340   0.36369   2.82653   1.98695   1.09417   0.14897   1.35322  
 38  4.1591   4559.465832  x:  0.00205   0.26051   0.03728   0.01713   0.02145   0.00000   0.00655   0.00902   0.01422   0.00787   0.04534   0.17001   0.72064   0.49474   0.15452   0.11466   0.12008   0.01692   0.07349   0.19690   0.02941   0.08996   0.14988   0.36951   0.01651   0.25379   0.35811   2.79705   1.99245   1.07109   0.15017   1.32066  
 39  2.0588   4558.510591  x:  0.00280   0.25155   0.03527   0.02163   0.01912   0.00000   0.00641   0.00737   0.01641   0.00878   0.04538   0.17439   0.70965   0.48964   0.15833   0.11227   0.11875   0.01836   0.07042   0.20027   0.03002   0.08863   0.14863   0.36039   0.02361   0.22637   0.35721   2.65514   2.01849   0.94153   0.15727   1.15926  
 40 22.3735   4557.832107  x:  0.00332   0.25395   0.03327   0.02553   0.01678   0.00000   0.00627   0.00587   0.01827   0.00965   0.04606   0.18150   0.71791   0.49749   0.16125   0.11431   0.11945   0.01960   0.06922   0.20967   0.03083   0.08901   0.14863   0.35835   0.02738   0.22662   0.35994   2.85280   1.92176   0.91148   0.15193   1.00000  
 41  3.2581   4557.521110  x:  0.00286   0.25631   0.03238   0.02559   0.01952   0.00000   0.00608   0.00787   0.01930   0.01095   0.04840   0.18707   0.73619   0.50105   0.16433   0.11704   0.12080   0.02168   0.06942   0.21753   0.03195   0.09009   0.15117   0.36179   0.02888   0.22694   0.36635   2.82690   1.97725   1.07994   0.14513   1.00000  
 42  0.3523   4557.446229  x:  0.00294   0.25873   0.03342   0.02392   0.01954   0.00000   0.00568   0.00759   0.01931   0.01178   0.04865   0.18268   0.73763   0.49752   0.16317   0.11661   0.11783   0.02168   0.06960   0.21402   0.03098   0.09005   0.14971   0.36485   0.02843   0.22726   0.36215   2.80077   1.98214   1.07573   0.14217   1.00000  
 43  0.0247   4557.400029  x:  0.00309   0.25628   0.03296   0.02322   0.01975   0.00000   0.00487   0.00804   0.01954   0.01208   0.04771   0.18204   0.72835   0.49492   0.16228   0.11618   0.11863   0.02152   0.07087   0.21163   0.03110   0.08997   0.15024   0.36339   0.02766   0.22777   0.36197   2.79113   2.00399   1.10528   0.14429   1.00000  
 44  0.0195   4557.357437  x:  0.00319   0.25588   0.03288   0.02350   0.01950   0.00000   0.00385   0.00791   0.01964   0.01192   0.04859   0.18328   0.73273   0.49795   0.16276   0.11613   0.11911   0.02110   0.06973   0.21261   0.03120   0.08997   0.15004   0.36234   0.02749   0.22724   0.36310   2.80120   1.98279   1.08390   0.14307   1.00000  
 45  0.0207   4557.352229  x:  0.00293   0.25739   0.03316   0.02391   0.01960   0.00000   0.00384   0.00778   0.01947   0.01169   0.04829   0.18336   0.73428   0.49759   0.16313   0.11646   0.11886   0.02138   0.06978   0.21362   0.03121   0.09002   0.15019   0.36368   0.02805   0.22721   0.36289   2.80505   1.97581   1.06659   0.14367   1.00000  
 46  0.0205   4557.351987  x:  0.00299   0.25725   0.03303   0.02396   0.01955   0.00000   0.00385   0.00775   0.01940   0.01165   0.04834   0.18330   0.73388   0.49748   0.16305   0.11645   0.11878   0.02147   0.06987   0.21367   0.03120   0.08999   0.15013   0.36351   0.02808   0.22727   0.36295   2.80445   1.97530   1.06671   0.14348   1.00000  
 47  0.0011   4557.351958  x:  0.00299   0.25717   0.03308   0.02395   0.01954   0.00000   0.00385   0.00775   0.01937   0.01163   0.04833   0.18325   0.73391   0.49749   0.16301   0.11643   0.11875   0.02147   0.06985   0.21361   0.03119   0.08998   0.15010   0.36346   0.02807   0.22726   0.36293   2.80399   1.97518   1.06605   0.14353   1.00000  
 48  0.0008   4557.351956  x:  0.00299   0.25718   0.03307   0.02394   0.01955   0.00000   0.00385   0.00775   0.01936   0.01163   0.04832   0.18325   0.73388   0.49748   0.16302   0.11643   0.11876   0.02147   0.06985   0.21362   0.03119   0.08999   0.15011   0.36347   0.02807   0.22725   0.36293   2.80396   1.97522   1.06635   0.14351   1.00000  
 49  0.0003   4557.351956  x:  0.00299   0.25718   0.03307   0.02394   0.01955   0.00000   0.00385   0.00775   0.01936   0.01163   0.04832   0.18326   0.73389   0.49748   0.16302   0.11643   0.11876   0.02147   0.06985   0.21362   0.03119   0.08999   0.15011   0.36348   0.02807   0.22725   0.36293   2.80397   1.97522   1.06637   0.14351   1.00000  
 50  0.0000   4557.351956  x:  0.00299   0.25718   0.03307   0.02394   0.01955   0.00000   0.00385   0.00775   0.01936   0.01163   0.04832   0.18326   0.73389   0.49748   0.16302   0.11643   0.11876   0.02147   0.06985   0.21362   0.03119   0.08999   0.15011   0.36348   0.02807   0.22725   0.36293   2.80398   1.97522   1.06637   0.14351   1.00000  
 51  0.0000   4557.351956  x:  0.00299   0.25718   0.03307   0.02394   0.01955   0.00000   0.00385   0.00775   0.01936   0.01163   0.04832   0.18326   0.73389   0.49748   0.16302   0.11643   0.11876   0.02147   0.06985   0.21362   0.03119   0.08999   0.15011   0.36348   0.02807   0.22725   0.36293   2.80398   1.97522   1.06637   0.14351   1.00000  

Model 7: beta

TREE # 1

  0  0.0000   4669.143213  x:  0.00542   0.17671   0.06150   0.02937   0.02958   0.01077   0.01811   0.03235   0.02910   0.02426   0.05268   0.14750   0.47240   0.33174   0.12520   0.11405   0.05998   0.01803   0.04107   0.16026   0.03470   0.06882   0.10589   0.26422   0.00000   0.16805   0.23347   2.80398   0.25988   1.76622  
  1 99.0000   4647.555059  x:  0.00754   0.17845   0.05795   0.02623   0.02476   0.00000   0.00912   0.02371   0.02423   0.01780   0.04996   0.14740   0.47455   0.33372   0.12570   0.11318   0.06467   0.02167   0.04469   0.16115   0.03278   0.06942   0.10784   0.26556   0.02030   0.16974   0.23577   2.80365   0.27305   1.76418  
  2 935.6190   4637.455506  x:  0.00867   0.18041   0.05374   0.02355   0.02052   0.00000   0.00074   0.01395   0.02004   0.01212   0.04736   0.14744   0.47726   0.33619   0.12637   0.11220   0.06846   0.02364   0.04746   0.16245   0.03103   0.07016   0.10952   0.26721   0.01576   0.17046   0.23776   2.80325   0.28797   1.76170  
  3 840.4466   4629.656310  x:  0.00998   0.18278   0.04871   0.02049   0.01573   0.00000   0.00293   0.00266   0.01534   0.00593   0.04433   0.14751   0.48053   0.33916   0.12719   0.11103   0.07301   0.02597   0.05075   0.16401   0.02898   0.07106   0.11156   0.26920   0.01174   0.17141   0.24020   2.80277   0.30576   1.75871  
  4 2615.2602   4615.897118  x:  0.01359   0.19170   0.03050   0.01308   0.00635   0.00000   0.00586   0.01532   0.00645   0.00893   0.03528   0.14820   0.49311   0.35050   0.13039   0.10680   0.08882   0.03278   0.06161   0.16977   0.02274   0.07450   0.11901   0.27676   0.00282   0.17547   0.24979   2.80094   0.37001   1.74736  
  5 908.8640   4607.102898  x:  0.01480   0.19648   0.02193   0.01303   0.01324   0.00000   0.00655   0.01671   0.01334   0.01129   0.03264   0.14899   0.49999   0.35666   0.13222   0.10474   0.09641   0.03524   0.06647   0.17283   0.02074   0.07639   0.12276   0.28085   0.00000   0.17782   0.25507   2.79993   0.40290   1.74127  
  6 1775.6947   4607.102898  x:  0.01480   0.19648   0.02193   0.01303   0.01324   0.00000   0.00655   0.01671   0.01334   0.01129   0.03264   0.14899   0.49999   0.35666   0.13222   0.10474   0.09641   0.03524   0.06647   0.17283   0.02074   0.07639   0.12276   0.28085   0.00000   0.17782   0.25507   2.79993   0.40290   1.74127  
  7 524.9851   4601.106971  x:  0.01442   0.19773   0.02309   0.01883   0.01637   0.00000   0.00105   0.01010   0.01625   0.01019   0.03594   0.15005   0.50189   0.35827   0.13286   0.10471   0.09731   0.03461   0.06648   0.17345   0.02277   0.07691   0.12342   0.28188   0.01539   0.17922   0.25692   2.79966   0.40841   1.73981  
  8 552.1257   4599.075004  x:  0.01404   0.19886   0.02403   0.02266   0.01830   0.00000   0.00670   0.00510   0.01803   0.00956   0.03837   0.15098   0.50362   0.35975   0.13344   0.10468   0.09800   0.03395   0.06641   0.17405   0.02438   0.07734   0.12396   0.28283   0.02499   0.18029   0.25847   2.79941   0.41343   1.73847  
  9 1115.2563   4592.641536  x:  0.00766   0.21400   0.03241   0.02635   0.01301   0.00000   0.01174   0.03298   0.01268   0.01651   0.05045   0.16245   0.52813   0.38033   0.14163   0.10486   0.10404   0.02255   0.06330   0.18310   0.03663   0.08166   0.12937   0.29619   0.04094   0.18887   0.27633   2.79599   0.48246   1.72009  
 10 246.2419   4579.446431  x:  0.00000   0.23696   0.03708   0.01294   0.02302   0.00000   0.00979   0.02673   0.02520   0.00461   0.05251   0.17782   0.56835   0.41346   0.15414   0.10589   0.11338   0.01049   0.06054   0.19708   0.03940   0.08553   0.13736   0.31795   0.03068   0.20020   0.30340   2.79038   0.58943   1.69042  
 11 606.1364   4579.446431  x:  0.00000   0.23696   0.03708   0.01294   0.02302   0.00000   0.00979   0.02673   0.02520   0.00461   0.05251   0.17782   0.56835   0.41346   0.15414   0.10589   0.11338   0.01049   0.06054   0.19708   0.03940   0.08553   0.13736   0.31795   0.03068   0.20020   0.30340   2.79038   0.58943   1.69042  
 12 1686.5168   4575.720808  x:  0.00108   0.23725   0.03584   0.01764   0.02084   0.00000   0.00276   0.01875   0.02210   0.01930   0.05171   0.17759   0.56976   0.41441   0.15419   0.10602   0.11392   0.01358   0.06156   0.19716   0.03727   0.08518   0.13760   0.31858   0.03089   0.20051   0.30407   2.79017   0.59155   1.68947  
 13 496.3518   4573.288612  x:  0.00258   0.23776   0.03368   0.02191   0.01809   0.00000   0.00485   0.00605   0.01805   0.01826   0.04996   0.17718   0.57228   0.41611   0.15429   0.10625   0.11468   0.01782   0.06312   0.19732   0.03390   0.08465   0.13798   0.31968   0.03115   0.20104   0.30527   2.78979   0.59534   1.68777  
 14 295.2564   4572.862779  x:  0.00315   0.23804   0.03259   0.02298   0.01760   0.00000   0.00231   0.00523   0.01725   0.01649   0.04897   0.17697   0.57371   0.41706   0.15434   0.10638   0.11498   0.01947   0.06380   0.19742   0.03242   0.08445   0.13815   0.32028   0.03122   0.20131   0.30593   2.78958   0.59747   1.68680  
 15 189.7583   4571.655185  x:  0.00616   0.23968   0.02640   0.02902   0.01583   0.00000   0.00276   0.00997   0.01438   0.01514   0.04333   0.17577   0.58230   0.42279   0.15465   0.10711   0.11658   0.02851   0.06759   0.19802   0.02439   0.08337   0.13908   0.32387   0.03152   0.20296   0.30992   2.78827   0.61031   1.68094  
 16 249.5305   4570.486041  x:  0.00793   0.24225   0.02078   0.02975   0.02140   0.00000   0.00302   0.00895   0.02392   0.01540   0.03779   0.17470   0.59572   0.43163   0.15520   0.10819   0.11753   0.03527   0.07104   0.19925   0.02180   0.08347   0.14001   0.32915   0.03108   0.20534   0.31601   2.78619   0.63029   1.67161  
 17 205.3104   4566.195080  x:  0.00717   0.25454   0.01979   0.01768   0.01947   0.00000   0.00321   0.00949   0.01920   0.01667   0.03751   0.17476   0.65794   0.47216   0.15811   0.11294   0.11683   0.04281   0.07762   0.20610   0.04368   0.08959   0.14252   0.35223   0.02677   0.21580   0.34351   2.77629   0.72273   1.62734  
 18 234.3469   4563.956765  x:  0.00168   0.26122   0.03106   0.03026   0.02105   0.00000   0.00310   0.01050   0.02185   0.01509   0.05225   0.17837   0.69481   0.49547   0.16023   0.11518   0.11430   0.03529   0.07586   0.20981   0.04268   0.09056   0.14341   0.36439   0.02556   0.22165   0.35900   2.77007   0.77717   1.59974  
 19 345.5709   4563.465263  x:  0.00000   0.26175   0.03226   0.02835   0.02073   0.00000   0.00313   0.01016   0.02144   0.01547   0.05193   0.17920   0.69936   0.49799   0.16063   0.11522   0.11386   0.03184   0.07437   0.21016   0.03880   0.09001   0.14357   0.36536   0.02622   0.22225   0.36056   2.76916   0.78373   1.59580  
 20 151.1885   4563.325080  x:  0.00000   0.26081   0.02866   0.03125   0.02162   0.00000   0.00311   0.01013   0.02035   0.01532   0.04874   0.18044   0.70302   0.49720   0.16136   0.11350   0.11730   0.02691   0.07173   0.21025   0.04029   0.09129   0.14502   0.36283   0.02919   0.22126   0.35897   2.76732   0.78690   1.58883  
 21 24.3846   4563.252905  x:  0.00000   0.26012   0.02847   0.03148   0.01894   0.00000   0.00310   0.01018   0.02185   0.01528   0.04829   0.18149   0.70537   0.49574   0.16197   0.11239   0.12070   0.02665   0.07142   0.21023   0.04043   0.09162   0.14625   0.36043   0.02994   0.22009   0.35701   2.76566   0.78807   1.58270  
 22 30.6180   4563.051046  x:  0.00000   0.25796   0.03035   0.02994   0.02089   0.00000   0.00313   0.01008   0.02076   0.01544   0.04932   0.18464   0.71268   0.49009   0.16401   0.10949   0.13146   0.02943   0.07244   0.21003   0.03909   0.09162   0.14992   0.35243   0.03013   0.21598   0.34993   2.75977   0.79050   1.56108  
 23 64.4465   4562.863040  x:  0.00000   0.25613   0.02563   0.02979   0.02047   0.00000   0.00313   0.00989   0.02035   0.01554   0.05097   0.18291   0.71865   0.48346   0.16551   0.11249   0.12938   0.02947   0.07478   0.20961   0.03809   0.08997   0.14828   0.34768   0.02449   0.21387   0.34361   2.75197   0.78878   1.53277  
 24 28.3771   4562.500749  x:  0.00000   0.25521   0.03000   0.03191   0.02019   0.00000   0.00312   0.00985   0.01992   0.01539   0.04396   0.17918   0.72829   0.47136   0.16501   0.11855   0.11962   0.03397   0.07915   0.20860   0.03856   0.08924   0.14335   0.34329   0.02828   0.21461   0.33475   2.73481   0.77997   1.47057  
 25 66.3575   4562.178794  x:  0.00000   0.25748   0.02536   0.02997   0.01996   0.00000   0.00314   0.00968   0.01966   0.01554   0.04859   0.17568   0.73403   0.46517   0.15985   0.11708   0.11470   0.04038   0.07658   0.20895   0.03651   0.09213   0.14245   0.34610   0.03651   0.21867   0.33314   2.71763   0.76481   1.40788  
 26 71.2192   4561.360677  x:  0.00000   0.26684   0.02509   0.03198   0.01951   0.00000   0.00313   0.00941   0.01865   0.01544   0.04140   0.17659   0.74160   0.46372   0.15025   0.10968   0.11537   0.04782   0.06630   0.21377   0.03431   0.09474   0.14720   0.36228   0.02529   0.22646   0.34057   2.67492   0.71493   1.24961  
 27 103.6452   4560.179466  x:  0.00000   0.27569   0.01995   0.03236   0.01900   0.00000   0.00316   0.00892   0.01748   0.01557   0.03936   0.18240   0.74866   0.47733   0.16297   0.12042   0.12694   0.04543   0.07893   0.21841   0.03326   0.08670   0.15752   0.38332   0.02822   0.23450   0.36133   2.61113   0.62707   1.00573  
 28 168.5055   4559.519983  x:  0.00000   0.26997   0.02101   0.03181   0.01901   0.00000   0.00316   0.00881   0.01748   0.01552   0.03933   0.18137   0.75510   0.49510   0.16980   0.12062   0.12837   0.04589   0.08057   0.21219   0.03013   0.10323   0.14698   0.37782   0.02678   0.22880   0.37120   2.57826   0.57148   0.86350  
 29 92.9133   4558.952887  x:  0.00000   0.26278   0.02225   0.03138   0.01926   0.00000   0.00315   0.00897   0.01806   0.01532   0.04048   0.17914   0.76458   0.50946   0.16594   0.11400   0.12344   0.04711   0.07672   0.21109   0.03390   0.09057   0.14388   0.36628   0.02850   0.22396   0.37442   2.55366   0.52276   0.74383  
 30 108.4197   4558.666177  x:  0.00000   0.26423   0.02379   0.03093   0.01956   0.00000   0.00315   0.00909   0.01863   0.01522   0.04189   0.17981   0.77669   0.50821   0.16162   0.11971   0.11855   0.04422   0.07702   0.21850   0.03384   0.09550   0.15692   0.36257   0.02766   0.22784   0.36750   2.54368   0.49234   0.68070  
 31 43.0649   4558.508832  x:  0.00000   0.27084   0.02428   0.03053   0.01984   0.00000   0.00316   0.00920   0.01908   0.01514   0.04320   0.18197   0.78839   0.49929   0.16306   0.12282   0.12352   0.04171   0.07444   0.21854   0.03471   0.09469   0.15026   0.36845   0.02746   0.23367   0.36071   2.54102   0.47379   0.64737  
 32 24.3179   4558.479956  x:  0.00000   0.27078   0.02452   0.03050   0.01984   0.00000   0.00316   0.00918   0.01911   0.01515   0.04338   0.18206   0.79144   0.49554   0.16325   0.11892   0.12306   0.03975   0.07788   0.21690   0.03470   0.09501   0.15020   0.37136   0.02727   0.23343   0.36099   2.54207   0.47038   0.64159  
 33  9.2684   4558.458309  x:  0.00000   0.26851   0.02498   0.03046   0.01988   0.00000   0.00316   0.00920   0.01918   0.01512   0.04347   0.18115   0.79430   0.49124   0.16575   0.11903   0.12232   0.04030   0.07585   0.21475   0.03493   0.09483   0.15221   0.37394   0.02736   0.23080   0.36425   2.54583   0.46802   0.63811  
 34  4.4467   4558.416372  x:  0.00000   0.26620   0.02504   0.03037   0.01985   0.00000   0.00317   0.00914   0.01912   0.01510   0.04349   0.18135   0.79817   0.48723   0.16090   0.12182   0.12436   0.03942   0.07674   0.21789   0.03462   0.09487   0.15025   0.37325   0.02756   0.22787   0.37161   2.56010   0.46450   0.63342  
 35  3.2579   4558.199011  x:  0.00000   0.27272   0.02430   0.03006   0.01970   0.00000   0.00323   0.00892   0.01890   0.01493   0.04297   0.18358   0.80568   0.48936   0.16703   0.11794   0.12131   0.04040   0.07623   0.21818   0.03373   0.09457   0.15030   0.36171   0.02609   0.23828   0.38074   2.64477   0.45165   0.61184  
 36  7.5371   4557.970886  x:  0.00000   0.27031   0.02544   0.02971   0.01956   0.00000   0.00330   0.00863   0.01865   0.01477   0.04275   0.17821   0.80272   0.50188   0.16257   0.12061   0.12385   0.03822   0.07612   0.21277   0.03281   0.09384   0.15223   0.37181   0.02722   0.23349   0.36701   2.72860   0.44447   0.58978  
 37 20.3106   4557.917471  x:  0.00000   0.26748   0.02459   0.02945   0.01958   0.00000   0.00332   0.00863   0.01872   0.01470   0.04299   0.18491   0.79959   0.50312   0.16451   0.11954   0.12119   0.03935   0.07557   0.21745   0.03279   0.09412   0.15059   0.37534   0.02813   0.23053   0.36358   2.74176   0.44432   0.58666  
 38  8.9659   4557.697777  x:  0.00000   0.26755   0.02774   0.02876   0.01972   0.00000   0.00340   0.00851   0.01903   0.01445   0.04419   0.17459   0.78027   0.49799   0.17119   0.11522   0.12293   0.03535   0.07464   0.22995   0.03227   0.09407   0.14846   0.37503   0.02878   0.22859   0.36345   2.74921   0.44909   0.59069  
 39  2.2605   4556.899388  x:  0.00000   0.26718   0.03082   0.02568   0.02020   0.00000   0.00368   0.00810   0.02004   0.01353   0.04869   0.18582   0.72730   0.48549   0.16299   0.11981   0.12286   0.02388   0.07336   0.21286   0.03293   0.09168   0.15118   0.36629   0.02801   0.23125   0.36833   2.75480   0.45878   0.61730  
 40 11.8000   4556.445922  x:  0.00000   0.26170   0.03303   0.02420   0.02016   0.00000   0.00383   0.00767   0.02013   0.01303   0.04983   0.18403   0.74005   0.49995   0.16393   0.11700   0.12031   0.01991   0.07187   0.21482   0.03189   0.08976   0.15006   0.36649   0.02952   0.22668   0.36200   2.74561   0.43856   0.65033  
 41  9.6583   4556.445116  x:  0.00000   0.26048   0.03309   0.02419   0.02016   0.00000   0.00383   0.00767   0.02012   0.01302   0.04982   0.18396   0.73995   0.49993   0.16393   0.11698   0.12053   0.01994   0.07184   0.21485   0.03189   0.08977   0.15000   0.36659   0.02939   0.22770   0.36198   2.74547   0.43843   0.65016  
 42  0.2368   4556.381739  x:  0.00000   0.26010   0.03285   0.02431   0.01977   0.00000   0.00382   0.00764   0.01962   0.01215   0.04868   0.18410   0.72997   0.49932   0.16360   0.11633   0.11937   0.02345   0.07038   0.21297   0.03118   0.08967   0.14916   0.36327   0.02963   0.22590   0.36399   2.73113   0.42362   0.63253  
 43  0.1744   4556.371640  x:  0.00000   0.25944   0.03271   0.02454   0.01959   0.00000   0.00379   0.00774   0.01938   0.01166   0.04803   0.18383   0.72967   0.49647   0.16321   0.11603   0.11932   0.02303   0.07013   0.21221   0.03094   0.08970   0.14874   0.36136   0.02979   0.22528   0.36251   2.73083   0.42909   0.64194  
 44  0.0141   4556.371156  x:  0.00000   0.25949   0.03252   0.02450   0.01958   0.00000   0.00383   0.00776   0.01937   0.01163   0.04790   0.18375   0.72993   0.49614   0.16321   0.11606   0.11955   0.02273   0.07035   0.21228   0.03101   0.08973   0.14877   0.36142   0.02977   0.22532   0.36238   2.73018   0.42821   0.64105  
 45  0.0016   4556.371091  x:  0.00000   0.25952   0.03246   0.02444   0.01959   0.00000   0.00385   0.00776   0.01938   0.01164   0.04789   0.18378   0.73008   0.49622   0.16322   0.11608   0.11952   0.02282   0.07034   0.21231   0.03100   0.08969   0.14878   0.36149   0.02977   0.22533   0.36236   2.73026   0.42866   0.64185  
 46  0.0010   4556.371087  x:  0.00000   0.25951   0.03245   0.02444   0.01959   0.00000   0.00385   0.00777   0.01938   0.01163   0.04790   0.18378   0.73003   0.49629   0.16322   0.11608   0.11951   0.02282   0.07033   0.21230   0.03101   0.08970   0.14878   0.36149   0.02976   0.22532   0.36240   2.73024   0.42863   0.64176  
 47  0.0001   4556.371087  x:  0.00000   0.25951   0.03245   0.02444   0.01959   0.00000   0.00385   0.00777   0.01938   0.01163   0.04790   0.18378   0.73003   0.49629   0.16322   0.11608   0.11951   0.02282   0.07033   0.21230   0.03100   0.08970   0.14878   0.36149   0.02976   0.22533   0.36241   2.73024   0.42863   0.64175  
 48  0.0000   4556.371087  x:  0.00000   0.25951   0.03245   0.02444   0.01959   0.00000   0.00385   0.00777   0.01938   0.01163   0.04790   0.18378   0.73003   0.49629   0.16322   0.11608   0.11951   0.02282   0.07033   0.21230   0.03100   0.08970   0.14878   0.36149   0.02976   0.22533   0.36241   2.73024   0.42863   0.64175  
 49  0.0000   4556.371087  x:  0.00000   0.25951   0.03245   0.02444   0.01959   0.00000   0.00385   0.00777   0.01938   0.01163   0.04790   0.18378   0.73003   0.49629   0.16322   0.11608   0.11951   0.02282   0.07033   0.21230   0.03100   0.08970   0.14878   0.36149   0.02976   0.22533   0.36241   2.73024   0.42863   0.64175  

Model 8: beta&w>1

TREE # 1

  0  0.0000   4654.599160  x:  0.00766   0.15122   0.04533   0.05579   0.04232   0.02151   0.02940   0.04360   0.04519   0.03086   0.05735   0.12073   0.40362   0.30343   0.09924   0.11867   0.06151   0.03265   0.03180   0.14513   0.03532   0.06811   0.10813   0.23605   0.00000   0.13937   0.20583   2.73024   0.90000   0.72833   1.19168   2.32763  
  1 99.0000   4613.124662  x:  0.01330   0.16071   0.04477   0.04454   0.03003   0.00000   0.01021   0.02557   0.03209   0.01677   0.05155   0.12642   0.41312   0.31063   0.10651   0.11918   0.07328   0.03660   0.04658   0.15086   0.03369   0.07147   0.11488   0.24323   0.05649   0.14819   0.21443   2.73048   0.91688   0.72630   1.19274   2.32632  
  2 1024.1027   4603.105616  x:  0.01372   0.16558   0.04401   0.03850   0.02445   0.00000   0.00082   0.01519   0.02578   0.01179   0.04900   0.12968   0.41902   0.31500   0.11031   0.11933   0.07702   0.03612   0.04969   0.15430   0.03307   0.07304   0.11729   0.24744   0.05156   0.15094   0.21842   2.73062   0.92714   0.72495   1.19343   2.32562  
  3 647.8780   4594.948747  x:  0.01423   0.17163   0.04305   0.03109   0.01782   0.00000   0.00294   0.00273   0.01823   0.00630   0.04591   0.13371   0.42638   0.32044   0.11499   0.11949   0.08170   0.03555   0.05362   0.15854   0.03228   0.07495   0.12029   0.25266   0.04669   0.15445   0.22343   2.73079   0.93993   0.72323   1.19430   2.32476  
  4 2313.2917   4586.075168  x:  0.01473   0.18388   0.04090   0.01743   0.00881   0.00000   0.00451   0.01031   0.00739   0.00875   0.04060   0.14179   0.44180   0.33176   0.12420   0.11955   0.09105   0.03416   0.06121   0.16694   0.03068   0.07852   0.12623   0.26338   0.04011   0.16184   0.23396   2.73114   0.96618   0.71942   1.19619   2.32310  
  5 909.0066   4579.401565  x:  0.01442   0.19568   0.03865   0.00957   0.01443   0.00000   0.00498   0.01066   0.01643   0.01273   0.03783   0.14958   0.45740   0.34313   0.13275   0.11934   0.09976   0.03246   0.06784   0.17484   0.02933   0.08162   0.13170   0.27392   0.03611   0.16926   0.24459   2.73144   0.98991   0.71535   1.19811   2.32168  
  6 998.3202   4573.829175  x:  0.01197   0.21279   0.03510   0.02948   0.01946   0.00000   0.00554   0.01193   0.01531   0.01375   0.04294   0.16124   0.48239   0.36123   0.14428   0.11844   0.11127   0.02919   0.07495   0.18590   0.02848   0.08537   0.13882   0.28993   0.03155   0.18066   0.26148   2.73167   0.99798   0.70835   1.20094   2.32025  
  7 452.5576   4564.707495  x:  0.00589   0.26045   0.02505   0.04502   0.02679   0.00000   0.00719   0.01560   0.02183   0.01776   0.04785   0.19296   0.55268   0.41199   0.17608   0.11620   0.14295   0.02038   0.09407   0.21656   0.02663   0.09582   0.15837   0.33462   0.01871   0.21241   0.30865   2.73226   0.97351   0.68896   1.20856   2.31611  
  8 1194.4970   4563.141698  x:  0.00000   0.26246   0.02712   0.04450   0.02492   0.00000   0.00727   0.01669   0.02349   0.01471   0.04947   0.19306   0.56306   0.41864   0.17443   0.11499   0.14069   0.01819   0.08720   0.21609   0.02985   0.09363   0.15632   0.33835   0.01987   0.21467   0.31407   2.73225   0.97376   0.68637   1.20905   2.31599  
  9 129.1725   4560.796134  x:  0.00000   0.26652   0.03217   0.04150   0.02754   0.00000   0.00650   0.01095   0.01722   0.02732   0.05065   0.18907   0.59968   0.44113   0.16580   0.11132   0.13107   0.01766   0.06351   0.21149   0.02862   0.08505   0.14814   0.34913   0.02557   0.22031   0.33125   2.73215   0.97373   0.67729   1.21025   2.31596  
 10 274.5069   4559.862194  x:  0.00000   0.26371   0.02833   0.04267   0.02635   0.00000   0.00660   0.01229   0.01875   0.02360   0.04549   0.18137   0.62132   0.45269   0.15942   0.11176   0.12412   0.02944   0.06193   0.20663   0.01971   0.08492   0.14575   0.35201   0.02585   0.21974   0.33800   2.73208   0.97387   0.67163   1.21010   2.31640  
 11 96.2088   4559.323704  x:  0.00000   0.25950   0.02674   0.04271   0.02828   0.00000   0.00658   0.01213   0.01737   0.02380   0.04239   0.17444   0.63837   0.46069   0.15512   0.11364   0.11832   0.03757   0.06707   0.20310   0.02695   0.08901   0.14553   0.35222   0.02584   0.21736   0.34131   2.73204   0.97380   0.66669   1.20955   2.31696  
 12 105.1633   4558.965572  x:  0.00000   0.25405   0.03367   0.04185   0.02561   0.00000   0.00649   0.01139   0.01845   0.02571   0.04758   0.17050   0.65368   0.46606   0.15415   0.11726   0.11348   0.03641   0.07561   0.20115   0.02541   0.09235   0.14721   0.34934   0.02619   0.21298   0.34126   2.73205   0.97380   0.66159   1.20809   2.31782  
 13 54.0328   4558.803808  x:  0.00000   0.25039   0.03338   0.04074   0.02900   0.00000   0.00652   0.01201   0.01644   0.02355   0.04697   0.16982   0.66253   0.46789   0.15550   0.11912   0.11243   0.03107   0.07812   0.20133   0.02379   0.09229   0.14844   0.34624   0.02697   0.20981   0.33943   2.73206   0.97364   0.65834   1.20631   2.31862  
 14 38.1511   4558.655086  x:  0.00000   0.24674   0.03001   0.04173   0.02639   0.00000   0.00643   0.01138   0.01764   0.02503   0.04414   0.17036   0.67185   0.46870   0.15769   0.12002   0.11415   0.02644   0.07874   0.20243   0.02396   0.09121   0.14964   0.34222   0.02818   0.20635   0.33607   2.73209   0.97369   0.65447   1.20346   2.31976  
 15 40.0760   4558.429070  x:  0.00000   0.24374   0.03139   0.04050   0.02656   0.00000   0.00639   0.01149   0.01725   0.02423   0.04538   0.17556   0.68739   0.46723   0.16127   0.11731   0.12484   0.03074   0.07636   0.20570   0.02473   0.08912   0.15060   0.33542   0.02954   0.20185   0.32759   2.73224   0.97358   0.64618   1.19557   2.32256  
 16 25.8053   4558.207214  x:  0.00000   0.25015   0.02770   0.03843   0.02585   0.00000   0.00626   0.01113   0.01679   0.02404   0.04808   0.17788   0.69687   0.46145   0.16154   0.11220   0.12513   0.02939   0.07635   0.20800   0.02333   0.09835   0.14890   0.33681   0.03201   0.20746   0.32170   2.73263   0.97364   0.63651   1.18007   2.32710  
 17 13.0118   4557.946234  x:  0.00000   0.25940   0.03247   0.03871   0.02526   0.00000   0.00615   0.01094   0.01666   0.02364   0.04153   0.18023   0.70409   0.45552   0.16331   0.11203   0.12353   0.02866   0.08026   0.21066   0.02314   0.09807   0.14859   0.34184   0.03425   0.21510   0.31872   2.73321   0.97322   0.62540   1.15876   2.33292  
 18 36.4361   4557.668322  x:  0.00000   0.26755   0.02857   0.03592   0.02440   0.00000   0.00598   0.01050   0.01604   0.02340   0.04538   0.17973   0.70823   0.45221   0.16694   0.11738   0.12290   0.02975   0.08533   0.21309   0.02411   0.08969   0.15083   0.34902   0.03672   0.22109   0.32063   2.73402   0.97320   0.61457   1.13297   2.33935  
 19 47.1159   4557.251245  x:  0.00000   0.26854   0.02899   0.03339   0.02325   0.00000   0.00577   0.01002   0.01542   0.02288   0.04447   0.18213   0.70207   0.46418   0.17153   0.12572   0.13433   0.02822   0.08322   0.21377   0.02321   0.09765   0.15876   0.35940   0.04142   0.21509   0.34269   2.73606   0.97295   0.60390   1.08203   2.34934  
 20 24.2293   4557.129446  x:  0.00000   0.26708   0.02831   0.03247   0.02295   0.00000   0.00570   0.00980   0.01514   0.02287   0.04452   0.18501   0.69918   0.47227   0.16979   0.11675   0.13591   0.02671   0.08853   0.21602   0.02313   0.09544   0.15828   0.36006   0.04227   0.21348   0.34942   2.73712   0.97290   0.60251   1.06341   2.35177  
 21 21.8867   4557.066037  x:  0.00000   0.26700   0.02819   0.03220   0.02286   0.00000   0.00569   0.00978   0.01513   0.02288   0.04466   0.18665   0.69729   0.48162   0.17557   0.11730   0.13347   0.02821   0.08915   0.21837   0.02320   0.09612   0.15274   0.35589   0.04273   0.21683   0.34825   2.73892   0.97295   0.60140   1.04640   2.35184  
 22  8.8370   4556.978642  x:  0.00000   0.27008   0.02868   0.03217   0.02285   0.00000   0.00570   0.00986   0.01523   0.02267   0.04472   0.18424   0.69634   0.49186   0.17279   0.11783   0.13280   0.02821   0.08707   0.22038   0.02333   0.09618   0.16046   0.35262   0.04268   0.22141   0.34138   2.74358   0.97308   0.59382   1.01346   2.35006  
 23  9.0329   4556.640457  x:  0.00000   0.27377   0.02769   0.03201   0.02300   0.00000   0.00573   0.01018   0.01562   0.02198   0.04509   0.18832   0.69960   0.49935   0.16509   0.12296   0.13822   0.02483   0.08947   0.21058   0.02372   0.09538   0.15360   0.36332   0.04177   0.21730   0.33082   2.76490   0.97382   0.54276   0.87821   2.34038  
 24 17.7711   4556.212185  x:  0.00000   0.26671   0.02892   0.03166   0.02303   0.00000   0.00574   0.01039   0.01603   0.02140   0.04546   0.18689   0.70334   0.49178   0.17253   0.11781   0.13012   0.02727   0.08493   0.21711   0.02409   0.09568   0.15726   0.36707   0.04102   0.21548   0.33838   2.79173   0.97489   0.46758   0.71319   2.32861  
 25 61.8973   4556.148318  x:  0.00000   0.26752   0.02896   0.03156   0.02302   0.00000   0.00573   0.01046   0.01609   0.02115   0.04540   0.18471   0.70296   0.49017   0.16903   0.11937   0.13394   0.02586   0.08584   0.21670   0.02405   0.09536   0.15491   0.35885   0.04003   0.22056   0.34465   2.79556   0.97508   0.45259   0.69102   2.32759  
 26 15.3076   4556.131001  x:  0.00000   0.26873   0.02830   0.03138   0.02298   0.00000   0.00572   0.01043   0.01609   0.02112   0.04547   0.18889   0.70273   0.49038   0.16840   0.11990   0.13181   0.02647   0.08572   0.21436   0.02417   0.09523   0.15635   0.35647   0.04003   0.22027   0.34585   2.79568   0.97515   0.45024   0.68997   2.32881  
 27  1.8996   4555.828588  x:  0.00000   0.28632   0.02925   0.03032   0.02233   0.00000   0.00559   0.01079   0.01666   0.01871   0.04557   0.18119   0.70507   0.49497   0.17405   0.11439   0.12792   0.02571   0.08319   0.21127   0.02502   0.09396   0.15481   0.35167   0.04013   0.20583   0.34844   2.78963   0.97563   0.44617   0.70343   2.36175  
 28  1.5370   4554.431793  x:  0.00000   0.26893   0.03204   0.02453   0.01997   0.00000   0.00496   0.01161   0.01843   0.01043   0.04754   0.18580   0.72900   0.50003   0.16379   0.11780   0.12156   0.02307   0.07349   0.22144   0.02759   0.09204   0.15023   0.36425   0.03689   0.21709   0.35597   2.76224   0.97807   0.46185   0.75914   2.50485  
 29 20.1385   4554.356129  x:  0.00000   0.26782   0.03269   0.02432   0.01988   0.00000   0.00494   0.01169   0.01858   0.00993   0.04768   0.18410   0.73385   0.49704   0.16832   0.11485   0.12298   0.02233   0.07312   0.21275   0.02803   0.09146   0.15244   0.36330   0.03608   0.22128   0.35843   2.76112   0.97815   0.46959   0.75981   2.51254  
 30 11.0349   4554.347869  x:  0.00000   0.26933   0.03264   0.02436   0.01988   0.00000   0.00494   0.01171   0.01862   0.00990   0.04773   0.18455   0.73584   0.49515   0.16720   0.11576   0.12251   0.02250   0.07303   0.21407   0.02807   0.09153   0.15215   0.36201   0.03608   0.22026   0.35983   2.76181   0.97814   0.47349   0.75886   2.51243  
 31  2.4069   4554.137597  x:  0.00000   0.26469   0.03370   0.02539   0.01892   0.00000   0.00451   0.01025   0.01876   0.01142   0.04783   0.18334   0.74039   0.49444   0.16566   0.11510   0.12032   0.02176   0.07019   0.21292   0.02922   0.09034   0.15069   0.36273   0.03571   0.22199   0.36211   2.86492   0.97706   0.48949   0.79757   2.41904  
 32  0.5626   4553.963849  x:  0.00000   0.26053   0.03469   0.02609   0.01828   0.00000   0.00415   0.00888   0.01893   0.01311   0.04809   0.18260   0.74332   0.49350   0.16387   0.11501   0.11860   0.02115   0.06787   0.21130   0.03034   0.08945   0.14968   0.36331   0.03456   0.22363   0.36346   2.77357   0.97678   0.49221   0.80645   2.31442  
 33  1.3651   4553.862966  x:  0.00000   0.25990   0.03483   0.02640   0.01973   0.00000   0.00363   0.00776   0.01853   0.01170   0.04791   0.18260   0.74009   0.49774   0.16225   0.11551   0.11832   0.02118   0.06857   0.21165   0.03127   0.08882   0.14840   0.36399   0.03326   0.22301   0.36289   2.78176   0.97533   0.49531   0.81797   2.15478  
 34  0.1899   4553.832760  x:  0.00000   0.26143   0.03461   0.02478   0.01967   0.00000   0.00357   0.00744   0.01875   0.01161   0.04791   0.18344   0.73883   0.50079   0.16287   0.11606   0.11950   0.02149   0.06972   0.21191   0.03153   0.08926   0.14914   0.36504   0.03078   0.22382   0.36256   2.78047   0.97588   0.49122   0.80324   2.23034  
 35  0.1172   4553.804988  x:  0.00000   0.26220   0.03414   0.02525   0.01971   0.00000   0.00380   0.00781   0.01961   0.01126   0.04774   0.18367   0.73572   0.49859   0.16461   0.11603   0.12057   0.02179   0.07105   0.21258   0.03143   0.09011   0.15060   0.36429   0.02921   0.22413   0.36281   2.77288   0.97425   0.49542   0.81470   2.14845  
 36  0.0660   4553.772126  x:  0.00000   0.26236   0.03402   0.02421   0.01975   0.00000   0.00395   0.00748   0.01987   0.01195   0.04777   0.18371   0.73893   0.49665   0.16514   0.11561   0.12003   0.02077   0.06965   0.21273   0.03112   0.09015   0.15083   0.36443   0.02842   0.22473   0.36337   2.78133   0.97077   0.50359   0.84182   2.03376  
 37  0.0412   4553.733646  x:  0.00000   0.26144   0.03432   0.02340   0.01954   0.00000   0.00417   0.00799   0.01964   0.01172   0.04745   0.18373   0.74086   0.50137   0.16265   0.11588   0.11924   0.02195   0.06934   0.21244   0.03066   0.08907   0.14884   0.36553   0.02891   0.22460   0.36254   2.78682   0.96580   0.51151   0.87199   1.99337  
 38  0.0181   4553.703636  x:  0.00000   0.26162   0.03451   0.02420   0.01937   0.00000   0.00401   0.00773   0.01933   0.01151   0.04755   0.18313   0.73903   0.50138   0.16336   0.11629   0.11984   0.02149   0.07040   0.21235   0.03077   0.08965   0.14988   0.36503   0.02958   0.22398   0.36240   2.78075   0.95998   0.52192   0.90533   1.85636  
 39  0.0806   4553.687234  x:  0.00000   0.26163   0.03462   0.02451   0.01956   0.00000   0.00389   0.00768   0.01902   0.01156   0.04779   0.18297   0.73829   0.49960   0.16436   0.11642   0.11993   0.02099   0.07026   0.21251   0.03106   0.09019   0.15086   0.36466   0.02902   0.22399   0.36270   2.77828   0.95733   0.52446   0.91547   1.87558  
 40  0.0235   4553.680501  x:  0.00000   0.26172   0.03441   0.02446   0.01942   0.00000   0.00387   0.00773   0.01919   0.01162   0.04799   0.18365   0.73980   0.49943   0.16417   0.11626   0.11969   0.02132   0.06981   0.21301   0.03135   0.08990   0.15034   0.36532   0.02877   0.22467   0.36285   2.78563   0.95273   0.53202   0.94182   1.80881  
 41  0.0468   4553.679221  x:  0.00000   0.26197   0.03434   0.02440   0.01948   0.00000   0.00386   0.00779   0.01925   0.01166   0.04791   0.18369   0.74005   0.50037   0.16402   0.11629   0.12002   0.02111   0.07012   0.21304   0.03133   0.08986   0.15029   0.36547   0.02913   0.22476   0.36291   2.78443   0.95141   0.53417   0.95082   1.80404  
 42  0.0073   4553.678973  x:  0.00000   0.26186   0.03438   0.02441   0.01956   0.00000   0.00384   0.00777   0.01931   0.01163   0.04790   0.18356   0.74006   0.50031   0.16411   0.11633   0.11987   0.02118   0.06999   0.21301   0.03130   0.08994   0.15041   0.36540   0.02914   0.22463   0.36287   2.78384   0.95079   0.53534   0.95574   1.79423  
 43  0.0088   4553.678938  x:  0.00000   0.26183   0.03438   0.02441   0.01954   0.00000   0.00384   0.00775   0.01935   0.01163   0.04791   0.18355   0.74002   0.50020   0.16410   0.11631   0.11986   0.02118   0.07001   0.21298   0.03128   0.08993   0.15037   0.36536   0.02917   0.22457   0.36283   2.78410   0.95081   0.53542   0.95608   1.79526  
 44  0.0010   4553.678934  x:  0.00000   0.26182   0.03438   0.02441   0.01955   0.00000   0.00384   0.00775   0.01935   0.01163   0.04791   0.18356   0.73997   0.50017   0.16408   0.11631   0.11987   0.02117   0.07002   0.21297   0.03127   0.08992   0.15036   0.36535   0.02918   0.22457   0.36279   2.78411   0.95083   0.53545   0.95604   1.79522  
 45  0.0001   4553.678933  x:  0.00000   0.26183   0.03438   0.02441   0.01955   0.00000   0.00385   0.00775   0.01935   0.01163   0.04791   0.18356   0.73995   0.50017   0.16408   0.11631   0.11987   0.02118   0.07001   0.21298   0.03127   0.08992   0.15036   0.36535   0.02919   0.22457   0.36278   2.78408   0.95084   0.53541   0.95584   1.79547  
 46  0.0003   4553.678933  x:  0.00000   0.26183   0.03438   0.02441   0.01955   0.00000   0.00385   0.00775   0.01935   0.01163   0.04791   0.18356   0.73996   0.50017   0.16408   0.11631   0.11987   0.02117   0.07001   0.21297   0.03128   0.08992   0.15036   0.36535   0.02919   0.22457   0.36279   2.78408   0.95084   0.53540   0.95582   1.79538  
 47  0.0001   4553.678933  x:  0.00000   0.26183   0.03438   0.02441   0.01955   0.00000   0.00385   0.00775   0.01935   0.01163   0.04791   0.18356   0.73996   0.50017   0.16408   0.11631   0.11987   0.02117   0.07001   0.21297   0.03128   0.08992   0.15036   0.36535   0.02919   0.22457   0.36279   2.78408   0.95084   0.53540   0.95582   1.79538  
 48  0.0000   4553.678933  x:  0.00000   0.26183   0.03438   0.02441   0.01955   0.00000   0.00385   0.00775   0.01935   0.01163   0.04791   0.18356   0.73996   0.50017   0.16408   0.11631   0.11987   0.02117   0.07001   0.21297   0.03128   0.08992   0.15036   0.36535   0.02919   0.22457   0.36279   2.78408   0.95083   0.53540   0.95582   1.79538  