     1    396    184


 1

     1      1    -7.4819361172   0.000563166004       0.2230  -GGGGGGGGG----SS
     2      1    -3.0693694012   0.046450437215      18.3944  A-AAAAAAAAAAAAAA
     3      1    -8.6437761894   0.000176220203       0.0698  A-AAAAAAAATTAAAA
     4      1    -3.1255557593   0.043912522047      17.3894  AAAA-AAAAAAAAAAA
     5     10    -3.1405949146   0.043257055989      17.1298  AAAAAAAAAAAAAAAA
     6      1    -7.4473900143   0.000582961149       0.2309  AAAAAAAAAAAAAATT
     7      1    -8.0628951705   0.000315013466       0.1247  AAAAAAAAAAAAAAVA
     8      1   -14.5515139120   0.000000479025       0.0002  AAAAAAAAAAAAASMM
     9      1    -8.9209856941   0.000133556534       0.0529  AAAAAAAAAAAAGAAA
    10      1    -9.4478925110   0.000078855578       0.0312  AAAAASAAAAAAAAAA
    11      1    -8.7374589872   0.000160461104       0.0635  AAEEEEEEEAAAAAAA
    12      1    -9.3210270624   0.000089521919       0.0355  AATAAAAAAAAAAAAA
    13      1   -24.6772412026   0.000000000019       0.0000  AEAVAAAAAASSASTT
    14      1   -29.6059870905   0.000000000000       0.0000  AGGQRRRRRGEEGGGG
    15      1    -8.5265616485   0.000198135058       0.0785  APAAAAAAAAAAAAAA
    16      1   -13.8576666853   0.000000958720       0.0004  APAAAAAAAAAAAAAP
    17      1   -17.0105805780   0.000000040964       0.0000  APPPPPPPPAATAAPP
    18      1   -31.1757943766   0.000000000000       0.0000  AQEEEDEEEAEEEDDD
    19      1   -13.7520266843   0.000001065542       0.0004  ASSSSSSSSTTTTTSS
    20      1   -11.6533854489   0.000008689584       0.0034  AVVVVVVVVVVVVVAA
    21      1    -4.2448514402   0.014337863551       5.6778  CCCC-CCCCCCCCCCC
    22      4    -4.2514189225   0.014244008419       5.6406  CCCCCCCCCCCCCCCC
    23      1   -10.5113561701   0.000027225510       0.0108  CCCCCCCCCCCCCCYY
    24      1   -11.5629093095   0.000009512448       0.0038  CCCCCCCCCCRRCCCC
    25      1   -11.3341450768   0.000011957581       0.0047  CCCCCCCCCFCCCCCC
    26      4    -3.4648027398   0.031279174953      12.3866  DDDD-DDDDDDDDDDD
    27     14    -3.4781199782   0.030865384114      12.2227  DDDDDDDDDDDDDDDD
    28      1    -7.1410575825   0.000791914139       0.3136  DDDDDDDDDDDDDDDE
    29      1   -12.1899311340   0.000005081362       0.0020  DDDDYDDDDDDDDDDD
    30      1   -17.3890359011   0.000000028057       0.0000  DEDDDDDDDGDDDEDD
    31      1    -7.7355952331   0.000436992191       0.1730  DNDDDDDDDDDDDDDD
    32      1    -7.8530767010   0.000388554661       0.1539  DNNNNNNNNNNNNNNN
    33      1   -15.9071465463   0.000000123485       0.0000  DSDDDDDDDDGGDGDD
    34      1    -3.5355102689   0.029143881979      11.5410  E-EEEEEEEEEEEEEE
    35      1    -7.6030945354   0.000498905163       0.1976  EEEEEEEEEEEEEEDE
    36     11    -3.6142543894   0.026937002246      10.6671  EEEEEEEEEEEEEEEE
    37      1   -15.1814423752   0.000000255143       0.0001  EPEEEEEEEEEEEKEE
    38      1    -8.0018977609   0.000334826604       0.1326  F-FFFFFFFFFFFFFL
    39      2    -3.6934499525   0.024885998260       9.8549  FFFF-FFFFFFFFFFF
    40     10    -3.7030603764   0.024647978834       9.7606  FFFFFFFFFFFFFFFF
    41      2    -8.3924641681   0.000226568288       0.0897  FFFFFFFFFFFFFFLF
    42      1    -9.6617085025   0.000063675639       0.0252  FFFFLFFFFFFFFFFF
    43      3    -2.7892157542   0.061469402139      24.3419  GGGG-GGGGGGGGGGG
    44      2    -7.2672947572   0.000697997695       0.2764  GGGGGGGGGGGGGGAA
    45     11    -2.7959184647   0.061058768251      24.1793  GGGGGGGGGGGGGGGG
    46      1    -9.0991057545   0.000111765710       0.0443  GGGGGGGGGGGGGGGR
    47      1   -24.1227248618   0.000000000033       0.0000  GGSSSTSSSGGGGGAD
    48      1   -23.4811738491   0.000000000063       0.0000  GQGGGGGGGGGGRGGR
    49      1   -18.1549526637   0.000000013044       0.0000  GSRRRRRRRRRRRRRK
    50      1    -4.3171354148   0.013338036812       5.2819  HHHH-HHHHHHHHHHH
    51      1    -8.5514125421   0.000193271902       0.0765  HHHH-HHHHHHHHHYY
    52      3    -4.3305038882   0.013160914189       5.2117  HHHHHHHHHHHHHHHH
    53      1   -14.6255435500   0.000000444843       0.0002  HPHHHHHHHHHHHHQQ
    54      1   -10.6750159933   0.000023115296       0.0092  IIIIIIIIIIIIIIAI
    55     14    -3.7917708756   0.022555623260       8.9320  IIIIIIIIIIIIIIII
    56      1    -8.9020600178   0.000136108252       0.0539  IIIIIIIIIIIIIIIM
    57      1    -8.5595377921   0.000191707882       0.0759  IIIIIIIIIIIIIIMM
    58      1    -7.3266627257   0.000657765071       0.2605  IIIIIIIIIIIIIIVI
    59      1    -6.6325157138   0.001316846108       0.5215  IIIIIIIIIIIIIIVV
    60      1    -8.7309782909   0.000161504381       0.0640  IIIIIIIIIIIILIII
    61      1   -12.2512988358   0.000004778906       0.0019  IIIIIIIIIIIIVVII
    62      1   -16.4952921234   0.000000068578       0.0000  IIIIIIIIIILLIIMV
    63      1    -7.2956843304   0.000678460477       0.2687  IIIIIIIIIVIIIIII
    64      1    -8.2524883774   0.000260609256       0.1032  IILLLLLLLIIIIIII
    65      1    -7.5807507584   0.000510178059       0.2020  IIVVVVVVVIIIIIII
    66      1   -10.7886563436   0.000020632226       0.0082  IIVVVVVVVIIIIIIV
    67      1   -13.6134767706   0.000001223889       0.0005  IMIIIIIIIIIIIIMM
    68      1    -8.8713460237   0.000140353541       0.0556  IMMMMMMMMMMMMMMM
    69      1    -7.0721461330   0.000848410352       0.3360  IVIIIIIIIIIIIIII
    70      1   -11.1913642753   0.000013792794       0.0055  IVIIIIIIIIVVIIII
    71      1   -13.6665368856   0.000001160642       0.0005  IVITIIIIIIIIIIII
    72      1    -9.0966573451   0.000112039693       0.0444  IVVV-VVVVVVVIVVV
    73      1   -24.6739720203   0.000000000019       0.0000  KHQKQQQQQKKKKKKR
    74      3    -3.4639203948   0.031306786156      12.3975  KKKK-KKKKKKKKKKK
    75     11    -3.4790585580   0.030836428079      12.2112  KKKKKKKKKKKKKKKK
    76      1    -7.5479777164   0.000527175148       0.2088  KKKKKKKKKKKKKKKR
    77      1   -13.8391930504   0.000000976596       0.0004  KKKKKKKKKKKKKKMT
    78      1    -8.3863958683   0.000227947352       0.0903  KKKKKKKKKKKKKKQK
    79      1    -7.1847205318   0.000758080838       0.3002  KKKKKKKKKKKKKKRR
    80      1    -7.8386682008   0.000394193678       0.1561  KKKKKKKKKRKKKKKK
    81      1   -15.6418354802   0.000000161004       0.0001  KKKKKKKKKRKKKKRQ
    82      1   -13.8681169998   0.000000948753       0.0004  KKKNKKKKKKKKKKKR
    83      1    -9.0631146103   0.000115861550       0.0459  KKRKKKKKKKKKKKKK
    84      1   -12.1887222895   0.000005087509       0.0020  KKRRRRRRRKKKKKKR
    85      1    -7.6147055549   0.000493145865       0.1953  KRKKKKKKKKKKKKKK
    86      1   -12.0082506471   0.000006093727       0.0024  KRKKKKKKKKKKKKRK
    87      4    -2.8922652109   0.055450463245      21.9584  LLLL-LLLLLLLLLLL
    88      1    -9.5078593176   0.000074265851       0.0294  LLLL-LLLLLVLLLLL
    89      1    -9.9695865944   0.000046801908       0.0185  LLLLLLLLLLFLLLLL
    90      1    -9.3271703159   0.000088973649       0.0352  LLLLLLLLLLLILLLL
    91      1   -13.5575763859   0.000001294254       0.0005  LLLLLLLLLLLLLFLI
    92     29    -2.9020373117   0.054911234721      21.7448  LLLLLLLLLLLLLLLL
    93      1    -7.2672283529   0.000698044047       0.2764  LLLLLLLLLLLLLLVV
    94      1    -7.8671670938   0.000383118164       0.1517  LLLLLLLLLVLLLLLL
    95      1    -8.1857254248   0.000278602249       0.1103  LLVVVVVVVLLLLLLL
    96      1    -4.6768172889   0.009308593354       3.6862  M-MMMMMMMMMMMMMM
    97      1    -8.7936953941   0.000151686390       0.0601  MMLLLLLLLMMMMMMM
    98      1   -10.4985875240   0.000027575371       0.0109  MMMMMMMMMKMMMMMM
    99      1    -8.6028305473   0.000183585410       0.0727  MMMMMMMMMMMMMMLM
   100      1    -8.2531501155   0.000260436858       0.1031  MMMMMMMMMMMMMMML
   101      6    -4.7614004086   0.008553622439       3.3872  MMMMMMMMMMMMMMMM
   102      1    -9.7631192792   0.000057534875       0.0228  MMMMMMMMMMMMMMMT
   103      1    -7.5974574114   0.000501725495       0.1987  NDDDDDDDDDDDDDDD
   104      1   -14.9217500357   0.000000330801       0.0001  NKKKKKKKKKNNNNKK
   105      1    -9.6534980955   0.000064200594       0.0254  NNHHHHHHHNNNNNNN
   106      1    -4.1261431311   0.016145028152       6.3934  NNNN-NNNNNNNNNNN
   107      1    -8.8379523882   0.000145119591       0.0575  NNNNNNNNNNDDNNNN
   108      1    -8.2754594965   0.000254691004       0.1009  NNNNNNNNNNNNNNDN
   109      1    -9.4450301289   0.000079081616       0.0313  NNNNNNNNNNNNNNHN
   110      6    -4.1457009972   0.015832333638       6.2696  NNNNNNNNNNNNNNNN
   111      1   -13.5404458270   0.000001316616       0.0005  NNNNNNNNNSKKNNNN
   112      1   -10.4839636493   0.000027981593       0.0111  NNNNTNNNNNNNNNNN
   113      1    -3.4231890448   0.032608279684      12.9129  P-PPPPPPPPPPPPPP
   114      1   -26.3609048261   0.000000000004       0.0000  PLLVLLLLLQLLLLVV
   115      3    -3.4537918677   0.031625489059      12.5237  PPPP-PPPPPPPPPPP
   116      1   -22.6415051569   0.000000000147       0.0000  PPPPPPPPPLPPLPPL
   117     11    -3.4619510104   0.031368502004      12.4219  PPPPPPPPPPPPPPPP
   118      1    -8.9156115442   0.000134276219       0.0532  PPSSSSSSSPPPPPPP
   119      1   -27.1147378847   0.000000000002       0.0000  PRSSSSSSSTMMTTTT
   120      1    -7.7749117397   0.000420144550       0.1664  QEEEEEEEEEEEEEEE
   121      1   -26.1529203837   0.000000000004       0.0000  QHQQQQQQQQHHHHRQ
   122      1   -11.5629350644   0.000009512203       0.0038  QQQQPQQQQQQQQQQQ
   123      1    -9.0397479774   0.000118600723       0.0470  QQQQQQQQQQQQQQQH
   124      6    -4.1630509993   0.015560011840       6.1618  QQQQQQQQQQQQQQQQ
   125      1   -20.0090740840   0.000000002043       0.0000  QQRRRRRRRQRQQQRR
   126      1   -20.7201788747   0.000000001003       0.0000  RGRRRRRRRRKKGRRR
   127      1    -7.4737543711   0.000567792586       0.2248  RKKKKKKKKKKKKKKK
   128      1   -15.5375828934   0.000000178695       0.0001  RKKKKKKKKRKKKKRR
   129      1   -14.8599411448   0.000000351892       0.0001  RPPPPPPPPPPPPPTT
   130      1    -8.6968380329   0.000167113383       0.0662  RQQQQQQQQQQQQQQQ
   131      1   -32.9207898650   0.000000000000       0.0000  RRHRRRRRRPRCHRRR
   132      1    -3.7174372561   0.024296152947       9.6213  RRRR-RRRRRRRRRRR
   133      1   -10.9406277150   0.000017723348       0.0070  RRRRRRRRRMRRRRRR
   134      1   -17.5481424930   0.000000023930       0.0000  RRRRRRRRRRRKKRKK
   135      1    -9.6613655202   0.000063697482       0.0252  RRRRRRRRRRRRRRHR
   136      1    -7.1362886522   0.000795699742       0.3151  RRRRRRRRRRRRRRKK
   137     11    -3.7305572705   0.023979469063       9.4959  RRRRRRRRRRRRRRRR
   138      1   -18.1083259684   0.000000013666       0.0000  SNNNHNNNNNNNNNSS
   139      1   -15.6590090604   0.000000158263       0.0001  SSNNNNNNNNNNSNSS
   140      1   -10.0232574263   0.000044356228       0.0176  SSSSSSSSSAAASASS
   141      1   -10.7756585227   0.000020902150       0.0083  SSSSSSSSSSSSCSSS
   142      1    -7.7166075052   0.000445368956       0.1764  SSSSSSSSSSSSSSAS
   143     25    -3.5311296576   0.029271830038      11.5916  SSSSSSSSSSSSSSSS
   144      1    -7.7986269522   0.000410297951       0.1625  SSSSSSSSSSSSSSTS
   145      1   -12.5062483606   0.000003703440       0.0015  SSSSSSSSSTSSSSPP
   146      1   -11.3804204242   0.000011416848       0.0045  STSSSSSSSSSSSSSA
   147      1    -7.5325229542   0.000535385797       0.2120  STSSSSSSSSSSSSSS
   148      1   -21.0259776456   0.000000000739       0.0000  STTTTTTTTTTTSATM
   149      2    -7.7172810583   0.000445069077       0.1762  TAAAAAAAAAAAAAAA
   150      1   -16.4968752470   0.000000068470       0.0000  TIMTTTTTTTTTTTTT
   151      1   -12.1224445791   0.000005436122       0.0022  TNNNNNNNNNNNNNDD
   152      1   -12.7244269290   0.000002977499       0.0012  TSTTTTTTTTTTTATT
   153      1    -8.8445772258   0.000144161375       0.0571  TTSTTTTTTTTTTTTT
   154      1    -8.0934080467   0.000305546663       0.1210  TTTT-TTTTATTTTTT
   155      1    -3.4995805176   0.030210053351      11.9632  TTTT-TTTTTTTTTTT
   156      1    -7.4569509063   0.000577414080       0.2287  TTTTTTTTTTTTTTAA
   157      1    -8.2144213796   0.000270721110       0.1072  TTTTTTTTTTTTTTKK
   158      1    -7.3398064873   0.000649176133       0.2571  TTTTTTTTTTTTTTTS
   159     12    -3.5151314822   0.029743891905      11.7786  TTTTTTTTTTTTTTTT
   160      2    -6.9314009904   0.000976631658       0.3867  VIIIIIIIIIIIIIII
   161      1   -11.1546608887   0.000014308441       0.0057  VIIIIIIIIIIIIVII
   162      1   -12.5100054628   0.000003689552       0.0015  VIIIIIIIIVIIVIII
   163      1   -19.6828586124   0.000000002830       0.0000  VIIV-VIIVIIIIIII
   164      1    -7.4998227537   0.000553182411       0.2191  VLLLLLLLLLLLLLLL
   165      1   -17.2435694920   0.000000032450       0.0000  VMMMMMMMMMRRMRMM
   166      1    -8.3415111358   0.000238411798       0.0944  VTTT-TTTTTTTTTTT
   167      1   -11.4038540535   0.000011152420       0.0044  VVIIIIIIIIVVVVVV
   168      1    -8.8233203034   0.000147258604       0.0583  VVVV-VVVVVIVVVVV
   169      1    -8.3930903277   0.000226426464       0.0897  VVVV-VVVVVVVVVVT
   170      1    -3.3047140231   0.036709708464      14.5370  VVVV-VVVVVVVVVVV
   171      1   -10.8390618735   0.000019618023       0.0078  VVVVAAAAAVVVVVVV
   172      1   -11.1021613969   0.000015079695       0.0060  VVVVVVVVVVIIVVII
   173      1    -7.3532540241   0.000640504748       0.2536  VVVVVVVVVVVVVVAA
   174      1    -6.5936110639   0.001369087165       0.5422  VVVVVVVVVVVVVVII
   175      1   -13.4214523797   0.000001482987       0.0006  VVVVVVVVVVVVVVIR
   176      1    -7.2199359076   0.000731849323       0.2898  VVVVVVVVVVVVVVIV
   177      1    -8.0515310958   0.000318613721       0.1262  VVVVVVVVVVVVVVTT
   178      1    -9.5978449255   0.000067874854       0.0269  VVVVVVVVVVVVVVVF
   179      7    -3.3193158514   0.036177574128      14.3263  VVVVVVVVVVVVVVVV
   180      1   -36.4714762481   0.000000000000       0.0000  WRWRRRRRRRQQRWQQ
   181      1    -4.5264993875   0.010818481174       4.2841  WWWW-WWWWWWWWWWW
   182      4    -4.5327884510   0.010750656559       4.2573  WWWWWWWWWWWWWWWW
   183      1   -20.2301343807   0.000000001637       0.0000  YNNNNNNNNHNNNNQQ
   184     10    -3.7966774507   0.022445223465       8.8883  YYYYYYYYYYYYYYYY