

TREE # 1

  0  0.0000   2718.066561  x:  0.00000   0.03457   0.01431   0.00942   0.01740   0.01455   0.00999   0.00941   0.01604   0.01109   0.01371   0.08929   0.01570   0.01667   0.06474   0.07649   0.05589   0.05449   0.01808   0.00444   0.02833   0.02895   0.01141   0.01320   0.02417   0.05618   0.01323   0.06355   0.04299  
  1 99.0000   2718.061184  x:  0.00000   0.03457   0.01431   0.00942   0.01739   0.01455   0.00998   0.00941   0.01604   0.01109   0.01371   0.08929   0.01570   0.01667   0.06474   0.07649   0.05589   0.05449   0.01808   0.00444   0.02833   0.02895   0.01141   0.01320   0.02417   0.05618   0.01323   0.06355   0.04299  
  2 1177.7139   2695.049196  x:  0.00000   0.03628   0.01202   0.00910   0.00814   0.00517   0.00761   0.00000   0.00663   0.01326   0.00438   0.08241   0.01673   0.01712   0.06483   0.07780   0.05520   0.05530   0.01686   0.00795   0.02474   0.02892   0.01276   0.01449   0.02421   0.05576   0.01324   0.06435   0.04058  
  3 4157.3070   2686.648395  x:  0.00000   0.03688   0.01173   0.00949   0.00379   0.00075   0.00747   0.00000   0.00220   0.01386   0.00000   0.07928   0.01699   0.01724   0.06483   0.07821   0.05497   0.05549   0.01673   0.00718   0.02352   0.02896   0.01291   0.01487   0.02420   0.05566   0.01351   0.06459   0.03981  
  4 9806.8609   2685.583714  x:  0.00000   0.03689   0.01177   0.00952   0.00306   0.00000   0.00753   0.00000   0.00145   0.01383   0.00000   0.07878   0.01696   0.01723   0.06483   0.07825   0.05494   0.05550   0.01674   0.00720   0.02342   0.02896   0.01287   0.01484   0.02420   0.05567   0.01355   0.06461   0.03974  
  5 15072.0143   2684.179556  x:  0.00000   0.03684   0.01181   0.00953   0.00164   0.00000   0.00750   0.00000   0.00000   0.01380   0.00000   0.07792   0.01697   0.01724   0.06482   0.07826   0.05494   0.05548   0.01675   0.00719   0.02346   0.02896   0.01296   0.01484   0.02421   0.05569   0.01352   0.06460   0.03974  
  6 20399.0847   2683.288785  x:  0.00000   0.03684   0.01176   0.00953   0.00000   0.00000   0.00747   0.00000   0.00000   0.01389   0.00000   0.07710   0.01699   0.01723   0.06482   0.07823   0.05495   0.05547   0.01675   0.00720   0.02355   0.02896   0.01281   0.01488   0.02420   0.05569   0.01351   0.06458   0.03980  
  7 14409.1165   2678.716722  x:  0.00000   0.04647   0.00298   0.01025   0.00000   0.00000   0.01302   0.00000   0.00000   0.01433   0.00000   0.05150   0.01190   0.01491   0.06640   0.07431   0.05775   0.05770   0.01360   0.00673   0.02521   0.02876   0.01826   0.01107   0.02411   0.05196   0.01531   0.06437   0.04484  
  8 376.1675   2674.832947  x:  0.00000   0.05987   0.01008   0.00775   0.00000   0.00000   0.01385   0.00000   0.00000   0.01357   0.00000   0.02658   0.01222   0.01447   0.06871   0.07034   0.06091   0.06222   0.00687   0.00665   0.02228   0.02826   0.02022   0.00943   0.02418   0.04575   0.01482   0.06525   0.04867  
  9 457.9574   2672.590057  x:  0.00000   0.06304   0.00930   0.00702   0.00000   0.00000   0.01383   0.00000   0.00000   0.00864   0.00000   0.01457   0.01468   0.01601   0.06924   0.07051   0.06126   0.06371   0.01304   0.00694   0.01845   0.02847   0.02020   0.01221   0.02439   0.04460   0.01489   0.06617   0.04786  
 10 275.9245   2671.262552  x:  0.00000   0.05826   0.00931   0.00938   0.00000   0.00000   0.01377   0.00000   0.00000   0.01167   0.00000   0.00873   0.01274   0.01581   0.06813   0.07356   0.05927   0.06232   0.01252   0.00680   0.01603   0.02900   0.02081   0.00980   0.02446   0.04816   0.01433   0.06674   0.04343  
 11 135.9559   2671.114350  x:  0.00000   0.05718   0.00884   0.00978   0.00000   0.00000   0.01457   0.00000   0.00000   0.01077   0.00000   0.00809   0.01309   0.01534   0.06781   0.07422   0.05859   0.06189   0.01033   0.00677   0.01651   0.02890   0.02081   0.01157   0.02437   0.04839   0.01507   0.06676   0.04220  
 12 78.2689   2671.079548  x:  0.00000   0.05696   0.00865   0.00934   0.00000   0.00000   0.01482   0.00000   0.00000   0.01075   0.00000   0.00797   0.01393   0.01582   0.06767   0.07456   0.05804   0.06179   0.01005   0.00674   0.01720   0.02862   0.02077   0.01092   0.02430   0.04764   0.01606   0.06671   0.04134  
 13 25.8738   2671.048444  x:  0.00000   0.05687   0.00884   0.00859   0.00000   0.00000   0.01468   0.00000   0.00000   0.01106   0.00000   0.00793   0.01321   0.01569   0.06759   0.07483   0.05742   0.06178   0.01035   0.00665   0.01776   0.02842   0.02084   0.01123   0.02429   0.04663   0.01679   0.06656   0.04051  
 14 20.9778   2670.879670  x:  0.00000   0.05706   0.00886   0.01034   0.00000   0.00000   0.01347   0.00000   0.00000   0.01077   0.00000   0.00805   0.01372   0.01338   0.06771   0.07482   0.05542   0.06197   0.01076   0.00678   0.01784   0.02919   0.02073   0.01078   0.02456   0.04441   0.01644   0.06539   0.03920  
 15  8.1059   2670.215948  x:  0.00000   0.05815   0.00828   0.01437   0.00000   0.00000   0.01134   0.00000   0.00000   0.00955   0.00000   0.00858   0.01175   0.01768   0.06822   0.07458   0.04987   0.06271   0.00970   0.00709   0.01623   0.03083   0.01940   0.01090   0.02479   0.04101   0.01478   0.06219   0.03616  
 16 48.0388   2667.172114  x:  0.00000   0.06234   0.00761   0.00906   0.00000   0.00000   0.01147   0.00000   0.00000   0.01039   0.00000   0.01040   0.01329   0.01574   0.06893   0.07850   0.04240   0.06657   0.00888   0.00699   0.00659   0.02675   0.01762   0.01116   0.02320   0.04700   0.01616   0.06290   0.02725  
 17 51.9246   2666.115605  x:  0.00000   0.06757   0.00761   0.00948   0.00000   0.00000   0.01001   0.00000   0.00000   0.00962   0.00000   0.01119   0.01294   0.01577   0.06821   0.08545   0.04418   0.06944   0.00888   0.00694   0.00867   0.02953   0.01662   0.01094   0.02525   0.04994   0.01526   0.06938   0.02034  
 18 156.0615   2665.707027  x:  0.00000   0.06714   0.00741   0.01011   0.00000   0.00000   0.00870   0.00000   0.00000   0.00934   0.00000   0.01152   0.01259   0.01590   0.06586   0.09239   0.04605   0.06891   0.00827   0.00695   0.00722   0.03119   0.01610   0.01083   0.02540   0.04710   0.01658   0.07414   0.02301  
 19 91.1676   2665.676591  x:  0.00000   0.06741   0.00740   0.01032   0.00000   0.00000   0.00925   0.00000   0.00000   0.00947   0.00000   0.01155   0.01268   0.01593   0.06554   0.09354   0.04609   0.06860   0.00840   0.00698   0.00736   0.03012   0.01614   0.01091   0.02459   0.04646   0.01527   0.07451   0.02299  
 20 24.9986   2665.667235  x:  0.00000   0.06782   0.00741   0.01019   0.00000   0.00000   0.00935   0.00000   0.00000   0.00947   0.00000   0.01155   0.01273   0.01593   0.06544   0.09414   0.04591   0.06799   0.00841   0.00698   0.00737   0.02978   0.01615   0.01092   0.02542   0.04656   0.01504   0.07408   0.02316  
 21  5.8369   2665.636316  x:  0.00000   0.06901   0.00749   0.00984   0.00000   0.00000   0.00890   0.00000   0.00000   0.00922   0.00000   0.01157   0.01269   0.01582   0.06534   0.09537   0.04586   0.06642   0.00842   0.00696   0.00751   0.03030   0.01614   0.01082   0.02457   0.04725   0.01522   0.07266   0.02330  
 22  7.4937   2665.163400  x:  0.00000   0.06652   0.00708   0.00772   0.00000   0.00000   0.00956   0.00000   0.00000   0.01019   0.00000   0.01154   0.01355   0.01592   0.06604   0.09553   0.05215   0.06457   0.00824   0.00674   0.00626   0.03270   0.01619   0.01115   0.02509   0.04491   0.01316   0.06834   0.02091  
 23  3.8644   2662.835306  x:  0.00000   0.06247   0.00645   0.00814   0.00000   0.00000   0.00212   0.00000   0.00000   0.00949   0.00000   0.01168   0.01318   0.01573   0.06807   0.09647   0.05586   0.06688   0.00797   0.00595   0.00668   0.02766   0.01553   0.01088   0.02512   0.04513   0.01312   0.06607   0.02062  
 24 30.7870   2660.991170  x:  0.00000   0.05924   0.00577   0.00298   0.00000   0.00000   0.00115   0.00000   0.00000   0.01101   0.00000   0.01171   0.01496   0.01542   0.06897   0.09816   0.04943   0.07100   0.00797   0.00504   0.00756   0.03255   0.01560   0.01137   0.02501   0.04595   0.00818   0.06763   0.02338  
 25 126.5343   2660.983551  x:  0.00000   0.05919   0.00578   0.00296   0.00000   0.00000   0.00120   0.00000   0.00000   0.01103   0.00000   0.01171   0.01498   0.01542   0.06818   0.09854   0.04952   0.07202   0.00797   0.00504   0.00761   0.03256   0.01560   0.01139   0.02501   0.04610   0.00820   0.06692   0.02349  
 26  5.0516   2660.943392  x:  0.00000   0.05940   0.00577   0.00291   0.00000   0.00000   0.00109   0.00000   0.00000   0.01093   0.00000   0.01173   0.01495   0.01540   0.06496   0.09721   0.04953   0.07133   0.00801   0.00509   0.00750   0.03250   0.01556   0.01134   0.02503   0.04614   0.00809   0.06731   0.02315  
 27  2.3580   2659.063360  x:  0.00000   0.04762   0.00492   0.00109   0.00000   0.00000   0.00241   0.00000   0.00000   0.00912   0.00000   0.01268   0.01454   0.01492   0.06332   0.09280   0.04845   0.06404   0.00735   0.00509   0.00789   0.03094   0.01414   0.01046   0.02506   0.04657   0.00623   0.07304   0.02238  
 28  2.1851   2658.237646  x:  0.00000   0.03883   0.00437   0.00290   0.00000   0.00000   0.00264   0.00000   0.00000   0.00833   0.00000   0.01335   0.01427   0.01501   0.06247   0.09245   0.04764   0.06302   0.00719   0.00484   0.00834   0.03044   0.01313   0.01008   0.02508   0.04750   0.00487   0.07423   0.02263  
 29  0.1385   2657.849713  x:  0.00000   0.03478   0.00427   0.00276   0.00000   0.00000   0.00234   0.00000   0.00000   0.00757   0.00000   0.01374   0.01416   0.01491   0.06340   0.09423   0.04823   0.06492   0.00741   0.00488   0.00884   0.02894   0.01132   0.00983   0.02509   0.04843   0.00744   0.07325   0.02316  
 30  0.0330   2657.673016  x:  0.00000   0.03759   0.00446   0.00283   0.00000   0.00000   0.00236   0.00000   0.00000   0.00698   0.00000   0.01352   0.01422   0.01496   0.06386   0.09454   0.04813   0.06625   0.00818   0.00486   0.00890   0.02789   0.00932   0.00974   0.02506   0.04975   0.00700   0.07366   0.02378  
 31  0.0146   2657.626205  x:  0.00000   0.03827   0.00475   0.00290   0.00000   0.00000   0.00241   0.00000   0.00000   0.00751   0.00000   0.01364   0.01449   0.01507   0.06381   0.09504   0.04735   0.06645   0.00838   0.00433   0.00926   0.02766   0.00981   0.00997   0.02501   0.05065   0.00721   0.07396   0.02427  
 32  0.0043   2657.615780  x:  0.00000   0.03833   0.00479   0.00290   0.00000   0.00000   0.00238   0.00000   0.00000   0.00746   0.00000   0.01361   0.01451   0.01509   0.06413   0.09560   0.04724   0.06700   0.00829   0.00464   0.00949   0.02750   0.01001   0.00997   0.02499   0.05116   0.00703   0.07368   0.02455  
 33  0.0024   2657.613964  x:  0.00000   0.03842   0.00468   0.00293   0.00000   0.00000   0.00242   0.00000   0.00000   0.00743   0.00000   0.01355   0.01458   0.01512   0.06409   0.09559   0.04714   0.06688   0.00821   0.00461   0.00964   0.02762   0.00993   0.00998   0.02498   0.05129   0.00706   0.07370   0.02461  
 34  0.0005   2657.613493  x:  0.00000   0.03829   0.00471   0.00295   0.00000   0.00000   0.00244   0.00000   0.00000   0.00738   0.00000   0.01350   0.01456   0.01512   0.06410   0.09563   0.04718   0.06687   0.00827   0.00457   0.00968   0.02762   0.00993   0.00996   0.02499   0.05135   0.00702   0.07367   0.02459  
 35  0.0003   2657.613388  x:  0.00000   0.03827   0.00472   0.00296   0.00000   0.00000   0.00245   0.00000   0.00000   0.00742   0.00000   0.01348   0.01455   0.01512   0.06409   0.09563   0.04719   0.06685   0.00827   0.00459   0.00969   0.02761   0.00991   0.00996   0.02498   0.05134   0.00702   0.07367   0.02457  
 36  0.0001   2657.613356  x:  0.00000   0.03829   0.00472   0.00296   0.00000   0.00000   0.00246   0.00000   0.00000   0.00741   0.00000   0.01347   0.01455   0.01511   0.06409   0.09565   0.04721   0.06687   0.00826   0.00459   0.00969   0.02759   0.00993   0.00996   0.02498   0.05133   0.00703   0.07366   0.02455  
 37  0.0001   2657.613350  x:  0.00000   0.03828   0.00471   0.00296   0.00000   0.00000   0.00246   0.00000   0.00000   0.00741   0.00000   0.01347   0.01455   0.01511   0.06410   0.09566   0.04720   0.06689   0.00826   0.00459   0.00968   0.02760   0.00993   0.00997   0.02498   0.05133   0.00703   0.07365   0.02455  
 38  0.0000   2657.613349  x:  0.00000   0.03828   0.00472   0.00296   0.00000   0.00000   0.00246   0.00000   0.00000   0.00741   0.00000   0.01348   0.01455   0.01511   0.06410   0.09566   0.04720   0.06688   0.00826   0.00459   0.00968   0.02760   0.00992   0.00997   0.02498   0.05133   0.00703   0.07364   0.02456  
 39  0.0000   2657.613349  x:  0.00000   0.03828   0.00471   0.00296   0.00000   0.00000   0.00246   0.00000   0.00000   0.00741   0.00000   0.01348   0.01455   0.01511   0.06410   0.09566   0.04720   0.06688   0.00826   0.00459   0.00968   0.02760   0.00992   0.00997   0.02498   0.05133   0.00703   0.07364   0.02456  
 40  0.0000   2657.613349  x:  0.00000   0.03828   0.00471   0.00296   0.00000   0.00000   0.00246   0.00000   0.00000   0.00741   0.00000   0.01348   0.01455   0.01511   0.06410   0.09566   0.04720   0.06688   0.00826   0.00459   0.00968   0.02760   0.00992   0.00997   0.02498   0.05133   0.00703   0.07364   0.02456  
 41  0.0000   2657.613349  x:  0.00000   0.03828   0.00471   0.00296   0.00000   0.00000   0.00246   0.00000   0.00000   0.00741   0.00000   0.01348   0.01455   0.01511   0.06410   0.09566   0.04720   0.06688   0.00826   0.00459   0.00968   0.02760   0.00992   0.00997   0.02498   0.05133   0.00703   0.07364   0.02456  
 42  0.0000   2657.613349  x:  0.00000   0.03828   0.00471   0.00296   0.00000   0.00000   0.00246   0.00000   0.00000   0.00741   0.00000   0.01348   0.01455   0.01511   0.06410   0.09566   0.04720   0.06688   0.00826   0.00459   0.00968   0.02760   0.00992   0.00997   0.02498   0.05133   0.00703   0.07364   0.02456  
 43  0.0000   2657.613349  x:  0.00000   0.03828   0.00471   0.00296   0.00000   0.00000   0.00246   0.00000   0.00000   0.00741   0.00000   0.01348   0.01455   0.01511   0.06410   0.09566   0.04720   0.06688   0.00826   0.00459   0.00968   0.02760   0.00992   0.00997   0.02498   0.05133   0.00703   0.07364   0.02456  
 44  0.0000   2657.613349  x:  0.00000   0.03828   0.00471   0.00296   0.00000   0.00000   0.00246   0.00000   0.00000   0.00741   0.00000   0.01348   0.01455   0.01511   0.06410   0.09566   0.04720   0.06688   0.00826   0.00459   0.00968   0.02760   0.00992   0.00997   0.02498   0.05133   0.00703   0.07364   0.02456  
 45  0.0000   2657.613349  x:  0.00000   0.03828   0.00471   0.00296   0.00000   0.00000   0.00246   0.00000   0.00000   0.00741   0.00000   0.01348   0.01455   0.01511   0.06410   0.09566   0.04720   0.06688   0.00826   0.00459   0.00968   0.02760   0.00992   0.00997   0.02498   0.05133   0.00703   0.07364   0.02456  
 46  0.0000   2657.613349  x:  0.00000   0.03828   0.00471   0.00296   0.00000   0.00000   0.00246   0.00000   0.00000   0.00741   0.00000   0.01348   0.01455   0.01511   0.06410   0.09566   0.04720   0.06688   0.00826   0.00459   0.00968   0.02760   0.00992   0.00997   0.02498   0.05133   0.00703   0.07364   0.02456  
 47  0.0000   2657.613349  x:  0.00000   0.03828   0.00471   0.00296   0.00000   0.00000   0.00246   0.00000   0.00000   0.00741   0.00000   0.01348   0.01455   0.01511   0.06410   0.09566   0.04720   0.06688   0.00826   0.00459   0.00968   0.02760   0.00992   0.00997   0.02498   0.05133   0.00703   0.07364   0.02456  
 48  0.0000   2657.613349  x:  0.00000   0.03828   0.00471   0.00296   0.00000   0.00000   0.00246   0.00000   0.00000   0.00741   0.00000   0.01348   0.01455   0.01511   0.06410   0.09566   0.04720   0.06688   0.00826   0.00459   0.00968   0.02760   0.00992   0.00997   0.02498   0.05133   0.00703   0.07364   0.02456  