

Model 0: one-ratio

TREE # 1

  0  0.0000  22634.391804  x:  0.02721   0.10377   0.04423   0.01976   0.02492   0.01068   0.01216   0.00950   0.01456   0.01434   0.02081   0.02193   0.04067   0.09732   0.29697   0.43683   0.09685   0.10033   0.04482   0.00623   0.03908   0.14338   0.03727   0.03443   0.13317   0.21192   0.00000   0.12752   0.23388   2.00000   0.40000  
  1 99.0000  22601.821925  x:  0.02604   0.10673   0.04300   0.02007   0.02017   0.00123   0.01076   0.00128   0.00732   0.01018   0.01536   0.02122   0.04122   0.09865   0.29712   0.43895   0.09780   0.10115   0.04631   0.00582   0.03853   0.14498   0.03812   0.03473   0.13404   0.21322   0.00693   0.12826   0.23534   2.00103   0.40117  
  2 2563.4651  22599.678623  x:  0.02580   0.10730   0.04277   0.02010   0.01940   0.00022   0.01069   0.00221   0.00636   0.00970   0.01453   0.02114   0.04131   0.09891   0.29715   0.43938   0.09798   0.10130   0.04657   0.00572   0.03843   0.14530   0.03827   0.03478   0.13421   0.21347   0.00714   0.12836   0.23561   2.00124   0.40140  
  3 2416.2417  22595.989138  x:  0.02495   0.10930   0.04198   0.02019   0.01684   0.00143   0.01057   0.00338   0.00344   0.00829   0.01189   0.02094   0.04159   0.09981   0.29726   0.44090   0.09862   0.10185   0.04746   0.00536   0.03807   0.14642   0.03876   0.03494   0.13480   0.21437   0.00753   0.12871   0.23656   2.00199   0.40221  
  4 3055.8317  22589.799057  x:  0.02248   0.11481   0.03989   0.02033   0.01146   0.00149   0.01111   0.00306   0.00565   0.00722   0.00707   0.02071   0.04228   0.10227   0.29758   0.44529   0.10036   0.10333   0.04976   0.00448   0.03714   0.14955   0.03996   0.03530   0.13643   0.21692   0.00487   0.12952   0.23920   2.00419   0.40455  
  5 1712.0619  22581.816898  x:  0.01737   0.12588   0.03610   0.02052   0.00883   0.00074   0.01187   0.00163   0.00345   0.00915   0.01000   0.02065   0.04342   0.10711   0.29825   0.45466   0.10378   0.10624   0.05406   0.00400   0.03556   0.15594   0.04191   0.03577   0.13976   0.22224   0.00000   0.13125   0.24475   2.00902   0.40943  
  6 1702.4929  22570.556912  x:  0.00813   0.14588   0.03002   0.02077   0.01166   0.00141   0.01125   0.00307   0.00588   0.01018   0.01344   0.02075   0.04511   0.11571   0.29953   0.47245   0.10981   0.11133   0.06153   0.00452   0.03309   0.16754   0.04490   0.03633   0.14587   0.23214   0.00396   0.13488   0.25534   2.01837   0.41851  
  7 3606.6788  22567.419823  x:  0.00717   0.15105   0.03188   0.02030   0.01721   0.00115   0.01054   0.00246   0.00516   0.00866   0.01060   0.02131   0.04430   0.11735   0.30011   0.47974   0.11076   0.11201   0.06200   0.00462   0.03359   0.17069   0.04378   0.03558   0.14744   0.23537   0.00142   0.13563   0.25896   2.02290   0.42146  
  8 977.0782  22563.010688  x:  0.01056   0.15665   0.04087   0.01938   0.01584   0.00117   0.01390   0.00262   0.00514   0.00978   0.01095   0.02133   0.04061   0.11698   0.30160   0.49701   0.10984   0.11071   0.05819   0.00456   0.03672   0.17448   0.03806   0.03313   0.14906   0.24113   0.00261   0.13644   0.26616   2.03541   0.42670  
  9 668.8910  22560.618572  x:  0.01162   0.15713   0.04260   0.02012   0.01432   0.00132   0.00947   0.00278   0.00574   0.00811   0.01262   0.02105   0.04007   0.11505   0.30245   0.50786   0.10837   0.10913   0.05452   0.00399   0.03742   0.17527   0.03690   0.03346   0.14910   0.24381   0.00221   0.13639   0.26984   2.04446   0.42910  
 10 814.6131  22555.539912  x:  0.01184   0.15330   0.03915   0.02217   0.01483   0.00125   0.00895   0.00272   0.00509   0.01221   0.01039   0.02078   0.04222   0.10771   0.30453   0.53677   0.10356   0.10423   0.04457   0.00445   0.03661   0.17462   0.03947   0.03703   0.14756   0.24912   0.00247   0.13550   0.27797   2.07131   0.43389  
 11 1054.7855  22553.138324  x:  0.01205   0.15039   0.03660   0.02150   0.01521   0.00121   0.01227   0.00261   0.00529   0.00846   0.01147   0.02092   0.04318   0.10463   0.30546   0.55054   0.10162   0.10235   0.04214   0.00478   0.03577   0.17353   0.04090   0.03772   0.14647   0.25090   0.00209   0.13488   0.28109   2.08555   0.43558  
 12 1575.1702  22549.221344  x:  0.01415   0.14240   0.03363   0.01572   0.01501   0.00120   0.01112   0.00261   0.00521   0.00925   0.01119   0.02181   0.04282   0.10334   0.30671   0.57303   0.10095   0.10209   0.05008   0.00504   0.03397   0.16900   0.04141   0.03340   0.14366   0.25056   0.00209   0.13340   0.28294   2.11581   0.43591  
 13 728.8696  22545.925330  x:  0.01383   0.13452   0.03448   0.02275   0.01536   0.00122   0.01166   0.00262   0.00523   0.00923   0.01114   0.02119   0.04262   0.10515   0.30749   0.59270   0.10216   0.10366   0.05869   0.00389   0.03358   0.16416   0.04137   0.03111   0.14128   0.24827   0.00202   0.13217   0.28244   2.14815   0.43484  
 14 1246.4773  22542.596191  x:  0.00781   0.12929   0.03908   0.02114   0.01472   0.00122   0.01158   0.00263   0.00526   0.00904   0.01128   0.02017   0.04239   0.11059   0.30736   0.60715   0.10556   0.10704   0.06081   0.00663   0.03691   0.16042   0.04162   0.03794   0.14075   0.24318   0.00194   0.13207   0.27796   2.18609   0.43168  
 15 753.9689  22540.476205  x:  0.00706   0.12981   0.03895   0.02006   0.01504   0.00120   0.01186   0.00263   0.00524   0.00925   0.01140   0.02157   0.04262   0.11322   0.30698   0.61189   0.10736   0.10857   0.05874   0.00196   0.03725   0.15968   0.04091   0.03892   0.14142   0.23946   0.00242   0.13259   0.27387   2.21023   0.42932  
 16 823.1037  22533.477194  x:  0.01240   0.13857   0.03322   0.02101   0.01483   0.00119   0.01147   0.00260   0.00518   0.00914   0.01120   0.02497   0.04390   0.12102   0.30509   0.62405   0.11304   0.11283   0.04831   0.00572   0.03701   0.15975   0.03792   0.03454   0.14571   0.22485   0.00251   0.13564   0.25590   2.30992   0.41977  
 17 1803.6480  22530.299034  x:  0.01403   0.14327   0.03399   0.02027   0.01561   0.00124   0.01156   0.00264   0.00530   0.00921   0.01124   0.01724   0.04277   0.11996   0.30421   0.62400   0.11209   0.11159   0.04781   0.00490   0.03525   0.16171   0.04077   0.03378   0.14702   0.22161   0.00240   0.13631   0.25024   2.35398   0.41772  
 18 1157.3950  22522.859399  x:  0.01202   0.15409   0.04123   0.02111   0.01514   0.00126   0.01139   0.00270   0.00541   0.00914   0.01167   0.02319   0.03952   0.10906   0.30182   0.61288   0.10362   0.10319   0.05476   0.00520   0.03163   0.16980   0.04945   0.03600   0.14878   0.22077   0.00271   0.13644   0.24139   2.47607   0.41788  
 19 1492.2212  22515.061038  x:  0.00237   0.15606   0.03873   0.02108   0.01485   0.00126   0.01156   0.00267   0.00529   0.00923   0.01135   0.02145   0.04484   0.09995   0.30008   0.59297   0.09834   0.09865   0.05922   0.00492   0.03802   0.17585   0.03882   0.03330   0.14828   0.22782   0.00257   0.13506   0.24243   2.59755   0.42556  
 20 1571.2410  22506.253050  x:  0.01439   0.15044   0.03391   0.02148   0.01570   0.00127   0.01172   0.00265   0.00530   0.00913   0.01119   0.02095   0.04486   0.10235   0.30008   0.55881   0.10218   0.10351   0.06129   0.00417   0.04012   0.17819   0.03442   0.04344   0.14483   0.24471   0.00215   0.13283   0.25720   2.75788   0.44663  
 21 1629.4292  22500.302697  x:  0.01111   0.14254   0.03677   0.02093   0.01504   0.00125   0.01139   0.00263   0.00524   0.00911   0.01125   0.02147   0.04148   0.10904   0.30078   0.53539   0.10651   0.10823   0.05367   0.00480   0.03488   0.17572   0.04083   0.03500   0.14246   0.25513   0.00201   0.13231   0.27041   2.85747   0.46329  
 22 1816.7581  22499.827939  x:  0.01147   0.14392   0.03764   0.02073   0.01505   0.00126   0.01137   0.00264   0.00527   0.00908   0.01130   0.02149   0.04426   0.11047   0.30262   0.53310   0.10497   0.10615   0.05415   0.00475   0.03525   0.17061   0.04148   0.03477   0.14519   0.25099   0.00184   0.13465   0.27362   2.86558   0.46858  
 23 115.8755  22499.656234  x:  0.01080   0.14464   0.03672   0.02092   0.01505   0.00125   0.01139   0.00263   0.00524   0.00909   0.01124   0.02145   0.04200   0.11027   0.30369   0.53226   0.10454   0.10549   0.05429   0.00480   0.03518   0.16845   0.04087   0.03515   0.14620   0.24836   0.00177   0.13540   0.27494   2.86843   0.47128  
 24 128.7921  22499.606151  x:  0.01071   0.14498   0.03702   0.02090   0.01504   0.00125   0.01139   0.00263   0.00524   0.00909   0.01124   0.02145   0.04225   0.10893   0.30474   0.53208   0.10541   0.10643   0.05427   0.00487   0.03491   0.16882   0.04079   0.03518   0.14550   0.24616   0.00180   0.13454   0.27513   2.86923   0.47336  
 25 31.5400  22499.599012  x:  0.01076   0.14484   0.03690   0.02090   0.01504   0.00125   0.01138   0.00263   0.00524   0.00909   0.01125   0.02146   0.04219   0.10919   0.30510   0.53207   0.10522   0.10631   0.05426   0.00484   0.03535   0.16931   0.04102   0.03508   0.14522   0.24574   0.00181   0.13434   0.27491   2.86934   0.47396  
 26 14.4377  22499.595894  x:  0.01074   0.14469   0.03690   0.02090   0.01504   0.00125   0.01139   0.00263   0.00524   0.00909   0.01124   0.02145   0.04222   0.10946   0.30536   0.53209   0.10503   0.10615   0.05425   0.00487   0.03510   0.16961   0.04086   0.03514   0.14508   0.24561   0.00182   0.13432   0.27466   2.86939   0.47434  
 27 11.8365  22499.593889  x:  0.01075   0.14454   0.03691   0.02090   0.01503   0.00125   0.01139   0.00263   0.00524   0.00909   0.01124   0.02145   0.04221   0.10934   0.30571   0.53212   0.10511   0.10622   0.05426   0.00486   0.03511   0.16961   0.04088   0.03512   0.14529   0.24586   0.00182   0.13459   0.27411   2.86944   0.47473  
 28  3.1351  22499.590233  x:  0.01070   0.14485   0.03691   0.02090   0.01504   0.00125   0.01138   0.00263   0.00524   0.00909   0.01124   0.02145   0.04221   0.10943   0.30609   0.53218   0.10509   0.10617   0.05423   0.00486   0.03513   0.16912   0.04088   0.03513   0.14516   0.24625   0.00184   0.13407   0.27366   2.86960   0.47493  
 29  1.7001  22499.418313  x:  0.01036   0.14629   0.03689   0.02086   0.01500   0.00124   0.01135   0.00261   0.00523   0.00906   0.01122   0.02143   0.04221   0.10954   0.31179   0.53406   0.10488   0.10670   0.05416   0.00478   0.03541   0.16840   0.04087   0.03511   0.14142   0.24663   0.00178   0.13693   0.27456   2.87894   0.47236  
 30  1.4620  22498.711698  x:  0.00995   0.14490   0.03674   0.02068   0.01479   0.00120   0.01123   0.00256   0.00515   0.00892   0.01112   0.02128   0.04226   0.11036   0.32472   0.54256   0.10553   0.10683   0.05412   0.00462   0.03495   0.17072   0.04079   0.03488   0.14791   0.24550   0.00203   0.13364   0.27820   2.91749   0.46587  
 31 64.3710  22496.503505  x:  0.00937   0.14647   0.03628   0.01997   0.01411   0.00105   0.01080   0.00237   0.00488   0.00844   0.01076   0.02080   0.04237   0.11232   0.30661   0.57383   0.10883   0.10551   0.05370   0.00394   0.03526   0.16873   0.04061   0.03410   0.14594   0.24246   0.00261   0.13521   0.27301   3.03662   0.47622  
 32 102.7711  22496.476991  x:  0.00937   0.14657   0.03627   0.01997   0.01410   0.00105   0.01079   0.00237   0.00488   0.00843   0.01076   0.02079   0.04236   0.11236   0.30627   0.57422   0.10697   0.10741   0.05365   0.00393   0.03525   0.16860   0.04061   0.03409   0.14616   0.24242   0.00262   0.13517   0.27291   3.03804   0.47641  
 33 22.0880  22496.241512  x:  0.00945   0.14663   0.03645   0.02004   0.01419   0.00119   0.01099   0.00268   0.00536   0.00901   0.01088   0.02091   0.04234   0.11158   0.30663   0.57296   0.10648   0.10702   0.05386   0.00391   0.03530   0.16909   0.04059   0.03450   0.14619   0.24245   0.00183   0.13513   0.27180   3.07961   0.47680  
 34  0.0533  22496.192301  x:  0.00941   0.14695   0.03644   0.02019   0.01423   0.00112   0.01103   0.00258   0.00521   0.00886   0.01081   0.02097   0.04240   0.11109   0.30689   0.56985   0.10621   0.10679   0.05424   0.00397   0.03524   0.16958   0.04072   0.03474   0.14621   0.24275   0.00209   0.13503   0.27137   3.10033   0.47703  
 35  0.0237  22496.191174  x:  0.00939   0.14682   0.03646   0.02019   0.01423   0.00111   0.01102   0.00258   0.00521   0.00884   0.01084   0.02099   0.04239   0.11114   0.30680   0.56969   0.10626   0.10681   0.05415   0.00401   0.03526   0.16943   0.04066   0.03460   0.14619   0.24263   0.00208   0.13505   0.27142   3.10197   0.47713  
 36  0.0018  22496.191107  x:  0.00941   0.14680   0.03647   0.02019   0.01424   0.00111   0.01102   0.00259   0.00520   0.00885   0.01084   0.02099   0.04239   0.11116   0.30678   0.56974   0.10627   0.10682   0.05414   0.00402   0.03526   0.16940   0.04067   0.03463   0.14619   0.24260   0.00208   0.13506   0.27140   3.10200   0.47713  
 37  0.0001  22496.191095  x:  0.00941   0.14681   0.03646   0.02019   0.01424   0.00110   0.01102   0.00259   0.00521   0.00884   0.01084   0.02098   0.04239   0.11116   0.30679   0.56974   0.10626   0.10682   0.05414   0.00401   0.03526   0.16942   0.04067   0.03462   0.14619   0.24261   0.00207   0.13505   0.27140   3.10190   0.47712  
 38  0.0001  22496.191094  x:  0.00940   0.14681   0.03646   0.02019   0.01424   0.00110   0.01102   0.00259   0.00521   0.00884   0.01084   0.02099   0.04239   0.11116   0.30679   0.56974   0.10626   0.10682   0.05414   0.00401   0.03526   0.16941   0.04067   0.03462   0.14619   0.24261   0.00208   0.13505   0.27141   3.10191   0.47713  
 39  0.0000  22496.191094  x:  0.00940   0.14681   0.03646   0.02019   0.01424   0.00110   0.01102   0.00259   0.00521   0.00884   0.01084   0.02099   0.04239   0.11116   0.30679   0.56974   0.10626   0.10682   0.05414   0.00401   0.03526   0.16941   0.04067   0.03462   0.14619   0.24261   0.00208   0.13505   0.27141   3.10191   0.47713  
 40  0.0000  22496.191094  x:  0.00940   0.14681   0.03646   0.02019   0.01424   0.00110   0.01102   0.00259   0.00521   0.00884   0.01084   0.02099   0.04239   0.11116   0.30679   0.56974   0.10626   0.10682   0.05414   0.00401   0.03526   0.16941   0.04067   0.03462   0.14619   0.24261   0.00208   0.13505   0.27140   3.10191   0.47713  
 41  0.0000  22496.191094  x:  0.00940   0.14681   0.03646   0.02019   0.01424   0.00110   0.01102   0.00259   0.00521   0.00884   0.01084   0.02099   0.04239   0.11116   0.30679   0.56974   0.10626   0.10682   0.05414   0.00401   0.03526   0.16941   0.04067   0.03462   0.14619   0.24261   0.00208   0.13505   0.27140   3.10191   0.47713  

Model 1: NearlyNeutral

TREE # 1

  0  0.0000  22284.531016  x:  0.02934   0.11340   0.03841   0.01979   0.01495   0.00000   0.00788   0.00383   0.00483   0.01370   0.01527   0.01978   0.04110   0.10609   0.32784   0.47636   0.09797   0.10835   0.04148   0.00153   0.03137   0.15352   0.04081   0.03623   0.14823   0.22473   0.00000   0.13599   0.24717   3.10191   0.50913   0.13125  
  1 99.0000  22282.929666  x:  0.02930   0.11346   0.03840   0.01980   0.01494   0.00133   0.00799   0.00374   0.00485   0.01361   0.01521   0.01980   0.04111   0.10611   0.32783   0.47641   0.09799   0.10836   0.04153   0.00161   0.03141   0.15356   0.04081   0.03622   0.14824   0.22476   0.00001   0.13600   0.24720   3.10191   0.50916   0.13125  
  2 6857.8088  22278.387571  x:  0.02821   0.11508   0.03826   0.02005   0.01441   0.00131   0.01056   0.00131   0.00551   0.01120   0.01328   0.02034   0.04142   0.10660   0.32739   0.47775   0.09862   0.10860   0.04296   0.00373   0.03235   0.15449   0.04103   0.03600   0.14843   0.22555   0.00011   0.13625   0.24805   3.10198   0.50995   0.13115  
  3 1243.3196  22274.276123  x:  0.02621   0.11798   0.03802   0.02044   0.01370   0.00132   0.01381   0.00333   0.00608   0.00739   0.01020   0.02119   0.04196   0.10748   0.32661   0.48016   0.09974   0.10903   0.04543   0.00644   0.03389   0.15614   0.04139   0.03565   0.14876   0.22696   0.00015   0.13669   0.24957   3.10210   0.51137   0.13101  
  4 2832.6106  22272.763087  x:  0.02534   0.11914   0.03793   0.02052   0.01382   0.00132   0.01359   0.00329   0.00562   0.00744   0.00991   0.02135   0.04213   0.10783   0.32628   0.48120   0.10019   0.10920   0.04628   0.00637   0.03430   0.15681   0.04149   0.03556   0.14888   0.22754   0.00000   0.13685   0.25022   3.10215   0.51195   0.13098  
  5 1014.2299  22259.059018  x:  0.00641   0.14300   0.03626   0.02124   0.01481   0.00131   0.00997   0.00329   0.01421   0.00908   0.01361   0.02244   0.04486   0.11490   0.31915   0.50401   0.10929   0.11243   0.06206   0.00272   0.04082   0.17069   0.04344   0.03416   0.15146   0.23986   0.00000   0.14040   0.26411   3.10334   0.52455   0.13110  
  6 3650.9234  22256.292276  x:  0.00343   0.14771   0.03658   0.01978   0.01263   0.00126   0.01390   0.00346   0.01228   0.00903   0.01676   0.01962   0.04351   0.11581   0.31710   0.51208   0.11056   0.11249   0.06187   0.00080   0.03837   0.17346   0.04318   0.03502   0.15207   0.24333   0.00000   0.14140   0.26821   3.10380   0.52795   0.13309  
  7 730.4680  22252.861571  x:  0.00318   0.15351   0.03764   0.01844   0.01349   0.00125   0.01217   0.00361   0.01120   0.00811   0.01904   0.01752   0.04027   0.11606   0.31356   0.52816   0.11121   0.11164   0.05742   0.00634   0.03164   0.17689   0.04216   0.03685   0.15314   0.24935   0.00000   0.14319   0.27544   3.10480   0.53394   0.13846  
  8 790.6901  22249.251844  x:  0.00654   0.15775   0.03853   0.02053   0.01357   0.00127   0.01281   0.00354   0.01262   0.00941   0.01557   0.02177   0.03897   0.11543   0.30974   0.54779   0.11086   0.11019   0.05063   0.00445   0.02571   0.17963   0.04094   0.03830   0.15437   0.25552   0.00000   0.14473   0.28329   3.10610   0.54092   0.14535  
  9 991.6143  22247.391911  x:  0.00990   0.15749   0.03837   0.02064   0.01349   0.00131   0.01146   0.00318   0.01284   0.00691   0.01484   0.02008   0.04087   0.11438   0.30784   0.56039   0.10979   0.10921   0.04673   0.00235   0.02866   0.18008   0.04093   0.03795   0.15529   0.25828   0.00000   0.14515   0.28721   3.10704   0.54526   0.14949  
 10 631.2262  22245.965874  x:  0.01285   0.15606   0.03798   0.02027   0.01356   0.00129   0.01248   0.00345   0.01308   0.00922   0.01460   0.01871   0.04292   0.11330   0.30628   0.57217   0.10861   0.10843   0.04407   0.00328   0.03296   0.17994   0.04136   0.03714   0.15610   0.26035   0.00000   0.14535   0.29034   3.10800   0.54937   0.15297  
 11 1155.4948  22245.138654  x:  0.01332   0.15243   0.03762   0.01956   0.01388   0.00126   0.01305   0.00353   0.01220   0.00863   0.01716   0.02171   0.04297   0.11269   0.30568   0.58100   0.10765   0.10843   0.04495   0.00370   0.03455   0.17846   0.04231   0.03637   0.15625   0.26057   0.00000   0.14497   0.29131   3.10889   0.55253   0.15442  
 12 362.6636  22243.674526  x:  0.01128   0.14245   0.03756   0.02021   0.01230   0.00129   0.01220   0.00344   0.01261   0.00886   0.01572   0.02059   0.04101   0.11228   0.30532   0.59910   0.10614   0.10948   0.05032   0.00354   0.03340   0.17388   0.04395   0.03558   0.15575   0.25909   0.00000   0.14357   0.29121   3.11107   0.55907   0.15551  
 13 392.5890  22243.463817  x:  0.01075   0.14107   0.03772   0.02021   0.01399   0.00127   0.01271   0.00345   0.01273   0.00876   0.01546   0.02011   0.04117   0.11239   0.30541   0.60209   0.10607   0.10974   0.05092   0.00324   0.03303   0.17311   0.04364   0.03575   0.15556   0.25850   0.00000   0.14330   0.29078   3.11154   0.56018   0.15536  
 14 322.2658  22243.236512  x:  0.01001   0.14075   0.03840   0.01983   0.01359   0.00128   0.01259   0.00344   0.01268   0.00875   0.01544   0.02032   0.04303   0.11311   0.30609   0.60615   0.10663   0.11030   0.05043   0.00354   0.03273   0.17226   0.04139   0.03678   0.15496   0.25644   0.00000   0.14291   0.28858   3.11263   0.56174   0.15405  
 15 118.9112  22243.038756  x:  0.01072   0.14276   0.03788   0.02067   0.01359   0.00127   0.01271   0.00345   0.01263   0.00870   0.01568   0.02020   0.04162   0.11375   0.30748   0.61064   0.10747   0.11055   0.04948   0.00360   0.03331   0.17193   0.04155   0.03686   0.15411   0.25300   0.00000   0.14258   0.28450   3.11455   0.56312   0.15238  
 16 91.1114  22242.994404  x:  0.01069   0.14337   0.03771   0.01976   0.01361   0.00128   0.01266   0.00344   0.01274   0.00873   0.01538   0.02027   0.04155   0.11371   0.30789   0.61170   0.10750   0.11040   0.04929   0.00351   0.03319   0.17198   0.04201   0.03655   0.15394   0.25213   0.00000   0.14256   0.28334   3.11525   0.56321   0.15233  
 17 90.4414  22242.960271  x:  0.01028   0.14392   0.03771   0.02006   0.01360   0.00128   0.01269   0.00344   0.01271   0.00870   0.01547   0.02021   0.04223   0.11335   0.30836   0.61258   0.10719   0.10991   0.04933   0.00361   0.03278   0.17223   0.04256   0.03605   0.15391   0.25142   0.00000   0.14266   0.28215   3.11633   0.56289   0.15290  
 18 50.0973  22242.933640  x:  0.00996   0.14422   0.03798   0.02006   0.01361   0.00128   0.01269   0.00344   0.01276   0.00870   0.01541   0.02027   0.04192   0.11288   0.30890   0.61323   0.10677   0.10936   0.04981   0.00359   0.03308   0.17270   0.04208   0.03647   0.15413   0.25113   0.00000   0.14287   0.28115   3.11811   0.56218   0.15382  
 19 32.1190  22242.846188  x:  0.01083   0.14360   0.03700   0.02004   0.01360   0.00128   0.01288   0.00343   0.01283   0.00864   0.01541   0.02022   0.04230   0.11335   0.31130   0.61466   0.10788   0.11035   0.05046   0.00365   0.03271   0.17430   0.04189   0.03664   0.15554   0.25287   0.00000   0.14377   0.27994   3.13012   0.55952   0.15360  
 20 21.8765  22242.747351  x:  0.01008   0.14295   0.03838   0.02017   0.01361   0.00128   0.01303   0.00342   0.01293   0.00857   0.01515   0.02041   0.04204   0.11407   0.31362   0.61600   0.10849   0.11099   0.04962   0.00372   0.03315   0.17530   0.04257   0.03636   0.15649   0.25465   0.00000   0.14429   0.27947   3.14459   0.55671   0.15259  
 21 163.5614  22242.497511  x:  0.01001   0.14491   0.03816   0.02017   0.01357   0.00128   0.01347   0.00338   0.01316   0.00835   0.01475   0.02044   0.04222   0.11385   0.31679   0.61847   0.10633   0.10938   0.05041   0.00393   0.03328   0.17361   0.04227   0.03622   0.15487   0.25659   0.00000   0.14310   0.28243   3.18381   0.55081   0.14845  
 22 128.8270  22242.396300  x:  0.00907   0.14522   0.03716   0.02029   0.01357   0.00128   0.01358   0.00336   0.01324   0.00826   0.01447   0.02058   0.04231   0.11337   0.31567   0.61860   0.10739   0.11025   0.04995   0.00410   0.03363   0.17274   0.04271   0.03714   0.15421   0.25502   0.00000   0.14298   0.28397   3.20056   0.54920   0.14913  
 23 117.1118  22242.298885  x:  0.00972   0.14562   0.03812   0.02024   0.01355   0.00128   0.01376   0.00335   0.01331   0.00819   0.01442   0.02054   0.04226   0.11339   0.31358   0.61834   0.10862   0.11114   0.05063   0.00416   0.03361   0.17236   0.04227   0.03613   0.15395   0.25285   0.00000   0.14317   0.28526   3.21718   0.54855   0.15010  
 24 212.8325  22242.211538  x:  0.01019   0.14513   0.03836   0.02019   0.01352   0.00128   0.01385   0.00334   0.01334   0.00813   0.01435   0.02052   0.04250   0.11422   0.31035   0.61722   0.10785   0.11017   0.05095   0.00420   0.03343   0.17367   0.04290   0.03693   0.15508   0.25127   0.00000   0.14387   0.28510   3.23284   0.55057   0.14980  
 25 90.3778  22242.171110  x:  0.00972   0.14474   0.03770   0.02023   0.01351   0.00128   0.01386   0.00333   0.01333   0.00810   0.01423   0.02054   0.04220   0.11424   0.30886   0.61652   0.10745   0.10974   0.05057   0.00422   0.03343   0.17427   0.04225   0.03618   0.15551   0.25106   0.00000   0.14397   0.28461   3.24017   0.55193   0.14976  
 26 131.9633  22242.110299  x:  0.00978   0.14490   0.03796   0.02018   0.01349   0.00128   0.01383   0.00332   0.01332   0.00809   0.01423   0.02050   0.04221   0.11274   0.30744   0.61495   0.10764   0.11013   0.05062   0.00418   0.03339   0.17404   0.04232   0.03627   0.15467   0.25304   0.00000   0.14266   0.28237   3.25181   0.55545   0.15061  
 27 49.4816  22242.081712  x:  0.00973   0.14507   0.03778   0.02019   0.01350   0.00128   0.01376   0.00333   0.01328   0.00813   0.01429   0.02050   0.04219   0.11418   0.30816   0.61414   0.10745   0.10991   0.05059   0.00413   0.03347   0.17295   0.04231   0.03627   0.15408   0.25367   0.00000   0.14303   0.28183   3.25760   0.55702   0.15201  
 28 27.1429  22242.032272  x:  0.00963   0.14506   0.03789   0.02016   0.01352   0.00128   0.01353   0.00335   0.01313   0.00824   0.01449   0.02045   0.04215   0.11310   0.31139   0.61325   0.10756   0.10982   0.05045   0.00397   0.03333   0.17263   0.04227   0.03627   0.15479   0.25274   0.00000   0.14408   0.28305   3.26792   0.55930   0.15245  
 29 22.6810  22241.996283  x:  0.00975   0.14461   0.03784   0.02014   0.01355   0.00128   0.01332   0.00337   0.01301   0.00836   0.01472   0.02041   0.04211   0.11360   0.31228   0.61339   0.10737   0.10989   0.05025   0.00390   0.03320   0.17391   0.04226   0.03629   0.15462   0.25205   0.00000   0.14211   0.28366   3.27535   0.55873   0.15268  
 30 24.5687  22241.935063  x:  0.00998   0.14423   0.03791   0.02010   0.01360   0.00128   0.01291   0.00340   0.01277   0.00859   0.01514   0.02034   0.04207   0.11333   0.31002   0.61485   0.10714   0.11008   0.04999   0.00363   0.03315   0.17360   0.04225   0.03633   0.15388   0.25258   0.00000   0.14341   0.28283   3.28767   0.55475   0.15107  
 31 23.4408  22241.929716  x:  0.00996   0.14442   0.03791   0.02010   0.01360   0.00128   0.01288   0.00341   0.01275   0.00860   0.01517   0.02033   0.04207   0.11336   0.30976   0.61498   0.10733   0.10989   0.04998   0.00361   0.03312   0.17300   0.04225   0.03634   0.15477   0.25267   0.00000   0.14307   0.28270   3.28853   0.55439   0.15097  
 32  8.3109  22241.678716  x:  0.00993   0.14334   0.03793   0.02012   0.01362   0.00128   0.01280   0.00338   0.01244   0.00863   0.01507   0.02037   0.04211   0.11328   0.30973   0.61577   0.11313   0.10368   0.05039   0.00355   0.03329   0.17364   0.04228   0.03628   0.15316   0.25335   0.00000   0.14301   0.28314   3.28864   0.55448   0.15060  
 33  0.2732  22234.281702  x:  0.00502   0.15626   0.03722   0.02102   0.01435   0.00128   0.01100   0.00266   0.00494   0.00929   0.01227   0.02156   0.04366   0.11657   0.30795   0.63408   0.11397   0.10853   0.05634   0.00208   0.03579   0.18080   0.04308   0.03561   0.15544   0.26005   0.00000   0.14422   0.29038   3.28678   0.55901   0.15044  
 34  7.2699  22234.020144  x:  0.00477   0.15834   0.03709   0.02105   0.01457   0.00127   0.01130   0.00260   0.00578   0.00921   0.01106   0.02170   0.04386   0.11715   0.30796   0.63733   0.11328   0.11031   0.05789   0.00247   0.03647   0.18170   0.04331   0.03557   0.15605   0.26076   0.00000   0.14425   0.29109   3.28138   0.55842   0.15033  
 35  0.0133  22233.961064  x:  0.00484   0.15929   0.03701   0.02100   0.01470   0.00125   0.01151   0.00261   0.00534   0.00910   0.01107   0.02175   0.04393   0.11739   0.30789   0.63934   0.11274   0.11130   0.05888   0.00278   0.03695   0.18197   0.04344   0.03557   0.15634   0.26094   0.00000   0.14421   0.29129   3.27903   0.55789   0.15026  
 36  0.0054  22233.956425  x:  0.00475   0.15941   0.03701   0.02097   0.01473   0.00124   0.01144   0.00265   0.00540   0.00908   0.01125   0.02175   0.04393   0.11739   0.30798   0.63962   0.11261   0.11146   0.05920   0.00275   0.03709   0.18191   0.04344   0.03558   0.15636   0.26089   0.00000   0.14420   0.29121   3.27951   0.55769   0.15025  
 37  0.0008  22233.954452  x:  0.00465   0.15938   0.03702   0.02096   0.01473   0.00121   0.01141   0.00268   0.00538   0.00908   0.01117   0.02173   0.04392   0.11738   0.30801   0.63967   0.11265   0.11139   0.05940   0.00266   0.03715   0.18186   0.04344   0.03558   0.15632   0.26086   0.00000   0.14420   0.29117   3.28008   0.55775   0.15023  
 38  0.0004  22233.952895  x:  0.00474   0.15926   0.03701   0.02097   0.01470   0.00116   0.01147   0.00269   0.00539   0.00906   0.01119   0.02173   0.04393   0.11738   0.30792   0.63945   0.11273   0.11130   0.05929   0.00269   0.03711   0.18189   0.04344   0.03556   0.15632   0.26088   0.00000   0.14421   0.29120   3.27966   0.55779   0.15021  
 39  0.0002  22233.952494  x:  0.00471   0.15934   0.03701   0.02097   0.01471   0.00115   0.01143   0.00267   0.00538   0.00907   0.01120   0.02174   0.04392   0.11739   0.30796   0.63950   0.11267   0.11137   0.05923   0.00271   0.03709   0.18191   0.04344   0.03557   0.15633   0.26089   0.00000   0.14420   0.29121   3.27959   0.55777   0.15024  
 40  0.0001  22233.952468  x:  0.00472   0.15934   0.03701   0.02097   0.01472   0.00115   0.01144   0.00267   0.00539   0.00908   0.01120   0.02175   0.04392   0.11739   0.30797   0.63954   0.11266   0.11138   0.05924   0.00270   0.03710   0.18189   0.04344   0.03557   0.15633   0.26088   0.00000   0.14420   0.29119   3.27966   0.55777   0.15024  
 41  0.0001  22233.952467  x:  0.00472   0.15934   0.03701   0.02097   0.01472   0.00115   0.01144   0.00267   0.00539   0.00908   0.01120   0.02174   0.04392   0.11739   0.30797   0.63954   0.11267   0.11137   0.05924   0.00270   0.03710   0.18189   0.04344   0.03557   0.15633   0.26088   0.00000   0.14420   0.29119   3.27966   0.55777   0.15024  
 42  0.0000  22233.952467  x:  0.00472   0.15934   0.03701   0.02097   0.01472   0.00115   0.01144   0.00267   0.00539   0.00908   0.01120   0.02174   0.04392   0.11739   0.30797   0.63954   0.11267   0.11137   0.05924   0.00270   0.03710   0.18189   0.04344   0.03557   0.15633   0.26088   0.00000   0.14420   0.29120   3.27966   0.55777   0.15024  

Model 2: PositiveSelection

TREE # 1

  0  0.0000  22374.072889  x:  0.02820   0.11146   0.04020   0.02394   0.02032   0.00291   0.00828   0.00575   0.00626   0.01858   0.02028   0.02589   0.04378   0.10341   0.31527   0.45142   0.09606   0.10686   0.03946   0.00767   0.02912   0.14500   0.04030   0.03580   0.14515   0.21761   0.00000   0.13171   0.23350   3.27966   0.91827   0.57566   0.25513   2.18071  
  1 99.0000  22365.266042  x:  0.02768   0.11273   0.04005   0.02336   0.01875   0.00000   0.00975   0.00293   0.00553   0.01611   0.01812   0.02504   0.04377   0.10400   0.31517   0.45263   0.09671   0.10723   0.04083   0.00721   0.03006   0.14602   0.04062   0.03587   0.14550   0.21839   0.00030   0.13212   0.23445   3.27973   0.91864   0.57557   0.25407   2.18053  
  2 1891.0140  22361.004304  x:  0.02728   0.11371   0.03993   0.02292   0.01757   0.00036   0.01082   0.00100   0.00503   0.01423   0.01649   0.02439   0.04377   0.10446   0.31509   0.45357   0.09720   0.10751   0.04187   0.00685   0.03078   0.14682   0.04086   0.03592   0.14577   0.21900   0.00050   0.13243   0.23519   3.27979   0.91893   0.57550   0.25325   2.18040  
  3 6402.3909  22348.635300  x:  0.02547   0.11800   0.03943   0.02108   0.01284   0.00083   0.01455   0.00284   0.00370   0.00650   0.00974   0.02177   0.04373   0.10644   0.31473   0.45773   0.09938   0.10874   0.04634   0.00534   0.03382   0.15030   0.04190   0.03611   0.14695   0.22167   0.00116   0.13379   0.23842   3.28004   0.92022   0.57518   0.24961   2.17980  
  4 4909.5623  22339.474081  x:  0.02065   0.12773   0.03836   0.01890   0.01147   0.00086   0.01389   0.00270   0.01388   0.00710   0.00554   0.01896   0.04380   0.11083   0.31385   0.46799   0.10424   0.11144   0.05508   0.00299   0.03917   0.15827   0.04384   0.03631   0.14962   0.22807   0.00000   0.13685   0.24612   3.28069   0.92345   0.57438   0.24051   2.17826  
  5 1617.1590  22314.052123  x:  0.00812   0.15200   0.03605   0.01626   0.01279   0.00090   0.01265   0.00316   0.01472   0.00757   0.01702   0.01575   0.04434   0.12168   0.31167   0.49482   0.11628   0.11805   0.07551   0.00000   0.05098   0.17825   0.04823   0.03667   0.15644   0.24462   0.00000   0.14478   0.26600   3.28240   0.93197   0.57229   0.21667   2.17421  
  6 3531.0316  22297.075663  x:  0.00000   0.16790   0.03556   0.02033   0.01678   0.00097   0.00982   0.00352   0.00840   0.01421   0.01222   0.02216   0.04532   0.12848   0.31045   0.51520   0.12380   0.12206   0.08650   0.00543   0.05565   0.19141   0.05011   0.03665   0.16115   0.25660   0.00000   0.15033   0.28025   3.28374   0.93848   0.57075   0.19887   2.17102  
  7 3469.3486  22289.585523  x:  0.00152   0.17226   0.03725   0.02415   0.01801   0.00097   0.01108   0.00352   0.00824   0.01382   0.01154   0.02523   0.04629   0.12953   0.31083   0.52732   0.12494   0.12234   0.08439   0.00000   0.04967   0.19509   0.04830   0.03683   0.16279   0.26198   0.00000   0.15209   0.28677   3.28462   0.94234   0.57003   0.18970   2.16891  
  8 921.1233  22279.610340  x:  0.00660   0.17898   0.04064   0.02528   0.01608   0.00090   0.01023   0.00313   0.01126   0.00872   0.01317   0.02451   0.04758   0.12994   0.31249   0.55676   0.12548   0.12169   0.07467   0.00700   0.03373   0.20116   0.04414   0.03712   0.16634   0.27393   0.00000   0.15559   0.30099   3.28688   0.95177   0.56852   0.16934   2.16351  
  9 1718.4394  22275.749911  x:  0.00723   0.17964   0.04042   0.02038   0.01453   0.00095   0.01201   0.00338   0.00900   0.01311   0.01197   0.02010   0.04710   0.12897   0.31369   0.57108   0.12459   0.12082   0.06811   0.00677   0.02985   0.20251   0.04387   0.03785   0.16783   0.27851   0.00000   0.15638   0.30663   3.28810   0.95644   0.56804   0.16197   2.16055  
 10 1106.6261  22273.102332  x:  0.00619   0.17776   0.03867   0.01754   0.01619   0.00089   0.00846   0.00312   0.00802   0.01159   0.01085   0.01983   0.04622   0.12711   0.31509   0.58391   0.12281   0.11963   0.06183   0.00528   0.03261   0.20218   0.04538   0.03851   0.16889   0.28123   0.00000   0.15609   0.31022   3.28937   0.96077   0.56793   0.15853   2.15746  
 11 709.0742  22270.130407  x:  0.00445   0.17401   0.03593   0.01806   0.01716   0.00089   0.01207   0.00318   0.00928   0.01060   0.01132   0.02150   0.04516   0.12423   0.31722   0.60243   0.11993   0.11790   0.05430   0.00609   0.03931   0.20085   0.04801   0.03884   0.17010   0.28426   0.00000   0.15517   0.31441   3.29136   0.96724   0.56798   0.15574   2.15262  
 12 1175.5971  22268.215772  x:  0.00606   0.17088   0.03584   0.02193   0.01313   0.00090   0.01059   0.00313   0.00885   0.01165   0.01175   0.02014   0.04534   0.12274   0.31907   0.61669   0.11806   0.11708   0.05398   0.00583   0.04351   0.19889   0.04900   0.03800   0.17026   0.28533   0.00000   0.15397   0.31630   3.29314   0.97262   0.56833   0.15678   2.14826  
 13 615.8100  22264.535837  x:  0.01218   0.16363   0.03965   0.02054   0.01690   0.00089   0.01167   0.00318   0.00807   0.01153   0.01100   0.01891   0.04667   0.12154   0.32371   0.65080   0.11514   0.11675   0.06322   0.00638   0.04717   0.19282   0.04841   0.03511   0.16895   0.28547   0.00000   0.15075   0.31814   3.29804   0.98672   0.56974   0.16503   2.13632  
 14 642.7928  22262.830736  x:  0.00959   0.16039   0.04004   0.01775   0.01402   0.00088   0.01156   0.00311   0.00823   0.01160   0.01157   0.02293   0.04676   0.12227   0.32572   0.66669   0.11530   0.11772   0.06723   0.00610   0.04523   0.19006   0.04809   0.03653   0.16783   0.28438   0.00000   0.14982   0.31760   3.30085   0.99457   0.57063   0.17079   2.12957  
 15 643.7638  22261.149807  x:  0.00267   0.15794   0.03872   0.01984   0.01488   0.00085   0.01165   0.00302   0.00810   0.01071   0.01116   0.02074   0.04645   0.12398   0.32751   0.68175   0.11686   0.11950   0.06973   0.00613   0.04104   0.18783   0.04788   0.03930   0.16648   0.28208   0.00000   0.14972   0.31551   3.30419   1.00382   0.57170   0.17753   2.12163  
 16 622.8458  22259.515138  x:  0.00471   0.16485   0.03422   0.01973   0.01466   0.00083   0.01185   0.00292   0.00753   0.01038   0.01079   0.02083   0.04428   0.12781   0.32875   0.69257   0.12244   0.12192   0.06588   0.00620   0.04093   0.19032   0.04728   0.03522   0.16596   0.27400   0.00000   0.15375   0.30568   3.31114   1.02303   0.57327   0.18332   2.10584  
 17 167.9948  22258.299787  x:  0.00518   0.17045   0.03917   0.01939   0.01450   0.00081   0.01209   0.00286   0.00716   0.01017   0.01057   0.02052   0.04709   0.12945   0.32920   0.69776   0.12438   0.12155   0.06294   0.00646   0.04295   0.19292   0.04878   0.03891   0.16603   0.26770   0.00000   0.15603   0.29740   3.31784   1.04172   0.57449   0.18531   2.09079  
 18 359.6907  22255.069646  x:  0.00000   0.17494   0.03818   0.01901   0.01366   0.00075   0.01229   0.00264   0.00633   0.00921   0.01002   0.02023   0.04605   0.12254   0.32834   0.69619   0.11753   0.11330   0.06899   0.00604   0.04243   0.19698   0.04526   0.03757   0.16731   0.26145   0.00000   0.15418   0.28576   3.33677   1.09506   0.57721   0.18004   2.04853  
 19 249.5221  22252.385741  x:  0.00360   0.17276   0.03312   0.01930   0.01367   0.00070   0.01260   0.00249   0.00555   0.00854   0.00948   0.02031   0.04365   0.12153   0.32529   0.68864   0.11760   0.11410   0.07373   0.00600   0.04016   0.19653   0.05348   0.04203   0.16601   0.26189   0.00000   0.15049   0.28339   3.35843   1.15597   0.58069   0.17724   1.99940  
 20 567.6120  22246.313049  x:  0.00000   0.16265   0.03736   0.01822   0.01227   0.00061   0.01299   0.00216   0.00441   0.00715   0.00855   0.01942   0.04544   0.12695   0.31675   0.66836   0.12324   0.12248   0.07313   0.00522   0.04173   0.19180   0.05500   0.03350   0.16196   0.26865   0.00000   0.14443   0.28852   3.40549   1.28813   0.58904   0.17810   1.89135  
 21 1316.4667  22243.409631  x:  0.00248   0.16158   0.03496   0.01810   0.01228   0.00060   0.01305   0.00213   0.00410   0.00720   0.00833   0.01898   0.04389   0.12814   0.31235   0.65844   0.12352   0.12274   0.07177   0.00542   0.04550   0.18996   0.04375   0.04015   0.16067   0.27281   0.00000   0.14667   0.29586   3.42906   1.35417   0.59427   0.18615   1.83556  
 22 952.2525  22240.315697  x:  0.00209   0.16752   0.03527   0.01807   0.01251   0.00063   0.01266   0.00225   0.00478   0.00763   0.00865   0.01912   0.04476   0.12410   0.30887   0.64943   0.11717   0.11411   0.06873   0.00510   0.04235   0.18843   0.04851   0.03724   0.16018   0.27447   0.00000   0.15431   0.30679   3.45490   1.42684   0.60195   0.20371   1.77082  
 23 565.3615  22237.816381  x:  0.00200   0.16581   0.03790   0.01860   0.01328   0.00072   0.01168   0.00259   0.00642   0.00906   0.00977   0.01938   0.03913   0.12001   0.31204   0.64686   0.11907   0.11619   0.06611   0.00527   0.04125   0.18542   0.04695   0.03709   0.15979   0.26333   0.00000   0.14372   0.30310   3.47512   1.48659   0.61087   0.20264   1.71304  
 24 231.9410  22237.036606  x:  0.00228   0.16404   0.03509   0.01836   0.01359   0.00075   0.01136   0.00271   0.00698   0.00957   0.01011   0.01944   0.04441   0.11968   0.31297   0.64626   0.11923   0.11668   0.06551   0.00531   0.04088   0.18433   0.04591   0.03689   0.15914   0.25995   0.00000   0.14118   0.30063   3.48135   1.50536   0.61412   0.20120   1.69418  
 25 637.3812  22236.665050  x:  0.00251   0.15991   0.03495   0.01845   0.01374   0.00077   0.01117   0.00277   0.00732   0.00987   0.01033   0.01949   0.04383   0.12405   0.31230   0.64637   0.11689   0.11530   0.06584   0.00517   0.04104   0.18364   0.04584   0.03674   0.15696   0.26083   0.00000   0.14543   0.29581   3.48347   1.51309   0.61732   0.19842   1.68367  
 26 106.6160  22236.511366  x:  0.00264   0.15924   0.03526   0.01844   0.01379   0.00077   0.01112   0.00280   0.00742   0.00996   0.01039   0.01950   0.04390   0.12111   0.30932   0.64685   0.11774   0.11654   0.06576   0.00508   0.04099   0.18408   0.04575   0.03667   0.15642   0.26533   0.00000   0.14649   0.29137   3.48250   1.51339   0.62262   0.19827   1.67570  
 27 36.4084  22236.278438  x:  0.00277   0.16078   0.03493   0.01845   0.01381   0.00077   0.01109   0.00280   0.00743   0.00998   0.01041   0.01949   0.04383   0.12385   0.30443   0.64721   0.11658   0.11489   0.06500   0.00511   0.04075   0.18379   0.04565   0.03662   0.15784   0.26844   0.00000   0.14228   0.28875   3.47817   1.50958   0.63658   0.19756   1.65826  
 28 46.3019  22234.872263  x:  0.00226   0.16080   0.03496   0.01839   0.01371   0.00077   0.01103   0.00279   0.00741   0.00989   0.01037   0.01942   0.04367   0.12139   0.29103   0.64563   0.11748   0.11472   0.06618   0.00497   0.04090   0.17906   0.04543   0.03652   0.15775   0.25954   0.00000   0.14556   0.29350   3.44545   1.47863   0.73282   0.18063   1.54217  
 29 122.6795  22234.141709  x:  0.00229   0.15885   0.03511   0.01843   0.01373   0.00077   0.01106   0.00278   0.00734   0.00985   0.01035   0.01947   0.04372   0.12164   0.30316   0.64233   0.11636   0.11530   0.06581   0.00500   0.04064   0.18839   0.04545   0.03647   0.15494   0.26164   0.00000   0.14428   0.29478   3.42622   1.46171   0.78590   0.17543   1.47872  
 30 210.9003  22233.990999  x:  0.00192   0.16048   0.03508   0.01846   0.01373   0.00077   0.01108   0.00278   0.00736   0.00985   0.01037   0.01951   0.04378   0.12192   0.30920   0.64105   0.11681   0.11550   0.06608   0.00492   0.04071   0.18479   0.04548   0.03659   0.15804   0.26398   0.00000   0.14522   0.29381   3.42135   1.45876   0.79683   0.17367   1.46581  
 31 85.3337  22233.982813  x:  0.00184   0.16106   0.03506   0.01846   0.01373   0.00077   0.01107   0.00278   0.00735   0.00985   0.01037   0.01950   0.04377   0.12188   0.30949   0.64101   0.11697   0.11520   0.06604   0.00492   0.04080   0.18418   0.04545   0.03660   0.15683   0.26421   0.00000   0.14502   0.29379   3.41979   1.45929   0.79742   0.17349   1.46543  
 32  7.3414  22233.709665  x:  0.00202   0.15977   0.03510   0.01851   0.01376   0.00077   0.01105   0.00279   0.00731   0.00984   0.01037   0.01956   0.04374   0.12163   0.30884   0.63977   0.11884   0.11295   0.06599   0.00488   0.04064   0.18444   0.04535   0.03652   0.15737   0.26368   0.00000   0.14488   0.29336   3.33000   1.49744   0.81673   0.17484   1.46148  
 33 10.1923  22233.677272  x:  0.00198   0.16049   0.03506   0.01852   0.01377   0.00077   0.01105   0.00279   0.00731   0.00984   0.01037   0.01956   0.04373   0.12167   0.30868   0.63964   0.11658   0.11514   0.06588   0.00487   0.04064   0.18427   0.04532   0.03653   0.15715   0.26349   0.00000   0.14490   0.29329   3.31940   1.50209   0.81925   0.17500   1.46118  
 34 59.0877  22232.098533  x:  0.00494   0.16128   0.03694   0.02013   0.01500   0.00087   0.01072   0.00300   0.00668   0.01019   0.01088   0.02133   0.04434   0.11899   0.30816   0.64260   0.11358   0.11264   0.06020   0.00396   0.03772   0.18542   0.04431   0.03556   0.15964   0.26644   0.00000   0.14541   0.29689   3.32625   1.75652   1.33861   0.16451   1.74813  
 35  1.7491  22231.100060  x:  0.00550   0.16148   0.03771   0.02124   0.01539   0.00092   0.01081   0.00300   0.00539   0.00965   0.01096   0.02245   0.04411   0.11714   0.30962   0.64635   0.11205   0.11082   0.05848   0.00283   0.03623   0.18421   0.04362   0.03493   0.15881   0.26363   0.00000   0.14529   0.29479   3.35452   1.74863   1.20195   0.16848   1.65569  
 36  0.4689  22230.083506  x:  0.00624   0.15954   0.03733   0.02204   0.01506   0.00103   0.01190   0.00288   0.00538   0.00862   0.01201   0.02264   0.04448   0.11828   0.30977   0.64641   0.11309   0.11205   0.05757   0.00210   0.03575   0.18440   0.04331   0.03652   0.15926   0.26562   0.00000   0.14561   0.29496   3.36930   2.11394   1.75915   0.16602   1.91411  
 37  0.4089  22228.965317  x:  0.00618   0.15831   0.03670   0.02191   0.01426   0.00120   0.01295   0.00263   0.00557   0.00885   0.01250   0.02181   0.04471   0.11997   0.30890   0.64494   0.11438   0.11341   0.06081   0.00258   0.03802   0.18460   0.04418   0.03677   0.15848   0.26575   0.00000   0.14534   0.29379   3.38372   2.60974   2.34416   0.16049   2.20698  
 38  0.3971  22228.600354  x:  0.00547   0.15900   0.03655   0.02141   0.01439   0.00122   0.01257   0.00258   0.00555   0.00898   0.01204   0.02156   0.04441   0.11962   0.30886   0.64528   0.11419   0.11296   0.06107   0.00265   0.03790   0.18409   0.04410   0.03629   0.15791   0.26437   0.00000   0.14520   0.29308   3.37529   2.62648   2.28498   0.16113   2.17794  
 39  0.1131  22228.246403  x:  0.00484   0.16088   0.03671   0.02089   0.01499   0.00129   0.01161   0.00259   0.00531   0.00944   0.01131   0.02161   0.04406   0.11848   0.30975   0.64807   0.11323   0.11172   0.05985   0.00249   0.03656   0.18405   0.04381   0.03538   0.15832   0.26344   0.00000   0.14552   0.29375   3.36754   2.84553   2.54821   0.15925   2.33996  
 40  0.4617  22228.198463  x:  0.00497   0.16090   0.03690   0.02106   0.01493   0.00129   0.01142   0.00258   0.00556   0.00902   0.01121   0.02190   0.04414   0.11860   0.30969   0.64815   0.11339   0.11191   0.06000   0.00265   0.03677   0.18435   0.04373   0.03574   0.15841   0.26407   0.00000   0.14547   0.29417   3.36687   2.91172   2.62556   0.15780   2.39972  
 41  0.1154  22228.177370  x:  0.00503   0.16043   0.03690   0.02116   0.01471   0.00127   0.01144   0.00264   0.00535   0.00914   0.01121   0.02193   0.04419   0.11879   0.30959   0.64740   0.11357   0.11216   0.06021   0.00268   0.03695   0.18431   0.04397   0.03590   0.15836   0.26429   0.00000   0.14538   0.29402   3.36541   2.94527   2.65947   0.15762   2.44571  
 42  0.0429  22228.163915  x:  0.00510   0.16031   0.03678   0.02110   0.01476   0.00121   0.01153   0.00267   0.00543   0.00908   0.01127   0.02179   0.04417   0.11871   0.30975   0.64728   0.11336   0.11200   0.06005   0.00266   0.03677   0.18413   0.04374   0.03567   0.15831   0.26395   0.00000   0.14549   0.29357   3.36608   2.95218   2.66640   0.15760   2.48245  
 43  0.0198  22228.161152  x:  0.00503   0.16063   0.03684   0.02111   0.01482   0.00117   0.01152   0.00267   0.00541   0.00911   0.01126   0.02186   0.04416   0.11874   0.30988   0.64784   0.11346   0.11203   0.06011   0.00263   0.03678   0.18432   0.04385   0.03577   0.15840   0.26405   0.00000   0.14552   0.29391   3.36660   2.94222   2.65958   0.15727   2.48678  
 44  0.0098  22228.160894  x:  0.00503   0.16061   0.03685   0.02111   0.01481   0.00116   0.01151   0.00267   0.00542   0.00911   0.01127   0.02187   0.04416   0.11876   0.30990   0.64795   0.11347   0.11206   0.06012   0.00263   0.03683   0.18433   0.04383   0.03576   0.15843   0.26415   0.00000   0.14552   0.29398   3.36718   2.93791   2.65435   0.15745   2.48425  
 45  0.0055  22228.160714  x:  0.00502   0.16056   0.03683   0.02110   0.01479   0.00115   0.01150   0.00267   0.00542   0.00911   0.01127   0.02186   0.04416   0.11876   0.30989   0.64792   0.11346   0.11206   0.06014   0.00263   0.03681   0.18431   0.04384   0.03575   0.15841   0.26413   0.00000   0.14551   0.29391   3.36704   2.93837   2.65521   0.15736   2.48120  
 46  0.0012  22228.160638  x:  0.00503   0.16059   0.03684   0.02111   0.01481   0.00115   0.01151   0.00268   0.00541   0.00911   0.01126   0.02186   0.04416   0.11876   0.30986   0.64785   0.11346   0.11205   0.06012   0.00263   0.03681   0.18431   0.04383   0.03576   0.15840   0.26410   0.00000   0.14551   0.29392   3.36694   2.94059   2.65710   0.15742   2.48141  
 47  0.0018  22228.160635  x:  0.00503   0.16059   0.03684   0.02111   0.01480   0.00115   0.01151   0.00268   0.00542   0.00911   0.01126   0.02186   0.04416   0.11875   0.30987   0.64786   0.11346   0.11205   0.06012   0.00263   0.03681   0.18431   0.04383   0.03576   0.15841   0.26411   0.00000   0.14551   0.29392   3.36689   2.94082   2.65734   0.15741   2.48148  
 48  0.0003  22228.160635  x:  0.00503   0.16059   0.03684   0.02111   0.01480   0.00115   0.01151   0.00268   0.00542   0.00911   0.01126   0.02186   0.04416   0.11875   0.30987   0.64787   0.11346   0.11205   0.06012   0.00263   0.03681   0.18431   0.04383   0.03576   0.15841   0.26411   0.00000   0.14551   0.29393   3.36688   2.94085   2.65737   0.15741   2.48150  
 49  0.0001  22228.160635  x:  0.00503   0.16059   0.03684   0.02111   0.01480   0.00115   0.01151   0.00268   0.00542   0.00911   0.01126   0.02186   0.04416   0.11875   0.30987   0.64787   0.11346   0.11205   0.06012   0.00263   0.03681   0.18431   0.04383   0.03576   0.15841   0.26411   0.00000   0.14551   0.29393   3.36688   2.94085   2.65737   0.15741   2.48150  

Model 7: beta

TREE # 1

  0  0.0000  22413.658126  x:  0.03089   0.11416   0.04065   0.01882   0.01700   0.00663   0.00874   0.00569   0.00702   0.01698   0.01506   0.01928   0.04181   0.10342   0.31200   0.45226   0.09353   0.10709   0.04496   0.00287   0.03476   0.14572   0.04299   0.03397   0.14042   0.21411   0.00000   0.13519   0.23633   3.36688   0.74676   1.92879  
  1 99.0000  22400.557265  x:  0.02949   0.11538   0.03996   0.01901   0.01536   0.00094   0.00966   0.00140   0.00482   0.01341   0.01279   0.01944   0.04168   0.10372   0.31176   0.45369   0.09410   0.10714   0.04553   0.00297   0.03475   0.14662   0.04250   0.03381   0.14062   0.21489   0.00012   0.13518   0.23717   3.36669   0.74804   1.92817  
  2 1985.4766  22399.153880  x:  0.02902   0.11577   0.03974   0.01905   0.01495   0.00019   0.00987   0.00207   0.00459   0.01241   0.01225   0.01951   0.04164   0.10382   0.31168   0.45417   0.09428   0.10716   0.04571   0.00299   0.03474   0.14692   0.04235   0.03377   0.14069   0.21515   0.00013   0.13518   0.23745   3.36663   0.74847   1.92796  
  3 1971.1145  22393.995784  x:  0.02631   0.11808   0.03848   0.01927   0.01271   0.00110   0.01113   0.00302   0.00335   0.00679   0.00924   0.01992   0.04136   0.10439   0.31121   0.45694   0.09533   0.10723   0.04675   0.00310   0.03471   0.14864   0.04147   0.03349   0.14106   0.21664   0.00021   0.13514   0.23906   3.36625   0.75096   1.92674  
  4 3609.6225  22390.837686  x:  0.02276   0.12107   0.03701   0.01944   0.01179   0.00101   0.01166   0.00268   0.00705   0.00473   0.00803   0.02033   0.04105   0.10513   0.31059   0.46066   0.09667   0.10731   0.04804   0.00309   0.03465   0.15086   0.04047   0.03322   0.14154   0.21859   0.00012   0.13508   0.24117   3.36575   0.75431   1.92509  
  5 1623.9690  22384.449409  x:  0.01829   0.12490   0.03528   0.01964   0.01137   0.00105   0.01206   0.00274   0.00713   0.00579   0.00767   0.02073   0.04069   0.10606   0.30978   0.46548   0.09834   0.10739   0.04966   0.00306   0.03457   0.15367   0.03932   0.03294   0.14215   0.22108   0.00000   0.13500   0.24389   3.36508   0.75868   1.92293  
  6 2605.4001  22372.846964  x:  0.00406   0.13787   0.03131   0.01991   0.01531   0.00089   0.01002   0.00265   0.00599   0.00330   0.01475   0.02096   0.04003   0.10921   0.30701   0.48276   0.10372   0.10750   0.05484   0.00284   0.03438   0.16299   0.03693   0.03273   0.14423   0.22966   0.00000   0.13485   0.25332   3.36266   0.77454   1.91503  
  7 5482.7549  22360.641949  x:  0.00655   0.15327   0.04311   0.01829   0.01969   0.00103   0.00674   0.00279   0.00596   0.00336   0.01107   0.01466   0.04355   0.11261   0.30399   0.51081   0.10732   0.10641   0.05959   0.00333   0.03503   0.17192   0.04641   0.03770   0.14685   0.24040   0.00000   0.13563   0.26598   3.35831   0.80228   1.90074  
  8 1071.5545  22355.545464  x:  0.01007   0.15956   0.04929   0.01821   0.02053   0.00097   0.01337   0.00287   0.00620   0.00331   0.01324   0.01667   0.04536   0.11367   0.30266   0.52622   0.10825   0.10570   0.06046   0.00260   0.03527   0.17532   0.05115   0.03945   0.14811   0.24549   0.00000   0.13631   0.27222   3.35579   0.81820   1.89239  
  9 2588.4891  22349.244032  x:  0.01626   0.16178   0.05318   0.02003   0.01520   0.00096   0.00935   0.00280   0.00619   0.00346   0.01595   0.02568   0.04616   0.11292   0.30178   0.54566   0.10725   0.10489   0.05705   0.00086   0.03537   0.17611   0.05341   0.03788   0.14936   0.24997   0.00000   0.13787   0.27834   3.35221   0.84026   1.88045  
 10 1353.4914  22336.161262  x:  0.02724   0.15212   0.04860   0.01995   0.01418   0.00099   0.00991   0.00290   0.00632   0.00345   0.01795   0.02046   0.04298   0.10684   0.30174   0.58999   0.10091   0.10431   0.03989   0.00868   0.03629   0.16987   0.04796   0.02763   0.15147   0.25537   0.00000   0.14300   0.28752   3.34280   0.89634   1.84890  
 11 1212.8445  22329.837215  x:  0.02990   0.14382   0.04360   0.01976   0.01904   0.00100   0.01026   0.00291   0.00614   0.00321   0.01516   0.01987   0.04237   0.10466   0.30247   0.60903   0.09821   0.10524   0.03476   0.00102   0.03519   0.16527   0.04500   0.03140   0.15168   0.25542   0.00000   0.14462   0.28934   3.33802   0.92331   1.83293  
 12 1543.1102  22325.275622  x:  0.02954   0.13189   0.03902   0.01968   0.01826   0.00101   0.01006   0.00294   0.00623   0.00330   0.01566   0.02086   0.04439   0.10553   0.30453   0.62341   0.09714   0.10831   0.04199   0.00570   0.03602   0.15928   0.04478   0.04159   0.15088   0.25147   0.00000   0.14486   0.28634   3.33272   0.94998   1.81543  
 13 828.9251  22322.582086  x:  0.02658   0.12530   0.04188   0.01980   0.01490   0.00103   0.01034   0.00296   0.00637   0.00347   0.01735   0.01767   0.04508   0.10855   0.30675   0.62835   0.09798   0.11094   0.04862   0.00242   0.03629   0.15624   0.04527   0.03888   0.14982   0.24640   0.00000   0.14380   0.28123   3.32885   0.96656   1.80294  
 14 610.7579  22320.624909  x:  0.02335   0.12161   0.04537   0.01960   0.01837   0.00102   0.01036   0.00295   0.00629   0.00339   0.01520   0.02032   0.04482   0.11129   0.30908   0.62996   0.09909   0.11286   0.05279   0.00299   0.03691   0.15462   0.04620   0.03401   0.14890   0.24127   0.00000   0.14260   0.27546   3.32524   0.98035   1.79146  
 15 791.6340  22317.224538  x:  0.01788   0.12952   0.04687   0.02039   0.01701   0.00102   0.01052   0.00296   0.00637   0.00353   0.01536   0.02036   0.04183   0.11222   0.31590   0.61934   0.10086   0.11220   0.04577   0.00424   0.03710   0.15815   0.05098   0.03705   0.14775   0.22915   0.00000   0.13996   0.25867   3.31546   1.00853   1.76142  
 16 304.1827  22315.178606  x:  0.02231   0.13735   0.04358   0.01834   0.01748   0.00103   0.01039   0.00297   0.00631   0.00343   0.01563   0.02019   0.04680   0.11054   0.32031   0.60716   0.10094   0.11020   0.04846   0.00384   0.03658   0.16124   0.04701   0.03586   0.14781   0.22501   0.00000   0.13978   0.25077   3.30773   1.02653   1.73836  
 17 448.2680  22314.291796  x:  0.02358   0.13819   0.04374   0.02312   0.01821   0.00105   0.01048   0.00301   0.00631   0.00341   0.01550   0.01963   0.04572   0.10980   0.32166   0.59815   0.10076   0.10933   0.05027   0.00386   0.03649   0.16205   0.04576   0.03596   0.14843   0.22697   0.00000   0.14090   0.25123   3.30304   1.03425   1.72491  
 18 326.9623  22311.449523  x:  0.02366   0.13605   0.04604   0.01978   0.01784   0.00103   0.01046   0.00298   0.00628   0.00342   0.01569   0.02017   0.03943   0.10853   0.32443   0.56750   0.10050   0.10762   0.05326   0.00343   0.03643   0.16334   0.04520   0.03700   0.15085   0.23753   0.00000   0.14524   0.25835   3.28750   1.05600   1.68100  
 19 718.4464  22310.077979  x:  0.02080   0.13335   0.04627   0.01999   0.01758   0.00105   0.01055   0.00300   0.00632   0.00349   0.01543   0.02031   0.04581   0.10910   0.32465   0.55187   0.10122   0.10824   0.05077   0.00359   0.03652   0.16317   0.04769   0.03650   0.15158   0.24309   0.00000   0.14617   0.26390   3.27873   1.06525   1.65678  
 20 618.5514  22309.121480  x:  0.02417   0.13478   0.04270   0.02021   0.01771   0.00104   0.01049   0.00298   0.00624   0.00341   0.01560   0.02016   0.04460   0.11348   0.32025   0.54634   0.10386   0.11352   0.04969   0.00358   0.03719   0.16079   0.04939   0.03570   0.14885   0.24148   0.00000   0.13946   0.27018   3.26881   1.06242   1.63174  
 21 130.4913  22307.297448  x:  0.02277   0.13638   0.04828   0.01999   0.01731   0.00102   0.01052   0.00294   0.00614   0.00338   0.01547   0.02035   0.04546   0.11398   0.30929   0.54424   0.10045   0.11428   0.04814   0.00474   0.03619   0.15913   0.04189   0.03825   0.14592   0.23457   0.00000   0.13411   0.27736   3.24581   1.04560   1.57531  
 22 238.9458  22301.769156  x:  0.01927   0.13816   0.04506   0.02017   0.01702   0.00098   0.01067   0.00282   0.00579   0.00325   0.01458   0.02033   0.04467   0.10407   0.28048   0.54636   0.09029   0.10844   0.05303   0.00387   0.03700   0.15969   0.04972   0.03526   0.14466   0.21835   0.00000   0.13605   0.28718   3.17310   0.98407   1.39752  
 23 840.7288  22289.325656  x:  0.02472   0.13387   0.04499   0.02044   0.01638   0.00089   0.01067   0.00259   0.00503   0.00284   0.01429   0.02048   0.04474   0.10919   0.24974   0.56326   0.11158   0.11139   0.04901   0.00394   0.03744   0.16511   0.04581   0.03638   0.15384   0.21690   0.00000   0.15631   0.27815   3.01109   0.83366   0.99956  
 24 1366.8313  22281.497839  x:  0.02323   0.13465   0.04367   0.02060   0.01592   0.00082   0.01074   0.00244   0.00457   0.00262   0.01372   0.02054   0.04463   0.11369   0.26299   0.57848   0.10099   0.10820   0.04909   0.00422   0.03490   0.16339   0.04699   0.03564   0.15185   0.23185   0.00000   0.14487   0.27157   2.91235   0.73638   0.75323  
 25 1551.7083  22280.795765  x:  0.02257   0.13546   0.04453   0.02060   0.01591   0.00083   0.01077   0.00244   0.00456   0.00263   0.01367   0.02059   0.04482   0.10972   0.26924   0.58016   0.10160   0.11143   0.04913   0.00357   0.04078   0.16344   0.04638   0.03590   0.15165   0.23033   0.00000   0.14509   0.27435   2.90268   0.72614   0.72853  
 26 351.3438  22280.413751  x:  0.02227   0.13618   0.04495   0.02062   0.01589   0.00083   0.01078   0.00244   0.00457   0.00264   0.01370   0.02063   0.04479   0.10734   0.27529   0.58111   0.10280   0.11419   0.04936   0.00399   0.03738   0.16344   0.04670   0.03580   0.15144   0.22699   0.00000   0.14719   0.27832   2.89772   0.72047   0.71540  
 27 191.1347  22280.311010  x:  0.02249   0.13609   0.04451   0.02064   0.01593   0.00083   0.01077   0.00245   0.00459   0.00265   0.01374   0.02061   0.04479   0.10997   0.27769   0.58130   0.10221   0.11296   0.04915   0.00396   0.03777   0.16403   0.04661   0.03585   0.15216   0.22467   0.00000   0.14882   0.28050   2.89653   0.71881   0.71180  
 28 52.0159  22280.202345  x:  0.02287   0.13467   0.04452   0.02063   0.01606   0.00084   0.01072   0.00249   0.00474   0.00273   0.01393   0.02058   0.04475   0.10912   0.27803   0.58137   0.10464   0.10997   0.04913   0.00401   0.03761   0.16486   0.04660   0.03582   0.15324   0.22378   0.00000   0.14658   0.28133   2.89639   0.71703   0.70777  
 29  7.5630  22279.658342  x:  0.02304   0.13589   0.04454   0.02055   0.01677   0.00094   0.01050   0.00273   0.00567   0.00326   0.01491   0.02052   0.04472   0.10963   0.27469   0.58107   0.10297   0.11187   0.04888   0.00390   0.03784   0.16278   0.04662   0.03582   0.15083   0.22475   0.00000   0.14894   0.27979   2.89667   0.70773   0.68693  
 30 23.4293  22279.624714  x:  0.02326   0.13541   0.04452   0.02056   0.01681   0.00094   0.01049   0.00274   0.00570   0.00328   0.01497   0.02052   0.04471   0.10967   0.27441   0.58104   0.10192   0.11330   0.04883   0.00391   0.03763   0.16423   0.04660   0.03581   0.15262   0.22464   0.00000   0.14839   0.27959   2.89660   0.70726   0.68606  
 31 15.7629  22266.430125  x:  0.01967   0.13292   0.04087   0.02068   0.01646   0.00086   0.01081   0.00241   0.00471   0.00497   0.01297   0.02079   0.04446   0.11257   0.29363   0.61615   0.10296   0.11464   0.05042   0.00361   0.03757   0.19671   0.04487   0.03518   0.12770   0.24001   0.00000   0.14721   0.28382   2.79249   0.62103   0.69138  
 32  0.8056  22257.246729  x:  0.01095   0.14954   0.03949   0.02077   0.01608   0.00081   0.01118   0.00219   0.00407   0.00624   0.01111   0.02125   0.04460   0.11444   0.30673   0.64027   0.10565   0.11308   0.05345   0.00292   0.03723   0.17650   0.04446   0.03492   0.15198   0.24950   0.00000   0.14380   0.28666   2.72436   0.56045   0.69357  
 33 469.7266  22248.203200  x:  0.00592   0.15557   0.03753   0.02096   0.01500   0.00067   0.01170   0.00173   0.00246   0.00692   0.00851   0.02166   0.04462   0.11703   0.30548   0.66711   0.10905   0.11263   0.05570   0.00244   0.03688   0.18437   0.04350   0.03453   0.15244   0.25671   0.00000   0.14450   0.29294   3.09645   0.48103   0.53396  
 34 33.1262  22244.083743  x:  0.00481   0.15837   0.03714   0.02098   0.01475   0.00097   0.01154   0.00248   0.00543   0.00694   0.01086   0.02170   0.04434   0.11795   0.30887   0.67145   0.11076   0.11237   0.05706   0.00249   0.03680   0.18599   0.04338   0.03491   0.15367   0.26128   0.00000   0.14452   0.29370   3.23328   0.41762   0.44003  
 35  0.3771  22243.339022  x:  0.00472   0.15976   0.03690   0.02097   0.01480   0.00106   0.01155   0.00267   0.00551   0.00724   0.01122   0.02177   0.04397   0.11769   0.30994   0.65330   0.11205   0.11168   0.05855   0.00268   0.03683   0.18227   0.04321   0.03545   0.15630   0.26160   0.00000   0.14405   0.29203   3.24939   0.44369   0.45232  
 36  0.0569  22242.898359  x:  0.00527   0.15978   0.03647   0.02103   0.01475   0.00113   0.01153   0.00276   0.00530   0.00771   0.01127   0.02184   0.04351   0.11727   0.30744   0.63546   0.11331   0.11105   0.05950   0.00296   0.03687   0.18098   0.04280   0.03581   0.15680   0.26064   0.00000   0.14425   0.29031   3.21951   0.42077   0.43112  
 37  0.0555  22242.821053  x:  0.00482   0.15931   0.03690   0.02099   0.01480   0.00114   0.01150   0.00270   0.00537   0.00802   0.01119   0.02180   0.04375   0.11709   0.30832   0.63289   0.11266   0.11133   0.05934   0.00284   0.03689   0.18062   0.04304   0.03573   0.15647   0.26004   0.00000   0.14378   0.29023   3.22378   0.42772   0.44801  
 38  0.0213  22242.734115  x:  0.00521   0.15809   0.03724   0.02093   0.01476   0.00112   0.01145   0.00255   0.00538   0.00856   0.01104   0.02172   0.04415   0.11718   0.30829   0.63404   0.11161   0.11165   0.05865   0.00266   0.03679   0.18137   0.04337   0.03553   0.15549   0.25953   0.00000   0.14334   0.29030   3.23135   0.42080   0.43427  
 39  0.0138  22242.702745  x:  0.00588   0.15808   0.03690   0.02094   0.01470   0.00116   0.01142   0.00265   0.00533   0.00890   0.01122   0.02166   0.04398   0.11715   0.30821   0.63584   0.11189   0.11148   0.05849   0.00282   0.03685   0.18112   0.04318   0.03562   0.15566   0.25963   0.00000   0.14389   0.29020   3.23249   0.42365   0.43805  
 40  0.0040  22242.694324  x:  0.00528   0.15841   0.03700   0.02095   0.01470   0.00116   0.01142   0.00268   0.00533   0.00904   0.01119   0.02168   0.04388   0.11716   0.30797   0.63624   0.11216   0.11136   0.05870   0.00285   0.03686   0.18103   0.04317   0.03566   0.15576   0.25977   0.00000   0.14401   0.29019   3.22864   0.42371   0.43749  
 41  0.0047  22242.692913  x:  0.00534   0.15852   0.03698   0.02097   0.01472   0.00115   0.01142   0.00266   0.00537   0.00909   0.01118   0.02172   0.04387   0.11718   0.30794   0.63635   0.11224   0.11139   0.05882   0.00280   0.03685   0.18118   0.04317   0.03565   0.15582   0.25985   0.00000   0.14388   0.29031   3.22627   0.42405   0.43815  
 42  0.0022  22242.692794  x:  0.00533   0.15853   0.03699   0.02097   0.01471   0.00114   0.01142   0.00266   0.00538   0.00909   0.01120   0.02172   0.04390   0.11719   0.30800   0.63639   0.11221   0.11141   0.05881   0.00281   0.03686   0.18123   0.04318   0.03564   0.15581   0.25987   0.00000   0.14389   0.29035   3.22594   0.42398   0.43805  
 43  0.0003  22242.692769  x:  0.00533   0.15852   0.03698   0.02097   0.01471   0.00114   0.01142   0.00267   0.00538   0.00909   0.01119   0.02172   0.04390   0.11719   0.30801   0.63638   0.11221   0.11141   0.05881   0.00281   0.03686   0.18122   0.04317   0.03564   0.15581   0.25986   0.00000   0.14390   0.29034   3.22597   0.42398   0.43803  
 44  0.0000  22242.692764  x:  0.00533   0.15852   0.03698   0.02097   0.01471   0.00114   0.01142   0.00267   0.00538   0.00909   0.01120   0.02172   0.04389   0.11718   0.30799   0.63637   0.11221   0.11141   0.05880   0.00281   0.03686   0.18120   0.04317   0.03565   0.15581   0.25985   0.00000   0.14390   0.29033   3.22604   0.42398   0.43803  
 45  0.0000  22242.692763  x:  0.00533   0.15852   0.03698   0.02097   0.01471   0.00114   0.01142   0.00267   0.00538   0.00909   0.01120   0.02172   0.04389   0.11718   0.30799   0.63637   0.11221   0.11141   0.05880   0.00281   0.03686   0.18121   0.04317   0.03564   0.15581   0.25986   0.00000   0.14390   0.29033   3.22603   0.42398   0.43803  
 46  0.0000  22242.692763  x:  0.00533   0.15852   0.03698   0.02097   0.01471   0.00114   0.01142   0.00267   0.00538   0.00909   0.01120   0.02172   0.04389   0.11718   0.30799   0.63637   0.11221   0.11141   0.05881   0.00281   0.03686   0.18121   0.04317   0.03564   0.15581   0.25986   0.00000   0.14390   0.29033   3.22604   0.42398   0.43803  
 47  0.0000  22242.692763  x:  0.00533   0.15852   0.03698   0.02097   0.01471   0.00114   0.01142   0.00267   0.00538   0.00909   0.01120   0.02172   0.04389   0.11718   0.30799   0.63637   0.11221   0.11141   0.05881   0.00281   0.03686   0.18121   0.04317   0.03564   0.15581   0.25986   0.00000   0.14390   0.29033   3.22604   0.42398   0.43803  
 48  0.0000  22242.692763  x:  0.00533   0.15852   0.03698   0.02097   0.01471   0.00114   0.01142   0.00267   0.00538   0.00909   0.01120   0.02172   0.04389   0.11718   0.30799   0.63637   0.11221   0.11141   0.05881   0.00281   0.03686   0.18121   0.04317   0.03564   0.15581   0.25986   0.00000   0.14390   0.29033   3.22604   0.42398   0.43803  

Model 8: beta&w>1

TREE # 1

  0  0.0000  22403.199207  x:  0.03784   0.10463   0.04151   0.02395   0.01899   0.01171   0.00893   0.01678   0.00944   0.01758   0.01467   0.02548   0.04076   0.09938   0.29668   0.43074   0.09287   0.09670   0.04690   0.00884   0.03024   0.14030   0.04124   0.03427   0.14319   0.19935   0.00000   0.12811   0.22506   3.22604   0.90000   0.76687   1.93569   2.47532  
  1 99.0000  22403.179646  x:  0.03784   0.10463   0.04151   0.02395   0.01899   0.01171   0.00893   0.01677   0.00944   0.01758   0.01467   0.02548   0.04076   0.09938   0.29668   0.43074   0.09287   0.09670   0.04690   0.00884   0.03024   0.14030   0.04124   0.03427   0.14319   0.19935   0.00000   0.12811   0.22506   3.22604   0.90000   0.76687   1.93569   2.47532  
  2 2584.2914  22376.294869  x:  0.03373   0.10745   0.03971   0.02317   0.01997   0.00000   0.00613   0.00382   0.01615   0.01481   0.01708   0.02512   0.04026   0.09998   0.29593   0.43465   0.09370   0.09725   0.04742   0.00762   0.03050   0.14234   0.04059   0.03356   0.14311   0.20184   0.00000   0.12877   0.22747   3.22618   0.90341   0.76923   1.93485   2.47434  
  3 3255.3301  22374.451181  x:  0.03302   0.10795   0.03941   0.02299   0.02000   0.00037   0.00611   0.00184   0.01687   0.01428   0.01732   0.02500   0.04018   0.10009   0.29580   0.43534   0.09385   0.09736   0.04752   0.00737   0.03056   0.14271   0.04049   0.03345   0.14311   0.20228   0.00000   0.12888   0.22789   3.22620   0.90400   0.76965   1.93470   2.47417  
  4 2815.2656  22364.621474  x:  0.02230   0.11530   0.03516   0.02068   0.01981   0.00005   0.01484   0.00155   0.02425   0.00885   0.02000   0.02372   0.03901   0.10175   0.29380   0.44580   0.09597   0.09877   0.04893   0.00423   0.03125   0.14801   0.03909   0.03199   0.14292   0.20880   0.00000   0.13044   0.23417   3.22656   0.91306   0.77604   1.93237   2.47155  
  5 1392.1120  22353.608361  x:  0.00886   0.12530   0.03053   0.01839   0.01851   0.00098   0.01081   0.00490   0.02902   0.00515   0.01954   0.02165   0.03811   0.10417   0.29129   0.46004   0.09889   0.10079   0.05119   0.00128   0.03242   0.15511   0.03780   0.03072   0.14288   0.21756   0.00000   0.13252   0.24260   3.22700   0.92487   0.78485   1.92912   2.46805  
  6 2964.8240  22345.593648  x:  0.00000   0.13293   0.02829   0.01809   0.01759   0.00103   0.01088   0.00507   0.03001   0.01091   0.01805   0.02105   0.03785   0.10597   0.28937   0.47134   0.10090   0.10211   0.05321   0.00203   0.03324   0.16031   0.03738   0.03027   0.14287   0.22422   0.00000   0.13404   0.24902   3.22733   0.93385   0.79202   1.92645   2.46529  
  7 3587.2736  22333.946949  x:  0.00544   0.14914   0.03138   0.02520   0.02050   0.00114   0.01136   0.00559   0.03004   0.01003   0.01753   0.02666   0.03936   0.10913   0.28553   0.49813   0.10354   0.10334   0.05975   0.00964   0.03336   0.16969   0.03907   0.03212   0.14272   0.23773   0.00000   0.13678   0.26258   3.22807   0.95175   0.81016   1.91957   2.45885  
  8 1393.8806  22327.713979  x:  0.00981   0.15315   0.03708   0.02257   0.02282   0.00112   0.01122   0.00580   0.02882   0.01311   0.02139   0.02715   0.04074   0.10940   0.28397   0.51697   0.10278   0.10214   0.05849   0.00130   0.02955   0.17170   0.04104   0.03480   0.14302   0.24333   0.00000   0.13740   0.26958   3.22835   0.95166   0.82565   1.91338   2.45471  
  9 732.4364  22317.428566  x:  0.01044   0.15176   0.04356   0.01581   0.02312   0.00122   0.01107   0.00638   0.02821   0.01254   0.02729   0.02396   0.04233   0.10691   0.28173   0.56355   0.09877   0.09794   0.04893   0.01048   0.02745   0.17113   0.04347   0.03514   0.14580   0.25235   0.00000   0.13871   0.28305   3.22884   0.93456   0.86850   1.89580   2.44450  
 10 998.1269  22309.808778  x:  0.00900   0.14641   0.04199   0.02891   0.02188   0.00130   0.01166   0.00654   0.02951   0.01240   0.02591   0.02605   0.04291   0.10481   0.28139   0.60138   0.09704   0.09654   0.04338   0.00828   0.02985   0.16888   0.04266   0.03378   0.14894   0.25670   0.00000   0.13954   0.29161   3.22935   0.91774   0.90629   1.88000   2.43544  
 11 1656.0302  22304.760082  x:  0.01370   0.14053   0.03483   0.02519   0.02306   0.00145   0.01227   0.00688   0.03377   0.01404   0.01927   0.03047   0.04049   0.10595   0.28400   0.62344   0.09995   0.10025   0.05132   0.00630   0.03558   0.16626   0.04134   0.03396   0.15176   0.25524   0.00000   0.14046   0.29285   3.23011   0.90850   0.93338   1.86822   2.42814  
 12 804.8654  22301.794821  x:  0.01167   0.13492   0.03789   0.02697   0.02227   0.00150   0.01262   0.00710   0.03521   0.01376   0.02122   0.02608   0.04469   0.11209   0.29017   0.63292   0.10619   0.10730   0.05989   0.00716   0.03485   0.16429   0.04367   0.03650   0.15381   0.24827   0.00000   0.14209   0.28670   3.23152   0.90798   0.95589   1.85762   2.42027  
 13 375.7651  22300.007399  x:  0.00861   0.13411   0.04028   0.02631   0.02367   0.00142   0.01243   0.00688   0.03285   0.01284   0.02237   0.03161   0.04190   0.11479   0.29715   0.63434   0.10788   0.10909   0.05910   0.00770   0.03184   0.16476   0.04275   0.03361   0.15474   0.24178   0.00000   0.14362   0.27914   3.23327   0.91129   0.97421   1.84827   2.41250  
 14 320.4576  22296.995207  x:  0.01122   0.13881   0.03586   0.02632   0.02349   0.00142   0.01232   0.00689   0.03304   0.01345   0.02249   0.02713   0.03985   0.11268   0.31092   0.62952   0.10439   0.10505   0.05230   0.00767   0.03296   0.16790   0.04155   0.03489   0.15474   0.23144   0.00000   0.14510   0.26446   3.23751   0.92104   1.01014   1.82889   2.39538  
 15 398.5748  22296.050184  x:  0.01022   0.13992   0.03710   0.02524   0.02169   0.00144   0.01254   0.00680   0.03459   0.01305   0.02006   0.02918   0.04488   0.11007   0.31350   0.62348   0.10228   0.10283   0.05242   0.00734   0.03355   0.16767   0.04239   0.03454   0.15292   0.23130   0.00000   0.14345   0.26218   3.23957   0.92309   1.02361   1.82080   2.38785  
 16 275.7365  22294.007667  x:  0.00807   0.14068   0.03974   0.02615   0.02331   0.00140   0.01252   0.00668   0.03366   0.01251   0.02019   0.02725   0.04109   0.10459   0.31365   0.60197   0.10021   0.10069   0.05882   0.00732   0.03346   0.16475   0.04283   0.03340   0.14684   0.23819   0.00000   0.13721   0.26434   3.24543   0.92390   1.05532   1.79994   2.36766  
 17 308.0060  22292.788421  x:  0.00919   0.13956   0.03599   0.02586   0.02166   0.00137   0.01217   0.00669   0.03216   0.01281   0.02354   0.02928   0.04223   0.10694   0.30984   0.58599   0.10246   0.10279   0.05672   0.00773   0.03288   0.16350   0.04133   0.03610   0.14586   0.24315   0.00000   0.13662   0.26883   3.24992   0.92395   1.07453   1.78590   2.35297  
 18 341.5101  22292.085721  x:  0.01073   0.13873   0.03692   0.02569   0.02341   0.00140   0.01244   0.00675   0.03329   0.01306   0.02107   0.02790   0.04273   0.11051   0.30558   0.57627   0.10405   0.10439   0.05343   0.00741   0.03338   0.16387   0.04147   0.03393   0.14761   0.24492   0.00000   0.13873   0.27234   3.25313   0.92382   1.08480   1.77724   2.34298  
 19 317.1318  22291.858041  x:  0.01070   0.13878   0.03781   0.02578   0.02181   0.00142   0.01248   0.00676   0.03406   0.01304   0.02067   0.02832   0.04128   0.11070   0.30270   0.57348   0.10346   0.10401   0.05372   0.00732   0.03344   0.16509   0.04302   0.03480   0.14967   0.24377   0.00000   0.14073   0.27348   3.25487   0.92325   1.08699   1.77385   2.33799  
 20 117.0148  22291.573954  x:  0.01031   0.13940   0.03730   0.02588   0.02277   0.00140   0.01241   0.00674   0.03310   0.01299   0.02158   0.02826   0.04237   0.10937   0.29792   0.57098   0.10213   0.10308   0.05584   0.00728   0.03293   0.16728   0.04214   0.03429   0.15261   0.24078   0.00000   0.14323   0.27454   3.25803   0.92192   1.08804   1.76885   2.32931  
 21 129.0288  22290.897830  x:  0.00998   0.14089   0.03802   0.02578   0.02346   0.00139   0.01244   0.00662   0.03333   0.01268   0.01976   0.02820   0.04196   0.10692   0.28743   0.57126   0.10407   0.10479   0.05437   0.00769   0.03180   0.16789   0.04033   0.03655   0.15007   0.23409   0.00000   0.13895   0.27330   3.26975   0.92007   1.08208   1.75440   2.29813  
 22 83.7185  22290.157345  x:  0.01120   0.14122   0.03737   0.02555   0.02131   0.00137   0.01207   0.00660   0.03263   0.01311   0.02158   0.02801   0.04177   0.10674   0.27870   0.57243   0.10472   0.10512   0.05387   0.00727   0.03355   0.16702   0.04201   0.03271   0.14713   0.22961   0.00000   0.13539   0.27140   3.28332   0.91885   1.07380   1.73822   2.26199  
 23 480.0151  22288.376053  x:  0.00964   0.13645   0.03486   0.02547   0.02500   0.00125   0.01188   0.00623   0.03010   0.01234   0.02108   0.02859   0.04182   0.11115   0.26795   0.57584   0.10035   0.10035   0.05374   0.00701   0.03497   0.16132   0.04622   0.03442   0.14326   0.22858   0.00000   0.13503   0.26625   3.31805   0.91592   1.04940   1.69801   2.16924  
 24 539.3386  22285.515868  x:  0.01136   0.13051   0.03663   0.02542   0.02091   0.00127   0.01148   0.00611   0.03083   0.01276   0.01978   0.02732   0.04078   0.11372   0.26011   0.58056   0.09625   0.09599   0.05524   0.00687   0.03231   0.15432   0.03846   0.03391   0.14160   0.23183   0.00000   0.13822   0.26001   3.37229   0.90885   1.00960   1.63563   2.02385  
 25 1566.1006  22278.945043  x:  0.01279   0.12688   0.03861   0.02563   0.02271   0.00125   0.01109   0.00612   0.02919   0.01337   0.02067   0.02850   0.04148   0.10016   0.26359   0.58720   0.10252   0.10267   0.05270   0.00611   0.03504   0.15262   0.04184   0.03414   0.14879   0.24153   0.00000   0.14355   0.25352   3.49469   0.88043   0.91638   1.49500   1.69381  
 26 1769.7702  22276.026262  x:  0.01343   0.13414   0.03689   0.02684   0.02279   0.00133   0.01115   0.00636   0.03050   0.01390   0.01970   0.02902   0.04205   0.10916   0.27332   0.58843   0.10091   0.10122   0.05485   0.00666   0.03130   0.15950   0.04359   0.03395   0.14811   0.23909   0.00000   0.13786   0.25864   3.55158   0.85722   0.87193   1.42880   1.53882  
 27 1286.8497  22275.779981  x:  0.01307   0.13466   0.03836   0.02677   0.02307   0.00132   0.01112   0.00638   0.03017   0.01391   0.02044   0.02941   0.04203   0.11033   0.27469   0.58844   0.10065   0.10085   0.05486   0.00647   0.03438   0.16002   0.04229   0.03476   0.14731   0.23789   0.00000   0.13782   0.26025   3.55633   0.85541   0.86804   1.42307   1.52552  
 28 371.7493  22275.663772  x:  0.01310   0.13401   0.03819   0.02675   0.02299   0.00131   0.01110   0.00635   0.03005   0.01389   0.02031   0.02932   0.04202   0.10951   0.27635   0.58850   0.10088   0.10069   0.05474   0.00650   0.03418   0.15882   0.04246   0.03462   0.14480   0.23525   0.00000   0.13980   0.26399   3.55798   0.85575   0.86616   1.42033   1.51969  
 29 58.5048  22275.625453  x:  0.01309   0.13308   0.03814   0.02668   0.02296   0.00131   0.01107   0.00632   0.02997   0.01385   0.02029   0.02924   0.04197   0.10931   0.27696   0.58862   0.10052   0.10051   0.05459   0.00652   0.03408   0.15810   0.04238   0.03459   0.14640   0.23440   0.00000   0.13829   0.26558   3.55721   0.85696   0.86550   1.41912   1.51878  
 30 10.7594  22265.311048  x:  0.01154   0.12903   0.03775   0.02555   0.02211   0.00087   0.00894   0.00473   0.02667   0.01285   0.01979   0.02796   0.04207   0.10931   0.28201   0.60746   0.08887   0.11380   0.05369   0.00607   0.03422   0.17117   0.04218   0.03447   0.14366   0.23900   0.00000   0.13862   0.27179   3.13201   0.87540   0.71224   1.04712   1.50770  
 31  9.7333  22263.186033  x:  0.01019   0.13740   0.03770   0.02548   0.02210   0.00078   0.00854   0.00440   0.02605   0.01250   0.01978   0.02793   0.04225   0.11009   0.28284   0.61121   0.10093   0.10317   0.05428   0.00587   0.03465   0.16305   0.04236   0.03462   0.14801   0.23895   0.00000   0.13996   0.27247   3.04073   0.87706   0.67894   0.96581   1.50643  
 32 835.6251  22261.988538  x:  0.01058   0.12945   0.03772   0.02531   0.02186   0.00071   0.00820   0.00415   0.02514   0.01243   0.01956   0.02760   0.04221   0.10961   0.28449   0.61385   0.10846   0.09518   0.05466   0.00581   0.03429   0.17368   0.04222   0.03448   0.14607   0.24060   0.00000   0.13858   0.27390   3.05908   0.87945   0.67356   0.94911   1.52467  
 33 11.8190  22246.023173  x:  0.00630   0.14279   0.03678   0.02442   0.02044   0.00000   0.00497   0.00148   0.01553   0.01036   0.01792   0.02598   0.04262   0.11235   0.30084   0.64136   0.10638   0.10391   0.05590   0.00442   0.03511   0.17715   0.04224   0.03435   0.15159   0.24839   0.00000   0.14136   0.28805   3.29924   0.89019   0.62114   0.77822   1.73901  
 34 224.5333  22246.023173  x:  0.00630   0.14279   0.03678   0.02442   0.02044   0.00000   0.00497   0.00148   0.01553   0.01036   0.01792   0.02598   0.04262   0.11235   0.30084   0.64136   0.10638   0.10391   0.05590   0.00442   0.03511   0.17715   0.04224   0.03435   0.15159   0.24839   0.00000   0.14136   0.28805   3.29924   0.89019   0.62114   0.77822   1.73901  
 35  9.0676  22242.927083  x:  0.00634   0.14286   0.03679   0.02432   0.02022   0.00293   0.00596   0.00214   0.01500   0.01033   0.01768   0.02586   0.04264   0.11239   0.30085   0.64136   0.10643   0.10396   0.05594   0.00438   0.03513   0.17717   0.04226   0.03438   0.15161   0.24843   0.00000   0.14137   0.28806   3.29924   0.89023   0.62111   0.77824   1.73901  
 36 5856.4624  22232.690186  x:  0.00680   0.14379   0.03698   0.02304   0.01706   0.00157   0.01565   0.00560   0.00783   0.00955   0.01393   0.02407   0.04295   0.11291   0.30103   0.64137   0.10704   0.10466   0.05651   0.00377   0.03550   0.17748   0.04258   0.03482   0.15197   0.24891   0.00000   0.14160   0.28820   3.29927   0.89074   0.62068   0.77852   1.73903  
 37 2019.0730  22229.978020  x:  0.00707   0.14446   0.03709   0.02233   0.01568   0.00189   0.01594   0.00310   0.00448   0.00904   0.01197   0.02315   0.04315   0.11328   0.30117   0.64138   0.10748   0.10515   0.05689   0.00351   0.03576   0.17771   0.04277   0.03508   0.15223   0.24927   0.00000   0.14176   0.28830   3.29930   0.89111   0.62035   0.77873   1.73903  
 38 1173.6568  22229.125653  x:  0.00749   0.14584   0.03726   0.02123   0.01398   0.00197   0.01555   0.00309   0.00553   0.00860   0.00970   0.02171   0.04352   0.11401   0.30144   0.64139   0.10834   0.10615   0.05761   0.00314   0.03623   0.17816   0.04312   0.03550   0.15275   0.25002   0.00000   0.14209   0.28851   3.29935   0.89194   0.61964   0.77920   1.73906  
 39 434.5724  22228.356134  x:  0.00806   0.14888   0.03752   0.01994   0.01354   0.00192   0.01418   0.00435   0.00472   0.00896   0.01052   0.02012   0.04425   0.11555   0.30205   0.64139   0.11020   0.10829   0.05901   0.00283   0.03713   0.17919   0.04372   0.03617   0.15392   0.25176   0.00000   0.14284   0.28898   3.29948   0.89388   0.61795   0.78031   1.73911  
 40 374.9667  22227.362062  x:  0.00844   0.15375   0.03778   0.01929   0.01436   0.00195   0.01547   0.00307   0.00553   0.00939   0.01196   0.01960   0.04522   0.11796   0.30311   0.64142   0.11307   0.11163   0.06099   0.00263   0.03831   0.18089   0.04446   0.03691   0.15583   0.25470   0.00000   0.14408   0.28980   3.29970   0.89708   0.61504   0.78222   1.73922  
 41 656.5872  22226.576690  x:  0.00769   0.15834   0.03768   0.02092   0.01562   0.00193   0.01521   0.00350   0.00527   0.00862   0.01074   0.02201   0.04563   0.12005   0.30428   0.64152   0.11551   0.11450   0.06220   0.00272   0.03879   0.18260   0.04469   0.03693   0.15768   0.25782   0.00000   0.14531   0.29074   3.29994   0.90023   0.61187   0.78428   1.73938  
 42 534.8237  22226.287840  x:  0.00601   0.16013   0.03717   0.02179   0.01421   0.00193   0.01517   0.00346   0.00529   0.00962   0.01099   0.02247   0.04495   0.12055   0.30510   0.64170   0.11592   0.11507   0.06175   0.00245   0.03802   0.18345   0.04419   0.03621   0.15847   0.25963   0.00000   0.14588   0.29142   3.30009   0.90157   0.60987   0.78555   1.73955  
 43 215.1131  22226.101700  x:  0.00463   0.16126   0.03668   0.02160   0.01417   0.00194   0.01520   0.00344   0.00531   0.00858   0.01131   0.02189   0.04418   0.12058   0.30591   0.64195   0.11572   0.11496   0.06104   0.00265   0.03713   0.18409   0.04372   0.03561   0.15899   0.26117   0.00000   0.14625   0.29207   3.30023   0.90245   0.60798   0.78673   1.73976  
 44 218.8501  22225.984487  x:  0.00415   0.16194   0.03643   0.02109   0.01501   0.00193   0.01521   0.00347   0.00527   0.00911   0.01081   0.02141   0.04375   0.12034   0.30668   0.64221   0.11518   0.11446   0.06046   0.00282   0.03648   0.18453   0.04348   0.03543   0.15927   0.26239   0.00000   0.14642   0.29263   3.30036   0.90299   0.60624   0.78781   1.73999  
 45 198.0660  22225.726563  x:  0.00591   0.16305   0.03664   0.02069   0.01472   0.00193   0.01519   0.00346   0.00528   0.00897   0.01098   0.02205   0.04407   0.11896   0.30924   0.64324   0.11273   0.11201   0.05939   0.00238   0.03565   0.18547   0.04367   0.03628   0.15956   0.26559   0.00000   0.14638   0.29429   3.30082   0.90387   0.60046   0.79136   1.74084  
 46 137.5870  22225.668838  x:  0.00606   0.16293   0.03683   0.02123   0.01460   0.00193   0.01520   0.00346   0.00528   0.00902   0.01097   0.02168   0.04436   0.11866   0.30992   0.64358   0.11233   0.11160   0.05927   0.00311   0.03616   0.18556   0.04378   0.03624   0.15951   0.26620   0.00000   0.14624   0.29467   3.30097   0.90378   0.59868   0.79245   1.74115  
 47 118.0635  22225.588092  x:  0.00561   0.16214   0.03715   0.02172   0.01481   0.00193   0.01520   0.00346   0.00527   0.00897   0.01092   0.02125   0.04475   0.11841   0.31092   0.64424   0.11223   0.11146   0.05925   0.00231   0.03731   0.18543   0.04388   0.03591   0.15918   0.26668   0.00000   0.14585   0.29514   3.30126   0.90313   0.59561   0.79434   1.74176  
 48 113.1981  22225.491965  x:  0.00504   0.16080   0.03722   0.02076   0.01464   0.00193   0.01519   0.00346   0.00527   0.00900   0.01096   0.02194   0.04465   0.11834   0.31211   0.64522   0.11263   0.11179   0.05964   0.00252   0.03834   0.18501   0.04397   0.03554   0.15860   0.26688   0.00000   0.14532   0.29558   3.30168   0.90177   0.59135   0.79699   1.74268  
 49 145.8297  22225.385362  x:  0.00550   0.15936   0.03671   0.02118   0.01469   0.00193   0.01519   0.00346   0.00527   0.00899   0.01095   0.02168   0.04389   0.11871   0.31320   0.64656   0.11368   0.11274   0.06067   0.00258   0.03711   0.18420   0.04390   0.03601   0.15781   0.26639   0.00000   0.14490   0.29574   3.30231   0.89942   0.58602   0.80040   1.74397  
 50 108.1493  22225.357025  x:  0.00536   0.15966   0.03706   0.02109   0.01468   0.00193   0.01519   0.00346   0.00527   0.00899   0.01095   0.02169   0.04480   0.11911   0.31291   0.64708   0.11377   0.11280   0.06031   0.00267   0.03650   0.18409   0.04367   0.03595   0.15805   0.26560   0.00000   0.14528   0.29537   3.30266   0.89819   0.58444   0.80162   1.74453  
 51 36.0065  22225.326447  x:  0.00552   0.16074   0.03691   0.02114   0.01469   0.00193   0.01519   0.00346   0.00527   0.00899   0.01095   0.02170   0.04426   0.11941   0.31197   0.64783   0.11353   0.11254   0.05975   0.00263   0.03694   0.18427   0.04382   0.03599   0.15879   0.26427   0.00000   0.14600   0.29460   3.30328   0.89642   0.58272   0.80325   1.74536  
 52 38.3614  22225.320922  x:  0.00540   0.16103   0.03661   0.02113   0.01469   0.00193   0.01519   0.00345   0.00527   0.00899   0.01095   0.02170   0.04443   0.11900   0.31134   0.64812   0.11342   0.11248   0.06017   0.00261   0.03692   0.18451   0.04384   0.03587   0.15881   0.26421   0.00000   0.14581   0.29441   3.30370   0.89614   0.58263   0.80385   1.74570  
 53 10.8258  22225.316695  x:  0.00524   0.16116   0.03699   0.02114   0.01468   0.00193   0.01519   0.00345   0.00527   0.00899   0.01095   0.02171   0.04430   0.11877   0.31069   0.64842   0.11338   0.11248   0.06038   0.00262   0.03685   0.18470   0.04384   0.03600   0.15873   0.26431   0.00000   0.14557   0.29428   3.30422   0.89604   0.58273   0.80452   1.74608  
 54 15.5084  22225.306841  x:  0.00563   0.16085   0.03691   0.02112   0.01468   0.00193   0.01519   0.00345   0.00527   0.00898   0.01094   0.02169   0.04428   0.11900   0.30907   0.64927   0.11351   0.11260   0.05992   0.00262   0.03692   0.18487   0.04359   0.03584   0.15842   0.26490   0.00000   0.14529   0.29416   3.30616   0.89618   0.58356   0.80676   1.74733  
 55 13.1475  22225.301980  x:  0.00550   0.16064   0.03675   0.02112   0.01468   0.00193   0.01519   0.00345   0.00527   0.00898   0.01094   0.02170   0.04436   0.11912   0.30854   0.64964   0.11351   0.11258   0.05977   0.00263   0.03690   0.18478   0.04394   0.03607   0.15838   0.26508   0.00000   0.14537   0.29417   3.30728   0.89629   0.58415   0.80801   1.74805  
 56 27.6816  22225.282034  x:  0.00551   0.16018   0.03694   0.02112   0.01468   0.00193   0.01518   0.00345   0.00527   0.00898   0.01094   0.02169   0.04427   0.11936   0.30789   0.65087   0.11326   0.11220   0.06048   0.00257   0.03680   0.18393   0.04416   0.03564   0.15874   0.26514   0.00000   0.14637   0.29447   3.31254   0.89668   0.58733   0.81370   1.75136  
 57 30.7344  22225.257645  x:  0.00530   0.16010   0.03678   0.02112   0.01468   0.00193   0.01518   0.00345   0.00526   0.00898   0.01094   0.02170   0.04435   0.11911   0.30807   0.65203   0.11329   0.11213   0.06067   0.00258   0.03706   0.18339   0.04327   0.03634   0.15910   0.26483   0.00000   0.14673   0.29479   3.31919   0.89675   0.59159   0.82079   1.75558  
 58 78.4113  22225.183031  x:  0.00552   0.16096   0.03697   0.02113   0.01468   0.00193   0.01515   0.00344   0.00527   0.00898   0.01094   0.02170   0.04432   0.11817   0.31025   0.65467   0.11399   0.11273   0.05972   0.00263   0.03684   0.18340   0.04390   0.03593   0.15932   0.26352   0.00000   0.14555   0.29537   3.34002   0.89591   0.60530   0.84284   1.76883  
 59 138.6733  22225.155259  x:  0.00534   0.16103   0.03683   0.02115   0.01469   0.00193   0.01515   0.00344   0.00527   0.00899   0.01095   0.02172   0.04433   0.11957   0.31126   0.65457   0.11341   0.11238   0.06019   0.00263   0.03688   0.18472   0.04385   0.03600   0.15859   0.26376   0.00000   0.14532   0.29503   3.34779   0.89471   0.61053   0.85112   1.77384  
 60 73.5685  22225.144199  x:  0.00544   0.16066   0.03692   0.02115   0.01469   0.00193   0.01514   0.00344   0.00527   0.00899   0.01095   0.02173   0.04435   0.11908   0.31139   0.65319   0.11361   0.11268   0.06014   0.00261   0.03687   0.18521   0.04388   0.03600   0.15863   0.26466   0.00000   0.14616   0.29456   3.35083   0.89364   0.61255   0.85459   1.77584  
 61 22.5787  22225.138473  x:  0.00545   0.16071   0.03689   0.02115   0.01469   0.00193   0.01514   0.00344   0.00527   0.00899   0.01095   0.02172   0.04433   0.11921   0.31104   0.65142   0.11359   0.11255   0.06015   0.00261   0.03686   0.18459   0.04387   0.03600   0.15911   0.26501   0.00000   0.14565   0.29455   3.35230   0.89325   0.61338   0.85666   1.77675  
 62 10.4682  22225.134857  x:  0.00545   0.16078   0.03687   0.02114   0.01468   0.00193   0.01514   0.00344   0.00527   0.00898   0.01094   0.02171   0.04431   0.11910   0.31061   0.64984   0.11354   0.11251   0.06010   0.00261   0.03686   0.18451   0.04385   0.03598   0.15855   0.26443   0.00000   0.14573   0.29475   3.35308   0.89370   0.61369   0.85828   1.77711  
 63  6.7552  22225.134014  x:  0.00548   0.16053   0.03687   0.02113   0.01468   0.00193   0.01513   0.00343   0.00526   0.00898   0.01094   0.02171   0.04430   0.11909   0.31058   0.64958   0.11349   0.11253   0.06011   0.00261   0.03683   0.18472   0.04384   0.03597   0.15878   0.26421   0.00000   0.14566   0.29454   3.35310   0.89395   0.61377   0.85878   1.77700  
 64  2.4505  22225.130576  x:  0.00545   0.16062   0.03685   0.02112   0.01467   0.00193   0.01512   0.00343   0.00526   0.00897   0.01093   0.02170   0.04429   0.11903   0.31077   0.64945   0.11346   0.11244   0.06007   0.00261   0.03684   0.18432   0.04382   0.03596   0.15850   0.26424   0.00000   0.14560   0.29331   3.35215   0.89416   0.61460   0.86114   1.77555  
 65  1.7923  22224.978545  x:  0.00551   0.16000   0.03686   0.02112   0.01466   0.00194   0.01464   0.00330   0.00525   0.00897   0.01092   0.02170   0.04423   0.11895   0.30982   0.64808   0.11337   0.11243   0.06001   0.00265   0.03676   0.18459   0.04379   0.03599   0.15866   0.26318   0.00000   0.14542   0.29367   3.30225   0.88189   0.65773   0.96493   1.70490  
 66  9.7260  22224.898727  x:  0.00548   0.16005   0.03686   0.02112   0.01466   0.00195   0.01434   0.00322   0.00524   0.00897   0.01092   0.02171   0.04420   0.11888   0.30960   0.64771   0.11142   0.11425   0.05989   0.00265   0.03677   0.18416   0.04377   0.03598   0.15858   0.26302   0.00000   0.14533   0.29348   3.31878   0.87463   0.66421   0.99081   1.65018  
 67  2.7918  22224.870204  x:  0.00544   0.15999   0.03687   0.02112   0.01466   0.00195   0.01423   0.00319   0.00524   0.00897   0.01092   0.02171   0.04420   0.11885   0.30952   0.64754   0.11327   0.11244   0.05996   0.00265   0.03675   0.18453   0.04377   0.03597   0.15863   0.26291   0.00000   0.14532   0.29338   3.32499   0.87202   0.66654   1.00026   1.62999  
 68 100.8905  22224.328511  x:  0.00536   0.16075   0.03684   0.02111   0.01473   0.00198   0.01166   0.00253   0.00523   0.00897   0.01098   0.02173   0.04430   0.11901   0.31043   0.64873   0.11371   0.11234   0.06013   0.00261   0.03694   0.18452   0.04379   0.03590   0.15865   0.26430   0.00000   0.14555   0.29419   3.34141   0.88076   0.64427   0.95035   1.69133  
 69  0.2724  22224.209205  x:  0.00531   0.16053   0.03681   0.02119   0.01492   0.00163   0.01120   0.00298   0.00556   0.00912   0.01136   0.02186   0.04423   0.11888   0.31050   0.64911   0.11333   0.11233   0.05999   0.00266   0.03689   0.18427   0.04374   0.03582   0.15844   0.26437   0.00000   0.14550   0.29430   3.34283   0.88182   0.64004   0.94329   1.70166  
 70  0.0110  22224.105293  x:  0.00530   0.16051   0.03680   0.02120   0.01496   0.00116   0.01164   0.00275   0.00557   0.00918   0.01146   0.02196   0.04420   0.11891   0.31053   0.64934   0.11315   0.11247   0.05995   0.00268   0.03687   0.18418   0.04373   0.03581   0.15837   0.26443   0.00000   0.14551   0.29436   3.34190   0.88261   0.63753   0.93871   1.70937  
 71  0.0077  22224.093346  x:  0.00533   0.16056   0.03682   0.02114   0.01483   0.00114   0.01150   0.00267   0.00542   0.00912   0.01127   0.02188   0.04422   0.11896   0.31044   0.64900   0.11334   0.11243   0.06001   0.00265   0.03689   0.18430   0.04375   0.03585   0.15847   0.26433   0.00000   0.14551   0.29424   3.34058   0.88195   0.64029   0.94368   1.70315  
 72  0.0085  22224.093026  x:  0.00533   0.16054   0.03682   0.02114   0.01482   0.00115   0.01153   0.00268   0.00541   0.00912   0.01127   0.02188   0.04421   0.11896   0.31041   0.64893   0.11339   0.11238   0.06001   0.00265   0.03688   0.18431   0.04375   0.03585   0.15848   0.26428   0.00000   0.14550   0.29421   3.34099   0.88196   0.64024   0.94281   1.70185  
 73  0.0015  22224.092985  x:  0.00533   0.16053   0.03682   0.02114   0.01483   0.00115   0.01152   0.00268   0.00542   0.00912   0.01127   0.02188   0.04421   0.11895   0.31040   0.64892   0.11338   0.11238   0.06001   0.00265   0.03688   0.18431   0.04375   0.03585   0.15848   0.26427   0.00000   0.14549   0.29420   3.34094   0.88210   0.63996   0.94174   1.70210  
 74  0.0009  22224.092980  x:  0.00533   0.16053   0.03682   0.02114   0.01483   0.00115   0.01152   0.00268   0.00542   0.00912   0.01127   0.02188   0.04421   0.11896   0.31041   0.64893   0.11337   0.11238   0.06001   0.00265   0.03688   0.18431   0.04375   0.03585   0.15848   0.26427   0.00000   0.14550   0.29421   3.34090   0.88221   0.63973   0.94097   1.70276  
 75  0.0008  22224.092979  x:  0.00533   0.16053   0.03682   0.02114   0.01483   0.00115   0.01152   0.00268   0.00542   0.00912   0.01127   0.02188   0.04421   0.11896   0.31041   0.64893   0.11337   0.11238   0.06001   0.00265   0.03688   0.18431   0.04375   0.03585   0.15848   0.26427   0.00000   0.14550   0.29421   3.34089   0.88226   0.63964   0.94068   1.70303  
 76  0.0004  22224.092979  x:  0.00533   0.16053   0.03682   0.02114   0.01483   0.00115   0.01152   0.00268   0.00542   0.00912   0.01127   0.02188   0.04421   0.11896   0.31041   0.64893   0.11337   0.11238   0.06001   0.00265   0.03688   0.18431   0.04375   0.03585   0.15848   0.26427   0.00000   0.14550   0.29421   3.34089   0.88226   0.63965   0.94071   1.70301  
 77  0.0000  22224.092979  x:  0.00533   0.16053   0.03682   0.02114   0.01483   0.00115   0.01152   0.00268   0.00542   0.00912   0.01127   0.02188   0.04421   0.11896   0.31041   0.64893   0.11337   0.11238   0.06001   0.00265   0.03688   0.18431   0.04375   0.03585   0.15848   0.26427   0.00000   0.14550   0.29421   3.34089   0.88226   0.63965   0.94071   1.70301  