     1    948    719


 1

     1      1    -2.7966732398   0.061012700000      57.8400  -----------T---
     2      1    -2.7163770333   0.066113849325      62.6759  AA-------------
     3      1    -9.6109661337   0.000066990072       0.0635  AA--WW-WWWW----
     4      1    -8.2789953896   0.000253792034       0.2406  AA--YY-YYYY----
     5      1    -4.2265537482   0.014602628267      13.8433  AAAA-A-AAAAAAAA
     6      3    -4.2389091873   0.014423316402      13.6733  AAAA-AAAAAAAAAA
     7      6    -4.3292922197   0.013176870519      12.4917  AAAAAA-AAAAAAAA
     8      1    -8.3246566044   0.000242464172       0.2299  AAAAAA-AAAAGAAA
     9      1    -4.1887264913   0.015165586086      14.3770  AAAAAAAAAAA-AAA
    10     21    -4.3416454516   0.013015094866      12.3383  AAAAAAAAAAAAAAA
    11      1    -7.7126705513   0.000447125809       0.4239  AAAAAAAAAAASAAA
    12      1   -11.3756279901   0.000011471694       0.0109  AAAAFAAAAAAAAAA
    13      1   -14.8551316588   0.000000353589       0.0003  AAAAGGSSSSSAAAA
    14      1   -17.9936196393   0.000000015327       0.0000  AAAATIIIIIIAVAA
    15      1   -13.3420994718   0.000001605461       0.0015  AAAAVAVVVVVAAAA
    16      1    -8.3765715937   0.000230197806       0.2182  AACCCC-CCCCCCCC
    17      1   -24.5013211805   0.000000000023       0.0000  AADD-A-TTTTDAAP
    18      1   -15.4477771584   0.000000195486       0.0002  AAEEKKKKKKKEAEE
    19      1   -12.1391821875   0.000005345892       0.0051  AAGGDDDDDDDDDDD
    20      1   -11.8777658674   0.000006943075       0.0066  AAGSSS-SSSSSSSS
    21      1   -21.5176527269   0.000000000452       0.0000  AAIAAAAAASSATAA
    22      1   -18.4777114129   0.000000009446       0.0000  AAIIAA-AAAAATIA
    23      1    -9.9720092576   0.000046688660       0.0443  AAIIAAAAAAAAAAA
    24      1   -13.5733894892   0.000001273948       0.0012  AAIVII-IIIIVVVV
    25      1    -8.0416168061   0.000321788260       0.3051  AAKKKKKKKKKKKKK
    26      1   -12.8195124206   0.000002707425       0.0026  AANTAAAAAAAAAAA
    27      1   -19.4308960239   0.000000003641       0.0000  AASS-M-MMMMMTTM
    28      1    -7.3782163650   0.000624714155       0.5922  AASSAA-AAAAAAAA
    29      1   -11.9290229834   0.000006596159       0.0063  AASSAAAAAAAAAAV
    30      1    -7.0854759925   0.000837176203       0.7936  AASSSS-SSSSSSSS
    31      1   -22.8476261185   0.000000000120       0.0000  AASTAT-TTTTTATS
    32      1   -13.6269128512   0.000001207555       0.0011  AATTAT-AAAAAAAA
    33      1   -12.5440566718   0.000003566033       0.0034  AATTTT-TTTTTTTI
    34      1   -21.1775097245   0.000000000635       0.0000  AAVLVVVVVVVCIVV
    35      1   -14.2476327415   0.000000649130       0.0006  AAVVFFFFFFFAAAA
    36      1   -24.2264846023   0.000000000030       0.0000  AAVVTTTTPPPAASA
    37      1   -25.1614586401   0.000000000012       0.0000  AKSSIIIMMMMTTTT
    38      1   -26.3739353207   0.000000000004       0.0000  ANKKEE-GEEEDDDD
    39      1   -22.0832781517   0.000000000257       0.0000  ARGSGG-GGGGGGGS
    40      1   -10.0227019280   0.000044380875       0.0421  ASPPPPPPPPPPPPP
    41      1   -15.2132966110   0.000000247144       0.0002  ASTI-TTTTTTTTTT
    42      1   -11.8276617952   0.000007299813       0.0069  ATAAAA-AAAASAAA
    43      1   -21.7814833835   0.000000000347       0.0000  ATEEEEEEEEEEREK
    44      1   -27.3542678165   0.000000000001       0.0000  ATEETA-AAAATAIA
    45      1    -4.7343155226   0.008788462277       8.3315  CCCC-C-CCCCCCCC
    46      2    -4.7396949770   0.008741312080       8.2868  CCCC-CCCCCCCCCC
    47      1    -4.7790608980   0.008403887370       7.9669  CCCCCC-CCCCCCCC
    48      1    -4.7170519836   0.008941499419       8.4765  CCCCCCCCCCC-CCC
    49      5    -4.7844403436   0.008358800496       7.9241  CCCCCCCCCCCCCCC
    50      1   -11.0528095521   0.000015842576       0.0150  CCCCCCCCCCCCYCC
    51      1   -25.9581616210   0.000000000005       0.0000  CCRRHHHHHHHRRWQ
    52      1    -9.1705994121   0.000104054120       0.0986  CCSSS--SSSSSSSS
    53      1   -10.3126013484   0.000033211932       0.0315  CCWWWWWWWWWWWWW
    54      1   -27.4849541930   0.000000000001       0.0000  CFGASSSSSSSAPAA
    55      1   -14.7144590988   0.000000406997       0.0004  CIAAAA-AAAAAAAA
    56      1   -35.5664772753   0.000000000000       0.0000  CSMITI-TTTTTTAA
    57      1   -13.1262844175   0.000001992173       0.0019  CSSS-TTTTTTSSSS
    58      1   -13.1154613906   0.000002013852       0.0019  CYFFFFFFFFFFFFF
    59      1   -15.7127669686   0.000000149980       0.0001  DAEE-EEEEEEGEEE
    60      1    -3.1016523256   0.044974827907      42.6361  DD-------------
    61      1   -11.6600792455   0.000008631612       0.0082  DDAAEEEEEEEDDDD
    62      3    -4.4335236925   0.011872580556      11.2552  DDDD-D-DDDDDDDD
    63      1    -7.3971176864   0.000613017125       0.5811  DDDD-D-DDDDEDDD
    64      2    -4.3095375721   0.013439763079      12.7409  DDDD-DDDDDD-DDD
    65      3    -4.4444794454   0.011743217425      11.1326  DDDD-DDDDDDDDDD
    66      1    -4.5245557841   0.010839528458      10.2759  DDDDDD-DDDDDDDD
    67      6    -4.5355076337   0.010721463268      10.1639  DDDDDDDDDDDDDDD
    68      1    -8.5083912064   0.000201768167       0.1913  DDDDDDDDDDDDDND
    69      1   -12.5575702464   0.000003518168       0.0033  DDDDDDDDDDDGDDE
    70      1    -9.9837932533   0.000046141710       0.0437  DDDDTTTTTTTDDDD
    71      1   -10.4169608780   0.000029920674       0.0284  DDDE-EEEEEEEEEE
    72      1    -8.9974183894   0.000123728812       0.1173  DDDN-D-DDDDDDDD
    73      1    -6.7664365178   0.001151791736       1.0919  DDEE-EEEEEEEEEE
    74      1    -7.1691466234   0.000769979533       0.7299  DDEEDD-DDDDDDDD
    75      1   -13.2128793520   0.000001826919       0.0017  DDEEDD-DDDDGEEE
    76      2    -6.8821670877   0.001025918379       0.9726  DDEEEEEEEEEEEEE
    77      1   -24.1599007740   0.000000000032       0.0000  DDEENS-SSSSHNDD
    78      1    -8.5989529302   0.000184298666       0.1747  DDKK-KKKKKKKKKK
    79      1    -8.7232480362   0.000162757689       0.1543  DDNDDDDDDDDDDDD
    80      1   -12.1658156041   0.000005205392       0.0049  DDPP-SSSSSSPPPP
    81      1   -11.8337372539   0.000007255598       0.0069  DDRD-DDDDDD-DDD
    82      1    -7.6322331958   0.000484577493       0.4594  DEEE-EEEEEEEEEE
    83      1   -17.6038295377   0.000000022634       0.0000  DENNDN-NNNNNSNN
    84      1   -15.4845042454   0.000000188437       0.0002  DEQDEEEEEEEEEEE
    85      1   -15.0821157753   0.000000281787       0.0003  DEQQQQ-QQQQQQHQ
    86      1   -11.6140249750   0.000009038431       0.0086  DERRRR-RRRRRRRR
    87      1   -23.7363450918   0.000000000049       0.0000  DETTDD-DDDDTTEA
    88      1   -12.9163913082   0.000002457438       0.0023  DGDDDDDDDDDDDDE
    89      1   -15.8925838148   0.000000125296       0.0001  DGNNNN-NNNNNNKN
    90      1   -19.3977680761   0.000000003764       0.0000  DGTH-HHHHHHHHHH
    91      1   -14.8578268082   0.000000352637       0.0003  DHDD-NNNNNNNNNN
    92      1    -8.1959917950   0.000275756647       0.2614  DNDDDDDDDDDDDDD
    93      1   -27.4735384553   0.000000000001       0.0000  DNSSNE-SSSSGGGG
    94      1   -10.9684896078   0.000017236357       0.0163  DQEE-EEEEEEEEEE
    95      1    -7.3756154976   0.000626341068       0.5938  EDDDDDDDDDDDDDD
    96      1   -21.2003309675   0.000000000621       0.0000  EDDG-EEEEDDEEEE
    97      1   -15.2955549717   0.000000227628       0.0002  EDEEEE-EEEEAEDE
    98      1    -7.9990243122   0.000335790094       0.3183  EDEEEE-EEEEEEEE
    99      1   -26.6810944785   0.000000000003       0.0000  EDGGEEEEEVVGRGG
   100      3    -3.1437702242   0.043119919289      40.8777  EE-------------
   101      1   -14.7966471242   0.000000374885       0.0004  EEAA-S-SSSSEAAA
   102      1    -8.3967853645   0.000225591354       0.2139  EEAAEE-EEEEEEEE
   103      1    -9.5491390261   0.000071262592       0.0676  EEAEEEEEEEEEEEE
   104      1    -7.3296317417   0.000655815052       0.6217  EEDDEEEEEEE-EEE
   105      1    -7.4984381355   0.000553948888       0.5251  EEDDEEEEEEEEEEE
   106      1   -14.3067156952   0.000000611889       0.0006  EEDEEE-EEEEEEEV
   107      6    -4.8233257329   0.008040003722       7.6219  EEEE-EEEEEEEEEE
   108      1   -10.1074545637   0.000040774464       0.0387  EEEE-EEEEEEEGEE
   109      1   -18.7368660317   0.000000007289       0.0000  EEEEDDDDDDDSDGD
   110      1   -31.0901538712   0.000000000000       0.0000  EEEEDRGGGGGEEGG
   111      1    -4.8944522619   0.007488009569       7.0986  EEEEE--EEEEEEEE
   112      1    -8.2745612431   0.000254919884       0.2417  EEEEEE-EEEEEDEE
   113     11    -4.9234377755   0.007274081156       6.8958  EEEEEE-EEEEEEEE
   114      9    -4.9371228851   0.007175212615       6.8021  EEEEEEEEEEEEEEE
   115      1    -9.1359631240   0.000107721311       0.1021  EEEEEEEEEEEEEEQ
   116      1    -8.4063999116   0.000223432789       0.2118  EEEEQQQQQQQEEEE
   117      1    -4.6545298855   0.009518386922       9.0234  EEEEXEEEEEE-EEE
   118      1    -9.5409336461   0.000071849734       0.0681  EEEQEEEEEEEEEEE
   119      1   -19.3285281614   0.000000004034       0.0000  EEGDGGGGGGGGGDG
   120      1    -7.4501714289   0.000581341945       0.5511  EEKK-KKKKKKKKKK
   121      1    -8.2548977159   0.000259982115       0.2465  EEKKEE-EEEEEEEE
   122      1   -12.0392458729   0.000005907748       0.0056  EELLVVVVVVVVVVV
   123      1   -27.7420236143   0.000000000001       0.0000  EEMMVM-MMMMMLTT
   124      1   -18.4404481503   0.000000009804       0.0000  EENHEE-EEEEEEKE
   125      1    -9.8695680840   0.000051725065       0.0490  EENNDDDDDDDDDDD
   126      1   -19.9110122809   0.000000002253       0.0000  EEQQ-GGEEEEEEEE
   127      1   -11.4740200028   0.000010396722       0.0099  EEQQDEEEEEEEEEE
   128      1    -7.7013642721   0.000452209825       0.4287  EEQQQQ-QQQQQQQQ
   129      1   -25.7828040354   0.000000000006       0.0000  EESSATTTTTTRRQR
   130      1   -15.1266322694   0.000000269518       0.0003  EETTAA-AAAAATTT
   131      1   -16.3213362613   0.000000081608       0.0001  EKEEKK-KKKKEEKE
   132      1   -14.9568853174   0.000000319380       0.0003  EKEGEEEEEEEEEEE
   133      1   -17.5824369359   0.000000023123       0.0000  EQGGGEEEEEEGGGG
   134      1    -8.6026653024   0.000183615749       0.1741  EQQQQQQQQQQQQQQ
   135      1   -24.9475691496   0.000000000015       0.0000  EQVVEE-EEEEEGGG
   136      1   -18.8094997268   0.000000006779       0.0000  ERGGGGGGGGGGGGR
   137      1   -10.2469017867   0.000035467216       0.0336  EVEEEEEEEEEEEEE
   138      1    -4.3110968569   0.013418822990      12.7210  FFFF-FFFFFF-FFF
   139      5    -4.4091004799   0.012166117076      11.5335  FFFF-FFFFFFFFFF
   140      1    -7.8149852854   0.000403640759       0.3827  FFFF-FFFFFFYFFF
   141      1   -12.1370943723   0.000005357065       0.0051  FFFF-FSFFFFFFFF
   142      1   -11.0858901032   0.000015327069       0.0145  FFFFCCCCCCCFFFF
   143      3    -4.4667996094   0.011484010419      10.8868  FFFFFF-FFFFFFFF
   144      7    -4.4746868717   0.011393789284      10.8013  FFFFFFFFFFFFFFF
   145      1   -14.1104409820   0.000000744583       0.0007  FFFFFFFFFFFIFFV
   146      1    -8.5005477941   0.000203356941       0.1928  FFFFLFFFFFFFFFF
   147      1   -16.2555986339   0.000000087153       0.0001  FFFFNFFFFFFFFLF
   148      1    -8.9462991380   0.000130218189       0.1234  FFIIIIIIIIIIIII
   149      1    -7.1102830882   0.000816663771       0.7742  FFLL-LLLLLLLLLL
   150      1    -7.7278159327   0.000440404942       0.4175  FFLLFF-FFFFFFFF
   151      1   -10.3569896823   0.000031769950       0.0301  FFLLFF-FFFFFLFF
   152      1   -11.5977193084   0.000009187017       0.0087  FFLLLLLLLLLFLLL
   153      2    -7.1780627758   0.000763144794       0.7235  FFLLLLLLLLLLLLL
   154      1   -12.3032404388   0.000004537019       0.0043  FFSSAA-AAAASSSS
   155      1   -11.0576786503   0.000015765625       0.0149  FFVVII-IIIIIIII
   156      1   -20.1288273953   0.000000001812       0.0000  FIVF-SSSSSS-FFF
   157      1    -8.1879659837   0.000277978723       0.2635  FLFF-FFFFFF-FFF
   158      1    -8.3515754208   0.000236024388       0.2238  FLFFFFFFFFFFFFF
   159      1    -8.0082160743   0.000332717734       0.3154  FLLLLLLLLLLLLLL
   160      1   -24.5106782943   0.000000000023       0.0000  FYGGEE-EEEEDDGD
   161      1    -8.2357353741   0.000265012020       0.2512  GAAAAA-AAAAAAAA
   162      1    -8.9353668669   0.000131649579       0.1248  GDDDDDDDDDDDDDD
   163      1   -22.2850489334   0.000000000210       0.0000  GDDNDD-NNNNDNDD
   164      1   -18.5033298763   0.000000009207       0.0000  GDGG-AAVAAAGGGG
   165      1   -27.7531284425   0.000000000001       0.0000  GDSSDNDDDGDDDDD
   166      1   -14.9285115922   0.000000328571       0.0003  GEEEEE-EEEEETEE
   167      1   -14.6202615964   0.000000447199       0.0004  GEGGGG-GGGGGEGG
   168      1   -17.8140261504   0.000000018343       0.0000  GETTIT-TTTTTTTT
   169      1   -11.3573818514   0.000011682929       0.0111  GGDDDD-DDDDNDDD
   170      1   -19.7690579093   0.000000002597       0.0000  GGDDDDDDDDDDYDG
   171      1    -8.3823011870   0.000228882637       0.2170  GGEE-EEEEEEEEEE
   172      1   -13.8689177146   0.000000947994       0.0009  GGEEEEEEEEEEEGE
   173      2    -3.2905629830   0.037232882016      35.2968  GGGG-GGGGGGGGGG
   174      1    -8.2899476899   0.000251027594       0.2380  GGGGDD-DDDDGGGG
   175      2    -3.3307790101   0.035765232734      33.9054  GGGGGG-GGGGGGGG
   176      1   -13.9633234373   0.000000862593       0.0008  GGGGGGGGGGGDEGG
   177      6    -3.3362759722   0.035569171971      33.7196  GGGGGGGGGGGGGGG
   178      1   -14.3248369171   0.000000600900       0.0006  GGGNGGGGGGGGGSG
   179      1   -11.2802782642   0.000012619362       0.0120  GGKK-RRRRRRKKKK
   180      1   -18.6524996922   0.000000007931       0.0000  GGNNDD-DDDDDDEN
   181      1   -18.7704659917   0.000000007048       0.0000  GGRR-NNNNNNNSSN
   182      1    -8.5956397038   0.000184910302       0.1753  GGRRGG-GGGGGGGG
   183      1   -13.6739822884   0.000001152033       0.0011  GGRRRR-RRRRTRRR
   184      1    -9.1087734196   0.000110690403       0.1049  GGVVVVVVVVVVVVV
   185      1   -11.0396216382   0.000016052890       0.0152  GNDDDDDDDDDDDDD
   186      1    -8.9509231166   0.000129617453       0.1229  GSSSSSSSSSSSSSS
   187      1   -34.4249286127   0.000000000000       0.0000  HDDHNNNSSSSNSNH
   188      1   -11.3867385476   0.000011344942       0.0108  HH--TS-SSSS----
   189      1   -10.8854347548   0.000018729050       0.0178  HHCCCCCCCCCCCCC
   190      1   -11.8469659820   0.000007160248       0.0068  HHHEHHHHHHHHHHH
   191      1    -5.3192961191   0.004896198853       4.6416  HHHH-HHHHHHHHHH
   192      1   -10.3064491473   0.000033416888       0.0317  HHHH-HHHHHHLHHH
   193      1    -5.4104457554   0.004469647398       4.2372  HHHHHHHHHHHHHHH
   194      1   -11.8850119972   0.000006892946       0.0065  HHKKRR-RRRRKKKK
   195      1   -16.5857669669   0.000000062646       0.0001  HHNNFYYYYYYYYYY
   196      1   -17.8133281634   0.000000018356       0.0000  HHYYHH-HHHHHQRH
   197      1    -9.8139243929   0.000054684820       0.0518  HNNNNN-NNNNNNNN
   198      1   -16.1752113040   0.000000094448       0.0001  HQLLILLLLLLLLLL
   199      1   -22.1011166746   0.000000000252       0.0000  HRHH-Q-QQQQHHNQ
   200      1   -18.6710193205   0.000000007785       0.0000  HYQQEE-EEEEEQQQ
   201      1    -7.9834115209   0.000341073855       0.3233  IA-------------
   202      1   -10.3397664075   0.000032321872       0.0306  IAAAAA-AAAAAAAA
   203      1   -10.8827325473   0.000018779728       0.0178  IIAA-VVVVVVAAAA
   204      1   -18.1119586358   0.000000013617       0.0000  IIAANNNNNNNVAAA
   205      1   -19.3176535607   0.000000004078       0.0000  IIAATATTTTTVVVV
   206      1   -32.2567742465   0.000000000000       0.0000  IICFVV-VLLLLIVV
   207      1   -10.6973049214   0.000022605780       0.0214  IIFF-LLLLLLLLLL
   208      3    -4.9915113584   0.006795386463       6.4420  IIII-IIIIIIIIII
   209      1   -12.7897258853   0.000002789283       0.0026  IIII-IIITTTIIII
   210      1    -5.0913577045   0.006149664789       5.8299  IIIIII-IIIIIIII
   211      1    -9.1961287222   0.000101431312       0.0962  IIIIII-VVVVIIII
   212      1    -4.9371415943   0.007175078373       6.8020  IIIIIIIIIII-III
   213      8    -5.1050077442   0.006066291937       5.7508  IIIIIIIIIIIIIII
   214      1   -10.8916835912   0.000018612380       0.0176  IIIIIIIIIIIIVVI
   215      1    -7.6052051523   0.000497853275       0.4720  IIIIIIIIIIIVIII
   216      1   -19.0067528519   0.000000005565       0.0000  IIIIIV-VVVVMVIV
   217      1   -18.3880746154   0.000000010331       0.0000  IIIITT-TTTTITTI
   218      1   -16.4828157886   0.000000069439       0.0001  IIIIVI-IIIILVVV
   219      1   -12.8194795689   0.000002707514       0.0026  IIIIVIIIIIIVVVV
   220      1    -9.0570085197   0.000116571176       0.1105  IIIIVV-VVVVVVVV
   221      1    -7.4661462275   0.000572128908       0.5424  IIIIVVVVVVVIIII
   222      1   -21.7783109820   0.000000000348       0.0000  IIIN-DDDDDD-IIV
   223      1   -12.9148677979   0.000002461185       0.0023  IILLHH-HHHHLLLL
   224      1   -12.8180635306   0.000002711351       0.0026  IILLIIIIIIIIIIT
   225      1   -14.8505626919   0.000000355208       0.0003  IILLLL-LLLLIVLL
   226      1   -20.3087265798   0.000000001514       0.0000  IILLLV-LFFFLLLL
   227      1   -12.5010622442   0.000003722697       0.0035  IIMMIMMMMMMMMMM
   228      1   -13.6138307922   0.000001223456       0.0012  IIMVMMMMMMMMMMM
   229      1   -22.1927124598   0.000000000230       0.0000  IINNNNNNNNNSHSS
   230      1   -33.3650413055   0.000000000000       0.0000  IISCTATIIIIAAAA
   231      1   -17.4740617087   0.000000025770       0.0000  IISSIV-VVVVLLLL
   232      1   -20.3193212372   0.000000001498       0.0000  IITTMIITTTTIIII
   233      1    -8.2892164981   0.000251211210       0.2381  IIVIII-IIIIIIII
   234      1    -7.1165433608   0.000811567203       0.7694  IIVV-IIIIIIIIII
   235      1   -12.6144061169   0.000003323786       0.0032  IIVVAAAAAAAAAAA
   236      1   -15.6586666159   0.000000158317       0.0002  IIVVIIVVVVVILII
   237      1   -13.6703179245   0.000001156262       0.0011  IIVVVV-VAVVVVVV
   238      1    -6.5014121773   0.001501317569       1.4232  IIVVVVVVVVVVVVV
   239      1   -24.0060892755   0.000000000038       0.0000  ILFFHHHHHHHHLLL
   240      1    -9.4573354727   0.000078114452       0.0741  ILVVVV-VVVVVVVV
   241      1   -22.1986572494   0.000000000229       0.0000  IMMMLIMMMMMMVMM
   242      1   -22.8336383355   0.000000000121       0.0000  IMTTVVVVVVVAATA
   243      1   -24.1732365798   0.000000000032       0.0000  ITAATAAAAAAATAT
   244      1   -20.0474064436   0.000000001966       0.0000  ITTTAT-TTTTAAAA
   245      1   -19.9438454272   0.000000002180       0.0000  IVAA-A-TTTTPAAA
   246      1    -9.9401902255   0.000048198135       0.0457  IVAAAA-AAAAAAAA
   247      1   -30.5872062455   0.000000000000       0.0000  IVHHTAAAAAAGGGD
   248      1   -12.7148841842   0.000003006048       0.0028  IVIIIIIIIIIIIIT
   249      1   -13.9261409125   0.000000895270       0.0008  IVIIIVVVVVVVIII
   250      1   -22.3476003166   0.000000000197       0.0000  IVIIMIIIIIIIMIM
   251      1   -21.1650123635   0.000000000643       0.0000  IVLI-VVVVIIVIVV
   252      1    -8.8186267239   0.000147951399       0.1403  IVLLLLLLLLLLLLL
   253      1   -26.8060331392   0.000000000002       0.0000  K-YYYN-NNNNNNKH
   254      1   -11.8335173806   0.000007257193       0.0069  KDNNNNNNNNNNNNN
   255      1    -8.6994221144   0.000166682106       0.1580  KEKKKKKKKKKKKKK
   256      1   -19.9930944165   0.000000002075       0.0000  KEKKSN-NNNNKKRK
   257      1   -18.1258483484   0.000000013429       0.0000  KIII-LLLLLLVIIV
   258      1   -36.5311054529   0.000000000000       0.0000  KKCY-SSSSSSEEGR
   259      1   -10.9768395833   0.000017093033       0.0162  KKEE-EEEEEEEEDE
   260      1    -7.5368896440   0.000533053031       0.5053  KKEE-EEEEEEEEEE
   261      2    -7.6380281870   0.000481777491       0.4567  KKEEEE-EEEEEEEE
   262      1    -7.4829101500   0.000562617729       0.5334  KKEEEEEEEEE-EEE
   263      1   -11.2793949618   0.000012630514       0.0120  KKEEEEEEEEEEEED
   264      1    -7.6517133443   0.000475229200       0.4505  KKEEEEEEEEEEEEE
   265      1   -11.3618837567   0.000011630452       0.0110  KKEEEEEEEEEKEEE
   266      1   -11.1775062095   0.000013985266       0.0133  KKEEEEEEEEEQEEE
   267      1   -15.6663706145   0.000000157102       0.0001  KKEQ-EEEEEEQEEE
   268      1   -16.9419819393   0.000000043872       0.0000  KKGG-Q-QQQQKEKK
   269      2    -4.5709914455   0.010347695454       9.8096  KKKK-K-KKKKKKKK
   270      3    -4.5834311690   0.010219770310       9.6883  KKKK-KKKKKKKKKK
   271      5    -4.6744187957   0.009330946748       8.8457  KKKKKK-KKKKKKKK
   272      1   -12.4597043197   0.000003879888       0.0037  KKKKKK-KKKKKRKR
   273      1   -10.5494026876   0.000026209131       0.0248  KKKKKK-KKKKMKKK
   274      1    -4.5330151082   0.010748220122      10.1893  KKKKKKKKKKK-KKK
   275      8    -4.6868557274   0.009215617062       8.7364  KKKKKKKKKKKKKKK
   276      2    -8.4436961932   0.000215253061       0.2041  KKKKKKKKKKKKRKK
   277      1   -14.8572374181   0.000000352845       0.0003  KKKKKKKKKKKRKER
   278      1   -10.4576824238   0.000028726732       0.0272  KKKKKKRRRRRKKKK
   279      1   -15.8344920166   0.000000132791       0.0001  KKKKKRRRKRRKKKK
   280      1    -9.3015352911   0.000091283976       0.0865  KKKKKRRRRRRKKKK
   281      1   -10.2767425883   0.000034424481       0.0326  KKKKKTTTTTT-KKK
   282      1    -8.9422737632   0.000130743422       0.1239  KKKKQKKKKKKKKKK
   283      1    -8.4390049346   0.000216265241       0.2050  KKKKRKKKKKKKKKK
   284      1    -9.1205222730   0.000109397527       0.1037  KKKRKKKKKKKKKKK
   285      1   -14.0564359305   0.000000785900       0.0007  KKKRRRRRRRRRKRR
   286      1   -10.2020824030   0.000037092996       0.0352  KKMMKK-KKKKKKKK
   287      1   -13.2664558904   0.000001731615       0.0016  KKMMMMMMMMMIMMM
   288      1   -16.3893992918   0.000000076238       0.0001  KKMMTKKKKKKMMMM
   289      1   -19.7510650807   0.000000002644       0.0000  KKNNKIIIIIIK-KR
   290      1    -8.4304772521   0.000218117369       0.2068  KKNNKKKKKKKKKKK
   291      1    -9.2555059396   0.000095583921       0.0906  KKQKKKKKKKKKKKK
   292      1    -8.1068210558   0.000301475726       0.2858  KKQQ-KKKKKKKKKK
   293      1   -15.4808156538   0.000000189133       0.0002  KKQQ-KKKQKKKKKK
   294      1   -15.4235742037   0.000000200275       0.0002  KKQQ-Q-QQQQKQRQ
   295      1    -7.8813235805   0.000377732766       0.3581  KKQQQQ-QQQQQQQQ
   296      1   -12.5340535719   0.000003601884       0.0034  KKQQQQQQQQQQQHQ
   297      1   -14.5172684940   0.000000495713       0.0005  KKRK-KKKKKKMKKK
   298      1   -12.4008474750   0.000004115100       0.0039  KKRKKKKKKKKKRKK
   299      1   -15.0473815448   0.000000291746       0.0003  KKRKMKKKKKKKKKK
   300      1    -6.8359414514   0.001074455292       1.0186  KKRR-R-RRRRRRRR
   301      1   -10.6037077197   0.000024823799       0.0235  KKRR-RRRRRRKKKK
   302      1   -16.2971732844   0.000000083604       0.0001  KKRRKR-SSSSRRRR
   303      1   -11.7689255943   0.000007741419       0.0073  KKRRNNNNNNN-RRR
   304      1    -6.9374082818   0.000970782334       0.9203  KKRRRRRRRRRRRRR
   305      1   -12.1238441970   0.000005428519       0.0051  KKSS-GGGGGGGGGG
   306      1   -19.9504053109   0.000000002166       0.0000  KNDDEDDDDDD-DHD
   307      1    -9.0323999377   0.000119475415       0.1133  KNNN-N-NNNNNNNN
   308      1   -15.8252071653   0.000000134029       0.0001  KQQQ-E-EEEEQQRQ
   309      1   -33.8116635756   0.000000000000       0.0000  KQRCHQQQQRR-HHH
   310      1   -26.6913107555   0.000000000003       0.0000  KQRRHH-HHHHLCRR
   311      1   -16.7721123620   0.000000051995       0.0000  KQTTQQQQQQQ-EEE
   312      1    -5.8112190942   0.002993778149       2.8381  KR-------------
   313      1   -10.8200548045   0.000019994470       0.0190  KREE-EEEEEEEEEE
   314      1   -23.3058054785   0.000000000076       0.0000  KREKKR-RRRRRRRS
   315      1   -20.9972224351   0.000000000760       0.0000  KRPPEE-EEEEEQQQ
   316      1   -20.7324888574   0.000000000991       0.0000  KRRGQQQQQQQKKKK
   317      1   -19.7711691901   0.000000002591       0.0000  KRRRKKKKKKKRNKR
   318      1   -12.3861058279   0.000004176212       0.0040  KVRR-RRRRRRRRRR
   319      1   -12.7242380455   0.000002978061       0.0028  LFFL-FFFFFFFFFF
   320      1    -5.8479378469   0.002885844079       2.7358  LI-------------
   321      1   -17.2048349371   0.000000033731       0.0000  LILLLLLLLLLLLFV
   322      1   -12.8963831803   0.000002507102       0.0024  LINNNNNNNNNNNNN
   323      2    -2.6262382033   0.072350117393      68.5879  LL-------------
   324      1    -8.5878610264   0.000186354269       0.1767  LL--DD-DDDD----
   325      1    -8.3184305355   0.000243978479       0.2313  LLAAAAAAAAAAAAA
   326      1   -19.4535233132   0.000000003560       0.0000  LLFF-F-FFFFILFL
   327      1   -14.7354050562   0.000000398561       0.0004  LLFF-FFFFFFLLFF
   328      1   -10.4414591887   0.000029196574       0.0277  LLFF-L-LLLLLFLL
   329      1    -7.6804906772   0.000461748274       0.4377  LLFF-LLLLLLLLLL
   330      1   -18.8215002627   0.000000006698       0.0000  LLFFFFFFFFFYFLL
   331      1   -12.1593502032   0.000005239156       0.0050  LLFFLL-LLLLFLLL
   332      1   -12.3490302208   0.000004333954       0.0041  LLFFLL-LLLLYFFF
   333      1   -14.3392792420   0.000000592284       0.0006  LLFFLLLLLLLLHLL
   334      2    -7.7472506343   0.000431928439       0.4095  LLFFLLLLLLLLLLL
   335      1   -14.5147463813   0.000000496965       0.0005  LLII-IFFFFFIIII
   336      1    -7.1218976485   0.000807233451       0.7653  LLII-LLLLLLLLLL
   337      1    -7.1412341604   0.000791774317       0.7506  LLIIIIIIIIIIIII
   338      1   -17.0137070610   0.000000040836       0.0000  LLIIMM-MMMMIVIV
   339      1    -8.1188629863   0.000297867147       0.2824  LLIL-LLLLLLLLLL
   340      1    -8.1605962878   0.000285691989       0.2708  LLILL--LLLLLLLL
   341      1    -8.1856229354   0.000278630804       0.2641  LLILLLLLLLLLLLL
   342      1   -18.1015263746   0.000000013760       0.0000  LLLFLLLLLLVLLLL
   343      1   -12.1603590749   0.000005233873       0.0050  LLLL-F-FFFFFLLL
   344      5    -3.6062961976   0.027152227342      25.7403  LLLL-L-LLLLLLLL
   345      1    -9.7853825928   0.000056268111       0.0533  LLLL-LIIIIILLLL
   346      9    -3.6143285439   0.026935004821      25.5344  LLLL-LLLLLLLLLL
   347      1    -8.3975034424   0.000225429420       0.2137  LLLL-LLLLLLLLML
   348      1   -11.4758540379   0.000010377671       0.0098  LLLL-LLSSSSLLLL
   349      1   -15.9365331984   0.000000119909       0.0001  LLLLAI-VVVVLLLL
   350      1    -8.0180044623   0.000329476851       0.3123  LLLLFF-FFFFLLLL
   351      1    -8.0258934649   0.000326887833       0.3099  LLLLFFFFFFFLLLL
   352      1   -17.3589136949   0.000000028915       0.0000  LLLLFL-LLLLVLFL
   353      1   -14.3582292159   0.000000581166       0.0006  LLLLFWWWWWWLLLL
   354      1    -7.5115267604   0.000546745701       0.5183  LLLLIIIIIIILLLL
   355      1   -12.2897969106   0.000004598424       0.0044  LLLLIL-LLLLFLLL
   356      1    -3.6560618441   0.025834051180      24.4907  LLLLL--LLLLLLLL
   357      1    -7.9571218507   0.000350159480       0.3320  LLLLLL-LLLLLLIL
   358     14    -3.6730582090   0.025398676591      24.0779  LLLLLL-LLLLLLLL
   359      1    -8.0345099783   0.000324083299       0.3072  LLLLLL-LLLLLVLL
   360      1   -10.4194426296   0.000029846510       0.0283  LLLLLLLLLFF-LLL
   361      1    -3.5818381075   0.027824506788      26.3776  LLLLLLLLLLL-LLL
   362      1   -14.2840584755   0.000000625910       0.0006  LLLLLLLLLLLFLLS
   363      1    -8.5913450003   0.000185706145       0.1760  LLLLLLLLLLLLLFL
   364     22    -3.6810884916   0.025195534775      23.8854  LLLLLLLLLLLLLLL
   365      1    -8.1275089578   0.000295302897       0.2799  LLLLLLLLLLLLLVL
   366      1    -7.9894360473   0.000339025224       0.3214  LLLLLLLLLLLMLLL
   367      1   -15.5726934401   0.000000172530       0.0002  LLLLLLLLLLLSSSS
   368      1   -11.3869256437   0.000011342820       0.0108  LLLLLLLQLLLLLLL
   369      1    -9.9972305281   0.000045525838       0.0432  LLLLLLLVLLLLLLL
   370      1   -14.7356471350   0.000000398465       0.0004  LLLLMMMMMTTLLLL
   371      1    -9.3600111625   0.000086099138       0.0816  LLLLSSSSSSSLLLL
   372      1   -13.4893580584   0.000001385627       0.0013  LLLLVVVVVVVLLQL
   373      1   -14.1008334666   0.000000751771       0.0007  LLLQQQQQQQQQQQQ
   374      1    -8.6659960962   0.000172347789       0.1634  LLMLLLLLLLLLLLL
   375      1   -13.0166729149   0.000002222956       0.0021  LLMLMMMMMMMLLLL
   376      1    -7.7181500894   0.000444682466       0.4216  LLMMLLLLLLLLLLL
   377      1   -15.5657038768   0.000000173740       0.0002  LLMMMMMMMMMMIIM
   378      1   -14.1322865665   0.000000728494       0.0007  LLPPPPPPPPPPPLP
   379      1   -15.6010014739   0.000000167715       0.0002  LLQQ-LLLLLLLWLL
   380      1   -11.0439638907   0.000015983336       0.0152  LLTTIIIIIIIIIII
   381      1   -25.0075197967   0.000000000014       0.0000  LLVAVL-LLLLPVLL
   382      1   -14.0208120832   0.000000814402       0.0008  LLVLLFFFFFF-LLL
   383      1   -18.4647584637   0.000000009569       0.0000  LLVLSSSSSSSFLLL
   384      1    -7.2398013613   0.000717454260       0.6801  LLVV-LLLLLLLLLL
   385      1   -11.5031179194   0.000010098558       0.0096  LLVVILLLLLLLLLL
   386      1   -14.6338791037   0.000000441151       0.0004  LLVVIT-TTTTVVVV
   387      1   -13.0126523117   0.000002231911       0.0021  LLVVLLLLLLLVVVL
   388      1   -17.2534455018   0.000000032131       0.0000  LLYYRH-HHHHYYYY
   389      1   -12.3461251568   0.000004346563       0.0041  LMLL-L-LLLLMLLL
   390      1    -8.0462253149   0.000320308708       0.3037  LMLL-LLLLLLLLLL
   391      1    -8.1132660789   0.000299538956       0.2840  LMLLLLLLLLLLLLL
   392      1    -8.5597944975   0.000191658676       0.1817  LMMM-MMMMMM-MMM
   393      1   -27.1936640825   0.000000000002       0.0000  LSAAVIIIIIIISSS
   394      1    -9.5555507390   0.000070807138       0.0671  LSLLLL-LLLLLLLL
   395      1   -10.2352583555   0.000035882589       0.0340  LSSSSSSSSSSSSSS
   396      1   -14.2395256773   0.000000654414       0.0006  MIFFLLLLLLLLLLL
   397      1   -10.1733644590   0.000038173673       0.0362  MILLLLLLLLLLLLL
   398      1   -30.8179673188   0.000000000000       0.0000  MIRSMMMMMMMTATA
   399      1   -18.6352634074   0.000000008069       0.0000  MIVMVMMMMMMMMMM
   400      1   -38.2361985258   0.000000000000       0.0000  MKCCTMMMMMMFKRR
   401      1    -7.8577448975   0.000386745038       0.3666  MLLLLLLLLLLLLLL
   402      1    -9.1838937185   0.000102679947       0.0973  MLMMMM-MMMMMMMM
   403      1   -19.5639973801   0.000000003188       0.0000  MLVVII-IIIIMLLL
   404      1    -4.2614564703   0.014101748667      13.3685  MM-------------
   405      1    -9.3081291214   0.000090684045       0.0860  MMAAAAAAAAAAAAA
   406      1   -26.9423384859   0.000000000002       0.0000  MMIMEVVVVVVVMMI
   407      1   -12.7321182707   0.000002954686       0.0028  MMKKRRRRRRRRRRR
   408      1    -7.2020114114   0.000745085626       0.7063  MMLL-LLLLLLLLLL
   409      1    -7.2625093527   0.000701345901       0.6649  MMLLLL-LLLLLLLL
   410      1    -8.4854318079   0.000206454232       0.1957  MMLLMM-MMMMMMMM
   411      1   -13.5507362733   0.000001303137       0.0012  MMMI-IIIIIIIIII
   412      1    -6.0638960545   0.002325323629       2.2044  MMMM-M-MMMMMMMM
   413      1    -5.8962324524   0.002749785274       2.6068  MMMM-MMMMMM-MMM
   414      1   -11.4849955836   0.000010283236       0.0097  MMMM-MMMMMMMMMK
   415      1   -15.5955910597   0.000000168625       0.0002  MMMMKMMMMMMMMVM
   416      1    -6.1853515422   0.002059377467       1.9523  MMMMMM-MMMMMMMM
   417      1   -12.0348596908   0.000005933717       0.0056  MMMMMMMIMMMMMMM
   418      1    -8.9403723339   0.000130992258       0.1242  MMMMMMMMMMMLMMM
   419      3    -6.1999524010   0.002029527238       1.9240  MMMMMMMMMMMMMMM
   420      1   -10.6690243841   0.000023254210       0.0220  MMMMMMMMMMMMMMV
   421      1   -10.8729823683   0.000018963730       0.0180  MMMMTMMMMMMMMMM
   422      1   -19.6784434074   0.000000002843       0.0000  MMMMVMMMMMMMVMA
   423      1   -14.4112024359   0.000000551181       0.0005  MMMVVV-VVVVVVVV
   424      1   -13.3651704726   0.000001568846       0.0015  MMTTI--IIIIMMMM
   425      1   -10.0469392524   0.000043318132       0.0411  MMTTMMMMMMMMMMM
   426      1    -9.1367042059   0.000107641510       0.1020  MMTTTT-TTTTTT-T
   427      1   -15.7477735950   0.000000144820       0.0001  MMVVIIIIIIIIIIM
   428      1   -12.9746927140   0.000002318262       0.0022  MMVVMMMMMMMIMMM
   429      1   -27.8028024420   0.000000000001       0.0000  MNNNMI-IIIILIII
   430      1   -26.3684464348   0.000000000004       0.0000  MVFFIL-LLLLFCFF
   431      1   -15.8586030467   0.000000129627       0.0001  MVLM-LLLLLLLLLL
   432      1   -25.0421960669   0.000000000013       0.0000  NDEEGGGGGGGVDND
   433      1    -8.9613226132   0.000128276481       0.1216  NDNNNNNNNNNNNNN
   434      1   -20.5811908447   0.000000001153       0.0000  NEQQ-QQQQQQKQKK
   435      1   -20.2380048273   0.000000001625       0.0000  NHHH-RRHRRRHHHH
   436      1   -11.2719019907   0.000012725509       0.0121  NKEEEEEEEEEEEEE
   437      1    -9.4933853129   0.000075348592       0.0714  NKNNNN-NNNNNNNN
   438      1    -6.6701392575   0.001268222129       1.2023  NN--KK-KKKK----
   439      3    -7.2683120715   0.000697287973       0.6610  NNDDDDDDDDDDDDD
   440      1    -8.8529652186   0.000142957208       0.1355  NNEEEEEEEEEEEEE
   441      1   -13.7666905839   0.000001050031       0.0010  NNEEHH-HHHHEEEE
   442      1   -16.0614684717   0.000000105826       0.0001  NNEEQQ-QQQQEEEQ
   443      1   -16.7605699083   0.000000052599       0.0000  NNGG-NNNNNNGGVG
   444      1   -19.3698948596   0.000000003870       0.0000  NNHHED-DDDDQHHH
   445      1   -12.2341931353   0.000004861356       0.0046  NNHHHHHHHHHNHHH
   446      1   -12.0710016789   0.000005723090       0.0054  NNHHQQQQQQQHHHH
   447      1   -17.4469153168   0.000000026479       0.0000  NNIINNNNNNNSSNN
   448      1    -5.5640585426   0.003833187630       3.6339  NNNN-N-NNNNNNNN
   449      2    -5.5801137937   0.003772136249       3.5760  NNNN-NNNNNNNNNN
   450      1   -10.6063025175   0.000024759470       0.0235  NNNNNN-NNNNNNNH
   451      1    -5.6975926240   0.003354030158       3.1796  NNNNNN-NNNNNNNN
   452      1    -5.5143375449   0.004028595218       3.8191  NNNNNNNNNNN-NNN
   453      1    -9.7694158012   0.000057173743       0.0542  NNNNNNNNNNNNNKN
   454      8    -5.7136460666   0.003300616313       3.1290  NNNNNNNNNNNNNNN
   455      1   -19.2658950389   0.000000004295       0.0000  NNNNSNNNNNNNSSS
   456      1   -13.6500664081   0.000001179917       0.0011  NNNS-NNNNNNNNND
   457      1    -9.9022718776   0.000050060821       0.0475  NNNS-NNNNNNNNNN
   458      1   -13.9637939238   0.000000862187       0.0008  NNNSNNNNNNNTNNN
   459      1   -18.9683898696   0.000000005783       0.0000  NNNTTTTTTTTDTTT
   460      1   -31.9559815871   0.000000000000       0.0000  NNRRSS-RSSSRKNS
   461      1   -11.0293746202   0.000016218230       0.0154  NNSSNNNNNNNNSNN
   462      1   -13.5116882247   0.000001355028       0.0013  NSAATTTTTTTTTTT
   463      1   -10.3628409273   0.000031584599       0.0299  NSDDDDDDDDDDDDD
   464      1   -11.5794939273   0.000009355989       0.0089  NSEEEEEEEEEEEEE
   465      1    -9.0888579584   0.000112916951       0.1070  NTTTTTTTTTTTTTT
   466      2    -3.2331365909   0.039433617484      37.3831  PP-------------
   467      2    -4.0665490193   0.017136424052      16.2453  PPPP-PPPPPPPPPP
   468      3    -4.1154782236   0.016318134827      15.4696  PPPPPP-PPPPPPPP
   469      1    -9.4394869162   0.000079521199       0.0754  PPPPPP-PPPPPTPP
   470      5    -4.1221650120   0.016209382917      15.3665  PPPPPPPPPPPPPPP
   471      1    -8.2516345046   0.000260831878       0.2473  PPPPPPPPPPPSPPP
   472      1    -9.5124842918   0.000073923167       0.0701  PPPPQQ-QQQQPPPP
   473      1    -8.3686777302   0.000232022147       0.2200  PPPPSSSSSSSPPPP
   474      1    -8.1181066636   0.000298092516       0.2826  PPSS-SSSSSSSSSS
   475      1   -14.9268383288   0.000000329122       0.0003  PPSSSSSPPPPSSSS
   476      1   -20.2055791547   0.000000001678       0.0000  PPTSPPPPPSSSSSS
   477      1   -27.2373125785   0.000000000001       0.0000  PSTAADAAAAADAAA
   478      1   -11.6700608353   0.000008545884       0.0081  PTSSSSSSSSSSSSS
   479      1    -8.3416725759   0.000238373312       0.2260  QEEEEEEEEEEEEEE
   480      1   -11.1012481884   0.000015093473       0.0143  QH--SS-SSSS----
   481      1   -20.9663992772   0.000000000784       0.0000  QHPPPPPPPPPHPPH
   482      1   -19.4276495547   0.000000003653       0.0000  QKKKEEEGEEEKKKK
   483      1    -7.4721314539   0.000568714815       0.5391  QQEE-EEEEEEEEEE
   484      1   -19.7589748062   0.000000002623       0.0000  QQGEQHQQQQQQQQQ
   485      1   -13.3778203542   0.000001549125       0.0015  QQHH-Q-QQQQHQQQ
   486      1   -23.1323667057   0.000000000090       0.0000  QQHQQQQQQQQHRRQ
   487      1   -13.4315311866   0.000001468115       0.0014  QQKKKK-KKRRKKKK
   488      1    -7.6701412793   0.000466551905       0.4423  QQKKKKKKKKKKKKK
   489      1    -8.5312733353   0.000197203704       0.1869  QQKKQQ-QQQQQQQQ
   490      1   -12.3712412420   0.000004238754       0.0040  QQLLEEEEEEE-QQQ
   491      1    -9.8104879843   0.000054873063       0.0520  QQQEQQ-QQQQQQQQ
   492      1    -9.2602093556   0.000095135406       0.0902  QQQQ-QQQQQQQQQE
   493      1    -9.9068783726   0.000049830746       0.0472  QQQQ-QQQQQQQQRQ
   494      1    -9.3676639719   0.000085442752       0.0810  QQQQKQQQQQQQQQQ
   495      1   -13.7431161653   0.000001075079       0.0010  QQQQLLLLLLLRQQQ
   496      1    -5.6070525551   0.003671876076       3.4809  QQQQQ--QQQQQQQQ
   497      1   -10.5007219219   0.000027516577       0.0261  QQQQQQ-QQQQQLQQ
   498      2    -5.6392732597   0.003555451357       3.3706  QQQQQQ-QQQQQQQQ
   499      5    -5.6545217120   0.003501647482       3.3196  QQQQQQQQQQQQQQQ
   500      1   -11.3659874806   0.000011582821       0.0110  QQQQQRQQQQQQQQQ
   501      1   -25.7861876462   0.000000000006       0.0000  QQQQRHRRRRRQHHH
   502      1   -17.7778475422   0.000000019019       0.0000  QQQQRR-RRRRHRQQ
   503      1    -9.3593166961   0.000086158951       0.0817  QQQQRRRRRRRQQQQ
   504      1   -17.2717120743   0.000000031549       0.0000  QQQQSTTTTTTRQQQ
   505      1   -10.5595733398   0.000025943918       0.0246  QQQR-Q-QQQQQQQQ
   506      1   -18.9009861204   0.000000006186       0.0000  QQRRKK-KKKKKGRK
   507      1   -17.4523228676   0.000000026336       0.0000  QQVALLLLLLLVVVV
   508      1    -6.8698954488   0.001038585644       0.9846  QR-------------
   509      1   -11.6769988596   0.000008486797       0.0080  QWWWWWWWWWWWWWW
   510      1   -15.7011216801   0.000000151736       0.0001  RCNNNN-NNNNNNNN
   511      1   -30.0351736655   0.000000000000       0.0000  RCYY-HHHHHHRNYY
   512      1   -21.0189254133   0.000000000744       0.0000  RDNNDKKKKKKNNNN
   513      1   -26.6796322277   0.000000000003       0.0000  RGDS-KNNNNN-DDD
   514      1   -22.7050894298   0.000000000138       0.0000  RKGRKKEKKKKKKKK
   515      1    -7.6519983155   0.000475093793       0.4504  RKKK-KKKKKK-KKK
   516      1   -11.8497967030   0.000007140008       0.0068  RKKK-TTTTTTKKKK
   517      1    -7.8969773951   0.000371865847       0.3525  RKKKKK-KKKKKKKK
   518      1   -14.6527999046   0.000000432882       0.0004  RKKQQ--QQQQQQQQ
   519      1    -8.0041043685   0.000334088587       0.3167  RKRRRRRRRRRRRRR
   520      1   -25.7543632519   0.000000000007       0.0000  RQEE-NNNNNNLNQQ
   521      1    -9.4211187689   0.000080995354       0.0768  RQQQQQ-QQQQQQQQ
   522      1    -9.4363672218   0.000079769668       0.0756  RQQQQQQQQQQQQQQ
   523      2    -3.3612884106   0.034690534487      32.8866  RR-------------
   524      1    -8.0469689410   0.000320070607       0.3034  RRGG-GGGGGGGGGG
   525      2    -6.9651358451   0.000944234657       0.8951  RRKK-KKKKKKKKKK
   526      1   -14.7073949384   0.000000409883       0.0004  RRKKK--KKKKKRKR
   527      1    -7.0579045117   0.000860579540       0.8158  RRKKKK-KKKKKKKK
   528      2    -7.0703416584   0.000849942669       0.8057  RRKKKKKKKKKKKKK
   529      1   -12.5519669889   0.000003537936       0.0034  RRKR-SSSSSSRRRR
   530      1   -18.4132351230   0.000000010075       0.0000  RRNKRGGGGGGRRRR
   531      1   -18.5898814582   0.000000008443       0.0000  RRNNNNNNNNNSSNS
   532      1   -17.5503965049   0.000000023876       0.0000  RRNNNSSSSSS-SNN
   533      1   -17.7337193394   0.000000019877       0.0000  RRPP-QQQQQQPQQQ
   534      1    -4.6831219948   0.009250090028       8.7691  RRRR-R-RRRRRRRR
   535      1   -16.9839733863   0.000000042068       0.0000  RRRRHR-RRRRRRCR
   536      1    -8.9088215624   0.000135191054       0.1282  RRRRQQQQQQQRRRR
   537      1    -4.7726700302   0.008457767490       8.0180  RRRRRR-RRRRRRRR
   538      1    -8.4845259808   0.000206641328       0.1959  RRRRRRRRRRRRRRK
   539      6    -4.7834384242   0.008367179537       7.9321  RRRRRRRRRRRRRRR
   540      1    -4.6938917012   0.009151003796       8.6752  RRRRXRRRRRRRRRR
   541      1   -21.5810386429   0.000000000424       0.0000  RRSS-AEAAAATTTT
   542      1    -8.6500949205   0.000175110226       0.1660  RRSSSSSSSSSSSSS
   543      1   -22.5927342158   0.000000000154       0.0000  RRTNNNNNNNNASSS
   544      1   -20.2438606014   0.000000001615       0.0000  RRTT-TIIIIIIIII
   545      1   -14.8927675741   0.000000340528       0.0003  RSHH-SSSSSSSSSS
   546      1   -24.0525945795   0.000000000036       0.0000  SACC-HHHHRRCCCC
   547      1   -10.7265746684   0.000021953704       0.0208  SAEEEEEEEEEEEEE
   548      1   -29.6904458176   0.000000000000       0.0000  SAIMTTTTTTTTTRI
   549      1    -8.3035974838   0.000247624398       0.2347  SASSSS-SSSSSSSS
   550      1   -11.9677993676   0.000006345280       0.0060  SCAAAA-AAAAAAAA
   551      1   -10.5883573087   0.000025207794       0.0239  SCSS-SSSSSSSSSS
   552      1   -12.4982684363   0.000003733112       0.0035  SGGGGGGGGGGDGGG
   553      1   -13.5904719938   0.000001252371       0.0012  SGGGTT-TTTTGGGG
   554      1   -18.7584414303   0.000000007134       0.0000  SHDD-EEEEEEDEDD
   555      1   -23.6315275778   0.000000000055       0.0000  SILLVV-IIIILILL
   556      1   -10.4871790423   0.000027891766       0.0264  SLSS-SSSSSSSSSS
   557      1   -25.8820445341   0.000000000006       0.0000  SNTTNS-SSSSINSS
   558      1   -13.1246451101   0.000001995442       0.0019  SPFFFF-FFFFFFFF
   559      1    -3.0018839782   0.049693358917      47.1093  SS-------------
   560      1   -11.3985208808   0.000011212057       0.0106  SSAAAAAAAAAAAAV
   561      1   -11.3120378171   0.000012224874       0.0116  SSAASS-SSSSSSAS
   562      1   -15.2938547728   0.000000228015       0.0002  SSCC-SSSSSSCSSS
   563      1   -23.7422031827   0.000000000049       0.0000  SSCC-Y-YYYYCYYC
   564      1   -13.0950173628   0.000002055447       0.0019  SSCCSCCCCCCCCCC
   565      1   -18.6028449863   0.000000008335       0.0000  SSCSSS-SSSSNTSS
   566      1   -21.2396520024   0.000000000597       0.0000  SSFIII-IIIITTTT
   567      1   -10.4134164727   0.000030026913       0.0285  SSGGAAAAAAAAAAA
   568      1   -11.9744162391   0.000006303432       0.0060  SSHH-N-NNNNHHHH
   569      1   -22.9695102685   0.000000000106       0.0000  SSIISSSSSSSNNSH
   570      1   -10.8891162013   0.000018660227       0.0177  SSKK-RRRRRRRRRR
   571      1   -13.4672117046   0.000001416656       0.0013  SSLL-LLLLLLLLLF
   572      1   -16.0541139464   0.000000106607       0.0001  SSNNHH-HHHHHNNN
   573      1   -11.8920328145   0.000006844721       0.0065  SSNNNNNNNNNNKNN
   574      1    -8.8675688233   0.000140884687       0.1336  SSPP-SSSSSSSSSS
   575      1    -8.9956538216   0.000123947332       0.1175  SSPPSSSSSSSSSSS
   576      1   -23.0802058226   0.000000000095       0.0000  SSQQSS-SSSSLQPP
   577      1   -12.6056201641   0.000003353117       0.0032  SSRRR--RRRRSRRR
   578      1   -11.6436666235   0.000008774449       0.0083  SSSCSS-SSSSSSSS
   579      1   -13.7462061530   0.000001071762       0.0010  SSSS-C-CCCCSSSA
   580      1    -4.8801870626   0.007595593043       7.2006  SSSS-S-SSSSSSSS
   581      1   -10.5779524728   0.000025471447       0.0241  SSSS-SSSSSSFSSS
   582      2    -4.8955900301   0.007479494794       7.0906  SSSS-SSSSSSSSSS
   583      1    -9.2092255094   0.000100111548       0.0949  SSSSPP-PPPPSSSS
   584      1   -20.3593265013   0.000000001439       0.0000  SSSSSS-SSSSGLGG
   585      4    -5.0082758046   0.006682415169       6.3349  SSSSSS-SSSSSSSS
   586      8    -5.0236750234   0.006580299465       6.2381  SSSSSSSSSSSSSSS
   587      1   -10.9528995563   0.000017507179       0.0166  SSSSSSSSSSSSSYS
   588      1   -23.8693383300   0.000000000043       0.0000  SSTTSSSSSSSPGGA
   589      1   -36.1153721962   0.000000000000       0.0000  SSVVHHPPLPPVLVV
   590      1   -27.5851997711   0.000000000001       0.0000  SSWWFLLLLLLSLLS
   591      1   -22.4974886637   0.000000000170       0.0000  SSYY-QQQQQQHYHY
   592      1   -21.6898388846   0.000000000380       0.0000  STAA-TAAAAAYAAA
   593      1   -15.9656149386   0.000000116472       0.0001  STAA-TTTTTTPTTT
   594      1   -17.2774402561   0.000000031369       0.0000  SVTTVVVVVVV-III
   595      1   -12.5661596784   0.000003488078       0.0033  SYYYFF-FFFFYYYY
   596      1    -6.0198348713   0.002430070836       2.3037  TA-------------
   597      1    -8.1605514843   0.000285704790       0.2708  TAAAAAAAAAAAAAA
   598      1    -8.5614421960   0.000191343140       0.1814  TATTTTTTTTTTTTT
   599      1   -15.9825897072   0.000000114512       0.0001  TATTVAAAAAAAAAA
   600      1   -21.3091722986   0.000000000557       0.0000  TGVVVVVIVVVIVVV
   601      1   -21.0620271409   0.000000000713       0.0000  TITT-TITTTTITTT
   602      1    -7.6406890884   0.000480497233       0.4555  TL-------------
   603      1   -13.7139912899   0.000001106851       0.0010  TMMM-MMMMMMIMMM
   604      1   -36.2292030981   0.000000000000       0.0000  TMMMNRSSSSSMSTM
   605      1   -13.4588001251   0.000001428622       0.0014  TMRRRRRRRRR-RRR
   606      1   -10.9914361474   0.000016845346       0.0160  TNDDDDDDDDDDDDD
   607      1    -7.5218502744   0.000541130399       0.5130  TP-------------
   608      1   -19.0080497413   0.000000005558       0.0000  TRMMMM-MMMMKMMM
   609      1   -11.7088121188   0.000008221054       0.0078  TSSSSS-SSSSSTSS
   610      1    -3.0770181410   0.046096505198      43.6995  TT-------------
   611      1    -7.1969176822   0.000748890573       0.7099  TTAA-AAAAAAAAAA
   612      1    -7.8449801379   0.000391713388       0.3713  TTAA-TTTTTTTTTT
   613      1    -7.3008725777   0.000674949572       0.6399  TTAAAAAAAAAAAAA
   614      1   -13.0629001790   0.000002122533       0.0020  TTEEEE-EEEEEEEK
   615      1   -27.5248972494   0.000000000001       0.0000  TTGGSP-PPPPPAPT
   616      1   -13.8754249851   0.000000941845       0.0009  TTLL-LLLLLLMMMM
   617      1   -13.1723312503   0.000001902520       0.0018  TTNNHNNNNNNNNNN
   618      1   -20.7601783616   0.000000000964       0.0000  TTRRRR-RRRRGTTT
   619      1   -22.5543367696   0.000000000160       0.0000  TTSSGE-EEEERRRR
   620      1   -19.5071262194   0.000000003374       0.0000  TTSSSFLLLLLSSSS
   621      1   -22.0892620450   0.000000000255       0.0000  TTTRRRRRRRRTTTI
   622      1    -4.6543505396   0.009520094159       9.0250  TTTT-TTTTTTTTTT
   623      1   -14.2732753377   0.000000632696       0.0006  TTTTIIVIIIITTTT
   624      1   -24.8268651510   0.000000000017       0.0000  TTTTNSNNNNNKNKK
   625      1    -9.6829709661   0.000062336030       0.0591  TTTTPP-PPPPTTTT
   626      1   -18.3129527160   0.000000011137       0.0000  TTTTSSSSSSSTPNT
   627      1    -4.7477651079   0.008671052431       8.2202  TTTTTT-TTTTTTTT
   628      1   -12.5390399825   0.000003583968       0.0034  TTTTTTTMTTTTTTT
   629      1    -4.6021644527   0.010030102551       9.5085  TTTTTTTTTTT-TTT
   630      2    -4.7605327072   0.008561047651       8.1159  TTTTTTTTTTTTTTT
   631      1   -11.9948854399   0.000006175718       0.0059  TTVA-TTTTTTTTTT
   632      1   -13.9577578781   0.000000867407       0.0008  TTVVVVAAAAAVVVV
   633      1    -8.0925133732   0.000305820150       0.2899  VAAAAA-AAAAAAAA
   634      1   -10.1521044970   0.000038993933       0.0370  VIAAAA-AAAAAAAA
   635      1    -7.3514521038   0.000641659927       0.6083  VIII-IIIIIIIIII
   636      1   -16.1572358989   0.000000096162       0.0001  VIIIIV-IVVVIIII
   637      1   -15.3724137162   0.000000210788       0.0002  VIIIVIIIIIIFIII
   638      1   -20.4458597462   0.000000001320       0.0000  VIIVTVVVVVV-IVI
   639      1    -8.7412434921   0.000159854986       0.1515  VILLLLLLLLLLLLL
   640      1   -21.7687323116   0.000000000352       0.0000  VLIMGGGGGGGVVVV
   641      1    -7.4705661068   0.000569605748       0.5400  VLLL-LLLLLLLLLL
   642      1   -29.8533126764   0.000000000000       0.0000  VLVMVM-MMTTMMLM
   643      1   -17.1670893123   0.000000035029       0.0000  VLVVLL-LLLLVVMV
   644      1    -8.4021833529   0.000224376895       0.2127  VLVVVVVVVVVVVVV
   645      1   -16.9219689750   0.000000044759       0.0000  VMVVMM-MMMMVMMM
   646      1   -12.2701233973   0.000004689787       0.0044  VMXXGG-GGGGXXXX
   647      1   -25.2885816131   0.000000000010       0.0000  VRVVAASAAAAVTVV
   648      1   -24.8906622512   0.000000000015       0.0000  VSSSM--VVVVAVVV
   649      1   -15.1580594835   0.000000261179       0.0002  VTIILLLLLLLVVVV
   650      1    -2.9055317994   0.054719682968      51.8743  VV-------------
   651      1    -7.1351161801   0.000796633225       0.7552  VVAA-A-AAAAAAAA
   652      1   -17.4807896581   0.000000025597       0.0000  VVAAVV-VVVVILLL
   653      1   -21.9896074779   0.000000000282       0.0000  VVDDFFFFFFFAVAA
   654      1    -8.4233978430   0.000219666989       0.2082  VVFF-FFFFFFFFFF
   655      1   -17.5608287721   0.000000023628       0.0000  VVII-MMIMMMVVVV
   656      1   -29.2490928947   0.000000000000       0.0000  VVIIAVAAAAAITAT
   657      1    -6.6156411106   0.001339255910       1.2696  VVIIII-IIIIIIII
   658      1   -14.1276678135   0.000000731866       0.0007  VVIIIIIIIII-VTI
   659      1   -10.1640303279   0.000038531660       0.0365  VVIIIVVVVVVIIII
   660      1   -19.5881590718   0.000000003112       0.0000  VVIILLLLLLLLMVV
   661      1   -13.9676913575   0.000000858833       0.0008  VVIIVVVVVVVVITV
   662      1    -7.0395514890   0.000876519603       0.8309  VVIIVVVVVVVVVVV
   663      1    -6.7544148498   0.001165721757       1.1051  VVLLLL-LLLLLLLL
   664      1    -8.8187851551   0.000147927961       0.1402  VVMMMMMMMMMMMMM
   665      1   -17.7713523662   0.000000019143       0.0000  VVQKKKKKKKKNKKK
   666      1   -26.1877542410   0.000000000004       0.0000  VVTSGG-GGGGSGDG
   667      1   -36.7055964760   0.000000000000       0.0000  VVTT-HHLHRRISII
   668      1   -11.7299569537   0.000008049046       0.0076  VVTT-KKKKKKTTTT
   669      1    -8.2804694840   0.000253418196       0.2402  VVVI-VVVVVVVVVV
   670      1    -8.3803802161   0.000229322737       0.2174  VVVIVVVVVVVVVVV
   671      1    -4.3598914159   0.012779775255      12.1152  VVVV-V-VVVVVVVV
   672      2    -4.3719191255   0.012626984532      11.9704  VVVV-VVVVVVVVVV
   673      1   -12.8124678689   0.000002726565       0.0026  VVVVIVVIIIIVVVV
   674      1   -12.3213823146   0.000004455451       0.0042  VVVVTTTTTTTVVVI
   675      1    -8.1202463505   0.000297455373       0.2820  VVVVVV-VVVVAVVV
   676      1    -7.3599523041   0.000636228804       0.6031  VVVVVV-VVVVIVVV
   677      1   -10.0380406681   0.000043705322       0.0414  VVVVVV-VVVVVVMV
   678      1    -4.4598096571   0.011564564311      10.9632  VVVVVV-VVVVVVVV
   679      1   -10.6599909727   0.000023465226       0.0222  VVVVVVVVVVVIIVV
   680      2    -4.4718297580   0.011426389184      10.8322  VVVVVVVVVVVVVVV
   681      1   -10.1357194457   0.000039638113       0.0376  WLLLLLLLLLLLLLL
   682      1   -10.8736356407   0.000018951345       0.0180  WWCCWW-WWWWWWWW
   683      1   -11.0648936623   0.000015652285       0.0148  WWPPPPPPPPPPPPP
   684      1   -26.1782906306   0.000000000004       0.0000  WWPPSSSSSSSPLPL
   685      1    -4.9952445777   0.006770065089       6.4180  WWWW-W-WWWWWWWW
   686      3    -5.0003959128   0.006735279888       6.3850  WWWW-WWWWWWWWWW
   687      1   -19.5550000025   0.000000003216       0.0000  WWWWWQQHHHH-WWW
   688      2    -5.0380927826   0.006486106945       6.1488  WWWWWW-WWWWWWWW
   689      5    -5.0432441076   0.006452780811       6.1172  WWWWWWWWWWWWWWW
   690      1   -23.6138899655   0.000000000056       0.0000  WWYY-WWWWWWYCCC
   691      1   -29.9807411111   0.000000000000       0.0000  YCAA-P-TTTTSSTS
   692      1   -10.5912050777   0.000025136111       0.0238  YCCCCCCCCCCCCCC
   693      1   -20.4025246164   0.000000001378       0.0000  YCRRSSSSSSSCCCC
   694      1   -14.9219079797   0.000000330748       0.0003  YDNDDDDDDDDDDDD
   695      1   -27.5246753858   0.000000000001       0.0000  YHCCHHHHHHHYHHC
   696      1   -17.1817161817   0.000000034520       0.0000  YHHH-HHHHHHQHQH
   697      1   -33.7566390216   0.000000000000       0.0000  YHLLPPPPPPPSCSF
   698      1   -22.4779998397   0.000000000173       0.0000  YHPPS--SSSSFSSS
   699      1   -17.6290636073   0.000000022070       0.0000  YINNDD-DDDDNNNN
   700      1   -14.1089255519   0.000000745713       0.0007  YPSSSSSSSSSSSSS
   701      1   -24.0868585991   0.000000000035       0.0000  YSRR-LLFFFF-RRR
   702      1    -9.7662753558   0.000057353576       0.0544  YYCCCCCCCCCCCCC
   703      1    -7.4748085456   0.000567194349       0.5377  YYFF-Y-YYYYYYYY
   704      1    -6.9693760318   0.000940239402       0.8913  YYFFFF-FFFFFFFF
   705      1   -11.9304151475   0.000006586983       0.0062  YYFYYYYYYYYFYYY
   706      1   -20.7024586609   0.000000001021       0.0000  YYHH-YYHHHHHHYH
   707      1    -8.2952678723   0.000249695627       0.2367  YYHHHHHHHHHHHHH
   708      1   -14.3330265772   0.000000595999       0.0006  YYHHYYYYYYYHHYH
   709      1   -16.1695790957   0.000000094982       0.0001  YYNNYY-YYYYYCYY
   710      1   -18.0522597398   0.000000014455       0.0000  YYQQEE-EEEEQQHQ
   711      1   -11.2965753313   0.000012415370       0.0118  YYRYYYYYYYYYYYY
   712      1   -27.9152131138   0.000000000001       0.0000  YYYHYYCYYYYHHYH
   713      1    -9.1299383623   0.000108372265       0.1027  YYYY-SSSSSSYYYY
   714      4    -4.5074498982   0.011026543160      10.4532  YYYY-Y-YYYYYYYY
   715      3    -4.5154771145   0.010938385019      10.3696  YYYY-YYYYYYYYYY
   716      1   -15.2918074264   0.000000228482       0.0002  YYYYCCCCCCCCCCC
   717      1    -4.5572329672   0.010491047891       9.9455  YYYYY--YYYYYYYY
   718      6    -4.5741925932   0.010314623914       9.7783  YYYYYY-YYYYYYYY
   719      5    -4.5822188873   0.010232167064       9.7001  YYYYYYYYYYYYYYY