

TREE # 1

  0  0.0000  10827.197418  x:  0.04889   0.03760   0.00000   0.05129   0.03027   0.03418   0.01363   0.01624   0.03075   0.01721   0.21549   0.04246   0.19321   0.14492   0.09266   0.09862   0.04437   0.00725   0.01580   0.10174   0.06837   0.04787   0.07732   0.07429   0.00679   0.08786   0.11445  
  1 99.0000  10741.199256  x:  0.06654   0.03889   0.04265   0.04338   0.01807   0.02489   0.00000   0.00242   0.01805   0.01339   0.20679   0.03779   0.18833   0.15857   0.09924   0.10113   0.05110   0.00674   0.01515   0.11233   0.06812   0.04702   0.07991   0.07612   0.00939   0.08560   0.11696  
  2 3856.2617  10731.617147  x:  0.06932   0.03910   0.04934   0.04212   0.01614   0.02342   0.00020   0.00025   0.01605   0.01279   0.20541   0.03705   0.18755   0.16073   0.10028   0.10153   0.05217   0.00666   0.01505   0.11401   0.06807   0.04688   0.08032   0.07641   0.00980   0.08524   0.11735  
  3 59497.4219  10702.081242  x:  0.08452   0.03932   0.06786   0.03236   0.00360   0.01443   0.00070   0.01978   0.00288   0.01074   0.19554   0.03106   0.18219   0.17453   0.10682   0.10397   0.05771   0.00610   0.01430   0.12451   0.06779   0.04602   0.08288   0.07823   0.01083   0.08283   0.11992  
  4 5186.3271  10648.815660  x:  0.10297   0.03700   0.05937   0.01247   0.00023   0.00601   0.00060   0.01641   0.00480   0.01554   0.17545   0.01911   0.17178   0.19737   0.11711   0.10756   0.06323   0.00563   0.01294   0.14108   0.06728   0.04467   0.08682   0.08108   0.00865   0.07854   0.12423  
  5 2152.8513  10635.391886  x:  0.11047   0.03611   0.05652   0.00460   0.00150   0.00283   0.00057   0.01548   0.00513   0.01729   0.16738   0.01439   0.16760   0.20655   0.12125   0.10900   0.06548   0.00545   0.01240   0.14775   0.06707   0.04413   0.08840   0.08223   0.00785   0.07683   0.12597  
  6 79647.1554  10625.578344  x:  0.11555   0.03547   0.05468   0.00087   0.00168   0.00590   0.00055   0.01486   0.00448   0.01791   0.16156   0.01183   0.16462   0.21291   0.12407   0.10996   0.06693   0.00543   0.01206   0.15232   0.06694   0.04377   0.08947   0.08300   0.00746   0.07567   0.12717  
  7 8047.0141  10586.017587  x:  0.14030   0.03209   0.04376   0.00851   0.00255   0.01099   0.00044   0.01145   0.00158   0.02011   0.13173   0.00242   0.14939   0.24470   0.13798   0.11456   0.07360   0.00559   0.01045   0.17496   0.06625   0.04205   0.09466   0.08679   0.00575   0.06997   0.13316  
  8 6744.1188  10522.383150  x:  0.20411   0.02406   0.01968   0.02010   0.00473   0.02109   0.00027   0.00690   0.00967   0.02073   0.05086   0.02505   0.10911   0.32730   0.17343   0.12580   0.08980   0.00663   0.00680   0.23320   0.06459   0.03795   0.10765   0.09627   0.00401   0.05594   0.14856  
  9 11921.4859  10509.878988  x:  0.20759   0.02407   0.01406   0.01946   0.00451   0.01990   0.00018   0.00390   0.00194   0.01567   0.03690   0.02863   0.10438   0.33506   0.17507   0.12503   0.08780   0.00686   0.00783   0.23726   0.06479   0.03874   0.10750   0.09610   0.00761   0.05741   0.14941  
 10 1758.9927  10501.325166  x:  0.20863   0.02540   0.01324   0.01951   0.00452   0.01978   0.00018   0.00391   0.00438   0.00727   0.01863   0.02703   0.09965   0.34178   0.17462   0.12235   0.08252   0.00581   0.00925   0.23921   0.06531   0.04049   0.10580   0.09473   0.01094   0.06132   0.14936  
 11 1583.3723  10497.194765  x:  0.20800   0.02648   0.01407   0.01969   0.00453   0.01992   0.00019   0.00416   0.00437   0.00988   0.00796   0.02707   0.09709   0.34513   0.17352   0.12012   0.07819   0.00488   0.00953   0.23936   0.06562   0.04153   0.10427   0.09352   0.01089   0.06379   0.14895  
 12 1474.9433  10493.193167  x:  0.20694   0.02944   0.01484   0.01954   0.00451   0.01976   0.00019   0.00408   0.00351   0.00863   0.00830   0.02754   0.08735   0.36043   0.17049   0.11238   0.06254   0.00746   0.00786   0.24114   0.06604   0.04290   0.09945   0.08995   0.00343   0.06826   0.14770  
 13 338.6487  10490.765196  x:  0.20636   0.03190   0.01547   0.01966   0.00455   0.01996   0.00020   0.00442   0.00424   0.01058   0.01109   0.02732   0.07967   0.37414   0.16803   0.10591   0.04970   0.00904   0.00861   0.24261   0.06619   0.04345   0.09590   0.08740   0.00763   0.07130   0.14678  
 14 959.6500  10490.195446  x:  0.20565   0.03245   0.01551   0.01968   0.00455   0.01999   0.00020   0.00438   0.00411   0.01051   0.01173   0.02745   0.07935   0.37846   0.16713   0.10429   0.04699   0.00536   0.00950   0.24212   0.06593   0.04269   0.09552   0.08718   0.00790   0.07016   0.14635  
 15 267.7926  10489.398139  x:  0.20206   0.03309   0.01605   0.01959   0.00454   0.01991   0.00020   0.00446   0.00406   0.01015   0.01084   0.02737   0.08348   0.38944   0.16421   0.10113   0.04379   0.00668   0.01085   0.23800   0.06502   0.03976   0.09615   0.08835   0.00813   0.06401   0.14476  
 16 178.0102  10489.015419  x:  0.19950   0.03231   0.01621   0.01959   0.00454   0.01991   0.00020   0.00446   0.00404   0.01003   0.01082   0.02739   0.08614   0.39710   0.16263   0.10030   0.04470   0.00624   0.00773   0.23431   0.06553   0.04126   0.09641   0.08897   0.00890   0.06385   0.14393  
 17 148.6156  10488.660443  x:  0.19639   0.03103   0.01648   0.01961   0.00455   0.01995   0.00020   0.00450   0.00406   0.01024   0.01122   0.02746   0.08843   0.40607   0.16120   0.10038   0.04728   0.00621   0.00985   0.22971   0.06629   0.04358   0.09720   0.08945   0.00848   0.06625   0.14321  
 18 198.7448  10488.566896  x:  0.19480   0.03141   0.01659   0.01960   0.00454   0.01994   0.00020   0.00452   0.00405   0.01024   0.01123   0.02745   0.08779   0.40865   0.16124   0.10177   0.04856   0.00617   0.00971   0.22752   0.06554   0.04142   0.09704   0.08876   0.00851   0.06767   0.14338  
 19 55.4612  10488.537065  x:  0.19360   0.03188   0.01675   0.01957   0.00454   0.01991   0.00020   0.00455   0.00404   0.01021   0.01119   0.02741   0.08644   0.40938   0.16163   0.10327   0.04883   0.00618   0.00979   0.22628   0.06576   0.04192   0.09686   0.08825   0.00858   0.06667   0.14383  
 20 23.1130  10488.527776  x:  0.19301   0.03152   0.01685   0.01956   0.00453   0.01990   0.00020   0.00457   0.00404   0.01020   0.01118   0.02739   0.08614   0.40939   0.16182   0.10352   0.04849   0.00615   0.00974   0.22624   0.06568   0.04186   0.09707   0.08927   0.00857   0.06677   0.14436  
 21  3.7195  10488.491583  x:  0.19195   0.03329   0.01676   0.01956   0.00453   0.01990   0.00020   0.00456   0.00403   0.01024   0.01123   0.02739   0.08650   0.40949   0.16223   0.10343   0.04855   0.00612   0.00967   0.22681   0.06576   0.04205   0.09746   0.09018   0.00852   0.06711   0.14556  
 22  5.3502  10488.000006  x:  0.18090   0.03175   0.01656   0.01942   0.00450   0.01974   0.00021   0.00468   0.00405   0.01033   0.01123   0.02722   0.08749   0.40937   0.16452   0.09913   0.05131   0.00617   0.00955   0.23315   0.06616   0.04159   0.09782   0.08620   0.00855   0.06656   0.15217  
 23 13.9175  10485.720994  x:  0.16198   0.03341   0.01176   0.01913   0.00441   0.01930   0.00021   0.00460   0.00429   0.01113   0.01139   0.02664   0.08477   0.40630   0.16733   0.09904   0.05620   0.00607   0.00977   0.23933   0.06257   0.04245   0.09126   0.09101   0.00830   0.06543   0.13673  
 24 25.9498  10484.101541  x:  0.16141   0.03291   0.00743   0.01900   0.00436   0.01905   0.00021   0.00441   0.00450   0.01175   0.01145   0.02631   0.08530   0.40319   0.16417   0.10252   0.05148   0.00617   0.00915   0.23253   0.06933   0.04027   0.09844   0.08880   0.00778   0.06638   0.13710  
 25 58.5428  10483.836455  x:  0.16339   0.03263   0.00646   0.01900   0.00435   0.01902   0.00021   0.00435   0.00456   0.01188   0.01147   0.02625   0.08574   0.40258   0.16244   0.10256   0.05092   0.00627   0.00931   0.22961   0.06470   0.04192   0.09733   0.08832   0.00761   0.06615   0.14050  
 26 60.0861  10483.821955  x:  0.16375   0.03259   0.00637   0.01900   0.00435   0.01902   0.00021   0.00434   0.00456   0.01189   0.01147   0.02625   0.08571   0.40254   0.16218   0.10228   0.05126   0.00627   0.00943   0.22924   0.06542   0.04164   0.09598   0.08874   0.00758   0.06602   0.14114  
 27 13.1552  10482.455476  x:  0.16396   0.03292   0.00685   0.01862   0.00426   0.01859   0.00020   0.00397   0.00452   0.01223   0.01145   0.02573   0.08508   0.39350   0.18078   0.08910   0.05055   0.00635   0.00969   0.21196   0.06531   0.04194   0.09648   0.08864   0.00729   0.06634   0.14048  
 28  0.4138  10476.411113  x:  0.15270   0.03089   0.01050   0.01690   0.00390   0.01674   0.00018   0.00248   0.00427   0.01369   0.01160   0.02356   0.10086   0.36312   0.16681   0.10759   0.03864   0.00675   0.01090   0.19667   0.06553   0.04313   0.08473   0.08324   0.00660   0.07015   0.14486  
 29 29.5659  10473.266013  x:  0.14635   0.03317   0.01205   0.01594   0.00369   0.01569   0.00017   0.00172   0.00417   0.01444   0.01156   0.02220   0.09122   0.34507   0.14101   0.10356   0.04596   0.00647   0.01038   0.18735   0.06508   0.04288   0.09066   0.08549   0.00630   0.06860   0.14643  
 30 182.6017  10472.693755  x:  0.14495   0.03363   0.01185   0.01568   0.00364   0.01527   0.00015   0.00082   0.00392   0.01399   0.01106   0.02212   0.09175   0.33923   0.14324   0.10309   0.04735   0.00626   0.01059   0.19133   0.06561   0.04304   0.09107   0.08526   0.00728   0.06962   0.14281  
 31  0.0242  10472.411607  x:  0.14333   0.03414   0.01176   0.01552   0.00361   0.01495   0.00017   0.00135   0.00386   0.01358   0.01071   0.02208   0.09196   0.33351   0.14466   0.10261   0.04914   0.00606   0.01077   0.19528   0.06612   0.04315   0.09183   0.08520   0.00817   0.07050   0.13902  
 32  0.0249  10472.187714  x:  0.14656   0.03456   0.01237   0.01522   0.00361   0.01402   0.00019   0.00112   0.00420   0.01332   0.01140   0.02234   0.09207   0.33833   0.14493   0.10218   0.05045   0.00596   0.01100   0.19596   0.06637   0.04296   0.09354   0.08567   0.00873   0.07100   0.13543  
 33  0.0035  10471.932709  x:  0.14319   0.03458   0.01306   0.01458   0.00360   0.01225   0.00024   0.00101   0.00431   0.01321   0.01107   0.02270   0.09131   0.33904   0.14496   0.10172   0.04943   0.00610   0.01105   0.19572   0.06620   0.04303   0.09284   0.08546   0.00875   0.07102   0.13923  
 34  0.0024  10471.780459  x:  0.14739   0.03384   0.01272   0.01487   0.00376   0.01187   0.00028   0.00119   0.00428   0.01365   0.01118   0.02356   0.09239   0.33536   0.14519   0.10333   0.04858   0.00607   0.01073   0.19534   0.06603   0.04294   0.09190   0.08533   0.00795   0.07007   0.13936  
 35  0.0035  10471.636566  x:  0.14505   0.03420   0.01170   0.01557   0.00406   0.01194   0.00034   0.00123   0.00409   0.01356   0.01061   0.02467   0.09163   0.34014   0.14460   0.10234   0.04889   0.00596   0.01066   0.19518   0.06626   0.04318   0.09205   0.08525   0.00800   0.07061   0.13726  
 36  0.0030  10471.535358  x:  0.14410   0.03429   0.01146   0.01605   0.00433   0.01195   0.00039   0.00104   0.00427   0.01356   0.01126   0.02499   0.09180   0.33546   0.14500   0.10227   0.05049   0.00612   0.01080   0.19571   0.06611   0.04298   0.09298   0.08566   0.00824   0.07050   0.13841  
 37  0.0030  10471.460027  x:  0.14614   0.03434   0.01179   0.01638   0.00458   0.01216   0.00045   0.00103   0.00435   0.01322   0.01090   0.02474   0.09131   0.33570   0.14353   0.10238   0.04856   0.00605   0.01110   0.19429   0.06603   0.04311   0.09221   0.08526   0.00872   0.07082   0.13936  
 38  0.0017  10471.353554  x:  0.14337   0.03390   0.01234   0.01648   0.00489   0.01235   0.00054   0.00111   0.00436   0.01324   0.01128   0.02367   0.09229   0.33746   0.14533   0.10304   0.04885   0.00601   0.01090   0.19431   0.06619   0.04298   0.09175   0.08523   0.00836   0.07026   0.13812  
 39  0.0017  10471.290019  x:  0.14530   0.03421   0.01249   0.01624   0.00504   0.01217   0.00060   0.00104   0.00412   0.01325   0.01097   0.02292   0.09164   0.33647   0.14480   0.10220   0.04943   0.00615   0.01073   0.19609   0.06624   0.04305   0.09268   0.08545   0.00813   0.07064   0.13778  
 40  0.0018  10471.263906  x:  0.14530   0.03419   0.01207   0.01601   0.00507   0.01212   0.00064   0.00106   0.00403   0.01344   0.01096   0.02264   0.09196   0.33757   0.14484   0.10258   0.04957   0.00593   0.01086   0.19464   0.06609   0.04299   0.09259   0.08547   0.00830   0.07055   0.13893  
 41  0.0010  10471.238545  x:  0.14510   0.03414   0.01168   0.01573   0.00503   0.01217   0.00068   0.00105   0.00416   0.01364   0.01116   0.02267   0.09175   0.33768   0.14436   0.10249   0.04885   0.00619   0.01090   0.19602   0.06611   0.04308   0.09207   0.08535   0.00831   0.07057   0.13850  
 42  0.0007  10471.170558  x:  0.14573   0.03404   0.01201   0.01493   0.00484   0.01250   0.00079   0.00103   0.00429   0.01338   0.01103   0.02334   0.09153   0.33675   0.14611   0.10211   0.04958   0.00599   0.01089   0.19560   0.06616   0.04311   0.09250   0.08549   0.00858   0.07052   0.13771  
 43  0.0005  10471.148387  x:  0.14508   0.03417   0.01225   0.01482   0.00481   0.01272   0.00085   0.00106   0.00418   0.01338   0.01105   0.02355   0.09185   0.33725   0.14435   0.10261   0.04941   0.00604   0.01080   0.19548   0.06615   0.04301   0.09251   0.08542   0.00828   0.07054   0.13860  
 44  0.0015  10471.134613  x:  0.14493   0.03432   0.01218   0.01496   0.00482   0.01266   0.00093   0.00100   0.00411   0.01341   0.01100   0.02358   0.09182   0.33677   0.14523   0.10222   0.04900   0.00614   0.01089   0.19445   0.06614   0.04304   0.09228   0.08536   0.00811   0.07066   0.13827  
 45  0.0004  10471.102011  x:  0.14534   0.03408   0.01212   0.01545   0.00462   0.01253   0.00107   0.00105   0.00418   0.01343   0.01104   0.02349   0.09188   0.33747   0.14495   0.10242   0.04948   0.00595   0.01091   0.19604   0.06606   0.04306   0.09227   0.08547   0.00835   0.07047   0.13849  
 46  0.0005  10471.093133  x:  0.14514   0.03420   0.01213   0.01551   0.00442   0.01250   0.00108   0.00106   0.00418   0.01344   0.01104   0.02329   0.09173   0.33699   0.14465   0.10256   0.04931   0.00610   0.01081   0.19515   0.06622   0.04302   0.09260   0.08539   0.00832   0.07059   0.13833  
 47  0.0008  10471.091319  x:  0.14516   0.03422   0.01212   0.01556   0.00436   0.01255   0.00105   0.00104   0.00416   0.01343   0.01104   0.02326   0.09180   0.33718   0.14478   0.10242   0.04932   0.00605   0.01084   0.19533   0.06612   0.04303   0.09240   0.08543   0.00828   0.07056   0.13845  
 48  0.0003  10471.091248  x:  0.14519   0.03420   0.01211   0.01556   0.00436   0.01255   0.00104   0.00104   0.00416   0.01342   0.01104   0.02326   0.09180   0.33719   0.14478   0.10246   0.04932   0.00606   0.01084   0.19536   0.06615   0.04303   0.09245   0.08542   0.00828   0.07056   0.13843  
 49  0.0001  10471.091247  x:  0.14518   0.03420   0.01211   0.01557   0.00436   0.01255   0.00104   0.00104   0.00416   0.01342   0.01104   0.02326   0.09180   0.33719   0.14478   0.10246   0.04933   0.00606   0.01084   0.19535   0.06614   0.04303   0.09244   0.08542   0.00829   0.07056   0.13842  
 50  0.0000  10471.091247  x:  0.14518   0.03420   0.01212   0.01557   0.00436   0.01255   0.00104   0.00104   0.00416   0.01343   0.01104   0.02326   0.09180   0.33719   0.14478   0.10246   0.04933   0.00606   0.01084   0.19535   0.06614   0.04303   0.09244   0.08542   0.00829   0.07056   0.13842  
 51  0.0000  10471.091247  x:  0.14518   0.03420   0.01212   0.01557   0.00436   0.01255   0.00104   0.00104   0.00416   0.01343   0.01104   0.02326   0.09180   0.33719   0.14478   0.10246   0.04933   0.00606   0.01084   0.19535   0.06614   0.04303   0.09244   0.08542   0.00829   0.07056   0.13842  