

TREE # 1

  0  0.0000  12682.048530  x:  0.00000   0.05741   0.05809   0.02389   0.05947   0.05288   0.02923   0.03127   0.05252   0.02067   0.04143   0.02811   0.02604   0.06716   0.09962   0.20407   0.06973   0.05654   0.05931   0.02699   0.06512   0.07354   0.02427   0.02719   0.06870   0.11456   0.03371   0.07731   0.14657   2.00000   0.90000   0.29673   1.19979  
  1 99.0000  12470.014539  x:  0.03659   0.07379   0.04738   0.01028   0.03494   0.02077   0.00512   0.00000   0.02063   0.00456   0.01451   0.01576   0.02070   0.08496   0.12620   0.22626   0.06704   0.06385   0.05074   0.00620   0.05080   0.08326   0.02979   0.02596   0.09570   0.11864   0.01358   0.08461   0.15614   2.00191   0.89423   0.30585   1.19850  
  2 3110.0182  12458.412272  x:  0.04129   0.07592   0.04597   0.00854   0.03172   0.01655   0.00205   0.00041   0.01644   0.00257   0.01099   0.01417   0.02001   0.08728   0.12967   0.22916   0.06669   0.06481   0.04961   0.00349   0.04892   0.08453   0.03051   0.02580   0.09922   0.11918   0.01096   0.08556   0.15739   2.00216   0.89348   0.30704   1.19833  
  3 27579.1729  12426.943211  x:  0.04600   0.07889   0.04373   0.00735   0.02658   0.00930   0.00448   0.00057   0.00933   0.00707   0.00583   0.01269   0.01942   0.09064   0.13474   0.23381   0.06610   0.06616   0.04759   0.00000   0.04592   0.08635   0.03125   0.02556   0.10422   0.12005   0.00719   0.08703   0.15938   2.00260   0.89237   0.30888   1.19808  
  4 8658.4489  12403.551112  x:  0.04666   0.08132   0.04136   0.00993   0.02133   0.00066   0.00567   0.00064   0.00127   0.00753   0.00421   0.01365   0.01982   0.09360   0.13936   0.23888   0.06541   0.06729   0.04511   0.00553   0.04293   0.08797   0.03135   0.02533   0.10848   0.12113   0.00533   0.08858   0.16155   2.00317   0.89134   0.31077   1.19783  
  5 4789.7137  12382.200509  x:  0.04094   0.08723   0.03460   0.01585   0.00751   0.00029   0.00595   0.00067   0.00313   0.00819   0.01417   0.01867   0.02187   0.10141   0.15191   0.25472   0.06328   0.07014   0.03689   0.00530   0.03364   0.09210   0.03040   0.02496   0.11944   0.12422   0.00223   0.09312   0.16828   2.00515   0.88842   0.31652   1.19711  
  6 1795.5505  12379.972331  x:  0.03940   0.08859   0.03312   0.01686   0.00580   0.00266   0.00612   0.00068   0.00200   0.00827   0.01493   0.01955   0.02222   0.10323   0.15485   0.25855   0.06279   0.07080   0.03500   0.00583   0.03156   0.09307   0.03019   0.02491   0.12198   0.12497   0.00212   0.09421   0.16990   2.00564   0.88771   0.31793   1.19694  
  7 5513.3478  12355.037552  x:  0.02005   0.09824   0.02310   0.01982   0.01763   0.00355   0.00586   0.00064   0.00247   0.00773   0.01577   0.02484   0.02416   0.11676   0.17726   0.29054   0.05905   0.07553   0.02026   0.00444   0.01644   0.10025   0.02791   0.02522   0.14056   0.13115   0.00902   0.10297   0.18345   2.01003   0.88196   0.32983   1.19548  
  8 3091.2835  12341.624292  x:  0.00000   0.10215   0.02696   0.01455   0.01450   0.00334   0.00551   0.00054   0.00568   0.00648   0.01010   0.02170   0.02338   0.12265   0.18840   0.31279   0.05805   0.07728   0.02146   0.00595   0.02233   0.10399   0.02743   0.02707   0.14816   0.13531   0.00882   0.10683   0.19203   2.01387   0.87803   0.33890   1.19441  
  9 1319.7206  12333.560673  x:  0.00146   0.10436   0.03642   0.01513   0.01922   0.00422   0.00558   0.00064   0.00624   0.00919   0.01663   0.02092   0.02360   0.12541   0.19852   0.34207   0.05818   0.07776   0.03571   0.00883   0.03099   0.10614   0.02683   0.02898   0.15103   0.14038   0.01065   0.10986   0.20249   2.02014   0.87328   0.35148   1.19301  
 10 805.8190  12331.673479  x:  0.00074   0.10322   0.03787   0.01650   0.01982   0.00410   0.00812   0.00064   0.00456   0.00633   0.01749   0.02186   0.02421   0.12421   0.19914   0.34975   0.05905   0.07743   0.03802   0.00649   0.03169   0.10559   0.02738   0.02896   0.14909   0.14143   0.00995   0.10976   0.20484   2.02244   0.87191   0.35553   1.19257  
 11 701.9419  12330.087923  x:  0.00000   0.10197   0.03820   0.01741   0.01988   0.00398   0.00711   0.00062   0.00352   0.00665   0.01747   0.02265   0.02462   0.12289   0.19883   0.35442   0.05982   0.07711   0.03863   0.00536   0.03158   0.10493   0.02785   0.02876   0.14705   0.14200   0.00942   0.10945   0.20612   2.02411   0.87105   0.35823   1.19229  
 12 982.7917  12325.114717  x:  0.00365   0.09350   0.03649   0.01850   0.01822   0.00422   0.00688   0.00061   0.00803   0.00671   0.01088   0.02518   0.02536   0.11366   0.19566   0.38470   0.06472   0.07506   0.03690   0.00735   0.02851   0.10042   0.03026   0.02718   0.13290   0.14546   0.00758   0.10728   0.21397   2.03607   0.86564   0.37650   1.19041  
 13 1128.9328  12323.629261  x:  0.00423   0.09158   0.03491   0.01414   0.01757   0.00392   0.00731   0.00062   0.00625   0.00682   0.01414   0.02179   0.02364   0.11084   0.19273   0.39338   0.06543   0.07451   0.03369   0.00786   0.02813   0.09946   0.02912   0.02769   0.12856   0.14571   0.00892   0.10662   0.21525   2.04165   0.86492   0.38259   1.18996  
 14 427.9622  12322.890880  x:  0.00505   0.09341   0.03478   0.01702   0.01760   0.00392   0.00713   0.00062   0.00617   0.00678   0.01399   0.01898   0.02377   0.11060   0.18813   0.39804   0.06381   0.07452   0.03052   0.00721   0.03043   0.10043   0.02700   0.02909   0.12791   0.14434   0.00916   0.10632   0.21381   2.04949   0.86699   0.38708   1.19007  
 15 174.3632  12321.445171  x:  0.00605   0.09935   0.03526   0.01491   0.01773   0.00388   0.00709   0.00062   0.00569   0.00677   0.01391   0.02375   0.02415   0.11180   0.17652   0.40660   0.05972   0.07521   0.02786   0.00705   0.03264   0.10319   0.02725   0.02976   0.12870   0.14036   0.00867   0.10579   0.20847   2.07160   0.87458   0.39717   1.19084  
 16 309.8640  12320.029935  x:  0.00485   0.10316   0.03458   0.01534   0.01729   0.00387   0.00716   0.00061   0.00619   0.00678   0.01380   0.02052   0.02398   0.11348   0.16767   0.41256   0.05889   0.07668   0.03186   0.00758   0.02786   0.10431   0.03019   0.02676   0.13052   0.13737   0.00941   0.10571   0.20270   2.09818   0.88460   0.40709   1.19212  
 17 375.5051  12317.644987  x:  0.00436   0.09895   0.03233   0.01467   0.01757   0.00391   0.00704   0.00060   0.00636   0.00664   0.01306   0.02138   0.02327   0.11520   0.16762   0.41496   0.06510   0.07814   0.03500   0.00783   0.02583   0.10141   0.02325   0.03011   0.13433   0.13761   0.00710   0.10612   0.19545   2.15467   0.90606   0.42328   1.19543  
 18 300.8131  12314.580757  x:  0.00541   0.09162   0.03263   0.01542   0.01674   0.00376   0.00711   0.00061   0.00598   0.00676   0.01355   0.02142   0.02394   0.11627   0.17390   0.41442   0.06960   0.07684   0.03123   0.00707   0.02994   0.09761   0.02971   0.03125   0.13820   0.13961   0.01102   0.10703   0.18926   2.23603   0.93463   0.44529   1.20009  
 19 986.8640  12312.620725  x:  0.00539   0.09082   0.03596   0.01519   0.01797   0.00394   0.00714   0.00061   0.00592   0.00680   0.01419   0.02080   0.02341   0.11504   0.18013   0.41024   0.06528   0.07297   0.02869   0.00758   0.03020   0.09747   0.02820   0.02412   0.13666   0.14101   0.00771   0.10627   0.19043   2.28803   0.94723   0.45887   1.20242  
 20 675.0386  12310.347978  x:  0.00474   0.09456   0.03633   0.01498   0.01648   0.00372   0.00698   0.00060   0.00603   0.00663   0.01302   0.02100   0.02329   0.11155   0.18746   0.40089   0.05622   0.06900   0.03127   0.00712   0.02672   0.09975   0.02729   0.02876   0.13066   0.14177   0.00992   0.10493   0.19748   2.35479   0.95523   0.47531   1.20451  
 21 689.0546  12308.250734  x:  0.00408   0.10023   0.03053   0.01513   0.01846   0.00406   0.00720   0.00061   0.00637   0.00681   0.01415   0.02059   0.02410   0.10997   0.19065   0.38919   0.05831   0.07602   0.03278   0.00800   0.03016   0.10360   0.02958   0.02902   0.12672   0.14081   0.00658   0.10400   0.20745   2.42053   0.95127   0.48949   1.20536  
 22 508.6879  12306.873548  x:  0.00440   0.10226   0.03331   0.01547   0.01682   0.00382   0.00716   0.00061   0.00627   0.00678   0.01354   0.02200   0.02399   0.11079   0.19022   0.38105   0.06236   0.08106   0.03237   0.00712   0.03043   0.10476   0.02725   0.02636   0.12645   0.14000   0.01123   0.10494   0.21400   2.46742   0.94333   0.49764   1.20561  
 23 699.5068  12305.376126  x:  0.00447   0.09984   0.03972   0.01568   0.01801   0.00407   0.00734   0.00062   0.00659   0.00700   0.01444   0.02135   0.02352   0.11431   0.18697   0.37385   0.06431   0.08075   0.03029   0.00818   0.02743   0.10317   0.02902   0.02983   0.13057   0.14015   0.00825   0.10673   0.21819   2.51990   0.92840   0.50242   1.20579  
 24 502.3007  12303.543849  x:  0.00455   0.09357   0.03465   0.01554   0.01791   0.00404   0.00734   0.00062   0.00655   0.00697   0.01432   0.02154   0.02533   0.11824   0.18273   0.36908   0.06115   0.07333   0.03304   0.00788   0.02995   0.10014   0.02831   0.02824   0.13804   0.14217   0.00895   0.10968   0.21891   2.58561   0.90600   0.50097   1.20676  
 25 502.8172  12302.153270  x:  0.00425   0.09440   0.03381   0.01708   0.01787   0.00405   0.00729   0.00062   0.00657   0.00692   0.01416   0.02257   0.01848   0.11646   0.18467   0.37230   0.06076   0.07272   0.03322   0.00749   0.03048   0.10090   0.02896   0.02796   0.13763   0.14455   0.00920   0.10869   0.21338   2.63566   0.89042   0.48636   1.20993  
 26 277.5985  12297.694879  x:  0.00411   0.09974   0.03562   0.01535   0.01755   0.00392   0.00714   0.00061   0.00619   0.00677   0.01390   0.02123   0.02448   0.10870   0.19386   0.38733   0.06092   0.07424   0.03159   0.00719   0.02936   0.10458   0.02881   0.02792   0.13205   0.15185   0.00957   0.10384   0.19269   2.81258   0.83749   0.42681   1.22272  
 27 1531.4587  12295.642652  x:  0.00457   0.09663   0.03509   0.01493   0.01710   0.00376   0.00685   0.00059   0.00566   0.00653   0.01321   0.02067   0.02403   0.11421   0.19169   0.39869   0.05860   0.07581   0.03079   0.00671   0.02952   0.10044   0.02876   0.02754   0.12624   0.14082   0.00818   0.10811   0.20541   2.89360   0.82410   0.38601   1.23226  
 28 298.1492  12295.457306  x:  0.00464   0.09714   0.03511   0.01483   0.01703   0.00374   0.00683   0.00059   0.00562   0.00652   0.01317   0.02060   0.02406   0.11142   0.18961   0.39986   0.06023   0.07394   0.03052   0.00667   0.02929   0.10173   0.02874   0.02754   0.12934   0.14183   0.00822   0.10541   0.20961   2.90097   0.82404   0.38125   1.23391  
 29 66.1955  12295.441691  x:  0.00468   0.09722   0.03513   0.01481   0.01701   0.00373   0.00682   0.00059   0.00559   0.00651   0.01314   0.02058   0.02406   0.11124   0.18893   0.39985   0.05972   0.07468   0.03049   0.00661   0.02930   0.10134   0.02875   0.02754   0.12941   0.14357   0.00814   0.10601   0.21008   2.90136   0.82417   0.38096   1.23498  
 30  8.4986  12295.265671  x:  0.00488   0.09786   0.03486   0.01473   0.01692   0.00369   0.00673   0.00058   0.00545   0.00645   0.01304   0.02049   0.02404   0.11576   0.18811   0.39972   0.06166   0.07254   0.03036   0.00640   0.02928   0.10412   0.02884   0.02757   0.12736   0.14682   0.00810   0.10587   0.21080   2.90233   0.82156   0.38400   1.25858  
 31  6.2443  12291.637693  x:  0.00692   0.10177   0.03465   0.01271   0.01564   0.00313   0.00534   0.00047   0.00360   0.00558   0.01092   0.01862   0.02347   0.12215   0.19357   0.40119   0.06046   0.07665   0.03064   0.00450   0.02949   0.10365   0.02950   0.02764   0.14062   0.14608   0.00653   0.10502   0.21656   2.91764   0.76102   0.45260   1.71387  
 32 153.6646  12291.536401  x:  0.00698   0.10215   0.03474   0.01262   0.01564   0.00312   0.00529   0.00047   0.00354   0.00555   0.01084   0.01857   0.02349   0.12032   0.19363   0.40113   0.06152   0.07550   0.03063   0.00446   0.02939   0.10543   0.02957   0.02767   0.14099   0.14555   0.00614   0.10925   0.21655   2.91813   0.75933   0.45457   1.72753  
 33 104.3578  12288.171192  x:  0.00625   0.11608   0.03439   0.01312   0.01479   0.00249   0.00546   0.00052   0.00185   0.00692   0.00874   0.01871   0.02348   0.12319   0.20202   0.42248   0.06725   0.07278   0.03081   0.00514   0.03098   0.09451   0.03038   0.02814   0.14526   0.14627   0.00525   0.11279   0.21843   2.99572   0.79286   0.45458   1.55059  
 34  0.3908  12286.699281  x:  0.00629   0.10816   0.03511   0.01348   0.01432   0.00219   0.00549   0.00053   0.00105   0.00746   0.00770   0.01884   0.02333   0.12400   0.20488   0.43184   0.06380   0.07913   0.03172   0.00526   0.03053   0.10485   0.03049   0.02835   0.14829   0.14593   0.00496   0.11223   0.21897   3.02906   0.80730   0.45451   1.47512  
 35 469.3396  12283.430735  x:  0.00390   0.10522   0.03614   0.01616   0.01457   0.00205   0.00706   0.00068   0.00208   0.00996   0.00661   0.02063   0.02346   0.12625   0.20041   0.43988   0.06467   0.08092   0.03389   0.00815   0.03091   0.10734   0.02979   0.02901   0.15100   0.14746   0.00481   0.11392   0.22576   3.13099   0.74600   0.53359   2.01895  
 36  3.4322  12281.992203  x:  0.00289   0.10556   0.03630   0.01642   0.01552   0.00137   0.00889   0.00082   0.00161   0.01123   0.01050   0.02013   0.02378   0.12397   0.20306   0.44365   0.06464   0.07999   0.03453   0.00721   0.03052   0.10677   0.03053   0.02854   0.14880   0.14785   0.00438   0.11252   0.22343   3.17290   0.75205   0.57919   2.20844  
 37  0.1438  12281.488899  x:  0.00304   0.10476   0.03631   0.01618   0.01517   0.00102   0.00911   0.00083   0.00229   0.01140   0.00968   0.01975   0.02381   0.12328   0.20691   0.44817   0.06360   0.08114   0.03460   0.00631   0.03030   0.10872   0.03105   0.02832   0.14883   0.14765   0.00413   0.11177   0.22144   3.17733   0.77199   0.58503   2.16831  
 38  0.1486  12280.794825  x:  0.00347   0.10632   0.03578   0.01603   0.01468   0.00052   0.00942   0.00088   0.00213   0.01186   0.00834   0.01993   0.02381   0.12283   0.20736   0.44734   0.06381   0.07965   0.03407   0.00475   0.03035   0.10679   0.03109   0.02811   0.14732   0.14784   0.00442   0.11108   0.22011   3.18208   0.75590   0.62408   2.45000  
 39  0.5345  12280.240785  x:  0.00408   0.10674   0.03567   0.01560   0.01541   0.00104   0.00935   0.00091   0.00227   0.01226   0.00710   0.02008   0.02374   0.12298   0.20624   0.44317   0.06363   0.07883   0.03348   0.00371   0.03085   0.10598   0.03087   0.02811   0.14648   0.14775   0.00417   0.11105   0.21946   3.15671   0.74105   0.66194   2.74141  
 40  0.3695  12279.761601  x:  0.00389   0.10527   0.03570   0.01420   0.01572   0.00116   0.00970   0.00102   0.00236   0.01360   0.00787   0.01938   0.02357   0.12379   0.20370   0.44128   0.06367   0.07988   0.03310   0.00407   0.03096   0.10731   0.03042   0.02841   0.14761   0.14768   0.00581   0.11232   0.22109   3.12326   0.74573   0.72006   3.07662  
 41  0.1822  12279.390771  x:  0.00391   0.10565   0.03610   0.01493   0.01630   0.00114   0.00992   0.00113   0.00224   0.01462   0.00771   0.01943   0.02349   0.12409   0.20433   0.44266   0.06385   0.07995   0.03335   0.00400   0.03055   0.10707   0.03062   0.02839   0.14846   0.14762   0.00348   0.11250   0.22154   3.12359   0.74384   0.78788   3.51438  
 42  0.2434  12278.965707  x:  0.00406   0.10677   0.03560   0.01597   0.01530   0.00113   0.00980   0.00128   0.00200   0.01535   0.00718   0.01978   0.02360   0.12360   0.20717   0.44447   0.06414   0.07981   0.03371   0.00383   0.03041   0.10705   0.03097   0.02815   0.14837   0.14764   0.00540   0.11118   0.21983   3.13625   0.72699   0.88429   4.23154  
 43  0.3151  12278.298611  x:  0.00457   0.10624   0.03581   0.01469   0.01387   0.00116   0.00884   0.00146   0.00199   0.01421   0.00820   0.02013   0.02389   0.12274   0.20856   0.44804   0.06322   0.07990   0.03310   0.00516   0.03085   0.10765   0.03103   0.02828   0.14705   0.14814   0.00443   0.11130   0.22010   3.16077   0.73067   1.00666   5.17927  
 44  0.2698  12277.867215  x:  0.00461   0.10571   0.03611   0.01499   0.01424   0.00116   0.00851   0.00163   0.00209   0.01304   0.00829   0.01948   0.02371   0.12331   0.20691   0.44726   0.06345   0.08004   0.03319   0.00460   0.03101   0.10748   0.03077   0.02835   0.14730   0.14791   0.00381   0.11219   0.22072   3.17158   0.70728   1.14656   6.27678  
 45  0.6350  12277.601664  x:  0.00437   0.10628   0.03604   0.01570   0.01493   0.00117   0.00850   0.00175   0.00220   0.01169   0.00764   0.01964   0.02360   0.12361   0.20527   0.44543   0.06414   0.07964   0.03348   0.00374   0.03109   0.10665   0.03055   0.02831   0.14762   0.14773   0.00450   0.11249   0.22083   3.16611   0.71253   1.23815   6.93233  
 46  0.5912  12277.469186  x:  0.00375   0.10647   0.03582   0.01501   0.01547   0.00113   0.00874   0.00195   0.00218   0.01157   0.00754   0.01982   0.02363   0.12367   0.20628   0.44597   0.06392   0.07967   0.03330   0.00485   0.03064   0.10708   0.03074   0.02826   0.14825   0.14783   0.00458   0.11179   0.22057   3.16775   0.70938   1.36848   7.84861  
 47  0.5036  12277.410843  x:  0.00401   0.10586   0.03575   0.01532   0.01565   0.00106   0.00871   0.00215   0.00211   0.01186   0.00800   0.01976   0.02368   0.12311   0.20672   0.44535   0.06359   0.07984   0.03291   0.00442   0.03046   0.10746   0.03082   0.02831   0.14762   0.14782   0.00465   0.11156   0.22008   3.16656   0.70759   1.49559   8.72552  
 48  0.4319  12277.390063  x:  0.00413   0.10635   0.03581   0.01520   0.01542   0.00103   0.00864   0.00227   0.00213   0.01189   0.00763   0.01964   0.02365   0.12342   0.20649   0.44581   0.06386   0.07978   0.03296   0.00439   0.03061   0.10714   0.03074   0.02832   0.14774   0.14786   0.00453   0.11204   0.22063   3.16748   0.70689   1.57806   9.29630  
 49  0.3436  12277.386491  x:  0.00410   0.10624   0.03585   0.01521   0.01535   0.00106   0.00864   0.00232   0.00215   0.01190   0.00776   0.01976   0.02363   0.12352   0.20632   0.44571   0.06385   0.07978   0.03316   0.00446   0.03068   0.10718   0.03073   0.02830   0.14785   0.14782   0.00455   0.11192   0.22057   3.16851   0.70637   1.61231   9.53589  
 50  0.1513  12277.386101  x:  0.00410   0.10621   0.03585   0.01522   0.01533   0.00107   0.00866   0.00233   0.00215   0.01190   0.00774   0.01969   0.02364   0.12344   0.20634   0.44558   0.06384   0.07974   0.03314   0.00444   0.03067   0.10717   0.03074   0.02830   0.14782   0.14783   0.00454   0.11189   0.22049   3.16872   0.70636   1.62005   9.58930  
 51  0.0334  12277.385988  x:  0.00409   0.10623   0.03585   0.01521   0.01532   0.00108   0.00868   0.00233   0.00214   0.01189   0.00774   0.01973   0.02364   0.12344   0.20636   0.44556   0.06384   0.07975   0.03312   0.00443   0.03068   0.10717   0.03074   0.02830   0.14782   0.14783   0.00453   0.11191   0.22050   3.16892   0.70631   1.61936   9.58443  
 52  0.0021  12277.385620  x:  0.00407   0.10624   0.03582   0.01522   0.01531   0.00109   0.00868   0.00231   0.00214   0.01189   0.00776   0.01970   0.02364   0.12357   0.20645   0.44580   0.06382   0.07984   0.03310   0.00444   0.03065   0.10726   0.03074   0.02830   0.14790   0.14783   0.00454   0.11195   0.22062   3.16922   0.70641   1.61578   9.55935  
 53  0.0032  12277.382563  x:  0.00407   0.10624   0.03581   0.01520   0.01528   0.00108   0.00863   0.00230   0.00213   0.01189   0.00774   0.01971   0.02364   0.12353   0.20642   0.44615   0.06383   0.07978   0.03310   0.00441   0.03061   0.10728   0.03071   0.02832   0.14791   0.14788   0.00454   0.11193   0.22064   3.16908   0.70543   1.65057   9.80555  
 54  0.0311  12277.376642  x:  0.00403   0.10629   0.03581   0.01519   0.01528   0.00107   0.00857   0.00220   0.00213   0.01192   0.00771   0.01975   0.02366   0.12334   0.20634   0.44651   0.06386   0.07962   0.03309   0.00438   0.03058   0.10721   0.03069   0.02834   0.14785   0.14791   0.00453   0.11187   0.22053   3.16780   0.70439   1.76022  10.57173  
 55  0.3895  12277.374249  x:  0.00407   0.10623   0.03585   0.01523   0.01533   0.00108   0.00867   0.00218   0.00215   0.01189   0.00776   0.01971   0.02364   0.12344   0.20637   0.44559   0.06384   0.07976   0.03310   0.00445   0.03068   0.10716   0.03075   0.02829   0.14782   0.14780   0.00454   0.11191   0.22047   3.16979   0.70417   1.78139  10.72012  
 56  0.0775  12277.374075  x:  0.00411   0.10621   0.03584   0.01522   0.01533   0.00108   0.00868   0.00217   0.00215   0.01190   0.00774   0.01972   0.02364   0.12344   0.20636   0.44553   0.06384   0.07975   0.03311   0.00444   0.03067   0.10717   0.03074   0.02830   0.14780   0.14783   0.00454   0.11190   0.22049   3.17045   0.70430   1.78128  10.72046  
 57  0.0005  12277.373974  x:  0.00412   0.10623   0.03584   0.01522   0.01532   0.00108   0.00868   0.00217   0.00215   0.01190   0.00775   0.01971   0.02364   0.12345   0.20635   0.44559   0.06385   0.07973   0.03311   0.00444   0.03066   0.10719   0.03073   0.02831   0.14783   0.14783   0.00454   0.11190   0.22049   3.17144   0.70394   1.78215  10.73356  
 58  0.0039  12277.373630  x:  0.00412   0.10622   0.03585   0.01522   0.01533   0.00108   0.00869   0.00218   0.00215   0.01191   0.00775   0.01971   0.02364   0.12344   0.20632   0.44572   0.06384   0.07974   0.03312   0.00444   0.03066   0.10719   0.03072   0.02831   0.14786   0.14783   0.00454   0.11190   0.22048   3.17211   0.70389   1.77964  10.74334  
 59  0.0016  12277.373519  x:  0.00411   0.10624   0.03584   0.01522   0.01533   0.00108   0.00868   0.00217   0.00215   0.01191   0.00774   0.01972   0.02364   0.12345   0.20637   0.44568   0.06385   0.07975   0.03310   0.00444   0.03067   0.10718   0.03074   0.02830   0.14783   0.14784   0.00454   0.11192   0.22052   3.17136   0.70362   1.78832  10.81391  
 60  0.0456  12277.373516  x:  0.00411   0.10623   0.03585   0.01522   0.01533   0.00108   0.00868   0.00217   0.00215   0.01191   0.00774   0.01972   0.02364   0.12345   0.20637   0.44565   0.06385   0.07975   0.03311   0.00444   0.03067   0.10718   0.03074   0.02830   0.14783   0.14784   0.00454   0.11191   0.22052   3.17123   0.70362   1.78859  10.81585  
 61  0.0016  12277.373515  x:  0.00411   0.10623   0.03585   0.01522   0.01533   0.00108   0.00868   0.00217   0.00215   0.01191   0.00774   0.01972   0.02364   0.12345   0.20638   0.44564   0.06385   0.07975   0.03311   0.00444   0.03067   0.10719   0.03074   0.02830   0.14783   0.14784   0.00454   0.11191   0.22052   3.17116   0.70362   1.78878  10.81742  
 62  0.0006  12277.373515  x:  0.00411   0.10623   0.03585   0.01522   0.01533   0.00108   0.00868   0.00217   0.00215   0.01191   0.00774   0.01972   0.02364   0.12345   0.20638   0.44564   0.06385   0.07975   0.03311   0.00444   0.03067   0.10719   0.03074   0.02830   0.14783   0.14784   0.00454   0.11191   0.22052   3.17116   0.70362   1.78877  10.81733  
 63  0.0011  12277.373515  x:  0.00411   0.10623   0.03585   0.01522   0.01533   0.00108   0.00868   0.00217   0.00215   0.01191   0.00774   0.01972   0.02364   0.12345   0.20638   0.44564   0.06385   0.07975   0.03311   0.00444   0.03067   0.10719   0.03074   0.02830   0.14783   0.14784   0.00454   0.11191   0.22052   3.17116   0.70362   1.78877  10.81730  
 64  0.0009  12277.373515  x:  0.00411   0.10623   0.03585   0.01522   0.01533   0.00108   0.00868   0.00217   0.00215   0.01191   0.00774   0.01972   0.02364   0.12345   0.20638   0.44564   0.06385   0.07975   0.03311   0.00444   0.03067   0.10719   0.03074   0.02830   0.14783   0.14784   0.00454   0.11191   0.22052   3.17116   0.70362   1.78877  10.81730  
 65  0.0010  12277.373515  x:  0.00411   0.10623   0.03585   0.01522   0.01533   0.00108   0.00868   0.00217   0.00215   0.01191   0.00774   0.01972   0.02364   0.12345   0.20638   0.44564   0.06385   0.07975   0.03311   0.00444   0.03067   0.10719   0.03074   0.02830   0.14783   0.14784   0.00454   0.11191   0.22052   3.17116   0.70362   1.78875  10.81716  
 66  0.0046  12277.373515  x:  0.00411   0.10623   0.03585   0.01522   0.01533   0.00108   0.00868   0.00217   0.00215   0.01191   0.00774   0.01972   0.02364   0.12345   0.20638   0.44564   0.06385   0.07975   0.03311   0.00444   0.03067   0.10719   0.03074   0.02830   0.14783   0.14784   0.00454   0.11191   0.22052   3.17116   0.70362   1.78875  10.81716  
 67  0.0015  12277.373515  x:  0.00411   0.10623   0.03585   0.01522   0.01533   0.00108   0.00868   0.00217   0.00215   0.01191   0.00774   0.01972   0.02364   0.12345   0.20638   0.44564   0.06385   0.07975   0.03311   0.00444   0.03067   0.10719   0.03074   0.02830   0.14783   0.14784   0.00454   0.11191   0.22052   3.17116   0.70362   1.78875  10.81716  
 68  0.0024  12277.373515  x:  0.00411   0.10623   0.03585   0.01522   0.01533   0.00108   0.00868   0.00217   0.00215   0.01191   0.00774   0.01972   0.02364   0.12345   0.20638   0.44564   0.06385   0.07975   0.03311   0.00444   0.03067   0.10719   0.03074   0.02830   0.14783   0.14784   0.00454   0.11191   0.22052   3.17116   0.70362   1.78875  10.81716  
 69  0.1356  12277.373515  x:  0.00411   0.10623   0.03585   0.01522   0.01533   0.00108   0.00868   0.00217   0.00215   0.01191   0.00774   0.01972   0.02364   0.12345   0.20638   0.44564   0.06385   0.07975   0.03311   0.00444   0.03067   0.10719   0.03074   0.02830   0.14783   0.14784   0.00454   0.11191   0.22052   3.17116   0.70362   1.78875  10.81716  
check convergence!
