     1   1486    668


 1

     1      1    -3.2419039485   0.039089400000      58.0868  ---------------N
     2      2    -2.4461333444   0.086627900000     128.7291  ---A------------
     3      1    -2.8462972665   0.058058900000      86.2755  ---E------------
     4      1    -6.8610537670   0.001047809204       1.5570  ---E-------DDDDD
     5      2    -3.2588674351   0.038431900000      57.1098  ---F------------
     6      2    -2.4858855287   0.083251800000     123.7122  ---G------------
     7      1    -3.0268927578   0.048466000000      72.0205  ---I------------
     8      3    -2.7801597100   0.062028600000      92.1745  ---K------------
     9      2    -2.4509806984   0.086209000000     128.1066  ---L------------
    10      6    -3.2419039485   0.039089400000      58.0868  ---N------------
    11      1    -3.0842771894   0.045763100000      68.0040  ---P------------
    12      3    -3.3042131493   0.036728100000      54.5780  ---Q------------
    13      1    -3.5771773106   0.027954493850      41.5404  ---Q---------Q-Q
    14      2    -3.1242022113   0.043972000000      65.3424  ---R------------
    15      8    -2.6661710056   0.069517900000     103.3036  ---S------------
    16      8    -2.7966732398   0.061012700000      90.6649  ---T------------
    17      2    -2.6465469066   0.070895600000     105.3509  ---V------------
    18      1   -10.8201456428   0.000019992654       0.0297  ---V-------VNNVV
    19      1    -3.3446034605   0.035274200000      52.4175  ---Y------------
    20      1   -13.8177174706   0.000000997796       0.0015  --AASAAAAAAADDAA
    21      1   -18.2571806985   0.000000011776       0.0000  --CCFFFFFFFFFFFF
    22      1    -8.4808977941   0.000207392423       0.3082  --EGGGGGGGGGGGGG
    23      1   -14.6076753415   0.000000452863       0.0007  --IIITIIIIIIIVII
    24      1   -12.4206071048   0.000004034585       0.0060  AAA--AAAAAATA-TA
    25     34    -3.4546257709   0.031599127457      46.9563  AAAAAAAAAAAAAAAA
    26      1    -8.1180352891   0.000298113793       0.4430  AAAAAAAAAAAAAAGA
    27      1    -7.4650866508   0.000572735444       0.8511  AAAAAAAAAAAAAASA
    28      1    -7.9562407055   0.000350468157       0.5208  AAAAAAAAAAAAAAVA
    29      1   -12.6617043759   0.000003170236       0.0047  AAAAAAAAAAASAAPA
    30      1    -7.9852667114   0.000340441684       0.5059  AAAAAAAAAAATAAAA
    31      1    -8.0219647308   0.000328174614       0.4877  AAAASAAAAAAAAAAA
    32      1   -17.5954779534   0.000000022823       0.0000  AAAASTTTTTTATTAA
    33      1    -8.6026678348   0.000183615284       0.2729  AAAATAAAAAAAAAAA
    34      1    -8.5402186501   0.000195447521       0.2904  AAAATTTTTTTAAAAA
    35      1    -8.4482183431   0.000214281852       0.3184  AAAAVVVVVVVAAAAA
    36      1    -9.0520686068   0.000117148452       0.1741  AAASAAAAAAAASSAA
    37      1    -9.6293291365   0.000065771158       0.0977  AAATAAAAAAAATTAA
    38      1   -19.3797281948   0.000000003833       0.0000  AACSCSSSSSSSSSSS
    39      1    -7.7020191542   0.000451913777       0.6715  AAEEEEEEEEEEEEEE
    40      1    -7.8433334764   0.000392358939       0.5830  AAGAAAAAAAAAAAAA
    41      1    -8.0722788768   0.000312071298       0.4637  AAKKKKKKKKKKKKKK
    42      1   -15.2257727166   0.000000244079       0.0004  AANAATAAAAAAAAAA
    43      2    -7.1999364409   0.000746633262       1.1095  AASAAAAAAAAAAAAA
    44      2    -6.8995240808   0.001008265168       1.4983  AASSSSSSSSSSSSSS
    45      2    -7.7633758439   0.000425019357       0.6316  AATAAAAAAAAAAAAA
    46      1   -23.0432923868   0.000000000098       0.0000  AATAGAAAAAADSSAA
    47      1   -13.0689426982   0.000002109747       0.0031  AATPTTTTTTTTTT-T
    48      1    -7.2099057052   0.000739226857       1.0985  AATTTTTTTTT-TTTT
    49      1   -11.4756916664   0.000010379357       0.0154  AATTTTTTTTTATTTT
    50      1   -11.5455915850   0.000009678617       0.0144  AATTTTTTTTTTTTTS
    51      6    -7.2983879754   0.000676628639       1.0055  AATTTTTTTTTTTTTT
    52      1   -27.2155727375   0.000000000002       0.0000  AATVAAAAAAALTTVI
    53      1   -11.6502586086   0.000008716798       0.0130  AAVAAAAAAAASAAAA
    54      1   -18.8623503368   0.000000006430       0.0000  AAVVIVIIIIIVVVIV
    55      1   -12.0839076049   0.000005649703       0.0084  AAVVVVVVVVVVVVVL
    56      2    -7.1887969710   0.000754996858       1.1219  AAVVVVVVVVVVVVVV
    57      1   -18.5546610255   0.000000008746       0.0000  ADTPTTTTTTTTTTTT
    58      1    -8.7938137374   0.000151668440       0.2254  AEEEEEEEEEEEEEEE
    59      1   -13.0369517710   0.000002178331       0.0032  AITTTTTTTTTTTTTT
    60      1   -18.7530544434   0.000000007172       0.0000  AMVMMMMMMMMIMMMM
    61      1   -15.1280597999   0.000000269133       0.0004  APASSSSSSSSSSSSS
    62      1    -8.0869756625   0.000307518392       0.4570  ATAAAAAAAAAAAAAA
    63      1   -11.9039261587   0.000006763797       0.0101  ATEEEEEEEEEEEEEE
    64      1   -21.0115757319   0.000000000750       0.0000  ATTATTTTTTTPTTTP
    65      1   -19.6462315758   0.000000002936       0.0000  AVIIIIIIIIIIIITV
    66      1   -16.4965587698   0.000000068491       0.0001  AVIITTTTTTTIIIII
    67      1   -16.9225217594   0.000000044734       0.0001  AVT-IIIIIIITTTTT
    68      1   -15.5789838981   0.000000171448       0.0003  AVVVVFVVVVVVVVVV
    69      1    -8.1428710971   0.000290801080       0.4321  AVVVVVVVVVV-VVVV
    70     18    -4.3896739109   0.012404773623      18.4335  CCCCCCCCCCCCCCCC
    71      1   -16.3465678786   0.000000079575       0.0001  CCCCSSSSSSSCCSCC
    72      1   -11.4160543092   0.000011017184       0.0164  CCCCYYYYYYYCCCCC
    73      1   -11.0785815856   0.000015439497       0.0229  CCCSCCCCCCCSSSSS
    74      1   -33.6732575726   0.000000000000       0.0000  CCCWCYYYYYYCDGCC
    75      1   -28.0995823436   0.000000000001       0.0000  CCSNNSSSSSSSDDGS
    76      2    -9.1511472703   0.000106098010       0.1577  CCSSSSSSSSSSSSSS
    77      1   -10.3002990228   0.000033623040       0.0500  CCYYYYYYYYYYYYYY
    78      1   -15.5057182933   0.000000184481       0.0003  CSCCCCCCCCCCSCCC
    79      1   -24.3333228704   0.000000000027       0.0000  DDAAAAAAAAAAGVVA
    80      1   -15.4956833803   0.000000186342       0.0003  DDADDDDDDDDDDGDD
    81      1   -17.5285106246   0.000000024404       0.0000  DDADNDDDDDDDDDND
    82      1    -9.5382889531   0.000072040006       0.1071  DDDDAAAAAAADDDDD
    83      1   -13.3445134909   0.000001601590       0.0024  DDDDDDDDDDDCDDDD
    84     43    -3.7553201175   0.023392960914      34.7619  DDDDDDDDDDDDDDDD
    85      1    -7.8429580136   0.000392506283       0.5833  DDDDDDDDDDDDDDDE
    86      1   -10.5669847355   0.000025752348       0.0383  DDDDDDDDDDDDDDDH
    87      1    -9.1112016341   0.000110421949       0.1641  DDDDDDDDDDDDNDDD
    88      2    -8.3019889312   0.000248023035       0.3686  DDDDDDDDDDDDNNDD
    89      1    -7.3011527412   0.000674760503       1.0027  DDDDDDDDDDDEDDDD
    90      1    -8.8511589997   0.000143215653       0.2128  DDDDDDDDDDDGDDDD
    91      2    -7.8302261361   0.000397535573       0.5907  DDDDDDDDDDDNDDDD
    92      1    -9.7365924986   0.000059081513       0.0878  DDDDDDEEEEEDDDDD
    93      1   -12.8201919834   0.000002705586       0.0040  DDDDDDVDDDDDDDDD
    94      1    -8.4682989346   0.000210021861       0.3121  DDDDDEDDDDDDDDDD
    95      1   -10.0559117886   0.000042931197       0.0638  DDDDDGDDDDDDDDDD
    96      1   -20.1946828998   0.000000001697       0.0000  DDDDDGDDDDDNDDNN
    97      1    -9.4782813941   0.000076495290       0.1137  DDDDGDDDDDDDDDDD
    98      1   -14.4574704978   0.000000526260       0.0008  DDDDGGGGGGGGDDDD
    99      1   -21.6701164634   0.000000000388       0.0000  DDDGVDDDDDDDDDGD
   100      1   -10.8528431410   0.000019349516       0.0288  DDDNNNNNNNNNNNNN
   101      1   -10.6333739363   0.000024098187       0.0358  DDEDDDDDDDDEDDDD
   102      1   -15.9892554067   0.000000113751       0.0002  DDEDDDDDDDDENDDD
   103      3    -6.7764452634   0.001140321244       1.6945  DDEEEEEEEEEEEEEE
   104      1   -11.1867370342   0.000013856764       0.0206  DDEKEEEEEEEEEEEE
   105      1   -19.5921768957   0.000000003099       0.0000  DDGEDDDDDDDETTEE
   106      1    -7.6177259685   0.000491658608       0.7306  DDNDDDDDDDDDDDDD
   107      1   -16.7447750508   0.000000053436       0.0001  DDNDDDDDDDDDEESD
   108      1   -14.5094463867   0.000000499606       0.0007  DDNDNNNNNNNDDDND
   109      2    -7.4494191542   0.000581779438       0.8645  DDNNNNNNNNNNNNNN
   110      1   -41.8169149984   0.000000000000       0.0000  DDSGDGCDGGGGGGDG
   111      1   -20.5419293334   0.000000001199       0.0000  DDSSSCSSSSSSSSSN
   112      1   -38.7177394295   0.000000000000       0.0000  DEGGERGGGGGGEEEE
   113      1   -21.5654319754   0.000000000431       0.0000  DEKKKKKKKKKKEEKA
   114      2    -8.9715048055   0.000126976973       0.1887  DGDDDDDDDDDDDDDD
   115      1   -16.4035865935   0.000000075165       0.0001  DGEEQQQQQQQEEEEE
   116      1   -13.4663921557   0.000001417817       0.0021  DNNHNNNNNNNNNNNN
   117      1   -12.3358211125   0.000004391582       0.0065  DNNNNNNNNNNSNNNN
   118      1   -25.2355966336   0.000000000011       0.0000  DTSNKNNNNNNNNNND
   119      1   -22.0714606167   0.000000000260       0.0000  DTTATTTTTTTTAAPT
   120      1    -7.5857463319   0.000507635782       0.7543  EDEEEEEEEEEEEEEE
   121      1    -7.9381198568   0.000356876827       0.5303  EE-EEEEEEEEEEEED
   122      1    -6.6490852825   0.001295206312       1.9247  EEDDDDDDDDDDDDDD
   123      3    -7.2873272398   0.000684154191       1.0167  EEDEEEEEEEEEEEEE
   124      1   -12.2224952228   0.000004918558       0.0073  EEDEKEEEEEEEEEEE
   125      1   -17.7355375365   0.000000019841       0.0000  EEDQKKKKKKKKKKKK
   126      1    -7.5945415000   0.000503190617       0.7477  EEEDEEEEEEEEEEEE
   127      1    -8.0214725931   0.000328336161       0.4879  EEEEDDDDDDDEEEEE
   128      1    -7.5054474230   0.000550079677       0.8174  EEEEEEEEEEEDEEEE
   129      1    -7.9582778552   0.000349754928       0.5197  EEEEEEEEEEEEDDEE
   130      1    -8.0550751547   0.000317486533       0.4718  EEEEEEEEEEEEEEED
   131     51    -3.9609803560   0.019044434811      28.3000  EEEEEEEEEEEEEEEE
   132      1    -8.8362997667   0.000145359617       0.2160  EEEEEEEEEEEEEEEK
   133      1    -9.9771951230   0.000046447165       0.0690  EEEEEEEEEEEEEEET
   134      1    -9.4976198733   0.000075030199       0.1115  EEEEEEEEEEEEEEGE
   135      1    -9.4456674255   0.000079031233       0.1174  EEEEEEEEEEEGEEEE
   136      2    -8.2794686026   0.000253671965       0.3770  EEEEEEEEEEEKEEEE
   137      1   -13.2878995621   0.000001694878       0.0025  EEEEKKKKKKKAEEEE
   138      1    -8.6822739406   0.000169565048       0.2520  EEEEQEEEEEEEEEEE
   139      1   -13.3446966203   0.000001601297       0.0024  EEEERKKKKKKEEEEE
   140      1   -17.3701319168   0.000000028592       0.0000  EEEGEEEEEEEDAAEE
   141      1   -18.0786703398   0.000000014078       0.0000  EEEQEEDEEEEKEEEE
   142      1    -8.1652122339   0.000284376289       0.4226  EEEQEEEEEEEEEEEE
   143      1   -15.7041065827   0.000000151284       0.0002  EEEYEEEEEEEEQQEE
   144      1   -13.9975431438   0.000000833574       0.0012  EEGEEEEEEEEEKKEE
   145      1   -29.1366765105   0.000000000000       0.0000  EEGGVRGGGGGRGGGG
   146      1   -17.3722319316   0.000000028532       0.0000  EEKKKKKKKKKTQQKK
   147      1   -13.8004847124   0.000001015139       0.0015  EEQAEEEEEEEAAAAA
   148      1   -17.5202962927   0.000000024605       0.0000  EEQEEEEEEEEEEEDG
   149      1   -19.6189205123   0.000000003017       0.0000  EEQQRQQQQQQRQQQR
   150      1   -15.2124575163   0.000000247351       0.0004  EGEEEEEEEEEVEEEE
   151      1    -9.2096496771   0.000100069093       0.1487  EGGGGGGGGGGGGGGG
   152      1   -22.4446160428   0.000000000179       0.0000  EGGGTGGGGGGEGGGG
   153      1   -18.3323030041   0.000000010924       0.0000  EKEKEEEEEEEEEEGE
   154      1    -8.5363842011   0.000196198393       0.2916  EQQQQQQQQQQQQQQQ
   155      1    -9.7257149989   0.000059727680       0.0888  EVEEEEEEEEEEEEEE
   156      1   -19.7463116390   0.000000002656       0.0000  EVVIIVIIIIIIIIII
   157      1   -15.9013936585   0.000000124197       0.0002  FCFFYYYYYYYFFFFF
   158      1   -13.3204939438   0.000001640525       0.0024  FFFFFFCFFFFFFFFF
   159     45    -3.9042546814   0.020155971516      29.9518  FFFFFFFFFFFFFFFF
   160      1   -20.2923297246   0.000000001539       0.0000  FFFFFFFFFFFFLLVV
   161      1   -12.3687235807   0.000004249439       0.0063  FFFFFFFFFFFLFFLF
   162      1   -11.8974771555   0.000006807558       0.0101  FFFFFFFLLLLFFFFF
   163      1    -8.7209980326   0.000163124306       0.2424  FFFFLFFFFFFFFFFF
   164      1    -9.4564618587   0.000078182724       0.1162  FFFIFFFFFFFFFFFF
   165      1   -14.3059745730   0.000000612342       0.0009  FFFSYYYYYYYFFFFF
   166      1    -9.5480595844   0.000071339557       0.1060  FFFVFFFFFFFFFFFF
   167      1    -9.1429483409   0.000106971476       0.1590  FFIFFFFFFFFFFFFF
   168      1   -13.8156816024   0.000000999829       0.0015  FFLFFFFFFFFFIIF-
   169      1   -14.0772019699   0.000000769749       0.0011  FFLFLLLLLLLLFFLL
   170      1    -7.4290239428   0.000593766779       0.8823  FFLLLLLLLLLLLLLL
   171      1    -9.4637638993   0.000077613910       0.1153  FFSFFFFFFFFFFFFF
   172      1   -15.7367894881   0.000000146420       0.0002  FFSSSSSSSSSFSSSS
   173      1    -7.6824450522   0.000460846726       0.6848  FFYFFFFFFFFFFFFF
   174      1   -18.0103765644   0.000000015073       0.0000  FFYYHHHHHHHYHHYY
   175      1   -24.5050355976   0.000000000023       0.0000  FILLLLLLLLLLVLLS
   176      1   -20.4761869051   0.000000001280       0.0000  FLFCLFFFFFFFFFFF
   177      1    -8.2260632324   0.000267587690       0.3976  FLFFFFFFFFFFFFFF
   178      1   -15.9939633717   0.000000113217       0.0002  FLLLLLLLLLLLSLLL
   179      1   -14.4773672135   0.000000515893       0.0008  FSFFFFFFFFFFLLFF
   180      1   -18.0252778617   0.000000014850       0.0000  GDDDNDDDDDDDDDND
   181      1   -16.5702965798   0.000000063623       0.0001  GDEEEEEEEEEEEEEQ
   182      1   -21.4360064018   0.000000000490       0.0000  GEEEEEEEEEEEEEGG
   183      1    -8.9572164619   0.000128804287       0.1914  GEGGGGGGGGGGGGGG
   184      1   -24.1592149347   0.000000000032       0.0000  GEGRGRGGGGGRRRRR
   185      1    -7.2737674236   0.000693494379       1.0305  GGAAAAAAAAAAAAAA
   186      1   -25.7429330988   0.000000000007       0.0000  GGCSSNSSSSSSSSSC
   187      1    -8.0642154627   0.000314597831       0.4675  GGDDDDDDDDDDDDDD
   188      1    -8.2296350860   0.000266633611       0.3962  GGDGGGGGGGGGGGGG
   189      1   -24.6591661330   0.000000000020       0.0000  GGDGSSSSSSSGGGDD
   190      1   -13.1790021341   0.000001889871       0.0028  GGEEEEEEEEEEQQEE
   191      1   -25.3720993366   0.000000000010       0.0000  GGEVEEEEEEEGGGTG
   192      1   -22.7480188822   0.000000000132       0.0000  GGGAGGGGGGGSTTVA
   193      1   -10.1277541212   0.000039955105       0.0594  GGGD-GGGGGGDDDDD
   194      1    -9.0579541666   0.000116460993       0.1731  GGGGDGGGGGGGGGGG
   195      2    -9.4657622942   0.000077458961       0.1151  GGGGEEEEEEEGGGGG
   196      1   -10.0055115510   0.000045150394       0.0671  GGGGGGAAAAAGGGGG
   197      2    -8.8378997059   0.000145127237       0.2157  GGGGGGGGGGGEGGGG
   198      1    -8.4964600028   0.000204189923       0.3034  GGGGGGGGGGGGGGDG
   199      1    -8.8872349773   0.000138141094       0.2053  GGGGGGGGGGGGGGEG
   200      1    -8.9988857368   0.000123547392       0.1836  GGGGGGGGGGGGGGGD
   201     35    -2.9365277571   0.053049610448      78.8317  GGGGGGGGGGGGGGGG
   202      1   -17.1043821841   0.000000037296       0.0001  GGKKEEEEEEEEEEEE
   203      1   -18.0657002003   0.000000014262       0.0000  GGKRRRRRRRRRGGRR
   204      1    -8.8825996992   0.000138782902       0.2062  GGRGGGGGGGGGGGGG
   205      1    -8.7095648049   0.000165000046       0.2452  GGRRRRRRRRRRRRRR
   206      1   -24.8755739648   0.000000000016       0.0000  GGSGGGGGGGGDSGDG
   207      1    -7.6198907255   0.000490595438       0.7290  GGSGGGGGGGGGGGGG
   208      1   -19.8829223127   0.000000002317       0.0000  GGVDDDDDDDDDDDGD
   209      1   -18.7434631631   0.000000007241       0.0000  GHNNNNNNNNNNKKNN
   210      1   -22.7423711167   0.000000000133       0.0000  GR-EGGGGGGGEEEGG
   211      1    -9.2187480208   0.000099162760       0.1474  GRGGGGGGGGGGGGGG
   212      1   -28.2037519565   0.000000000001       0.0000  GRKKEEEEEEEENNEE
   213      1   -25.3833205686   0.000000000009       0.0000  HHHDDHHHHHHHNNSH
   214      1   -35.5622904331   0.000000000000       0.0000  HHHHCCSSFSSHRRHH
   215     17    -4.6112563853   0.009939322841      14.7698  HHHHHHHHHHHHHHHH
   216      1    -9.5186918902   0.000073465703       0.1092  HHHHHHHHHHHHHHRH
   217      1   -19.3310161420   0.000000004024       0.0000  HHHHPPLLLLLHHHHH
   218      1    -8.6100811224   0.000182259125       0.2708  HHNNNNNNNNNNNNNN
   219      1   -15.7065485282   0.000000150915       0.0002  HHQHHHHHHHHQHHHQ
   220      1   -13.0653427223   0.000002117355       0.0031  HHQQKQQQQQQQQQQQ
   221      1    -8.5427295425   0.000194957389       0.2897  HHQQQQQQQQQQQQQQ
   222      1    -9.2491293582   0.000096195367       0.1429  HHRHHHHHHHHHHHHH
   223      1   -10.9891317802   0.000016884209       0.0251  HHVVVVVVVVVVVVVV
   224      2    -8.8821764176   0.000138841659       0.2063  HHYHHHHHHHHHHHHH
   225      1   -22.3712271436   0.000000000192       0.0000  HHYHHPPPPPPHHHRH
   226      1   -20.7347653247   0.000000000989       0.0000  HHYYYYYYYYYSYYCY
   227      1    -9.0872294326   0.000113100989       0.1681  HQHHHHHHHHHHHHHH
   228      1   -19.7834603996   0.000000002559       0.0000  HRQHHRHHHHHHHHHH
   229      1   -21.0191500176   0.000000000744       0.0000  HYHCYYYYYYYYYYYY
   230      1    -9.7368289156   0.000059067546       0.0878  IFFFFFFFFFFFFFFF
   231      1   -27.9675919867   0.000000000001       0.0000  IFLILLLLLLLFLLLS
   232      1   -22.9108033681   0.000000000112       0.0000  IIICFFFFFFFFCCFF
   233      1   -11.3253670781   0.000012063007       0.0179  IIII-------IVVLI
   234      1   -13.9008488867   0.000000918202       0.0014  IIIIIIIIIIIIFFIV
   235     40    -4.1366652218   0.015976039319      23.7404  IIIIIIIIIIIIIIII
   236      1    -9.1676921186   0.000104357076       0.1551  IIIIIIIIIIIIIIMI
   237      1   -10.4255450995   0.000029664928       0.0441  IIIIIIIIIIIIMIII
   238      1    -7.6842009468   0.000460038238       0.6836  IIIIIIIIIIIIVVII
   239      1    -7.9098475242   0.000367110552       0.5455  IIIIIIIIIIILIIII
   240      1    -7.2309305174   0.000723846997       1.0756  IIIIIIIIIIIVIIII
   241      1   -21.9391611161   0.000000000296       0.0000  IIIIIIIIIIIVTIVT
   242      1   -10.4039604478   0.000030312195       0.0450  IIIIIIILIIIIIIII
   243      1    -9.1072125252   0.000110863314       0.1647  IIIIILIIIIIIIIII
   244      2    -8.4085796574   0.000222946292       0.3313  IIIIIVIIIIIIIIII
   245      1    -8.5317098837   0.000197117633       0.2929  IIIILIIIIIIIIIII
   246      1    -9.6208848542   0.000066328900       0.0986  IIIIMMMMMMMIIII-
   247      1   -11.0707802278   0.000015560417       0.0231  IIIINIIIIIIIIIII
   248      1   -36.4379183074   0.000000000000       0.0000  IIIITITIIITTIMII
   249      1    -7.7543159493   0.000428887484       0.6373  IIIIVVVVVVVIIIII
   250      1   -13.7060030509   0.000001115728       0.0017  IIILIIIIIIIIIIFI
   251      1   -13.4844533628   0.000001392439       0.0021  IIIMLLLLLLLIIIII
   252      1   -16.2094040498   0.000000091274       0.0001  IIIMMIIIIIIMMMMM
   253      1   -15.5592262583   0.000000174869       0.0003  IIIPVVVVVVVIIIII
   254      1   -16.1006430665   0.000000101761       0.0002  IIITVIIIIIIIVVII
   255      1   -19.5944096940   0.000000003092       0.0000  IIIVIIIIIIIAVVVF
   256      4    -7.3195568467   0.000662455716       0.9844  IIIVIIIIIIIIIIII
   257      1   -21.9009340963   0.000000000308       0.0000  IIIVIIVIIIIIIVVV
   258      1    -9.6410999604   0.000065001516       0.0966  IIIVVVVVVVVVVVVV
   259      1    -9.6503002052   0.000064406229       0.0957  IIKKKKKKKKKKKKKK
   260      1   -11.6032661054   0.000009136199       0.0136  IILMMMMMMMMMMMMM
   261      1    -8.8111568084   0.000149060721       0.2215  IITIIIIIIIIIIIII
   262      1   -13.7161509796   0.000001104463       0.0016  IITTIIIIIIITTTTT
   263      2    -8.2713703435   0.000255734607       0.3800  IITTTTTTTTTTTTTT
   264      1   -10.1080050473   0.000040752024       0.0606  IIVIIIIIIIIVIIII
   265      1   -23.8387525797   0.000000000044       0.0000  IIVIIIIMIIIITIVI
   266      1   -14.3797227153   0.000000568808       0.0008  IIVIIVIIIIIVIIII
   267      1   -14.0342806802   0.000000803506       0.0012  IIVIVVVVVVVVVVVI
   268      1   -14.5217871321   0.000000493478       0.0007  IIVLIIIIIIIIIIIV
   269      1   -13.8942800235   0.000000924253       0.0014  IIVVVVVVVVVIVVII
   270      2    -6.4405995856   0.001595449785       2.3708  IIVVVVVVVVVVVVVV
   271      1   -11.1098032966   0.000014964897       0.0222  ILIIIIIIIIIVIIII
   272      1    -9.5647677531   0.000070157506       0.1043  IMMMMMMMMMMMMMMM
   273      1   -22.5493587823   0.000000000161       0.0000  ITTTTMTTTTTMTTTT
   274      1   -19.1722910466   0.000000004716       0.0000  ITTTTTTTTTTTAAIT
   275      1    -7.3089280638   0.000669534366       0.9949  IVIIIIIIIIIIIIII
   276      1   -10.4918196138   0.000027762632       0.0413  IVIVIIIIIIIIIIII
   277      1   -21.4599980476   0.000000000479       0.0000  IVMMMMMMMMMMVAMM
   278      1   -12.1735738071   0.000005165163       0.0077  KEEEEEEEEEEDEEEE
   279      1   -12.9973332258   0.000002266365       0.0034  KEEEEEEEEEEEEEKE
   280      1   -17.1143965031   0.000000036924       0.0001  KEEKKKKKKKKNKKKK
   281      1   -17.4260317531   0.000000027038       0.0000  KEKEKKKKKKKNKKKK
   282      2    -8.2925342276   0.000250379140       0.3721  KEKKKKKKKKKKKKKK
   283      1   -17.1360324027   0.000000036134       0.0001  KEKRKKKKKKKKEEKK
   284      1   -20.1484485899   0.000000001777       0.0000  KENNNNNNNNNSSSNN
   285      1   -17.2130156947   0.000000033457       0.0000  KEQQQQQQQQQMQQQQ
   286      1   -10.8826707120   0.000018780890       0.0279  KKDEEEEEEEEEEEEE
   287      1    -7.5569492547   0.000522466728       0.7764  KKEEEEEEEEEEEEEE
   288      1   -15.9157009630   0.000000122433       0.0002  KKEKKKKKKKKKIKKK
   289      1    -7.9685074734   0.000346195306       0.5144  KKEKKKKKKKKKKKKK
   290      1   -18.2734869780   0.000000011586       0.0000  KKEKRKKKKKKKQKKK
   291      1   -12.9623608232   0.000002347028       0.0035  KKITTTTTTTTTTTTT
   292      1    -8.2791000236   0.000253765480       0.3771  KKKEKKKKKKKKKKKK
   293      1   -10.6638981052   0.000023373723       0.0347  KKKKKKKEKKKKKKKK
   294      1    -8.1880583517   0.000277953048       0.4130  KKKKKKKKKKKEKKKK
   295      1    -8.2374294460   0.000264563451       0.3931  KKKKKKKKKKKKKKEK
   296     68    -3.7949970246   0.022482972712      33.4097  KKKKKKKKKKKKKKKK
   297      1    -7.7938729661   0.000412253146       0.6126  KKKKKKKKKKKKKKRK
   298      1    -9.3637713434   0.000085775997       0.1275  KKKKKKKKKKKKKRKK
   299      1   -12.1990306052   0.000005035334       0.0075  KKKKKKKKKKKKRRRK
   300      1   -12.8868201822   0.000002531192       0.0038  KKKKKKKKKKKNKKEK
   301      1    -7.7442606569   0.000433221828       0.6438  KKKKKKKKKKKRKKKK
   302      1   -12.7446013790   0.000002918031       0.0043  KKKKKKKKKKKTKKRK
   303      1   -10.2144519673   0.000036636998       0.0544  KKKKKKKRKKKKKKKK
   304      1   -10.5570654910   0.000026009063       0.0386  KKKKLLLLLLLKKKKK
   305      1   -10.8578283990   0.000019253294       0.0286  KKKKMMMMMMMKKKKK
   306      1   -13.0325939033   0.000002187844       0.0033  KKKNKKKKKKKKKKKR
   307      1   -35.1589916377   0.000000000000       0.0000  KKMMVGVVVVVLIIMV
   308      1   -36.7279063655   0.000000000000       0.0000  KKMRRMVMMIIRR-RR
   309      1   -20.0445724861   0.000000001971       0.0000  KKMTTTTTTTTMMMMM
   310      1   -12.8354505632   0.000002664616       0.0040  KKNNNNNNNNNNNNHN
   311      1   -18.9700238465   0.000000005773       0.0000  KKNTKKKKKKKKEKKK
   312      2    -7.5264613218   0.000538640965       0.8004  KKRKKKKKKKKKKKKK
   313      5    -6.9522243624   0.000956505172       1.4214  KKRRRRRRRRRRRRRR
   314      1    -8.5453401198   0.000194449101       0.2890  KNKKKKKKKKKKKKKK
   315      1    -8.0648481719   0.000314398845       0.4672  KQK-KKKKKKKK---K
   316      1   -25.8306075584   0.000000000006       0.0000  KQLLQLLLLLLLPPLL
   317      1   -11.4417578460   0.000010737612       0.0160  KREEEEEEEEEEEEEE
   318      2    -7.8278190619   0.000398493623       0.5922  KRKKKKKKKKKKKKKK
   319      1   -15.8643360481   0.000000128886       0.0002  KRKRKKKKKKKKKKRK
   320      1   -16.9337700828   0.000000044234       0.0001  KSNNNNNNNNNNNNHN
   321      1    -8.8604868287   0.000141885973       0.2108  KTKKKKKKKKKKKKKK
   322      1    -8.4726963911   0.000209100326       0.3107  LFFFFFFFFFFFFFFF
   323      1   -13.3590192926   0.000001578526       0.0023  LFLLVVVVVVVLLLLL
   324      1    -8.4608980250   0.000211581979       0.3144  LLAAAAAAAAAAAAAA
   325      1   -12.0746502425   0.000005702247       0.0085  LLFFLLLLLLLFFFFF
   326      1    -7.9031757687   0.000369568012       0.5492  LLFLLLLLLLLLLLLL
   327      1    -9.7780984013   0.000056679475       0.0842  LLHLLLLLLLLLLLLL
   328      1   -11.9384197288   0.000006534467       0.0097  LLI--LIIIIIII-II
   329      1   -18.7281011681   0.000000007353       0.0000  LLLFFFFFFFFCFFFF
   330      1   -20.0247024269   0.000000002011       0.0000  LLLFFFFFFFFLLLSL
   331      1    -3.0754298548   0.046169777814      68.6083  LLLL-LLLLLLLLLLL
   332      1    -8.1205659929   0.000297360309       0.4419  LLLLLLLLLLLFLLLL
   333      1    -7.9713208083   0.000345222712       0.5130  LLLLLLLLLLLLIILL
   334      1    -9.7486067623   0.000058375939       0.0867  LLLLLLLLLLLLLFLL
   335      1    -8.1695861166   0.000283135177       0.4207  LLLLLLLLLLLLLLFL
   336      1    -3.0735853915   0.046255014860      68.7350  LLLLLLLLLLLLLLL-
   337     96    -3.1058736716   0.044785373752      66.5511  LLLLLLLLLLLLLLLL
   338      2    -7.7074553409   0.000449463755       0.6679  LLLLLLLLLLLLLLVL
   339      1    -9.2660178555   0.000094584414       0.1406  LLLLLLLLLLLLMLLL
   340      1   -11.3315345548   0.000011988837       0.0178  LLLLLLLLVLLLLLLL
   341      1    -7.7001774864   0.000452746819       0.6728  LLLLLLXLLLLLLLVL
   342      1    -8.2429838443   0.000263098033       0.3910  LLLLVVVVVVVLLLLL
   343      1   -17.9275568387   0.000000016374       0.0000  LLLSSLLLLLLSSSSS
   344      1   -15.5996675875   0.000000167939       0.0002  LLLVLLLLLLLLVVSL
   345      1   -16.4507377923   0.000000071703       0.0001  LLLVLLLSLLLLLLLL
   346      1   -11.8847170052   0.000006894980       0.0102  LLMIIIIIIIIIIIII
   347      2    -8.7972063916   0.000151154753       0.2246  LLQQQQQQQQQQQQQQ
   348      1   -29.1020844222   0.000000000000       0.0000  LLTAEEEEEEEAAETA
   349      1   -13.2362427667   0.000001784731       0.0027  LLTATTTTTTTTTTTT
   350      1    -9.2175421132   0.000099282413       0.1475  LLTLLLLLLLLLLLLL
   351      1   -15.6826689113   0.000000154562       0.0002  LLTMMMMMMMMLMMMM
   352      1   -17.2693366465   0.000000031624       0.0000  LLVAAAAAAAAAAATA
   353      1    -7.1803168274   0.000761426563       1.1315  LLVVVVVVVVVVVVVV
   354      1    -9.6738034481   0.000062910124       0.0935  LPLLLLLLLLLLLLLL
   355      1    -9.8327847719   0.000053663109       0.0797  LPPPPPPPPPPPPPPP
   356      1   -13.2035091408   0.000001844119       0.0027  LSFFFFFFFFFFFFFF
   357      1   -22.1914164395   0.000000000230       0.0000  LSSSSSSSSSSLSSLS
   358      1    -9.3147201515   0.000090088310       0.1339  MIMMMMMMMMMMMMMM
   359      2    -8.2840490623   0.000252512688       0.3752  MLLLLLLLLLLLLLLL
   360      1   -14.2745756785   0.000000631874       0.0009  MMELLLLLLLLLLLLL
   361      1    -8.4280531082   0.000218646758       0.3249  MMIIIIIIIIIIIIII
   362      1   -12.1303745220   0.000005393185       0.0080  MMIIVIIIIIIIIIII
   363      1   -13.5119287922   0.000001354702       0.0020  MMIMMMMMMMMMIIMM
   364      1    -7.3950525511   0.000614284396       0.9128  MMLLLLLLLLLLLLLL
   365      1   -17.1402642526   0.000000035981       0.0001  MMLLLLLQQQQLLLLL
   366      1    -9.7418576335   0.000058771258       0.0873  MMMMIIIIIIIMMMMM
   367      1   -11.0911308093   0.000015246954       0.0227  MMMMMLLLLLLMMMMM
   368     16    -5.1354480686   0.005884414293       8.7442  MMMMMMMMMMMMMMMM
   369      1   -11.1925964655   0.000013775809       0.0205  MMMMMMMMMMMMMVMM
   370      1   -14.3673121482   0.000000575911       0.0009  MMMMMMMMTTTMMMMM
   371      1   -15.0237243948   0.000000298730       0.0004  MMRRRRRRRRRRKRRR
   372      1   -13.4377046805   0.000001459080       0.0022  MMTATTTTTTTTTTTT
   373      1    -9.1680418649   0.000104320584       0.1550  MMTTTTTTTTTTTTTT
   374      1   -21.2264740597   0.000000000605       0.0000  MTMMMMMMMMMIIIMI
   375      1   -17.4463969475   0.000000026493       0.0000  MTMMMMTTTTTMMMMM
   376      1   -11.6396661138   0.000008809621       0.0131  MVIIIIIIIIIIIIII
   377      1   -12.9750565022   0.000002317419       0.0034  MVTTTTTTTTTTTTTT
   378      1    -9.6598929385   0.000063791351       0.0948  MVVVVVVVVVVVVVVV
   379      1    -8.3147189743   0.000244885703       0.3639  NDNNNNNNNNNNNNNN
   380      1   -15.7098251443   0.000000150421       0.0002  NDNNNNNNNNNNNYNN
   381      1   -29.8449638037   0.000000000000       0.0000  NILMMMMMMMMMSMMI
   382      1   -13.2253884920   0.000001804209       0.0027  NKKKKKKKKKKKKKEK
   383      2    -7.2124213409   0.000737369569       1.0957  NNDDDDDDDDDDDDDD
   384      1   -13.1804894129   0.000001887062       0.0028  NNGGGGGGGGGGGGGA
   385      1    -8.3733469654   0.000230941306       0.3432  NNHHHHHHHHHHHHHH
   386      1   -19.2943984344   0.000000004174       0.0000  NNHPHHHHHHHHHHHQ
   387      1    -8.4951076212   0.000204466252       0.3038  NNKNNNNNNNNNNNNN
   388      1    -9.4681118731   0.000077277179       0.1148  NNNHNNNNNNNNNNNN
   389      1   -15.1948856395   0.000000251736       0.0004  NNNKNSSSSSSNNNNN
   390      1    -8.8321662267   0.000145961711       0.2169  NNNNDNNNNNNNNNNN
   391      1    -9.3357436911   0.000088214105       0.1311  NNNNKNNNNNNNNNNN
   392      1   -10.7814482821   0.000020781481       0.0309  NNNNNDDDDDDNNNNN
   393      1   -10.5677806600   0.000025731860       0.0382  NNNNNHNNNNNNNNNN
   394      1   -14.9016608873   0.000000337513       0.0005  NNNNNNDNNNNNKKNN
   395      1   -10.6366086840   0.000024020362       0.0357  NNNNNNNNNNNINNNN
   396      1   -13.3916419692   0.000001527861       0.0023  NNNNNNNNNNNNKKKN
   397      1    -4.5328720857   0.010749757469      15.9741  NNNNNNNNNNNNN-NN
   398      1    -9.4259262602   0.000080606904       0.1198  NNNNNNNNNNNNNNHN
   399     28    -4.5549054321   0.010515494614      15.6260  NNNNNNNNNNNNNNNN
   400      1    -9.5212291359   0.000073279538       0.1089  NNNNNSNNNNNNNNNN
   401      1   -13.7827356131   0.000001033318       0.0015  NNNSNKNNNNNNNNNN
   402      2    -8.4286526756   0.000218515704       0.3247  NNNSNNNNNNNNNNNN
   403      1   -14.9529652236   0.000000320634       0.0005  NNNSNNNNNNNSTSSS
   404      1   -22.0737105623   0.000000000259       0.0000  NNSNQHHHHHHSNNNN
   405      1   -13.4981410686   0.000001373510       0.0020  NNSSRRRRRRRSSSSS
   406      1   -19.9308763157   0.000000002209       0.0000  NNSSRSSSSSSSSGSS
   407      1   -15.1185712613   0.000000271699       0.0004  NNTNNNSSSSSNNNNN
   408      1   -16.3370033670   0.000000080340       0.0001  NSKKKKKKKKKTKKKK
   409      1   -12.6978720315   0.000003057625       0.0045  NSNKNNNNNNNNNNNN
   410      1    -8.2278828742   0.000267101219       0.3969  NSNN-------NNNNN
   411      1    -8.4429224151   0.000215419684       0.3201  NSNNNNNNNNNNNNNN
   412      1   -13.0475211671   0.000002155428       0.0032  NSNNNNNNNNNNNNTN
   413      1    -8.6070937939   0.000182804406       0.2716  NSSSSSSSSSSSSSSS
   414      1   -16.9468471227   0.000000043659       0.0001  NTDGDDDDDDDDDDDD
   415      1    -9.2257649890   0.000098469373       0.1463  NTNNNNNNNNNNNNNN
   416      1    -8.3450833978   0.000237561648       0.3530  PAPPPPPPPPPPPPPP
   417      1   -24.1409727607   0.000000000033       0.0000  PHPPSSSSSSPPPPPP
   418      1   -33.7091038378   0.000000000000       0.0000  PHTPPPPPPPPYPPLS
   419      1   -16.1353017263   0.000000098294       0.0001  PLLLLLLLLLLSLLLL
   420      1   -13.2241944847   0.000001806364       0.0027  PPAAAAAAAAAAEEAA
   421      1   -13.1575765180   0.000001930799       0.0029  PPAPPPPPPPPPPPPA
   422      1    -9.7565534348   0.000057913883       0.0861  PPHHHHHHHHHHHHHH
   423      1    -9.5482608977   0.000071325197       0.1060  PPPLPPPPPPPPPPPP
   424      1   -16.3708799951   0.000000077664       0.0001  PPPPLPPPPPPPLLPP
   425      1   -10.6412584680   0.000023908931       0.0355  PPPPPLPPPPPPPPPP
   426      1    -8.2299324226   0.000266554343       0.3961  PPPPPPPPPPPAPPPP
   427     30    -3.6334463973   0.026424956396      39.2675  PPPPPPPPPPPPPPPP
   428      1    -8.3920072822   0.000226671827       0.3368  PPPPPPPPPPPPPPSP
   429      1    -8.3441594670   0.000237781240       0.3533  PPPPPPPPPPPSPPPP
   430      1   -32.9728512754   0.000000000000       0.0000  PPPPPPPRLLLPQQPS
   431      1    -8.9455216604   0.000130319470       0.1937  PPPPSPPPPPPPPPPP
   432      1    -8.9623570411   0.000128143857       0.1904  PPPPSSSSSSSPPPPP
   433      1   -14.9638747938   0.000000317155       0.0005  PPPPSSSSSSSPSPPP
   434      1   -10.0765436770   0.000042054520       0.0625  PPPSPPPPPPPPSSPP
   435      1   -20.3219999537   0.000000001494       0.0000  PPPSPPPPPPPQSSPS
   436      1   -15.1504226632   0.000000263181       0.0004  PPPSPPPPPPPSSSPS
   437      1   -17.2644800707   0.000000031778       0.0000  PPPTPPPPPPPPTTPL
   438      1   -14.5086105393   0.000000500024       0.0007  PPSPPPPPPPPPPPPL
   439      1   -16.1990094407   0.000000092227       0.0001  PPSPPPPPPPSPPPPP
   440      1   -13.3283704884   0.000001627655       0.0024  PPSPSSSSSSSSSSSS
   441      2    -8.1653721317   0.000284330822       0.4225  PPSSSSSSSSSSSSSS
   442      1   -21.7404681202   0.000000000362       0.0000  PPTNTTTTTTTTSSTS
   443      1   -18.7974943562   0.000000006860       0.0000  PQQQQPPPPPPQQQQQ
   444      1   -13.1905384355   0.000001868194       0.0028  PSEEEEEEEEEEEEEE
   445      1    -8.4576775975   0.000212264462       0.3154  PSPPPPPPPPPPPPPP
   446      1   -21.1527424804   0.000000000651       0.0000  PSSSSPSSSSSSPPSS
   447      1   -32.8793279490   0.000000000000       0.0000  QEEEEEAEEEEEVGEK
   448      1   -13.6582972421   0.000001170245       0.0017  QEQQHQQQQQQQQQQQ
   449      1   -13.3007955236   0.000001673162       0.0025  QEQQRRRRRRRQQQQQ
   450      1   -10.6744327090   0.000023128783       0.0344  QGQQQQQQQQQQQQQQ
   451      1   -18.7721734481   0.000000007036       0.0000  QQKEQQQQQQQEEETE
   452      1    -9.9223641041   0.000049065025       0.0729  QQPQQQQQQQQQQQQQ
   453      1    -9.3874612892   0.000083767849       0.1245  QQQHQQQQQQQQQQQQ
   454      1   -15.6096292491   0.000000166274       0.0002  QQQPHQQQQQQQQQQQ
   455      1    -9.2957777042   0.000091811068       0.1364  QQQQQQQQQQQHQQQQ
   456      1   -10.6078645155   0.000024720826       0.0367  QQQQQQQQQQQQHQQQ
   457      1   -15.1533460214   0.000000262413       0.0004  QQQQQQQQQQQQPPRQ
   458      1    -8.2481419602   0.000261744437       0.3890  QQQQQQQQQQQQQQEQ
   459      1   -14.4031151511   0.000000555657       0.0008  QQQQQQQQQQQQQQPE
   460      1   -10.7280357161   0.000021921652       0.0326  QQQQQQQQQQQQQQQP
   461     31    -4.5520495980   0.010545568043      15.6707  QQQQQQQQQQQQQQQQ
   462      1   -10.6974429548   0.000022602660       0.0336  QQQQQQQQQQQQQRQQ
   463      1   -11.1139474398   0.000014903009       0.0221  QQQQQQRQQQQQQQQQ
   464      1   -19.6770812204   0.000000002847       0.0000  QQQQQRQQQQQRRRQQ
   465      1    -9.6627463941   0.000063609585       0.0945  QQQQRQQQQQQQQQQQ
   466      1   -17.8445910679   0.000000017791       0.0000  QQRRQQQQQQQRRRQR
   467      1   -28.1210776798   0.000000000001       0.0000  QQSSNKKNNNNNNNNN
   468      1    -8.0551927725   0.000317449194       0.4717  RKKKKKKKKKKKKKKK
   469      1   -13.1836700953   0.000001881069       0.0028  RKKKKRKKKKKKKKKK
   470      1   -30.4203703081   0.000000000000       0.0000  RKQHQQQQQQQHPHPH
   471      1    -7.7171654697   0.000445120525       0.6614  RKRRRRRRRRRRRRRR
   472      1   -39.3036066580   0.000000000000       0.0000  RLPPYFFFFFFRPPHP
   473      1   -22.9896359804   0.000000000104       0.0000  RNKKKNKKKKKTKKKK
   474      1   -15.0985126552   0.000000277204       0.0004  RQQPQQQQQQQQQQQQ
   475      1   -34.8200981923   0.000000000000       0.0000  RRKGGRIIIIIRRRRG
   476      3    -7.0310538754   0.000883999664       1.3136  RRKKKKKKKKKKKKKK
   477      1   -11.0299002042   0.000016209709       0.0241  RRKKKKKKKKKKKKRK
   478      1   -11.9524373320   0.000006443509       0.0096  RRKKKKKKKKKKQQKK
   479      1   -15.5381714398   0.000000178590       0.0003  RRKKRKKKKKKRKKKK
   480      1   -11.5681598330   0.000009462633       0.0141  RRKQKKKKKKKKKKKK
   481      1   -11.9636129447   0.000006371899       0.0095  RRQQQQQQQQQQQQEQ
   482      1   -12.8050476435   0.000002746872       0.0041  RRQQQQQQQQQQQQRQ
   483      2    -9.1798349783   0.000103097545       0.1532  RRRKRRRRRRRKKKKK
   484      1   -11.3279254077   0.000012032185       0.0179  RRRKRRRRRRRKRRRR
   485      1    -8.0871157620   0.000307475311       0.4569  RRRRRRRRRRRRKKRR
   486      1    -9.5449372411   0.000071562652       0.1063  RRRRRRRRRRRRRRGR
   487     39    -4.0051596811   0.018221379416      27.0770  RRRRRRRRRRRRRRRR
   488      1   -16.0511103617   0.000000106928       0.0002  RRRVRRRRRRRGRRRR
   489      1   -19.2648316572   0.000000004299       0.0000  RRVLLFLLLLLLLLLL
   490      1   -13.2332185124   0.000001790137       0.0027  RRWRWWWWWWWRRRRR
   491      1   -20.7808729835   0.000000000944       0.0000  RSSPSSSSSSSLSSSS
   492      1   -32.3156162008   0.000000000000       0.0000  RVMLMMMMMMMTVVVM
   493      1    -7.7342469803   0.000437581764       0.6502  SAAAAAAAAAAAAAAA
   494      1   -11.9174273930   0.000006673091       0.0099  SASSSSSSSSSSAASS
   495      1   -23.1194349603   0.000000000091       0.0000  SGSVVVVVVVVIVVVV
   496      1   -18.2499557393   0.000000011862       0.0000  SIKAAAAAAAAAAAAA
   497      1   -25.9071726297   0.000000000006       0.0000  SLTAVVVVVVVTAAAA
   498      1   -14.6254835612   0.000000444870       0.0007  SNDDDDDDDDDDDDED
   499      1   -19.9783710789   0.000000002106       0.0000  SNKRKKKKKKKKKKEK
   500      2    -8.6851114841   0.000169084582       0.2513  SNNNNNNNNNNNNNNN
   501      1   -23.0711725817   0.000000000096       0.0000  SNSISSSSNSSSSSSS
   502      1   -14.0374385128   0.000000800973       0.0012  SNSSSSSSSSSSNSSS
   503      1   -16.1976320282   0.000000092354       0.0001  SPPLPPPPPPPPLLPP
   504      1   -20.4534436965   0.000000001310       0.0000  SPPPPPPPPPPSPPSS
   505      1   -33.0493072037   0.000000000000       0.0000  SPPPSPSPPPPFPPSP
   506      1   -25.0865868521   0.000000000013       0.0000  SRISNSSSSSSSSSST
   507      1   -16.5128884640   0.000000067382       0.0001  SSAAAAAAAAAAAAPS
   508      1   -10.7703619344   0.000021013154       0.0312  SSAAAAAAAAAAAASA
   509      1   -22.5026309684   0.000000000169       0.0000  SSASSSSSSSSCSSGT
   510      1   -29.7947153523   0.000000000000       0.0000  SSCCYYYYYYYHCCYC
   511      1   -15.2330821768   0.000000242302       0.0004  SSCYCCCCCCCCCCCC
   512      1    -8.6525754516   0.000174676398       0.2596  SSEEEEEEEEEEEEEE
   513      1   -16.8022211558   0.000000050453       0.0001  SSEKKKKKKKKEKKKK
   514      1    -9.0715624564   0.000114886893       0.1707  SSFFFFFFFFFFFFFF
   515      1   -16.4238803969   0.000000073655       0.0001  SSFFSSSSSSSSSSSS
   516      1   -17.9509053664   0.000000015996       0.0000  SSFSFFFFFFFPSSSS
   517      1   -10.0101308125   0.000044942314       0.0668  SSFSSSSSSSSSSSSS
   518      1   -14.4150583550   0.000000549060       0.0008  SSGGGGGGGGGGGDGG
   519      1   -15.1970553406   0.000000251190       0.0004  SSGSAAAAAAAAAAAA
   520      1   -14.6617405803   0.000000429029       0.0006  SSGSSSSSSSSSSGSS
   521      1    -8.3406175380   0.000238624937       0.3546  SSGSSSSSSSSSSSSS
   522      1   -16.5160455594   0.000000067170       0.0001  SSIIIIIIIIIIIIIK
   523      1   -10.2457448889   0.000035508271       0.0528  SSISSSSSSSSSSSSS
   524      2    -8.2368256907   0.000264723231       0.3934  SSKKKKKKKKKKKKKK
   525      1   -16.9307063096   0.000000044370       0.0001  SSLSSSSSSSSSLSSS
   526      1    -9.6264060435   0.000065963695       0.0980  SSLSSSSSSSSSSSSS
   527      1   -18.2340868078   0.000000012051       0.0000  SSNINNNNNNNNKKNN
   528      2    -7.6255067601   0.000487847959       0.7249  SSNNNNNNNNNNNNNN
   529      1   -11.8250782122   0.000007318697       0.0109  SSNNSSSSSSSNNNNN
   530      1   -12.4571170358   0.000003889939       0.0058  SSNNSSSSSSSSSSS-
   531      1   -13.1097091270   0.000002025469       0.0030  SSNSGGGGGGGSSSSS
   532      1   -11.4992538416   0.000010137655       0.0151  SSNSNNNNNNNNNNNN
   533      1    -8.0664441579   0.000313897469       0.4665  SSNSSSSSSSSSSSSS
   534      1    -7.7622859628   0.000425482830       0.6323  SSPPPPPPPPPPPPPP
   535      1   -13.0159538100   0.000002224555       0.0033  SSPPPPPPPPPPPPPS
   536      1    -8.7631391388   0.000156392898       0.2324  SSPSSSSSSSSSSSSS
   537      1   -20.0532531017   0.000000001954       0.0000  SSRSDSSSSSSSGGSS
   538      1   -21.3586840173   0.000000000530       0.0000  SSS--VVVVVVNS-TN
   539      1   -21.3326056649   0.000000000544       0.0000  SSS-LSSSSSSL--PS
   540      1    -7.7334824857   0.000437916421       0.6507  SSSASSSSSSSSSSSS
   541      1   -18.5976665832   0.000000008378       0.0000  SSSFSSSSSSSSIFSS
   542      1   -10.3356924007   0.000032453820       0.0482  SSSFSSSSSSSSSSSS
   543      1   -18.0436789738   0.000000014579       0.0000  SSSKSSSSSSSRRRKR
   544      1   -15.4962537322   0.000000186236       0.0003  SSSNNNNNNNNNNNNS
   545      1   -13.1995443301   0.000001851445       0.0028  SSSNSSSSSSSSDDSS
   546      1    -8.3745510074   0.000230663411       0.3428  SSSNSSSSSSSSSSSS
   547      2    -9.0849414213   0.000113360061       0.1685  SSSPSSSSSSSSSSSS
   548      1   -14.0462798727   0.000000793923       0.0012  SSSRSSSSSSSSNNSS
   549      1    -3.5080483872   0.029955318611      44.5136  SSSS--------SS-S
   550      1   -15.9484732184   0.000000118486       0.0002  SSSSNSSSSSSSSRSS
   551      1   -22.7302422250   0.000000000134       0.0000  SSSSPPPPPPPSSSFF
   552      1   -19.1869817815   0.000000004647       0.0000  SSSSSNNNNNNNNNNN
   553      1   -16.2470333121   0.000000087903       0.0001  SSSSSNSSSSSSFFSS
   554      1   -10.3355224438   0.000032459336       0.0482  SSSSSSNSSSSSSSSS
   555      1    -8.3048909733   0.000247304306       0.3675  SSSSSSSSSSSS-SNS
   556      1   -15.0897710757   0.000000279638       0.0004  SSSSSSSSSSSSLSTS
   557      1   -12.9876194501   0.000002288487       0.0034  SSSSSSSSSSSSSSGT
   558      1    -9.9154166135   0.000049407090       0.0734  SSSSSSSSSSSSSSLS
   559      1    -9.0415140246   0.000118391453       0.1759  SSSSSSSSSSSSSSPS
   560      1   -13.4082441176   0.000001502704       0.0022  SSSSSSSSSSSSSSPT
   561      1   -10.4472854484   0.000029026962       0.0431  SSSSSSSSSSSSSSSL
   562      1    -8.8352155290   0.000145517307       0.2162  SSSSSSSSSSSSSSSN
   563      1    -9.5583570666   0.000070608709       0.1049  SSSSSSSSSSSSSSSP
   564     55    -3.9219428131   0.019802584626      29.4266  SSSSSSSSSSSSSSSS
   565      1    -7.7854708826   0.000415731523       0.6178  SSSSSSSSSSSSSSTS
   566      1    -7.7355176806   0.000437026082       0.6494  SSSSSSSSSSSTSSSS
   567      1   -18.3699429620   0.000000010520       0.0000  SSSSSSYSSSSFSSSS
   568      1    -8.3489785857   0.000236638101       0.3516  SSSSTSSSSSSSSSSS
   569      1   -15.2557897377   0.000000236862       0.0004  SSSTTTTTTTTKTTTT
   570      1    -7.5155543651   0.000544548054       0.8092  SSTSSSSSSSSSSSSS
   571      1   -14.1262592886   0.000000732898       0.0011  SSTSSSSSSSSSSSSY
   572      1    -6.8802561447   0.001027880725       1.5274  SSTTTTTTTTTTTTTT
   573      1    -9.2448403051   0.000096608840       0.1436  SSVVVVVVVVVVVVVV
   574      1   -12.0915521637   0.000005606678       0.0083  STTTTTTTTTTTTTAT
   575      1   -18.8634201859   0.000000006423       0.0000  STVAAAAAAAAVAAAA
   576      1   -13.4161103133   0.000001490930       0.0022  TAAAAAAAAAAAAAAT
   577      1   -13.3314095617   0.000001622716       0.0024  TAAAAAAAAAAAAAAV
   578      1   -15.8814491824   0.000000126699       0.0002  TASATTTTTTTTTTTT
   579      1   -19.6739725020   0.000000002856       0.0000  TIIIIIIIIIITTTII
   580      1   -30.5440767652   0.000000000000       0.0000  TIIIKKNNNNNRIIII
   581      1   -17.1199515836   0.000000036720       0.0001  TNKKNNNNNNNKKKKK
   582      1   -17.5635302468   0.000000023564       0.0000  TT-AVVVVVVVAAAAP
   583      1    -7.2799565147   0.000689215534       1.0242  TTAAAAAAAAAAAAAA
   584      1   -13.6498250780   0.000001180202       0.0018  TTAPTTTTTTTTTTTT
   585      1   -15.4524695599   0.000000194571       0.0003  TTATTTTTTTTTTMTT
   586      1   -21.3152027552   0.000000000553       0.0000  TTETITTTTTTTITTT
   587      1   -25.6812903529   0.000000000007       0.0000  TTIAVVVIVVVAVVVV
   588      1    -8.3097170335   0.000246113675       0.3657  TTIIIIIIIIIIIIII
   589      1   -19.5176177240   0.000000003339       0.0000  TTIIMMIIIIIIIIII
   590      1   -15.8779166249   0.000000127148       0.0002  TTILVIIIIIIIIIII
   591      1   -20.0233730817   0.000000002014       0.0000  TTITTTTTTTTMTTTI
   592      1   -18.8079066962   0.000000006789       0.0000  TTNNNNNNNNNSSSNS
   593      1   -26.8715287903   0.000000000002       0.0000  TTTIAAAAAAAVCCII
   594      1    -9.0669911857   0.000115413274       0.1715  TTTITTTTTTTTTTTT
   595      1   -18.2248384176   0.000000012163       0.0000  TTTMTTTPTTTTTTTT
   596      1   -15.9191185740   0.000000122015       0.0002  TTTTMMMMMMMETTTT
   597      1    -9.4789688453   0.000076442721       0.1136  TTTTNTTTTTTTTTTT
   598      1    -8.1470011261   0.000289602540       0.4303  TTTTSTTTTTTTTTTT
   599      1   -19.5800969492   0.000000003137       0.0000  TTTTTTTTTTTSPPPT
   600      1   -10.6254838525   0.000024289076       0.0361  TTTTTTTTTTTTTITT
   601      1    -9.1584361276   0.000105327488       0.1565  TTTTTTTTTTTTTSTT
   602      1    -8.0674938350   0.000313568151       0.4660  TTTTTTTTTTTTTTAT
   603      1    -9.0240615626   0.000120475811       0.1790  TTTTTTTTTTTTTTIT
   604     43    -3.8402997162   0.021487160330      31.9299  TTTTTTTTTTTTTTTT
   605      1   -25.8254016175   0.000000000006       0.0000  TTVAAAAFAAATAAAA
   606      1   -13.4013460931   0.000001513106       0.0022  TVTTTTTTTTTTAATT
   607      1   -25.4795422765   0.000000000009       0.0000  VAFFFFFFFFFFSSFS
   608      1   -16.5650678067   0.000000063956       0.0001  VAMMLLLLLLLMMMMM
   609      1   -38.5526818787   0.000000000000       0.0000  VATMIIIIIIIMGVTM
   610      1   -18.9031791444   0.000000006172       0.0000  VAVAVVVVVVVGVVVV
   611      1   -22.7900989124   0.000000000127       0.0000  VAVIVVAAAAAIIIVI
   612      2    -7.9837751262   0.000340949861       0.5067  VAVVVVVVVVVVVVVV
   613      1   -10.3267299046   0.000032745995       0.0487  VGVVVVVVVVVVVVVV
   614      1    -7.5325224279   0.000535386079       0.7956  VIIIIIIIIIIIIIII
   615      1   -17.1548617286   0.000000035460       0.0001  VIKKKKKKKKKKEEKK
   616      1   -13.1262977218   0.000001992147       0.0030  VLVIVVVVVVVVIIVV
   617      1    -9.8959565766   0.000050377970       0.0749  VMMMMMMMMMMMMMMM
   618      1   -29.4576896696   0.000000000000       0.0000  VSASAAAAAATSASSS
   619      1   -12.7231030410   0.000002981443       0.0044  VTAVVVVVVVVVVVVV
   620      1   -15.7080513940   0.000000150688       0.0002  VVAVIIIIIIIVVVVI
   621      1   -14.9846731612   0.000000310627       0.0005  VVDDDDDDDDDGDDDD
   622      1   -14.4967982532   0.000000505965       0.0008  VVEEEEEEEEEVEEEE
   623      1   -16.1416507468   0.000000097672       0.0001  VVGGGEGGGGGGGGGG
   624      2    -6.5127888121   0.001484334416       2.2057  VVIIIIIIIIIIIIII
   625      1    -6.9974712346   0.000914190819       1.3585  VVLLLLLLLLLLLLLL
   626      1   -12.1418888553   0.000005331442       0.0079  VVMMMMMMMMMMMMLM
   627      1    -8.7385874951   0.000160280125       0.2382  VVMMMMMMMMMMMMMM
   628      1   -20.8407502624   0.000000000889       0.0000  VVMMVVVVVVVVVLVV
   629      1   -23.6122981865   0.000000000056       0.0000  VVTAAAAAAAATAATV
   630      1   -17.6280105411   0.000000022093       0.0000  VVTIKKKKKKKIIIII
   631      1   -22.6100040173   0.000000000152       0.0000  VVVGFVVVVVVVSSVV
   632      1   -10.6793899686   0.000023014411       0.0342  VVVIVVVVVVVIVVVV
   633      1    -8.6888009323   0.000168461902       0.2503  VVVIVVVVVVVVIIVV
   634      2    -7.1942322997   0.000750904334       1.1158  VVVIVVVVVVVVVVVV
   635      1   -14.4492560206   0.000000530601       0.0008  VVVLVVVVVVVLLLLV
   636      1    -8.4242050480   0.000219489745       0.3262  VVVVAAAAAAAVVVVV
   637      1    -7.6557985415   0.000473291755       0.7033  VVVVIIIIIIIVVVVV
   638      1    -7.7102269068   0.000448219761       0.6661  VVVVIVVVVVVVVVVV
   639      1   -15.1089266294   0.000000274332       0.0004  VVVVVVVVVIIVIIVV
   640      1    -7.8773539811   0.000379235194       0.5635  VVVVVVVVVVVAVVVV
   641      1    -9.7562730890   0.000057930121       0.0861  VVVVVVVVVVVFVVVV
   642      2    -7.9517814980   0.000352034457       0.5231  VVVVVVVVVVVLVVVV
   643      2    -7.5654868800   0.000518025090       0.7698  VVVVVVVVVVVVIIVV
   644      2    -7.1574802406   0.000779015013       1.1576  VVVVVVVVVVVVVVIV
   645     37    -3.6224040705   0.026718366383      39.7035  VVVVVVVVVVVVVVVV
   646      1   -10.7525685731   0.000021390395       0.0318  WWWWRRRRRRRWWWWW
   647      1   -11.3268957084   0.000012044581       0.0179  WWWWWRWWWWWWWWWW
   648      1   -11.4484306241   0.000010666201       0.0158  WWWWWWWWWWWCWWWW
   649     10    -4.6651868973   0.009417487956      13.9944  WWWWWWWWWWWWWWWW
   650      1   -27.1071534573   0.000000000002       0.0000  YCHRHLHHHHHHHHHH
   651      1   -17.1568772004   0.000000035389       0.0001  YCYYSSSSSSSYYYY-
   652      1   -11.1639458986   0.000014176202       0.0211  YCYYYYYYYYYYYYYY
   653      1   -14.3331516153   0.000000595925       0.0009  YYAAAAAAAAAAAAAS
   654      1   -32.7661385859   0.000000000000       0.0000  YYCYCYYYYYYYYYCC
   655      1   -16.2383736946   0.000000088667       0.0001  YYCYYYYYYYYYYYYH
   656      1   -15.6081605789   0.000000166518       0.0002  YYDDGDDDDDDDDDDD
   657      1   -10.3873167784   0.000030820923       0.0458  YYFYFFFFFFFYYYYY
   658      1    -7.6927696828   0.000456113132       0.6778  YYFYYYYYYYYYYYYY
   659      1   -14.3280687203   0.000000598961       0.0009  YYHHDDDDDDDHHHHH
   660      1   -17.8410650176   0.000000017854       0.0000  YYHHHHHHHHHHHCHH
   661      1    -8.3709491873   0.000231495717       0.3440  YYHHHHHHHHHHHHHH
   662      1   -18.1723986292   0.000000012818       0.0000  YYYCYYYYYYYCYYYY
   663      1   -18.2218565309   0.000000012200       0.0000  YYYCYYYYYYYYYYCY
   664      1   -14.8531728369   0.000000354282       0.0005  YYYSSSSSSSSSSSSS
   665      1   -29.7897915880   0.000000000000       0.0000  YYYYCYYYYYYFWCYY
   666      1   -11.4596201130   0.000010547517       0.0157  YYYYYYSYYYYYYYYY
   667      1   -12.3621501198   0.000004277465       0.0064  YYYYYYYYYYYYCYYY
   668     19    -4.0014629979   0.018288862739      27.1773  YYYYYYYYYYYYYYYY