

TREE # 1

  0  0.0000  12259.496492  x:  0.00112   0.03815   0.00993   0.00792   0.00397   0.00320   0.00192   0.00198   0.00392   0.00299   0.00781   0.01027   0.02268   0.03842   0.08296   0.10887   0.05183   0.05873   0.01254   0.00000   0.01192   0.04111   0.02013   0.01973   0.09535   0.06535   0.00278   0.04947   0.07117  
  1 99.0000  12247.932108  x:  0.00463   0.03851   0.00924   0.00763   0.00289   0.00190   0.00131   0.00000   0.00328   0.00234   0.00748   0.01021   0.02277   0.03856   0.08326   0.10955   0.05193   0.05902   0.01329   0.00016   0.01231   0.04144   0.02020   0.01931   0.09487   0.06559   0.00406   0.04931   0.07134  
  2 3775.9883  12244.874829  x:  0.00411   0.03893   0.00831   0.00729   0.00186   0.00069   0.00150   0.00000   0.00279   0.00200   0.00714   0.01016   0.02289   0.03877   0.08366   0.11049   0.05206   0.05942   0.01398   0.00000   0.01275   0.04187   0.02028   0.01875   0.09419   0.06592   0.00460   0.04907   0.07156  
  3 1770.1791  12240.651730  x:  0.00337   0.04044   0.00527   0.00634   0.00073   0.00227   0.00111   0.00000   0.00202   0.00179   0.00624   0.01000   0.02333   0.03955   0.08509   0.11396   0.05254   0.06087   0.01622   0.00000   0.01418   0.04342   0.02059   0.01679   0.09166   0.06711   0.00595   0.04819   0.07234  
  4 2336.5263  12238.081421  x:  0.00312   0.04174   0.00319   0.00579   0.00224   0.00223   0.00137   0.00000   0.00217   0.00191   0.00573   0.00990   0.02370   0.04024   0.08637   0.11706   0.05295   0.06214   0.01794   0.00000   0.01526   0.04475   0.02084   0.01520   0.08938   0.06815   0.00672   0.04740   0.07302  
  5 4235.9379  12233.146993  x:  0.00320   0.04497   0.00501   0.00645   0.00179   0.00193   0.00100   0.00000   0.00505   0.00337   0.00634   0.00987   0.02452   0.04213   0.08988   0.12567   0.05398   0.06551   0.02076   0.00000   0.01691   0.04804   0.02141   0.01210   0.08290   0.07096   0.00580   0.04527   0.07484  
  6 1972.3753  12230.757518  x:  0.00360   0.04648   0.00632   0.00706   0.00197   0.00240   0.00264   0.00000   0.00375   0.00203   0.00696   0.00998   0.02475   0.04302   0.09191   0.13088   0.05445   0.06735   0.02109   0.00000   0.01696   0.04960   0.02160   0.01205   0.07890   0.07248   0.00443   0.04415   0.07586  
  7 1989.2338  12228.959027  x:  0.00342   0.04721   0.00679   0.00732   0.00250   0.00214   0.00130   0.00000   0.00225   0.00173   0.00723   0.01009   0.02473   0.04344   0.09329   0.13462   0.05467   0.06851   0.02048   0.00000   0.01646   0.05041   0.02163   0.01303   0.07601   0.07345   0.00368   0.04351   0.07654  
  8 1972.7055  12227.008391  x:  0.00363   0.04753   0.00601   0.00707   0.00216   0.00209   0.00172   0.00000   0.00245   0.00301   0.00698   0.01024   0.02426   0.04356   0.09533   0.14071   0.05472   0.06995   0.01770   0.00000   0.01456   0.05092   0.02138   0.01629   0.07139   0.07464   0.00456   0.04299   0.07751  
  9 1227.6406  12226.549566  x:  0.00356   0.04737   0.00575   0.00696   0.00212   0.00211   0.00149   0.00000   0.00322   0.00211   0.00686   0.01021   0.02409   0.04344   0.09578   0.14229   0.05463   0.07016   0.01684   0.00000   0.01410   0.05082   0.02125   0.01674   0.07033   0.07483   0.00479   0.04303   0.07769  
 10 955.9219  12226.005650  x:  0.00370   0.04568   0.00578   0.00680   0.00212   0.00210   0.00152   0.00000   0.00293   0.00220   0.00663   0.00983   0.02360   0.04242   0.09623   0.14570   0.05382   0.06966   0.01515   0.00000   0.01392   0.04933   0.02065   0.01477   0.06905   0.07455   0.00486   0.04407   0.07763  
 11 284.3508  12225.758325  x:  0.00374   0.04431   0.00558   0.00715   0.00209   0.00209   0.00150   0.00000   0.00300   0.00222   0.00722   0.01042   0.02361   0.04164   0.09628   0.14833   0.05305   0.06884   0.01607   0.00000   0.01446   0.04803   0.02080   0.01513   0.06885   0.07401   0.00478   0.04492   0.07736  
 12 203.8381  12225.686967  x:  0.00374   0.04401   0.00589   0.00689   0.00214   0.00211   0.00151   0.00000   0.00300   0.00220   0.00670   0.01019   0.02372   0.04153   0.09620   0.14930   0.05281   0.06848   0.01648   0.00000   0.01459   0.04768   0.02095   0.01542   0.06903   0.07375   0.00477   0.04508   0.07722  
 13 177.2049  12225.636584  x:  0.00382   0.04425   0.00577   0.00686   0.00212   0.00210   0.00150   0.00000   0.00302   0.00220   0.00694   0.00968   0.02394   0.04179   0.09587   0.15040   0.05269   0.06798   0.01643   0.00000   0.01443   0.04769   0.02108   0.01547   0.06978   0.07335   0.00472   0.04487   0.07699  
 14 70.4966  12225.592558  x:  0.00386   0.04459   0.00581   0.00700   0.00214   0.00210   0.00149   0.00000   0.00298   0.00218   0.00681   0.01009   0.02403   0.04209   0.09548   0.15144   0.05265   0.06752   0.01622   0.00000   0.01431   0.04784   0.02109   0.01538   0.07061   0.07298   0.00490   0.04461   0.07676  
 15 125.8410  12225.583334  x:  0.00393   0.04464   0.00575   0.00685   0.00211   0.00209   0.00149   0.00000   0.00301   0.00220   0.00680   0.01019   0.02389   0.04208   0.09537   0.15160   0.05270   0.06749   0.01618   0.00000   0.01438   0.04792   0.02100   0.01539   0.07076   0.07295   0.00474   0.04459   0.07673  
 16 37.7803  12225.562689  x:  0.00398   0.04466   0.00584   0.00685   0.00214   0.00210   0.00149   0.00000   0.00298   0.00217   0.00688   0.01009   0.02346   0.04193   0.09508   0.15180   0.05293   0.06755   0.01620   0.00000   0.01460   0.04814   0.02072   0.01548   0.07095   0.07301   0.00491   0.04463   0.07672  
 17 34.4582  12225.536597  x:  0.00416   0.04459   0.00571   0.00717   0.00211   0.00208   0.00147   0.00000   0.00300   0.00218   0.00668   0.00999   0.02337   0.04171   0.09475   0.15185   0.05320   0.06771   0.01625   0.00000   0.01454   0.04830   0.02072   0.01549   0.07101   0.07316   0.00480   0.04473   0.07676  
 18 33.9838  12225.469369  x:  0.00454   0.04435   0.00576   0.00687   0.00213   0.00207   0.00144   0.00000   0.00295   0.00214   0.00680   0.01011   0.02380   0.04131   0.09409   0.15172   0.05371   0.06814   0.01638   0.00000   0.01412   0.04848   0.02110   0.01535   0.07091   0.07355   0.00498   0.04499   0.07690  
 19 60.7780  12225.413679  x:  0.00491   0.04437   0.00570   0.00688   0.00212   0.00205   0.00141   0.00000   0.00294   0.00212   0.00677   0.01009   0.02423   0.04192   0.09429   0.15119   0.05327   0.06815   0.01608   0.00000   0.01482   0.04806   0.02103   0.01545   0.07045   0.07362   0.00506   0.04480   0.07699  
 20 33.9036  12225.387930  x:  0.00507   0.04452   0.00567   0.00687   0.00212   0.00205   0.00139   0.00000   0.00293   0.00211   0.00677   0.01009   0.02387   0.04226   0.09476   0.15086   0.05281   0.06799   0.01636   0.00000   0.01448   0.04780   0.02091   0.01537   0.07020   0.07347   0.00510   0.04461   0.07699  
 21 45.5896  12225.382953  x:  0.00510   0.04459   0.00567   0.00687   0.00212   0.00205   0.00139   0.00000   0.00293   0.00211   0.00677   0.01009   0.02380   0.04205   0.09521   0.15077   0.05273   0.06788   0.01631   0.00000   0.01453   0.04798   0.02109   0.01536   0.07023   0.07330   0.00511   0.04462   0.07693  
 22 16.7692  12225.381975  x:  0.00510   0.04459   0.00567   0.00687   0.00212   0.00205   0.00139   0.00000   0.00293   0.00211   0.00677   0.01009   0.02388   0.04200   0.09537   0.15075   0.05276   0.06786   0.01632   0.00000   0.01451   0.04803   0.02098   0.01537   0.07027   0.07326   0.00512   0.04465   0.07691  
 23 10.7994  12225.381783  x:  0.00511   0.04455   0.00567   0.00687   0.00212   0.00205   0.00139   0.00000   0.00293   0.00211   0.00677   0.01009   0.02387   0.04204   0.09544   0.15076   0.05284   0.06787   0.01632   0.00000   0.01451   0.04802   0.02099   0.01537   0.07031   0.07326   0.00512   0.04466   0.07690  
 24  2.9667  12225.381640  x:  0.00511   0.04458   0.00567   0.00687   0.00212   0.00205   0.00139   0.00000   0.00293   0.00211   0.00677   0.01009   0.02387   0.04201   0.09547   0.15076   0.05285   0.06787   0.01632   0.00000   0.01451   0.04796   0.02099   0.01537   0.07034   0.07332   0.00512   0.04463   0.07690  
 25  0.4480  12225.377600  x:  0.00510   0.04452   0.00566   0.00687   0.00212   0.00204   0.00138   0.00000   0.00293   0.00211   0.00677   0.01009   0.02387   0.04208   0.09555   0.15079   0.05263   0.06772   0.01631   0.00000   0.01448   0.04811   0.02098   0.01538   0.07050   0.07378   0.00512   0.04480   0.07694  
 26  0.4869  12225.065408  x:  0.00497   0.04290   0.00547   0.00675   0.00198   0.00139   0.00126   0.00000   0.00280   0.00209   0.00666   0.01005   0.02389   0.04187   0.09544   0.15153   0.05279   0.06724   0.01671   0.00000   0.01465   0.04906   0.02100   0.01504   0.07026   0.07415   0.00532   0.04246   0.07686  
 27  0.9544  12224.835994  x:  0.00485   0.04432   0.00530   0.00668   0.00188   0.00092   0.00117   0.00000   0.00271   0.00209   0.00658   0.01002   0.02390   0.04212   0.09537   0.15215   0.05310   0.06758   0.01690   0.00000   0.01482   0.04880   0.02102   0.01491   0.07008   0.07371   0.00536   0.04408   0.07690  
 28 53.1339  12224.834032  x:  0.00485   0.04428   0.00530   0.00668   0.00188   0.00092   0.00117   0.00000   0.00271   0.00208   0.00658   0.01002   0.02390   0.04211   0.09541   0.15219   0.05291   0.06793   0.01689   0.00000   0.01481   0.04878   0.02102   0.01491   0.07026   0.07365   0.00536   0.04406   0.07701  
 29  8.4286  12224.833971  x:  0.00485   0.04428   0.00530   0.00668   0.00188   0.00092   0.00117   0.00000   0.00271   0.00208   0.00658   0.01002   0.02390   0.04211   0.09541   0.15219   0.05290   0.06796   0.01689   0.00000   0.01481   0.04879   0.02102   0.01491   0.07026   0.07366   0.00536   0.04406   0.07693  
 30  0.1001  12224.790814  x:  0.00478   0.04471   0.00533   0.00668   0.00181   0.00099   0.00137   0.00000   0.00268   0.00199   0.00657   0.01002   0.02389   0.04208   0.09546   0.15208   0.05292   0.06818   0.01694   0.00000   0.01485   0.04845   0.02102   0.01497   0.07031   0.07352   0.00545   0.04447   0.07675  
 31  0.0190  12224.785416  x:  0.00472   0.04487   0.00541   0.00669   0.00179   0.00102   0.00133   0.00000   0.00266   0.00200   0.00659   0.01003   0.02389   0.04206   0.09548   0.15194   0.05296   0.06815   0.01694   0.00000   0.01484   0.04830   0.02102   0.01505   0.07032   0.07337   0.00550   0.04465   0.07699  
 32  0.0005  12224.784802  x:  0.00471   0.04483   0.00542   0.00670   0.00177   0.00100   0.00133   0.00000   0.00266   0.00200   0.00659   0.01003   0.02389   0.04205   0.09549   0.15187   0.05296   0.06808   0.01694   0.00000   0.01484   0.04829   0.02102   0.01506   0.07033   0.07339   0.00551   0.04459   0.07705  
 33  0.0002  12224.784714  x:  0.00471   0.04481   0.00543   0.00670   0.00176   0.00101   0.00133   0.00000   0.00266   0.00200   0.00659   0.01003   0.02389   0.04205   0.09549   0.15187   0.05295   0.06809   0.01693   0.00000   0.01484   0.04831   0.02102   0.01505   0.07033   0.07340   0.00552   0.04458   0.07700  
 34  0.0001  12224.784708  x:  0.00471   0.04481   0.00543   0.00670   0.00176   0.00101   0.00133   0.00000   0.00266   0.00200   0.00659   0.01003   0.02389   0.04205   0.09549   0.15188   0.05295   0.06810   0.01693   0.00000   0.01484   0.04831   0.02102   0.01505   0.07033   0.07340   0.00551   0.04458   0.07700  
 35  0.0000  12224.784708  x:  0.00471   0.04481   0.00543   0.00670   0.00176   0.00101   0.00133   0.00000   0.00266   0.00200   0.00659   0.01003   0.02389   0.04205   0.09549   0.15188   0.05295   0.06810   0.01693   0.00000   0.01484   0.04831   0.02102   0.01505   0.07033   0.07340   0.00551   0.04458   0.07700  