     1    938    299


 1

     1      1    -3.1242022113   0.043972000000      41.2457  -----------R----
     2      1   -10.8342582106   0.000019712488       0.0185  -----------SLLLL
     3      1    -3.1232677909   0.044013107535      41.2843  ---------PPPPPPP
     4      1    -9.0881103587   0.000113001399       0.1060  --AAPPAA-AAAAAAA
     5      1   -20.0134584291   0.000000002034       0.0000  --ADAAAV-VVVVVVV
     6      1   -13.2786224418   0.000001710675       0.0016  --AGAAAV-AAAAAAA
     7      1    -7.1185546318   0.000809936562       0.7597  --DEEEE--EEEEEEE
     8      1   -17.5556015706   0.000000023752       0.0000  --GVGGGG-RGGGGGG
     9      1    -8.8701051206   0.000140527815       0.1318  --HQQQQQ-QQQQQQQ
    10      1   -16.6588803467   0.000000058229       0.0001  --HRRRWR-RRRRRRR
    11      1   -15.1729627686   0.000000257316       0.0002  --LPSSSS-SSSSSSS
    12      1    -3.2765313420   0.037759002988      35.4179  --PPPPPP-PPPPPPP
    13      1   -21.4045959001   0.000000000506       0.0000  --PQQQPR-QQQQQQQ
    14      1   -16.4327346621   0.000000073005       0.0001  --SLCCSS-SSSSSSS
    15      1   -29.0125597967   0.000000000000       0.0000  --SSPPQS-LPPPPPP
    16      1    -7.6022465461   0.000499328408       0.4684  --SSSSSA-SSSSSSS
    17      1    -3.1072239285   0.044724942802      41.9520  --SSSSSS-SSSSSSS
    18      1    -3.1509880495   0.042809807754      40.1556  --SSSSSSSSSSSSSS
    19      1   -24.1541318400   0.000000000032       0.0000  --VVAAPA-TTTTTTT
    20      1   -24.4417160910   0.000000000024       0.0000  --VVPPTV-GGGGGGG
    21      1    -8.5257580828   0.000198294337       0.1860  --VVVVVV-AAAAAAA
    22      1   -21.5845016088   0.000000000423       0.0000  -AVAAAAA-AGVVVVV
    23      1    -7.8986538966   0.000371242936       0.3482  -PSSSSSS-SSSSSSS
    24      1   -19.1049595030   0.000000005045       0.0000  -SQQQQKL-QQQQQQQ
    25      1   -23.2799423288   0.000000000078       0.0000  -SVLL-LL-LLSSSSS
    26      1   -13.9024552410   0.000000916728       0.0009  -TPPPPPS-PPPPPPP
    27      1   -12.3927218520   0.000004148674       0.0039  A-SSSSSP-SSSSSSS
    28      1    -6.5352894327   0.001451308911       1.3613  A-SSSSSS-SSSSSSS
    29      1   -13.5295144391   0.000001331087       0.0012  AAAAA-ASATTTTTTT
    30      1    -2.9550192555   0.052077657787      48.8488  AAAAAAAA-AAAAAAA
    31      4    -2.9864729011   0.050465118653      47.3363  AAAAAAAAAAAAA-AA
    32     31    -2.9901477935   0.050280005116      47.1626  AAAAAAAAAAAAAAAA
    33      1    -8.8666659778   0.000141011942       0.1323  AAAAAAAAAGGGGGGG
    34      1    -8.8471762844   0.000143787178       0.1349  AAAAAAAAATAAAAAA
    35      1   -14.6211182636   0.000000446816       0.0004  AAAAAAAAAVVAAAAA
    36      1    -8.4314224267   0.000217911307       0.2044  AAAAAAAATAAAAAAA
    37      1    -8.2104905790   0.000271787355       0.2549  AAAAAAAVAAAAAAAA
    38      1    -8.3401206362   0.000238743540       0.2239  AAAAAATAAAAAAAAA
    39      1    -8.2531544370   0.000260435732       0.2443  AAAAAAVAAAAAAAAA
    40      1   -13.6944247116   0.000001128722       0.0011  AAAAAAVATAAAAAAA
    41      1   -15.0413826774   0.000000293502       0.0003  AAAAVAAVAAAAAAAA
    42      1    -8.5259407370   0.000198258121       0.1860  AAAAVVAAAAAAAAAA
    43      1   -18.5642826301   0.000000008662       0.0000  AAASSSSSSSCSSSSS
    44      1   -13.2784243892   0.000001711014       0.0016  AAEEEEEEEKKKKKKK
    45      1    -7.1331846919   0.000798173399       0.7487  AAGGGGGG-GGGGGGG
    46      1   -15.7359709678   0.000000146539       0.0001  AALVVVVVVAAAA-AA
    47      1    -7.7687419192   0.000422744779       0.3965  AAPPPPPPPPPPPPPP
    48      1   -26.3235530222   0.000000000004       0.0000  AAPPPPVP-VAAAAAA
    49      1   -29.1719237913   0.000000000000       0.0000  AAQLLLLG-RRRRRRR
    50      1    -6.8169716048   0.001095032096       1.0271  AASSSSSSSSSSSSSS
    51      1   -24.2879598204   0.000000000028       0.0000  AASSSSTS-SGNNNNN
    52      1   -16.5064882954   0.000000067815       0.0001  AATAAAAVATTTTTTT
    53      1   -14.1844149065   0.000000691492       0.0006  AATAAVAAAAAAAAAA
    54      1   -13.0774506076   0.000002091873       0.0020  AATTAAAAAAAAAAAA
    55      1   -24.0942229624   0.000000000034       0.0000  AATTTTATTILIIIII
    56      1   -13.2650091054   0.000001734122       0.0016  AAVAAAAATAAAAAAA
    57      1   -12.0849762973   0.000005643668       0.0053  AAVAVVVVVVVVVVVV
    58      1   -32.8770578084   0.000000000000       0.0000  AAVFHHFFFHVVVVVV
    59      1   -29.8867991338   0.000000000000       0.0000  AAVSIIIM-VIIIIII
    60      1    -7.1986994268   0.000747557430       0.7012  AAVVVVVVVVVVVVVV
    61      1   -14.7317683087   0.000000400013       0.0004  AEEEEEEEEKKKKKKK
    62      1   -13.1523865885   0.000001940846       0.0018  ASSSTTSSSSSSSSSS
    63      1   -14.6657864627   0.000000427297       0.0004  ATAAAAAAAVAAAAAA
    64      1   -19.0610033777   0.000000005271       0.0000  ATMSSSSS-SSSSSSS
    65      1   -37.0366721500   0.000000000000       0.0000  ATVVVGVVATAAAAAA
    66      1   -12.4310171235   0.000003992803       0.0037  AVTTTTTT-TTTTTTT
    67      1   -12.4673491701   0.000003850340       0.0036  AVTTTTTTTTTTTTTT
    68     13    -4.1853357309   0.015217096235      14.2736  CCCCCCCCCCCCCCCC
    69      1   -11.5415639557   0.000009717677       0.0091  CCCCCCCCYCCCCCCC
    70      1   -16.8501761135   0.000000048091       0.0000  CCSCCCCCCCCSC-CC
    71      1   -35.7396910460   0.000000000000       0.0000  CRQQLLQG-LQQQQQQ
    72      1    -3.3419606576   0.035367546049      33.1748  DDDDDDDDDDDDD-DD
    73     27    -3.3452158414   0.035252605363      33.0669  DDDDDDDDDDDDDDDD
    74      1    -7.7817897113   0.000417264723       0.3914  DDDDDDDDEDDDDDDD
    75      2    -8.3079356902   0.000246552479       0.2313  DDDDDDDDNDDDDDDD
    76      1   -10.2673131184   0.000034750621       0.0326  DDDDDGDD-DDDDDDD
    77      1   -10.6421012407   0.000023888790       0.0224  DDDEEEEEEEEEEEEE
    78      1   -13.9374735270   0.000000885181       0.0008  DDDGDDDDDEDDDDDD
    79      1    -6.7494751440   0.001171494325       1.0989  DDEEEEEEEEEEEEEE
    80      1   -13.7004884826   0.000001121898       0.0011  DEEDDDEEEEEEEEEE
    81      1   -12.7873384068   0.000002795951       0.0026  DEEEDDEEEEEEEEEE
    82      1    -8.1278757444   0.000295194604       0.2769  DEEEEEEE-EEEEEEE
    83      1    -8.0535843095   0.000317960210       0.2982  EDDDDDDDDDDDDDDD
    84      1   -12.0460028272   0.000005867964       0.0055  EEDDDDDDDNDDDDDD
    85      1    -8.0290853393   0.000325846111       0.3056  EEEEDDEE-EEEEEEE
    86      1    -7.7995803305   0.000409906968       0.3845  EEEEEEDEEEEEE-EE
    87      3    -3.4439654890   0.031937784948      29.9576  EEEEEEEEEEEEE-EE
    88     45    -3.4480339718   0.031808110586      29.8360  EEEEEEEEEEEEEEEE
    89      1    -8.3269756027   0.000241902549       0.2269  EEEEEEEQEEEEEEEE
    90      1   -39.0768510033   0.000000000000       0.0000  EEEGEGGGRGGGEEEE
    91      1    -8.6464780594   0.000175744722       0.1648  EESSSSSS-SSSSSSS
    92      1    -8.9082732682   0.000135265199       0.1269  EQEEEEEEEEEEEEEE
    93      1   -11.5937050361   0.000009223970       0.0087  FFFCFFFFFFFFFFFF
    94      1    -3.6043977756   0.027203822688      25.5172  FFFFFFFFFFFFF-FF
    95     26    -3.6067455825   0.027140028281      25.4573  FFFFFFFFFFFFFFFF
    96      1   -16.6360510714   0.000000059574       0.0001  FFFFVVFFIFFFFFFF
    97      1    -8.1943567513   0.000276207890       0.2591  FFLFFFFFFFFFFFFF
    98      1   -12.7761971318   0.000002827275       0.0027  FFLVLLLLLLLLLLLL
    99      1    -8.9508784316   0.000129623245       0.1216  FYFFFFFFFFFFFFFF
   100      1    -9.1666442250   0.000104466488       0.0980  G-GGGGGGGGSGGGGG
   101      1   -19.2891442299   0.000000004196       0.0000  GDEQQQQQQQQQQQQQ
   102      1   -27.2671396425   0.000000000001       0.0000  GGEAVAAATEEEEEEE
   103      1    -9.2692147670   0.000094282519       0.0884  GGGEGGGGGGGGGGGG
   104      1    -2.7129770816   0.066339015780      62.2260  GGGGGGGG-GGGGGGG
   105      4    -2.7270076674   0.065414739755      61.3590  GGGGGGGGGGGGG-GG
   106     25    -2.7286448083   0.065307734225      61.2587  GGGGGGGGGGGGGGGG
   107      1    -9.7026363513   0.000061122143       0.0573  GGGGGGRGGGGGGGGG
   108      1   -21.4740762354   0.000000000472       0.0000  GGGKRREGGGGGGGGG
   109      1   -21.2634332002   0.000000000583       0.0000  GRSSSSSS-SRSSSSS
   110      1    -4.1929539436   0.015101609619      14.1653  HHHHHHHHHHHHH-HH
   111     10    -4.1962188397   0.015052384833      14.1191  HHHHHHHHHHHHHHHH
   112      1   -12.3358110055   0.000004391626       0.0041  HHHHHHHHHHHHHHYH
   113      1   -15.4506523700   0.000000194925       0.0002  HHHHQQHHHYHHHHHH
   114      1    -9.3202752756   0.000089589245       0.0840  HHHYHHHHHHHHHHHH
   115      1    -9.3279636583   0.000088903090       0.0834  HHKKKKKKKKKKKKKK
   116      1    -8.5149148526   0.000200456187       0.1880  HHNNNNNNNNNNNNNN
   117      1    -8.4688068220   0.000209915220       0.1969  HHQQQQQQQQQQQQQQ
   118      1   -19.9515949436   0.000000002163       0.0000  HHYYHHYHYYYYYYYY
   119      1    -9.7562442601   0.000057931791       0.0543  HYYYYYYYYYYYYYYY
   120      7    -3.6222805595   0.026721666600      25.0649  IIIIIIIIIIIII-II
   121     43    -3.6263365213   0.026613504042      24.9635  IIIIIIIIIIIIIIII
   122      1   -10.3653140959   0.000031506582       0.0296  IIIIIIIIIIIIIIVI
   123      1    -9.6659196487   0.000063408055       0.0595  IIIIIIIIIIIIV-II
   124      1    -8.9886161921   0.000124822704       0.1171  IIIIIIIIIILIIIII
   125      1    -9.0869071080   0.000113137450       0.1061  IIIIVIIIIIIIIIII
   126      1    -9.1684123799   0.000104281938       0.0978  IIITIIIIIIIIIIII
   127      1    -7.3508686671   0.000642034404       0.6022  IIIVIIIIIIIIIIII
   128      1    -7.0970405920   0.000827550362       0.7762  IIVIIIIIIIIII-II
   129      1    -7.1010965538   0.000824200647       0.7731  IIVIIIIIIIIIIIII
   130      1   -20.7146270891   0.000000001009       0.0000  ITGEEEEEEEEEEEEE
   131      1    -9.9214524463   0.000049109776       0.0461  ITIIIIIIIIIIIIII
   132      1   -13.1035004929   0.000002038084       0.0019  ITLLLLLLLLLLLLLL
   133      4    -3.3239798066   0.036009236407      33.7767  KKKKKKKKKKKKK-KK
   134     37    -3.3276790790   0.035876274513      33.6519  KKKKKKKKKKKKKKKK
   135      1    -9.0887636116   0.000112927605       0.1059  KKKKKKKKKQKKKKKK
   136      1    -8.1779857325   0.000280766911       0.2634  KKKKKKKKRKKKKKKK
   137      1   -13.2448262672   0.000001769477       0.0017  KKKKKKREKKKKKKKK
   138      1   -13.1106525998   0.000002023559       0.0019  KKKKRRRKKKKKK-KK
   139      1    -7.9084868711   0.000367610402       0.3448  KKKRKKKKKKKKKKKK
   140      1    -7.6580858304   0.000472210437       0.4429  KKRKKKKKKKKKKKKK
   141      1   -28.4417354435   0.000000000000       0.0000  L-FAAA-F-VAVVVVV
   142      1   -13.9725316435   0.000000854686       0.0008  LIMIIIIIIIIIIIII
   143      1    -7.1387832227   0.000793717286       0.7445  LLIIIIIIIIIIIIII
   144      1    -8.6279147633   0.000179037592       0.1679  LLLLLLFLLLLLLLLL
   145      1    -2.7815399897   0.061943042242      58.1026  LLLLLLLL-LLLLLLL
   146      1   -10.6077394721   0.000024723917       0.0232  LLLLLLLLHLLLLLLL
   147      4    -2.8019732159   0.060690189550      56.9274  LLLLLLLLLLLLL-LL
   148     78    -2.8043613552   0.060545425851      56.7916  LLLLLLLLLLLLLLLL
   149      1   -10.1334923735   0.000039726489       0.0373  LLLLLLLLLLMMMMMM
   150      1    -9.8364120613   0.000053468810       0.0502  LLLLLLSLLLLLLLLL
   151      1   -13.8938744698   0.000000924628       0.0009  LLLVFFLLLLLLL-LL
   152      1   -16.3707994876   0.000000077670       0.0001  LLPPPPPPPPLPPPPP
   153      1   -24.0581368208   0.000000000036       0.0000  LLTATTTS-TATTTTT
   154      1   -15.5375013604   0.000000178710       0.0002  LLVVDDVVVVVVVVVV
   155      1   -10.4159156812   0.000029951963       0.0281  LSLLLLLLLLLLLLLL
   156      1   -12.5466250896   0.000003556886       0.0033  MMIIVVIIIIIIIIII
   157      1    -4.5408443609   0.010664398150      10.0032  MMMMMMMM-MMMMMMM
   158      2    -4.5781363319   0.010274025840       9.6370  MMMMMMMMMMMMM-MM
   159     17    -4.5824861678   0.010229432571       9.5952  MMMMMMMMMMMMMMMM
   160      1    -9.3559706595   0.000086447725       0.0811  MMVMMMMMMMMMMMMM
   161      1   -13.7004455233   0.000001121946       0.0011  MVAAAAAA-AAAAAAA
   162      1   -10.1534044270   0.000038943276       0.0365  NHNNNNNNNNNNNNNN
   163      1    -8.5199205010   0.000199455281       0.1871  NNNNNNNNDNNNNNNN
   164      4    -3.9449848688   0.019351509180      18.1517  NNNNNNNNNNNNN-NN
   165     29    -3.9497629969   0.019259265740      18.0652  NNNNNNNNNNNNNNNN
   166      2    -8.6369983725   0.000177418648       0.1664  NNNNNNNNSNNNNNNN
   167      1    -8.3677848825   0.000232229400       0.2178  NNNSNNNNNNNNNNNN
   168      1    -8.8961886719   0.000136909741       0.1284  NNTNNNNNNNNNNNNN
   169      1   -15.4499261333   0.000000195066       0.0002  NNTNNNYNNNNNNNNN
   170      1   -15.5236352921   0.000000181205       0.0002  PPFLFFFF-FFFFFFF
   171      1   -19.0675509212   0.000000005237       0.0000  PPLPPPWP-PPPPPPP
   172      1   -10.5880903850   0.000025214524       0.0237  PPPHPPPPPPPPPPPP
   173      1    -8.9719858243   0.000126915909       0.1190  PPPPP-PPSPPPPPPP
   174      1    -8.7378701885   0.000160395136       0.1505  PPPPPPPAPPPPPPPP
   175      3    -3.3608653496   0.034705213804      32.5535  PPPPPPPP-PPPPPPP
   176      4    -3.3779511869   0.034117283113      32.0020  PPPPPPPPPPPPP-PP
   177     15    -3.3799436825   0.034049372258      31.9383  PPPPPPPPPPPPPPPP
   178      1    -8.8283949491   0.000146513212       0.1374  PPPPPPPS-PPPPPPP
   179      1    -8.8474737286   0.000143744415       0.1348  PPPPPPPSPPPPPPPP
   180      1   -24.6198600035   0.000000000020       0.0000  PPPSSSLSSPPSPPPP
   181      1   -29.3838795782   0.000000000000       0.0000  PPQRHHPL-PPPPPPP
   182      1   -22.5361777603   0.000000000163       0.0000  PPTTTMNTTTTTTTTT
   183      1    -8.0054761120   0.000333630618       0.3129  QQEQQQQQQQQQQQQQ
   184      1    -7.5542290274   0.000523889891       0.4914  QQKKKKKKKKKKKKKK
   185      1   -16.6911025702   0.000000056383       0.0001  QQNPPPPP-PPPPPPP
   186      1    -8.5220183463   0.000199037294       0.1867  QQQKQQQQQQQQQQQQ
   187      1    -9.4952838086   0.000075205679       0.0705  QQQQQQQHQQQQQQQQ
   188      4    -3.9722819617   0.018830413787      17.6629  QQQQQQQQQQQQQ-QQ
   189     26    -3.9768211622   0.018745132463      17.5829  QQQQQQQQQQQQQQQQ
   190      1    -9.2903158548   0.000092313898       0.0866  QQQQQQRQQQQQQQQQ
   191      1   -10.3140026974   0.000033165423       0.0311  QQQQQRQQQQQQQQQQ
   192      1    -9.8599769892   0.000052223551       0.0490  QRQQQQQQQQQQQQQQ
   193      1   -12.8814746357   0.000002544759       0.0024  RKTTTTTTTTTTTTTT
   194      1    -9.6681803517   0.000063264870       0.0593  RQRRRRRRRRRRRRRR
   195      4    -7.0388885935   0.000877100836       0.8227  RRKKKKKKKKKKKKKK
   196      1   -42.7759649911   0.000000000000       0.0000  RRLRPPPP-PPPCRPP
   197      1   -21.4812701600   0.000000000469       0.0000  RRPLLLLF-LLLLLLL
   198      1   -13.4340074525   0.000001464484       0.0014  RRQQQQQR-QQQQQQQ
   199      1   -25.8499315274   0.000000000006       0.0000  RRRGRRLR-RRCRRRR
   200      1   -16.4645622527   0.000000070718       0.0001  RRRRR-KKRRKRRRRR
   201      1    -9.8750199878   0.000051443832       0.0483  RRRRRRRGRRRRRRRR
   202      1    -7.9774418945   0.000343116028       0.3218  RRRRRRRKRRRRRRRR
   203      3    -3.5684340424   0.028199979092      26.4516  RRRRRRRR-RRRRRRR
   204      1    -3.5958858386   0.027436368215      25.7353  RRRRRRRRRRRRR-RR
   205     31    -3.5990910976   0.027348568334      25.6530  RRRRRRRRRRRRRRRR
   206      1    -8.4692465205   0.000209822941       0.1968  RRSSSSSSSSSSSSSS
   207      1   -16.7957934022   0.000000050778       0.0000  S-EVAAAA-AAAAAAA
   208      1    -8.1252493143   0.000295970931       0.2776  SAAAAAAAAAAAAAAA
   209      1   -20.2510687621   0.000000001604       0.0000  SAFAAAAA-SSSSSSS
   210      1   -21.6767348793   0.000000000385       0.0000  SGNSSSSSSSSSSNSS
   211      1   -17.7805037175   0.000000018968       0.0000  SNNDNNNNDNNNNNNN
   212      1    -9.2738974666   0.000093842054       0.0880  SPPPPPPPPPPPPPPP
   213      1    -8.8549102215   0.000142679426       0.1338  SSCCCCCCCCCCCCCC
   214      1   -22.8922531139   0.000000000114       0.0000  SSGGGEGG-GRGGGGG
   215      1   -11.9315330253   0.000006579624       0.0062  SSNNNNNDNNNNNNNN
   216      2    -7.4954581569   0.000555602106       0.5212  SSNNNNNNNNNNNNNN
   217      1   -19.0042981791   0.000000005579       0.0000  SSNNNSNNNTNNNNNN
   218      1   -19.0127214160   0.000000005532       0.0000  SSNSSSSSNNSSSSSS
   219      1   -16.0877697986   0.000000103079       0.0001  SSPFPPPPPPPPPPPP
   220      1   -21.4111543983   0.000000000503       0.0000  SSPLSPPP-PPPPPPP
   221      1   -20.1088283861   0.000000001849       0.0000  SSRDGGGG-GGGGGGG
   222      1   -35.4432346343   0.000000000000       0.0000  SSRPGGGR-CCCCCCC
   223      1   -13.6007254478   0.000001239595       0.0012  SSSAAAASSSSSSSSS
   224      1   -33.9587119150   0.000000000000       0.0000  SSSNNNNDNSNSSTTT
   225      1   -12.9437349064   0.000002391153       0.0022  SSSPPPPP-PPPPPPP
   226      1   -10.2676714622   0.000034738170       0.0326  SSSPPPSS-SSSSSSS
   227      1    -9.0198236707   0.000120987458       0.1135  SSSPSSSS-SSSSSSS
   228      1   -17.7528000778   0.000000019501       0.0000  SSSSCCSSFSSSSSSS
   229      1   -10.7229230823   0.000022034017       0.0207  SSSSFFSS-SSSSSSS
   230      1    -9.0456513823   0.000117902637       0.1106  SSSSGGSS-SSSSSSS
   231      1    -8.7909900256   0.000152097313       0.1427  SSSSNNSSSSSSSSSS
   232      1    -3.2826007349   0.037530522833      35.2036  SSSSS-SS-SSSSSSS
   233      1   -22.3982019138   0.000000000187       0.0000  SSSSSCSSSPAAAAAA
   234      1    -9.8126741241   0.000054753234       0.0514  SSSSSGSS-SSSSSSS
   235      1   -10.2714087285   0.000034608587       0.0325  SSSSSPSSSSSSSSSS
   236      1   -10.5441034496   0.000026348388       0.0247  SSSSSRSS-SSSSSSS
   237      1   -10.3361171568   0.000032440038       0.0304  SSSSSSSSCSSSSSSS
   238      1    -8.9948316133   0.000124049285       0.1164  SSSSSSSSSNNNNNNN
   239      3    -3.3392474097   0.035463637270      33.2649  SSSSSSSSSSSSS-SS
   240     56    -3.3438270534   0.035301597772      33.1129  SSSSSSSSSSSSSSSS
   241      1    -8.4729508093   0.000209047134       0.1961  SSSSSSSSSTSSS-SS
   242      1    -8.4775304530   0.000208091962       0.1952  SSSSSSSSSTSSSSSS
   243      1    -8.0636921196   0.000314762516       0.2952  SSSSSSSSTSSSSSSS
   244      1    -3.2826007349   0.037530522833      35.2036  SSSSSXSS-SSSSSSS
   245      1   -12.4258708851   0.000004013404       0.0038  SSTSSSTT-TTTTTTT
   246      1   -13.4155378146   0.000001491784       0.0014  SSTTATTTTTTTTTTT
   247      1    -6.8406217558   0.001069438263       1.0031  SSTTTTTTTTTTTTTT
   248      1   -13.5764785131   0.000001270019       0.0012  SSYYYYYFYYYYYYYY
   249      1   -15.5976891637   0.000000168271       0.0002  TAAAAAAA-AVVVVVV
   250      1   -15.3015613225   0.000000226264       0.0002  TAATTTAAAAAAAAAA
   251      1    -7.2864191557   0.000684775743       0.6423  TTAAAAAAAAAAAAAA
   252      1   -22.3837395731   0.000000000190       0.0000  TTGSNNNS-NNNNNNN
   253      1   -24.6346069437   0.000000000020       0.0000  TTIIIITMITTTTTTT
   254      1   -12.5283796371   0.000003622379       0.0034  TTSTTTTTATTTTTTT
   255      1   -14.5630385196   0.000000473536       0.0004  TTTSSSNSSTTTTTTT
   256      1    -8.1409058088   0.000291373150       0.2733  TTTTSSTTTTTTTTTT
   257      1   -15.3590486598   0.000000213624       0.0002  TTTTTTITITTTTTTT
   258      1    -3.3230784275   0.036041709014      33.8071  TTTTTTTT-TTTTTTT
   259      1   -17.9004501828   0.000000016824       0.0000  TTTTTTTTMTIIIIII
   260      1    -8.8315539585   0.000146051106       0.1370  TTTTTTTTTAAAAAAA
   261      1    -8.3513416694   0.000236079565       0.2214  TTTTTTTTTSSSSSSS
   262      6    -3.3556110045   0.034888046887      32.7250  TTTTTTTTTTTTT-TT
   263      1   -11.6762179432   0.000008493427       0.0080  TTTTTTTTTTTTTITT
   264     45    -3.3594104712   0.034755742418      32.6009  TTTTTTTTTTTTTTTT
   265      1   -25.1765041088   0.000000000012       0.0000  TTYTNSNNNNNNNNNN
   266      1   -12.9974367929   0.000002266131       0.0021  VAEEE-EEEEEEEEEE
   267      1    -7.8089203352   0.000406096259       0.3809  VVAVVVVVVVVVVVVV
   268      1    -8.9300425544   0.000132352392       0.1241  VVFFFFFFFFFFF-FF
   269      1   -15.1666908164   0.000000258934       0.0002  VVFLLLFFFFFFFFFF
   270      2    -6.4818804609   0.001530929119       1.4360  VVIIIIIIIIIIIIII
   271      2   -10.3852508960   0.000030884661       0.0290  VVIIIIVIIIIIIIII
   272      1   -12.0800498038   0.000005671540       0.0053  VVIVVVVVVVIVVVVV
   273      1    -7.0366218382   0.000879091264       0.8246  VVIVVVVVVVVVVVVV
   274      1   -26.1739941970   0.000000000004       0.0000  VVMMMMIVMMMMVVVV
   275      1    -9.2507503014   0.000096039566       0.0901  VVMVVVVVVVVVVVVV
   276      1   -18.7620412288   0.000000007108       0.0000  VVVIVVIIIIVIIIII
   277      1    -7.2836903307   0.000686646928       0.6441  VVVIVVVVVVVVVVVV
   278      1    -8.1523576350   0.000288055429       0.2702  VVVLVVVVVVVVVVVV
   279      1    -7.4201848875   0.000599038381       0.5619  VVVVVVVIVVVVVVVV
   280      1   -13.4617109753   0.000001424470       0.0013  VVVVVVVVIVIII-II
   281      1   -13.6388077658   0.000001193276       0.0011  VVVVVVVVVIIVIIII
   282      1   -14.2225085490   0.000000665646       0.0006  VVVVVVVVVTAAAAAA
   283      1    -3.1703178348   0.041990249818      39.3869  VVVVVVVVVVVVV-VV
   284     26    -3.1738879112   0.041840608693      39.2465  VVVVVVVVVVVVVVVV
   285      1   -22.1938934632   0.000000000230       0.0000  WWHCYYYY-YYYYYYY
   286      1    -4.4679695446   0.011470582728      10.7594  WWWWWWWWWWWWW-WW
   287      1    -4.4695051243   0.011452982251      10.7429  WWWWWWWWWWWWWWWW
   288      1    -2.8462972665   0.058058900000      54.4592  XXXXXXEXXXXXXXXX
   289      1    -8.9567851396   0.000128859855       0.1209  YFYYYYYYYYYYY-YY
   290      1    -8.9591744275   0.000128552339       0.1206  YFYYYYYYYYYYYYYY
   291      1   -10.9406759212   0.000017722493       0.0166  YLYYYYYYYYYYYYYY
   292      1   -10.4173430933   0.000029909240       0.0281  YYCCCCCCCCCCCCCC
   293      1   -32.4213373630   0.000000000000       0.0000  YYCSSSSCCCCCYCCC
   294      1   -11.3798796226   0.000011423024       0.0107  YYYCYYYYYYYYYYYY
   295      1   -21.5098373829   0.000000000455       0.0000  YYYYCYYYYCYYYYYY
   296      1   -15.2471706628   0.000000238912       0.0002  YYYYFFYYNYYYYYYY
   297      1   -21.3171728961   0.000000000552       0.0000  YYYYYYYYCYYCYYYY
   298      1    -3.6962589933   0.024816190569      23.2776  YYYYYYYYYYYYY-YY
   299     29    -3.6986482812   0.024756968322      23.2220  YYYYYYYYYYYYYYYY