

TREE # 1

  0  0.0000   5894.335796  x:  0.00455   0.01944   0.00687   0.00445   0.00413   0.00192   0.00196   0.00289   0.00134   0.00330   0.07291   0.00713   0.01426   0.02047   0.04730   0.07864   0.02530   0.02681   0.00094   0.00000   0.01053   0.02489   0.00863   0.01936   0.04016   0.09217   0.00115   0.03645   0.03515  
  1 99.0000   5883.348631  x:  0.00434   0.01965   0.00677   0.00390   0.00361   0.00060   0.00125   0.00249   0.00000   0.00324   0.07176   0.00687   0.01442   0.02049   0.04744   0.07893   0.02521   0.02650   0.00582   0.00201   0.01055   0.02496   0.00840   0.01890   0.04019   0.09140   0.00098   0.03642   0.03514  
  2 4379.0635   5881.660358  x:  0.00410   0.01969   0.00675   0.00369   0.00343   0.00000   0.00108   0.00239   0.00000   0.00323   0.07125   0.00678   0.01449   0.02050   0.04750   0.07904   0.02516   0.02637   0.00589   0.00185   0.01051   0.02499   0.00832   0.01870   0.04021   0.09105   0.00094   0.03642   0.03513  
  3 1993.4863   5867.908622  x:  0.00000   0.02060   0.00654   0.00084   0.00204   0.00000   0.00433   0.00253   0.00000   0.00348   0.05952   0.00551   0.01574   0.02068   0.04888   0.08155   0.02423   0.02369   0.00698   0.00033   0.01016   0.02553   0.00695   0.01472   0.04049   0.08321   0.00163   0.03629   0.03490  
  4 5385.5212   5863.591833  x:  0.00044   0.02088   0.00651   0.00052   0.00171   0.00000   0.00484   0.00247   0.00000   0.00349   0.05589   0.00519   0.01610   0.02074   0.04930   0.08231   0.02395   0.02289   0.00711   0.00000   0.01006   0.02569   0.00658   0.01356   0.04057   0.08080   0.00168   0.03625   0.03483  
  5 8368.7794   5839.779872  x:  0.00079   0.02294   0.00649   0.00346   0.00025   0.00000   0.00662   0.00161   0.00000   0.00335   0.02804   0.00315   0.01873   0.02116   0.05241   0.08815   0.02187   0.01690   0.00685   0.00030   0.00942   0.02689   0.00416   0.00507   0.04120   0.06229   0.00138   0.03593   0.03432  
  6 27025.9038   5835.300189  x:  0.00083   0.02352   0.00645   0.00388   0.00121   0.00000   0.00677   0.00133   0.00000   0.00329   0.02003   0.00270   0.01947   0.02127   0.05330   0.08982   0.02130   0.01522   0.00685   0.00026   0.00923   0.02723   0.00357   0.00293   0.04138   0.05697   0.00122   0.03584   0.03418  
  7 49669.0562   5820.017497  x:  0.00086   0.02457   0.00632   0.00377   0.00132   0.00000   0.00663   0.00192   0.00000   0.00316   0.00319   0.00357   0.02066   0.02146   0.05503   0.09322   0.02033   0.01226   0.00655   0.00077   0.00902   0.02785   0.00401   0.00412   0.04173   0.04592   0.00093   0.03567   0.03392  
  8 10603.2648   5818.805618  x:  0.00086   0.02448   0.00638   0.00408   0.00134   0.00000   0.00666   0.00101   0.00000   0.00370   0.00278   0.00330   0.02028   0.02144   0.05537   0.09425   0.02075   0.01339   0.00677   0.00032   0.00932   0.02784   0.00517   0.00421   0.04177   0.04222   0.00189   0.03567   0.03392  
  9 672.9031   5817.076874  x:  0.00084   0.02430   0.00642   0.00418   0.00132   0.00000   0.00596   0.00245   0.00000   0.00432   0.00312   0.00299   0.01948   0.02139   0.05603   0.09639   0.02158   0.01556   0.00689   0.00008   0.00988   0.02779   0.00601   0.00381   0.04186   0.03458   0.00258   0.03565   0.03391  
 10 2122.3331   5815.848744  x:  0.00088   0.02416   0.00642   0.00359   0.00130   0.00000   0.00605   0.00192   0.00000   0.00424   0.00389   0.00341   0.01889   0.02134   0.05650   0.09810   0.02208   0.01682   0.00636   0.00107   0.01018   0.02774   0.00511   0.00390   0.04191   0.02878   0.00236   0.03562   0.03392  
 11 1909.3791   5815.510192  x:  0.00085   0.02404   0.00646   0.00397   0.00135   0.00000   0.00637   0.00177   0.00000   0.00385   0.00420   0.00347   0.01867   0.02132   0.05661   0.09868   0.02217   0.01697   0.00666   0.00050   0.01012   0.02768   0.00457   0.00430   0.04191   0.02723   0.00177   0.03561   0.03391  
 12 694.9398   5815.463286  x:  0.00084   0.02391   0.00645   0.00393   0.00134   0.00000   0.00648   0.00173   0.00000   0.00358   0.00429   0.00349   0.01852   0.02130   0.05659   0.09896   0.02214   0.01687   0.00666   0.00051   0.01002   0.02760   0.00490   0.00422   0.04189   0.02703   0.00143   0.03562   0.03393  
 13 155.4665   5815.425092  x:  0.00085   0.02353   0.00642   0.00393   0.00135   0.00000   0.00646   0.00175   0.00000   0.00351   0.00438   0.00326   0.01813   0.02123   0.05646   0.09980   0.02205   0.01650   0.00664   0.00057   0.00975   0.02737   0.00493   0.00430   0.04181   0.02701   0.00157   0.03567   0.03402  
 14 84.1357   5815.395617  x:  0.00085   0.02319   0.00642   0.00395   0.00134   0.00000   0.00642   0.00175   0.00000   0.00360   0.00443   0.00350   0.01780   0.02118   0.05633   0.10061   0.02199   0.01625   0.00667   0.00052   0.00960   0.02716   0.00492   0.00424   0.04174   0.02705   0.00168   0.03572   0.03410  
 15 246.6510   5815.370207  x:  0.00085   0.02294   0.00649   0.00393   0.00134   0.00000   0.00645   0.00174   0.00000   0.00385   0.00436   0.00343   0.01765   0.02115   0.05616   0.10164   0.02204   0.01634   0.00666   0.00052   0.00984   0.02701   0.00489   0.00425   0.04166   0.02726   0.00146   0.03576   0.03417  
 16 94.7499   5815.348772  x:  0.00085   0.02287   0.00654   0.00392   0.00134   0.00000   0.00644   0.00174   0.00000   0.00358   0.00430   0.00346   0.01773   0.02115   0.05599   0.10271   0.02212   0.01657   0.00666   0.00051   0.01010   0.02695   0.00484   0.00424   0.04161   0.02750   0.00154   0.03579   0.03421  
 17 113.4384   5815.334115  x:  0.00085   0.02317   0.00645   0.00395   0.00135   0.00000   0.00646   0.00175   0.00000   0.00364   0.00440   0.00347   0.01815   0.02120   0.05588   0.10365   0.02209   0.01661   0.00665   0.00051   0.00991   0.02708   0.00489   0.00428   0.04161   0.02764   0.00154   0.03578   0.03418  
 18 54.3023   5815.332496  x:  0.00085   0.02334   0.00651   0.00395   0.00135   0.00000   0.00645   0.00175   0.00000   0.00363   0.00441   0.00348   0.01800   0.02122   0.05587   0.10375   0.02207   0.01661   0.00664   0.00050   0.00990   0.02720   0.00489   0.00428   0.04165   0.02768   0.00155   0.03574   0.03414  
 19  9.6133   5815.331845  x:  0.00085   0.02337   0.00641   0.00396   0.00135   0.00000   0.00646   0.00175   0.00000   0.00363   0.00441   0.00348   0.01795   0.02120   0.05587   0.10377   0.02207   0.01661   0.00664   0.00050   0.00993   0.02724   0.00489   0.00428   0.04168   0.02769   0.00155   0.03572   0.03413  
 20  5.0208   5815.306656  x:  0.00085   0.02300   0.00654   0.00396   0.00136   0.00000   0.00643   0.00175   0.00000   0.00364   0.00446   0.00348   0.01811   0.02085   0.05568   0.10379   0.02226   0.01645   0.00665   0.00051   0.01000   0.02750   0.00492   0.00430   0.04264   0.02770   0.00158   0.03513   0.03386  
 21  1.9438   5815.180834  x:  0.00087   0.02269   0.00643   0.00393   0.00136   0.00000   0.00642   0.00176   0.00000   0.00359   0.00414   0.00349   0.01782   0.02154   0.05512   0.10353   0.02247   0.01745   0.00664   0.00058   0.00905   0.02699   0.00480   0.00428   0.04391   0.02797   0.00147   0.03484   0.03385  
 22 13.9928   5814.279522  x:  0.00093   0.02328   0.00626   0.00400   0.00145   0.00000   0.00582   0.00184   0.00000   0.00366   0.00476   0.00369   0.01754   0.02507   0.05275   0.10179   0.02064   0.01703   0.00662   0.00052   0.01080   0.02431   0.00529   0.00473   0.04760   0.02840   0.00160   0.03574   0.03463  
 23 58.4021   5808.897615  x:  0.00135   0.02235   0.00683   0.00417   0.00187   0.00000   0.00301   0.00233   0.00000   0.00358   0.00513   0.00472   0.01483   0.01743   0.04643   0.09170   0.02420   0.02036   0.00647   0.00098   0.01031   0.02545   0.00664   0.00677   0.04483   0.03355   0.00123   0.04211   0.03791  
 24 92.3421   5807.128579  x:  0.00149   0.01886   0.00675   0.00424   0.00203   0.00000   0.00203   0.00250   0.00000   0.00356   0.00559   0.00509   0.01394   0.02121   0.05015   0.08916   0.02528   0.02114   0.00641   0.00130   0.01059   0.02749   0.00721   0.00753   0.03976   0.03592   0.00138   0.03745   0.03513  
 25 230.9193   5806.943126  x:  0.00150   0.01959   0.00677   0.00426   0.00205   0.00000   0.00195   0.00252   0.00000   0.00355   0.00562   0.00514   0.01374   0.02015   0.05179   0.08902   0.02468   0.02162   0.00639   0.00133   0.01063   0.02555   0.00726   0.00762   0.03929   0.03635   0.00141   0.03578   0.03456  
 26 109.5262   5806.937519  x:  0.00150   0.01949   0.00677   0.00426   0.00205   0.00000   0.00195   0.00252   0.00000   0.00355   0.00564   0.00515   0.01373   0.02010   0.05234   0.08908   0.02449   0.02172   0.00639   0.00133   0.01061   0.02566   0.00726   0.00763   0.03952   0.03643   0.00139   0.03597   0.03476  
 27 15.2878   5806.936734  x:  0.00149   0.01953   0.00677   0.00426   0.00205   0.00000   0.00195   0.00252   0.00000   0.00355   0.00564   0.00515   0.01372   0.02013   0.05244   0.08909   0.02467   0.02165   0.00639   0.00133   0.01062   0.02561   0.00726   0.00763   0.03957   0.03645   0.00139   0.03604   0.03474  
 28  2.4021   5806.672610  x:  0.00150   0.01919   0.00680   0.00422   0.00208   0.00000   0.00165   0.00257   0.00000   0.00357   0.00538   0.00522   0.01388   0.01987   0.05258   0.08968   0.02372   0.02191   0.00637   0.00144   0.01055   0.02548   0.00733   0.00778   0.03980   0.03618   0.00140   0.03789   0.03120  
 29  0.2223   5804.266378  x:  0.00152   0.01994   0.00674   0.00404   0.00224   0.00000   0.00000   0.00285   0.00000   0.00370   0.00404   0.00561   0.01466   0.02014   0.05281   0.09251   0.02369   0.02125   0.00625   0.00162   0.01062   0.02587   0.00772   0.00858   0.03990   0.03449   0.00129   0.03726   0.03206  
 30 22.1701   5803.168046  x:  0.00145   0.02095   0.00657   0.00347   0.00255   0.00000   0.00000   0.00293   0.00000   0.00460   0.00231   0.00602   0.01549   0.02061   0.05282   0.09515   0.02347   0.02012   0.00634   0.00173   0.01032   0.02607   0.00790   0.00987   0.04066   0.03225   0.00084   0.03644   0.03341  
 31  0.0091   5802.390128  x:  0.00123   0.02215   0.00637   0.00263   0.00275   0.00000   0.00000   0.00241   0.00000   0.00448   0.00366   0.00611   0.01683   0.02122   0.05286   0.09800   0.02336   0.01910   0.00677   0.00153   0.00973   0.02629   0.00760   0.01087   0.04158   0.03140   0.00048   0.03543   0.03528  
 32  0.0057   5802.166236  x:  0.00117   0.02223   0.00640   0.00226   0.00290   0.00000   0.00000   0.00220   0.00000   0.00418   0.00360   0.00614   0.01679   0.02114   0.05287   0.09836   0.02329   0.01889   0.00709   0.00142   0.00970   0.02634   0.00740   0.01152   0.04154   0.03089   0.00122   0.03552   0.03536  
 33  0.0018   5801.958619  x:  0.00121   0.02157   0.00658   0.00214   0.00310   0.00000   0.00000   0.00196   0.00000   0.00370   0.00323   0.00605   0.01611   0.02074   0.05293   0.09702   0.02328   0.01923   0.00761   0.00120   0.00999   0.02619   0.00716   0.01234   0.04095   0.03123   0.00092   0.03620   0.03454  
 34  0.0020   5801.909649  x:  0.00132   0.02142   0.00657   0.00234   0.00320   0.00000   0.00000   0.00201   0.00000   0.00412   0.00323   0.00596   0.01619   0.02082   0.05295   0.09667   0.02336   0.01953   0.00779   0.00113   0.01011   0.02621   0.00719   0.01265   0.04102   0.03160   0.00086   0.03598   0.03434  
 35  0.0007   5801.897121  x:  0.00136   0.02157   0.00653   0.00221   0.00328   0.00000   0.00000   0.00201   0.00000   0.00413   0.00331   0.00580   0.01620   0.02092   0.05270   0.09676   0.02330   0.01939   0.00790   0.00115   0.01001   0.02618   0.00716   0.01284   0.04126   0.03152   0.00086   0.03597   0.03460  
 36  0.0003   5801.891294  x:  0.00144   0.02150   0.00656   0.00226   0.00331   0.00000   0.00000   0.00206   0.00000   0.00405   0.00332   0.00567   0.01622   0.02082   0.05284   0.09677   0.02335   0.01938   0.00791   0.00119   0.01000   0.02619   0.00717   0.01279   0.04108   0.03156   0.00088   0.03602   0.03452  
 37  0.0002   5801.887457  x:  0.00149   0.02150   0.00657   0.00219   0.00333   0.00000   0.00000   0.00205   0.00000   0.00407   0.00327   0.00566   0.01619   0.02087   0.05287   0.09679   0.02327   0.01943   0.00787   0.00122   0.01006   0.02621   0.00717   0.01264   0.04114   0.03146   0.00086   0.03596   0.03441  
 38  0.0001   5801.884252  x:  0.00155   0.02151   0.00655   0.00221   0.00336   0.00000   0.00000   0.00202   0.00000   0.00409   0.00328   0.00572   0.01624   0.02088   0.05284   0.09679   0.02336   0.01940   0.00787   0.00117   0.01002   0.02618   0.00715   0.01251   0.04113   0.03152   0.00087   0.03600   0.03453  
 39  0.0001   5801.883638  x:  0.00156   0.02150   0.00657   0.00219   0.00339   0.00000   0.00000   0.00203   0.00000   0.00407   0.00329   0.00574   0.01619   0.02085   0.05284   0.09678   0.02331   0.01939   0.00788   0.00115   0.01003   0.02621   0.00717   0.01254   0.04112   0.03154   0.00087   0.03599   0.03450  
 40  0.0001   5801.883445  x:  0.00155   0.02149   0.00656   0.00218   0.00340   0.00000   0.00000   0.00204   0.00000   0.00407   0.00329   0.00575   0.01623   0.02086   0.05285   0.09676   0.02333   0.01939   0.00785   0.00115   0.01004   0.02619   0.00718   0.01254   0.04113   0.03152   0.00087   0.03599   0.03449  
 41  0.0000   5801.883212  x:  0.00155   0.02151   0.00656   0.00220   0.00342   0.00000   0.00000   0.00204   0.00000   0.00407   0.00329   0.00574   0.01621   0.02087   0.05283   0.09681   0.02333   0.01940   0.00781   0.00115   0.01003   0.02620   0.00717   0.01253   0.04113   0.03151   0.00087   0.03600   0.03450  
 42  0.0000   5801.883146  x:  0.00155   0.02150   0.00656   0.00219   0.00343   0.00000   0.00000   0.00203   0.00000   0.00407   0.00329   0.00573   0.01621   0.02086   0.05284   0.09677   0.02333   0.01939   0.00781   0.00115   0.01003   0.02620   0.00716   0.01254   0.04113   0.03153   0.00087   0.03599   0.03450  
 43  0.0000   5801.883098  x:  0.00154   0.02150   0.00656   0.00220   0.00343   0.00000   0.00000   0.00203   0.00000   0.00408   0.00329   0.00573   0.01621   0.02086   0.05284   0.09677   0.02332   0.01939   0.00782   0.00115   0.01004   0.02620   0.00717   0.01252   0.04113   0.03153   0.00088   0.03600   0.03449  
 44  0.0000   5801.883066  x:  0.00153   0.02150   0.00656   0.00220   0.00344   0.00000   0.00000   0.00203   0.00000   0.00408   0.00329   0.00573   0.01621   0.02086   0.05284   0.09678   0.02333   0.01939   0.00784   0.00115   0.01003   0.02620   0.00717   0.01252   0.04113   0.03153   0.00087   0.03599   0.03450  
 45  0.0000   5801.883064  x:  0.00153   0.02150   0.00656   0.00220   0.00344   0.00000   0.00000   0.00203   0.00000   0.00408   0.00329   0.00573   0.01621   0.02086   0.05284   0.09678   0.02333   0.01939   0.00784   0.00115   0.01003   0.02620   0.00717   0.01252   0.04113   0.03153   0.00087   0.03599   0.03450  
 46  0.0000   5801.883063  x:  0.00153   0.02150   0.00656   0.00220   0.00344   0.00000   0.00000   0.00203   0.00000   0.00408   0.00329   0.00573   0.01621   0.02086   0.05284   0.09678   0.02333   0.01939   0.00784   0.00115   0.01003   0.02620   0.00717   0.01252   0.04113   0.03153   0.00087   0.03599   0.03450  
 47  0.0000   5801.883063  x:  0.00153   0.02150   0.00656   0.00220   0.00344   0.00000   0.00000   0.00203   0.00000   0.00408   0.00329   0.00573   0.01621   0.02086   0.05284   0.09678   0.02333   0.01939   0.00784   0.00115   0.01003   0.02620   0.00717   0.01252   0.04113   0.03153   0.00087   0.03599   0.03450  
 48  0.0000   5801.883063  x:  0.00153   0.02150   0.00656   0.00220   0.00344   0.00000   0.00000   0.00203   0.00000   0.00408   0.00329   0.00573   0.01621   0.02086   0.05284   0.09678   0.02333   0.01939   0.00784   0.00115   0.01003   0.02620   0.00717   0.01252   0.04113   0.03153   0.00087   0.03599   0.03450  
 49  0.0000   5801.883063  x:  0.00153   0.02150   0.00656   0.00220   0.00344   0.00000   0.00000   0.00203   0.00000   0.00408   0.00329   0.00573   0.01621   0.02086   0.05284   0.09678   0.02333   0.01939   0.00784   0.00115   0.01003   0.02620   0.00717   0.01252   0.04113   0.03153   0.00087   0.03599   0.03450  
 50  0.0000   5801.883063  x:  0.00153   0.02150   0.00656   0.00220   0.00344   0.00000   0.00000   0.00203   0.00000   0.00408   0.00329   0.00573   0.01621   0.02086   0.05284   0.09678   0.02333   0.01939   0.00784   0.00115   0.01003   0.02620   0.00717   0.01252   0.04113   0.03153   0.00087   0.03599   0.03450  
 51  0.0000   5801.883063  x:  0.00153   0.02150   0.00656   0.00220   0.00344   0.00000   0.00000   0.00203   0.00000   0.00408   0.00329   0.00573   0.01621   0.02086   0.05284   0.09678   0.02333   0.01939   0.00784   0.00115   0.01003   0.02620   0.00717   0.01252   0.04113   0.03153   0.00087   0.03599   0.03450  
 52  0.0000   5801.883063  x:  0.00153   0.02150   0.00656   0.00220   0.00344   0.00000   0.00000   0.00203   0.00000   0.00408   0.00329   0.00573   0.01621   0.02086   0.05284   0.09678   0.02333   0.01939   0.00784   0.00115   0.01003   0.02620   0.00717   0.01252   0.04113   0.03153   0.00087   0.03599   0.03450  