     1    712    233


 1

     1      1    -8.2295123762   0.000266666331       0.1899  ---A--A-VAAAAAAA
     2      1    -9.5701508319   0.000069780858       0.0497  ---C-L----------
     3      1    -8.9851794426   0.000125252427       0.0892  ---R-N----------
     4      1    -4.4486307331   0.011694568999       8.3265  --MMMMMMMMMMMMMM
     5      1    -2.9959521627   0.049989006754      35.5922  --SSS-SS--------
     6      1   -26.1213117893   0.000000000005       0.0000  --TVVVTTVMVEVVVV
     7      1    -6.7997756079   0.001114025098       0.7932  AA---S---S------
     8     17    -3.0053571347   0.049521065481      35.2590  AAAAAAAAAAAAAAAA
     9      1   -11.1848665480   0.000013882708       0.0099  AAAAAAAAAAAAPPAA
    10      1    -8.9191761780   0.000133798425       0.0953  AAAAAAAAAGAAAAAA
    11      1    -8.8284847668   0.000146500053       0.1043  AAAAAAAAATAAAAAA
    12      2    -8.8131597543   0.000148762460       0.1059  AAAAAAAAATTTTTTT
    13      1   -15.1343604333   0.000000267443       0.0002  AAAAAATAASSSSSSS
    14      1    -8.0687209227   0.000313183611       0.2230  AAAAGAAAAAAAAAAA
    15      1    -7.8983095489   0.000371370794       0.2644  AAAAVAAAAAAAAAAA
    16      1    -7.1943353862   0.000750826929       0.5346  AASAAAAAAAAAAAAA
    17      1   -12.4111355715   0.000004072980       0.0029  AATATTTTTTTTTTTT
    18      1   -14.3785033698   0.000000569502       0.0004  AAVAAVVVAAAAAAAA
    19      1   -22.2685177291   0.000000000213       0.0000  AAVVAAMVAAAAAAAA
    20      1    -8.3193652823   0.000243750528       0.1736  AGGGGGGGGGGGGGGG
    21      1   -13.8950998574   0.000000923496       0.0007  ATA-ATAAAAAAAAAA
    22      1    -8.5392810353   0.000195630861       0.1393  ATTTTTTTTTTTTTTT
    23      1    -4.1686236130   0.015473543057      11.0172  CCC-CCCCCCCCCCCC
    24      5    -4.1919074016   0.015117422360      10.7636  CCCCCCCCCCCCCCCC
    25      1   -20.8010430907   0.000000000925       0.0000  CCSASSCCSSSSSSSS
    26      4    -3.3115728185   0.036458785582      25.9587  DDD-DDDDDDDDDDDD
    27      1    -3.3094599527   0.036535899539      26.0136  DDDDDD--DDDDDDDD
    28     38    -3.3587336347   0.034779274334      24.7628  DDDDDDDDDDDDDDDD
    29      1    -9.7632158890   0.000057529316       0.0410  DDDDDDDDDGDDDDDD
    30      1    -8.6967391561   0.000167129908       0.1190  DDDDDDDDDNDDDDDD
    31      1    -9.7352824824   0.000059158961       0.0421  DDDDDDDDDSSSSSSS
    32      1    -7.9766916100   0.000343373559       0.2445  DDDDDDDDEDDDDDDD
    33      1    -7.5259457143   0.000538918764       0.3837  DDDDDEDDDDDDDDDD
    34      1   -23.7410554081   0.000000000049       0.0000  DDDDDKDDEDDDDDGD
    35      1   -13.7809474048   0.000001035167       0.0007  DDDDNDDNDDDDDDDD
    36      1   -13.5678063894   0.000001281081       0.0009  DDDGDDDDEDDDDDDD
    37      1   -16.5039129446   0.000000067989       0.0000  DDDNENDDDDDDDDDD
    38      1   -15.2798709018   0.000000231226       0.0002  DDEEDDEEEEEEEEEE
    39      1    -7.1880719984   0.000755544408       0.5379  DDEEEEEEEEEEEEEE
    40      1   -25.0964861203   0.000000000013       0.0000  DDGGGGGGGGDDHHDD
    41      1    -7.8006575947   0.000409465628       0.2915  DDNNNNNNNNNNNNNN
    42      1   -11.9971514167   0.000006161740       0.0044  DEEDEEEEEEEEEEEE
    43      1   -17.5877147247   0.000000023001       0.0000  EDEDDEEEEDDDDDDD
    44      1    -8.2293097617   0.000266720367       0.1899  EDEEEEEEEEEEEEEE
    45      1   -17.7318423263   0.000000019914       0.0000  EEDKQEDDEEEEEEEE
    46      7    -3.4059648464   0.033174796053      23.6205  EEE-EEEEEEEEEEEE
    47      1    -7.4483669460   0.000582391913       0.4147  EEEEDEEEEEEEEEEE
    48      1    -8.8697624851   0.000140575973       0.1001  EEEEEEEDEEEEEEEE
    49     38    -3.4649195953   0.031275520024      22.2682  EEEEEEEEEEEEEEEE
    50      1   -12.3788240358   0.000004206734       0.0030  EEEEEEEEEEEGEEEE
    51      1   -10.2820587786   0.000034241960       0.0244  EEEEEEEEEGEEEEEE
    52      1    -8.8770292073   0.000139558149       0.0994  EEEEEEEEKEEEEEEE
    53      1    -8.0160524954   0.000330120607       0.2350  EEKEEEEEEEEEEEEE
    54      1    -7.8079528801   0.000406489329       0.2894  EEQEEEEEEEEEEEEE
    55      1   -10.2451853393   0.000035528146       0.0253  EGEEEEEEEEEEEEEE
    56      6    -3.5823778372   0.027809493128      19.8004  FFF-FFFFFFFFFFFF
    57     28    -3.6164313611   0.026878424938      19.1374  FFFFFFFFFFFFFFFF
    58      1    -8.6863802857   0.000168870183       0.1202  FFFFFFFFYFFFFFFF
    59      1    -8.7588852193   0.000157059598       0.1118  FFFFFFLLFFFFFFFF
    60      1    -8.4521245430   0.000213446457       0.1520  FFFFFLFFFFFFFFFF
    61      1    -9.4714079296   0.000077022888       0.0548  FFIIIIIIIIIIIIII
    62      2    -8.0536080475   0.000317952662       0.2264  FFLFFFFFFFFFFFFF
    63      1   -14.8964592781   0.000000339273       0.0002  FFLLLLLFLLLLLLLL
    64      1   -20.1416907612   0.000000001789       0.0000  GEEDEGEEEEEEEEEE
    65      1    -7.7311876377   0.000438922526       0.3125  GGA-AAAAAAAAAAAA
    66      1   -20.9155332808   0.000000000825       0.0000  GGAGGAGGGVGGGGGG
    67      1   -15.2505941578   0.000000238095       0.0002  GGEEEGEEEEEEEEEE
    68      4    -2.7116272514   0.066428622645      47.2972  GGG-GGGGGGGGGGGG
    69      1   -10.1823980865   0.000037830380       0.0269  GGGDDGGGGGGGGGGG
    70      1    -8.6228961396   0.000179938373       0.1281  GGGGGGGGGAGGGGGG
    71     30    -2.7353823666   0.064869198543      46.1869  GGGGGGGGGGGGGGGG
    72      1    -9.8460992528   0.000052953348       0.0377  GGGGGGRRGGGGGGGG
    73      1   -13.9017213758   0.000000917401       0.0007  GGGGSGSSGGGGGGGG
    74      1   -19.8041291112   0.000000002507       0.0000  GGSSSASRSSSSSSSS
    75      1   -20.8674444627   0.000000000866       0.0000  GGSSSGGGGSSSSSSS
    76      4    -4.1622534918   0.015572426015      11.0876  HHH-HHHHHHHHHHHH
    77     10    -4.2096380845   0.014851742441      10.5744  HHHHHHHHHHHHHHHH
    78      1   -15.0447156068   0.000000292525       0.0002  HHHRHRHHHHHHHHHH
    79      3    -3.5844591902   0.027751671949      19.7592  III-IIIIIIIIIIII
    80     15    -3.6432096102   0.026168219251      18.6318  IIIIIIIIIIIIIIII
    81      1    -7.9850721791   0.000340507918       0.2424  IIIIIIIIIVVVVVVV
    82      1   -18.0271619964   0.000000014822       0.0000  IIIIIILLLLLLLLLL
    83      1    -9.0764507450   0.000114326663       0.0814  IIIIIIVIIIIIIIII
    84      1    -7.6613072205   0.000470691711       0.3351  IIIIIIVVIIIIIIII
    85      1    -9.0678383545   0.000115315541       0.0821  IIIIMIIIIIIIIIII
    86      1    -7.1749525107   0.000765522071       0.5451  IIIIVIIIIIIIIIII
    87      1   -14.5897544580   0.000000461052       0.0003  IIILLIIIIIVIIIII
    88      2    -7.5925582447   0.000504189562       0.3590  IIL-IIIIIIIIIIII
    89      1   -14.7925721924   0.000000376416       0.0003  IITTTTIITTTTTTTT
    90      1    -9.6522132249   0.000064283136       0.0458  IMMMMMMMMMMMMMMM
    91      1   -27.8417038090   0.000000000001       0.0000  ISILIIVIIFIIIIII
    92      1   -13.8535983189   0.000000962628       0.0007  ITT-ATTTTTTTTTTT
    93      1   -11.4849457190   0.000010283749       0.0073  IVIIVIIIIIIIIIII
    94      4    -3.2893725862   0.037277230310      26.5414  KKK-KKKKKKKKKKKK
    95     31    -3.3429975384   0.035330893125      25.1556  KKKKKKKKKKKKKKKK
    96      1    -7.9217367904   0.000362771721       0.2583  KKKKKRKKKKKKKKKK
    97      1   -15.9219965524   0.000000121665       0.0001  KKNNNKNNKKKKKKKK
    98      1    -7.4676557451   0.000571265921       0.4067  KKR-KKKKKKKKKKKK
    99      1    -7.5212807610   0.000541438668       0.3855  KKRKKKKKKKKKKKKK
   100      1    -8.4598301571   0.000211808042       0.1508  KRK-KKKKKKKKKKKK
   101      1   -15.1689414379   0.000000258352       0.0002  LLFFLLFFLLLLLLLL
   102      2    -7.5863799408   0.000507314241       0.3612  LLIIIIIIIIIIIIII
   103      5    -2.7796413654   0.062060760520      44.1873  LLL-LLLLLLLLLLLL
   104      1    -9.8975324855   0.000050298642       0.0358  LLLKLLLLLLLLLLLL
   105      2    -8.2682401095   0.000256536370       0.1827  LLLLFLLLLLLLLLLL
   106     41    -2.8142552053   0.059949352079      42.6839  LLLLLLLLLLLLLLLL
   107      1    -9.2171547251   0.000099320881       0.0707  LLQQQQQQQQQQQQQQ
   108      1   -10.9090277777   0.000018292347       0.0130  LLVIIIIIIIIIIIII
   109      1   -38.9531057179   0.000000000000       0.0000  LQISVIINTIIIIIII
   110      1   -10.8217134570   0.000019961334       0.0142  MKKKKKKKKKKKKKKK
   111      1   -15.3760103857   0.000000210031       0.0001  MMAAMMMMMMMMMMMM
   112      1    -8.8977289080   0.000136699030       0.0973  MMIMMMMMMMMMMMMM
   113      1    -9.8350309112   0.000053542710       0.0381  MMMMMMMLMMMMMMMM
   114      1   -12.2116990108   0.000004971947       0.0035  MMMMMMMMMMKMMMMM
   115     10    -4.6003663691   0.010048153737       7.1543  MMMMMMMMMMMMMMMM
   116      1   -18.6102844448   0.000000008273       0.0000  NDNDDDDDDDNNNNNN
   117      1   -16.6758793025   0.000000057248       0.0000  NNDDANDDDNNNNNNN
   118      5    -3.9001935934   0.020237993125      14.4095  NNN-NNNNNNNNNNNN
   119      1   -14.1280578357   0.000000731581       0.0005  NNNNDNNNNNSNNNNN
   120      1    -9.4261279121   0.000080590651       0.0574  NNNNNNNNNKNNNNNN
   121     21    -3.9694926561   0.018883010885      13.4447  NNNNNNNNNNNNNNNN
   122      1   -20.0087736370   0.000000002043       0.0000  NNSNSNSSSNSSSSSS
   123      1   -16.9667514711   0.000000042799       0.0000  NSDDDDDDEDDDDDDD
   124      1   -19.6977935583   0.000000002788       0.0000  NSR-SSSSNSSSSSSS
   125      1   -12.1929278784   0.000005066158       0.0036  NSTTTTTTTTTTTTTT
   126      1   -14.7816589574   0.000000380546       0.0003  PPAAAAAAAATTTTTT
   127      1   -14.7656765403   0.000000386677       0.0003  PPLLMLLLLLLLLLLL
   128      5    -3.3592023176   0.034762977704      24.7512  PPP-PPPPPPPPPPPP
   129      1   -16.4640881486   0.000000070752       0.0001  PPPLPPLLPPPPPPPP
   130      1   -17.5951648699   0.000000022831       0.0000  PPPPPPPPPHTTTTTT
   131     18    -3.3881247451   0.033771948567      24.0456  PPPPPPPPPPPPPPPP
   132      1   -15.6679118214   0.000000156860       0.0001  PPSSSSSSLSSSSSSS
   133      1   -19.8979730265   0.000000002283       0.0000  PPSVSASSSSSSSSSS
   134      1   -18.6248814804   0.000000008153       0.0000  PPTAAAAATAAAAAAA
   135      1   -16.1480684881   0.000000097047       0.0001  PTPTTTTTTTTTTTTT
   136      1    -8.1329257519   0.000293707627       0.2091  QQKQQQQQQQQQQQQQ
   137      5    -3.9297092362   0.019649385052      13.9904  QQQ-QQQQQQQQQQQQ
   138      1   -11.0156607024   0.000016442178       0.0117  QQQQQQQQQQHQQQQQ
   139      1   -12.8105615002   0.000002731768       0.0019  QQQQQQQQQQQQHHQH
   140     23    -3.9955502969   0.018397319636      13.0989  QQQQQQQQQQQQQQQQ
   141      1   -36.8476871036   0.000000000000       0.0000  QQRGRRQRQRRRHHHH
   142      1    -9.4766368522   0.000076621193       0.0546  RQQQQQQQQQQQQQQQ
   143      1   -13.5801521384   0.000001265362       0.0009  RRGRRKRRRRRRRRRR
   144      1   -30.1850610255   0.000000000000       0.0000  RRHCCHRRNHHHHHHH
   145      2    -7.4768396680   0.000566043477       0.4030  RRKKKKKKKKKKKKKK
   146      1   -11.9044341799   0.000006760362       0.0048  RRKRKKKKKKKKKKKK
   147      1   -15.7497442431   0.000000144535       0.0001  RRKRKKRRRRRRRRRR
   148      1   -14.9598905003   0.000000318421       0.0002  RRPRRRQQRRRRRRRR
   149      1   -19.6563782107   0.000000002906       0.0000  RRQRQRRRRQRRRRRR
   150      1    -8.5399790404   0.000195494358       0.1392  RRQRRRRRRRRRRRRR
   151      2    -3.5658298595   0.028273512703      20.1307  RRR-RRRRRRRRRRRR
   152      1   -18.4163822496   0.000000010043       0.0000  RRRKKRKKRKKKKKKK
   153      1    -7.7043872122   0.000450844886       0.3210  RRRKRRRRRRRRRRRR
   154      1    -9.7251042818   0.000059764168       0.0426  RRRLRRRRRRRRRRRR
   155      1   -42.5403690724   0.000000000000       0.0000  RRRPHHPPRNIIIIII
   156      1    -9.5034093293   0.000074597070       0.0531  RRRRHRRRRRRRRRRR
   157      1    -9.2526553131   0.000095856784       0.0683  RRRRRRQQRRRRRRRR
   158     41    -3.6123183165   0.026989204765      19.2163  RRRRRRRRRRRRRRRR
   159      1   -20.2506996824   0.000000001604       0.0000  SAASLSAASSSSSSSS
   160      1   -32.4007376278   0.000000000000       0.0000  SAMVMVTTTVVVVVVV
   161      1    -8.2552581601   0.000259888423       0.1850  SAS-SSSSSSSSSSSS
   162      1   -27.5682649003   0.000000000001       0.0000  SGLIIILLITTTTTTT
   163      1    -9.6991166249   0.000061337655       0.0437  SPSSSSSSSSSSSSSS
   164      1   -14.7627675996   0.000000387803       0.0003  SSEAASSSSSSSSSSS
   165      1   -13.8454820129   0.000000970473       0.0007  SSLTSSSSSSSSSSSS
   166      2    -7.9414076593   0.000355705414       0.2533  SSNNNNNNNNNNNNNN
   167      1   -30.8002102042   0.000000000000       0.0000  SSNSTNSSTNTTTTTT
   168      6    -3.2964308178   0.037015045355      26.3547  SSS-SSSSSSSSSSSS
   169      1   -17.5412967960   0.000000024094       0.0000  SSSNNNNSNNNNNNNN
   170      1    -7.5275439745   0.000538058120       0.3831  SSSSASSSSSSSSSSS
   171      1   -24.3180334259   0.000000000027       0.0000  SSSSNNNNSSNNNNNN
   172      1   -13.4623315321   0.000001423586       0.0010  SSSSNSNNSSSSSSSS
   173      2    -8.8863921731   0.000138257569       0.0984  SSSSPSSSSSSSSSSS
   174      1   -10.6351037836   0.000024056537       0.0171  SSSSSSFFSSSSSSSS
   175      1    -9.7222343554   0.000059935933       0.0427  SSSSSSSSDSSSSSSS
   176      1   -20.1187974020   0.000000001830       0.0000  SSSSSSSSFSSSFFSS
   177      1    -8.8105584769   0.000149149936       0.1062  SSSSSSSSNSSSSSSS
   178      1    -9.0064334271   0.000122618405       0.0873  SSSSSSSSSNSSSSSS
   179      1   -12.1141829075   0.000005481220       0.0039  SSSSSSSSSSSSSGSS
   180     24    -3.3628101814   0.034637783591      24.6621  SSSSSSSSSSSSSSSS
   181      1   -11.2395439723   0.000013144016       0.0094  SSSSSSSSSSTSTTTT
   182      2    -8.1078292489   0.000301171933       0.2144  SSSSSSTTSSSSSSSS
   183      1    -7.8099934533   0.000405660704       0.2888  SSSSSTSSSSSSSSSS
   184      1   -18.8433221086   0.000000006553       0.0000  SSSSTSGGSNNNNNNN
   185      1    -7.4073113988   0.000606799946       0.4320  SSTSSSSSSSSSSSSS
   186      1   -29.4820102132   0.000000000000       0.0000  SSTTASKISSSSSSSS
   187      1   -12.7458146009   0.000002914493       0.0021  SSTTNTTTTTTTTTTT
   188      1    -3.2778316420   0.037709936864      26.8495  SSXSSSSSSSSSSSSS
   189      1   -11.5161012631   0.000009968292       0.0071  STAAAAAAAAAAAAAA
   190      1   -14.5929268409   0.000000459592       0.0003  STLSSSSSSSSSSSSS
   191      1    -8.5183598521   0.000199766804       0.1422  TAAAAAAAAAAAAAAA
   192      1   -13.1055695288   0.000002033871       0.0014  TAAAASAAAAAAAAAA
   193      1   -11.7990722184   0.000007511524       0.0053  TASSSSSSSSSSSSSS
   194      1   -23.9027538775   0.000000000042       0.0000  TIMLLFLLLLLLLLLL
   195      1   -26.2002639440   0.000000000004       0.0000  TIPTTPSSTTTTTTTT
   196      1   -17.8888014737   0.000000017021       0.0000  TNDDDDDDDEEEEEEE
   197      1    -8.1481328999   0.000289274961       0.2060  TSSSSSSSSSSSSSSS
   198      1   -13.2585432169   0.000001745371       0.0012  TTATTTTTTATTTTTT
   199      1   -21.6875411363   0.000000000381       0.0000  TTMKTMTTTTTTTTTT
   200      2    -3.3200115974   0.036152412477      25.7405  TTT-TTTTTTTTTTTT
   201      1   -21.8148293902   0.000000000336       0.0000  TTTMMEMMMMMMMMMM
   202      1   -13.0245652156   0.000002205480       0.0016  TTTSTTTTTATTTTTT
   203      1   -13.5708127686   0.000001277235       0.0009  TTTTSTTTTTAAAAAA
   204      1    -8.1907732956   0.000277199444       0.1974  TTTTTATTTTTTTTTT
   205      1    -9.4321772932   0.000080104599       0.0570  TTTTTTTATTTTTTTT
   206      1    -8.8269564510   0.000146724123       0.1045  TTTTTTTTTAAAAAAA
   207      1    -9.8341087665   0.000053592107       0.0382  TTTTTTTTTTATTTTT
   208     15    -3.3751091209   0.034214384602      24.3606  TTTTTTTTTTTTTTTT
   209      1   -20.5501806687   0.000000001189       0.0000  TTVTTTIIIVVVVVVV
   210      1   -13.2232269074   0.000001808113       0.0013  TTVVVAVVVVVVVVVV
   211      1    -7.6988273043   0.000453358523       0.3228  VIIIIIIIIIIIIIII
   212      1    -7.6490242542   0.000476508854       0.3393  VVAAAAAAAAAAAAAA
   213      2    -7.6729218655   0.000465256419       0.3313  VVAVVVVVVVVVVVVV
   214      1    -6.9184929483   0.000989319774       0.7044  VVIIIIIIIIIIIIII
   215      1   -11.0948070424   0.000015191006       0.0108  VVIIIIIIVIIIIIII
   216      1   -10.8563683282   0.000019281426       0.0137  VVIIVVVVVVVVVVVV
   217      1   -15.2392272702   0.000000240817       0.0002  VVILIVVVVVVVVVVV
   218      1   -16.1432607884   0.000000097515       0.0001  VVIVIVVVVVIIIIII
   219      1   -11.0086276221   0.000016558225       0.0118  VVIVVIVVVVVVVVVV
   220      1    -9.8865775756   0.000050852688       0.0362  VVV-VIVVVIIIIIII
   221      5    -3.1370650223   0.043410018553      30.9079  VVV-VVVVVVVVVVVV
   222      1    -7.1454079124   0.000788476534       0.5614  VVVIVVVVVVVVVVVV
   223      1    -7.1062223357   0.000819986783       0.5838  VVVVIVVVVVVVVVVV
   224      1    -7.2976534984   0.000677125789       0.4821  VVVVVIVVVVVVVVVV
   225      1    -7.5936343189   0.000503647309       0.3586  VVVVVVIIVVVVVVVV
   226      1    -7.9316846492   0.000359180809       0.2557  VVVVVVVVVIIIIIII
   227      1    -9.7058623070   0.000060925283       0.0434  VVVVVVVVVVAVVVVV
   228     22    -3.1887606245   0.041222929979      29.3507  VVVVVVVVVVVVVVVV
   229      2    -4.4535011388   0.011637750180       8.2861  WWW-WWWWWWWWWWWW
   230      1   -25.8014459379   0.000000000006       0.0000  WWWNWYGGWWWWWWWW
   231      1    -4.4757979277   0.011381137176       8.1034  WWWWWWWWWWWWWWWW
   232      1    -3.6738469803   0.025378650745      18.0696  YYY-YYYYYYYYYYYY
   233      8    -3.7085031722   0.024514189343      17.4541  YYYYYYYYYYYYYYYY