

TREE # 1

  0  0.0000   4430.854129  x:  0.00071   0.02187   0.01378   0.00274   0.00577   0.00594   0.00581   0.00273   0.00600   0.00187   0.00510   0.01023   0.00452   0.02435   0.04313   0.05495   0.03053   0.02330   0.00466   0.00000   0.01094   0.03236   0.00814   0.01416   0.05709   0.03188   0.00603   0.04685   0.15343  
  1 99.0000   4424.099946  x:  0.00100   0.02188   0.01372   0.00257   0.00552   0.00569   0.00571   0.00240   0.00574   0.00154   0.00486   0.01017   0.00439   0.02432   0.04311   0.05500   0.03051   0.02330   0.00467   0.00781   0.01099   0.03236   0.00811   0.01412   0.05710   0.03185   0.00621   0.04687   0.15325  
  2 17770.6999   4418.028170  x:  0.00161   0.02189   0.01348   0.00183   0.00436   0.00451   0.00526   0.00087   0.00457   0.00000   0.00375   0.00985   0.00380   0.02419   0.04304   0.05525   0.03046   0.02323   0.00426   0.00779   0.01107   0.03228   0.00797   0.01390   0.05721   0.03161   0.00680   0.04696   0.15241  
  3 1770.8650   4416.214832  x:  0.00117   0.02188   0.01339   0.00198   0.00388   0.00402   0.00518   0.00000   0.00407   0.00000   0.00335   0.00975   0.00373   0.02412   0.04299   0.05536   0.03043   0.02320   0.00411   0.00780   0.01110   0.03224   0.00793   0.01381   0.05727   0.03149   0.00692   0.04700   0.15193  
  4 3515.4880   4413.347687  x:  0.00312   0.02200   0.01276   0.00502   0.00184   0.00155   0.00646   0.00000   0.00147   0.00000   0.00316   0.00958   0.00615   0.02359   0.04256   0.05676   0.03013   0.02295   0.00454   0.00777   0.01150   0.03182   0.00813   0.01335   0.05794   0.03008   0.00562   0.04728   0.14545  
  5 854.8029   4399.933548  x:  0.00338   0.02228   0.00956   0.00486   0.00077   0.00386   0.00786   0.00000   0.00496   0.00000   0.00035   0.00819   0.00958   0.02005   0.03936   0.06629   0.02823   0.02126   0.00419   0.00782   0.01299   0.02882   0.00841   0.01063   0.06259   0.02095   0.00648   0.04980   0.09628  
  6 898.3653   4395.351962  x:  0.00298   0.02241   0.00803   0.00395   0.00097   0.00379   0.00793   0.00000   0.00542   0.00000   0.00287   0.00734   0.01050   0.01817   0.03760   0.07163   0.02720   0.02034   0.00349   0.00786   0.01374   0.02718   0.00840   0.00925   0.06519   0.01616   0.00757   0.05124   0.06796  
  7 14623.1158   4392.448760  x:  0.00294   0.02245   0.00985   0.00365   0.00497   0.00260   0.00761   0.00000   0.00388   0.00000   0.00174   0.00834   0.01041   0.01837   0.03711   0.07411   0.02702   0.02032   0.00328   0.00788   0.01370   0.02682   0.00846   0.01043   0.06637   0.01662   0.00724   0.05175   0.05022  
  8 2337.7638   4390.558739  x:  0.00293   0.02235   0.01194   0.00356   0.00246   0.00384   0.00728   0.00000   0.00368   0.00000   0.00219   0.00951   0.00966   0.01968   0.03759   0.07455   0.02744   0.02088   0.00382   0.00787   0.01303   0.02740   0.00853   0.01213   0.06652   0.02017   0.00667   0.05166   0.04004  
  9 918.3195   4390.392715  x:  0.00311   0.02216   0.01111   0.00415   0.00260   0.00329   0.00752   0.00000   0.00431   0.00000   0.00216   0.00888   0.00925   0.02006   0.03835   0.07370   0.02788   0.02124   0.00407   0.00786   0.01242   0.02804   0.00842   0.01157   0.06606   0.02093   0.00722   0.05132   0.03878  
 10 134.6564   4390.348346  x:  0.00306   0.02209   0.01084   0.00401   0.00259   0.00330   0.00758   0.00000   0.00426   0.00000   0.00213   0.00886   0.00905   0.02007   0.03884   0.07287   0.02808   0.02135   0.00385   0.00786   0.01230   0.02840   0.00844   0.01135   0.06564   0.02065   0.00663   0.05102   0.03834  
 11 74.9053   4390.314937  x:  0.00306   0.02205   0.01098   0.00401   0.00256   0.00347   0.00767   0.00000   0.00403   0.00000   0.00211   0.00906   0.00911   0.01993   0.03936   0.07171   0.02823   0.02132   0.00398   0.00786   0.01242   0.02868   0.00852   0.01142   0.06507   0.02007   0.00696   0.05068   0.03793  
 12 69.8688   4390.305828  x:  0.00307   0.02211   0.01112   0.00399   0.00252   0.00333   0.00757   0.00000   0.00420   0.00000   0.00212   0.00889   0.00929   0.01981   0.03933   0.07113   0.02812   0.02119   0.00384   0.00786   0.01258   0.02852   0.00844   0.01153   0.06483   0.02007   0.00697   0.05061   0.03779  
 13 28.6775   4390.301664  x:  0.00306   0.02215   0.01098   0.00395   0.00254   0.00338   0.00751   0.00000   0.00413   0.00000   0.00211   0.00895   0.00936   0.01977   0.03914   0.07075   0.02800   0.02113   0.00389   0.00786   0.01259   0.02829   0.00846   0.01143   0.06470   0.02019   0.00698   0.05064   0.03772  
 14 17.9609   4390.299182  x:  0.00308   0.02215   0.01104   0.00398   0.00253   0.00337   0.00762   0.00000   0.00414   0.00000   0.00211   0.00894   0.00927   0.01986   0.03889   0.07053   0.02797   0.02122   0.00386   0.00786   0.01247   0.02820   0.00851   0.01143   0.06469   0.02011   0.00698   0.05077   0.03769  
 15  7.5662   4390.295138  x:  0.00310   0.02211   0.01100   0.00404   0.00253   0.00336   0.00755   0.00000   0.00415   0.00000   0.00211   0.00894   0.00915   0.01986   0.03868   0.07034   0.02802   0.02134   0.00399   0.00786   0.01260   0.02832   0.00836   0.01150   0.06478   0.02006   0.00693   0.05098   0.03768  
 16  6.0237   4390.280059  x:  0.00316   0.02207   0.01097   0.00412   0.00255   0.00343   0.00748   0.00000   0.00413   0.00000   0.00211   0.00900   0.00922   0.01968   0.03850   0.06999   0.02817   0.02136   0.00367   0.00786   0.01277   0.02876   0.00858   0.01144   0.06516   0.02019   0.00702   0.05151   0.03767  
 17 10.6895   4390.222969  x:  0.00296   0.02215   0.01127   0.00355   0.00249   0.00318   0.00766   0.00000   0.00410   0.00000   0.00211   0.00881   0.00965   0.01951   0.03875   0.06929   0.02832   0.02097   0.00409   0.00786   0.01237   0.02926   0.00863   0.01119   0.06618   0.02029   0.00693   0.05253   0.03771  
 18 21.0312   4390.032889  x:  0.00307   0.02237   0.01085   0.00380   0.00251   0.00352   0.00728   0.00000   0.00373   0.00000   0.00209   0.00891   0.00956   0.01992   0.04014   0.06814   0.02819   0.02027   0.00356   0.00787   0.01133   0.02874   0.00755   0.01183   0.06823   0.02013   0.00705   0.05377   0.03787  
 19 39.1828   4389.392911  x:  0.00310   0.02243   0.01057   0.00423   0.00231   0.00270   0.00645   0.00000   0.00398   0.00000   0.00209   0.00914   0.00724   0.02113   0.04333   0.06599   0.02765   0.02057   0.00403   0.00786   0.01270   0.02623   0.00958   0.01223   0.07223   0.01995   0.00678   0.05454   0.03837  
 20 82.2316   4387.960469  x:  0.00288   0.02178   0.01199   0.00359   0.00227   0.00327   0.00838   0.00000   0.00217   0.00000   0.00205   0.00803   0.00491   0.02092   0.04484   0.06390   0.02742   0.02312   0.00309   0.00785   0.01514   0.02459   0.00764   0.01003   0.07533   0.02145   0.00731   0.05251   0.03938  
 21 110.3033   4385.423167  x:  0.00220   0.02088   0.01103   0.00153   0.00155   0.00095   0.00746   0.00000   0.00192   0.00000   0.00203   0.01013   0.00414   0.02040   0.04340   0.06230   0.02774   0.02580   0.00235   0.00785   0.01390   0.02564   0.00699   0.01128   0.07592   0.02219   0.00812   0.04843   0.04097  
 22 185.9393   4384.237556  x:  0.00215   0.02089   0.01118   0.00147   0.00150   0.00126   0.00532   0.00000   0.00072   0.00000   0.00196   0.00860   0.00325   0.02034   0.04235   0.06188   0.02791   0.02600   0.00270   0.00784   0.01261   0.02668   0.00772   0.01171   0.07523   0.02223   0.00818   0.04682   0.04170  
 23 433.8276   4383.943104  x:  0.00229   0.02122   0.01187   0.00192   0.00139   0.00104   0.00443   0.00000   0.00085   0.00000   0.00197   0.00913   0.00245   0.02057   0.04212   0.06197   0.02795   0.02518   0.00272   0.00784   0.01232   0.02708   0.00750   0.01069   0.07435   0.02211   0.00812   0.04695   0.04192  
 24 238.8258   4383.619798  x:  0.00212   0.02166   0.01176   0.00156   0.00134   0.00090   0.00440   0.00000   0.00066   0.00000   0.00196   0.00917   0.00256   0.02329   0.04237   0.06259   0.02853   0.02402   0.00235   0.00784   0.01340   0.02745   0.00730   0.01024   0.07160   0.02197   0.00828   0.04897   0.04213  
 25 152.6359   4383.577583  x:  0.00211   0.02155   0.01166   0.00156   0.00134   0.00088   0.00473   0.00000   0.00062   0.00000   0.00196   0.00916   0.00225   0.02287   0.04264   0.06281   0.02858   0.02387   0.00237   0.00784   0.01341   0.02730   0.00734   0.01050   0.07081   0.02210   0.00824   0.04973   0.04217  
 26 72.3253   4383.534954  x:  0.00213   0.02109   0.01181   0.00155   0.00132   0.00086   0.00445   0.00000   0.00061   0.00000   0.00196   0.00918   0.00238   0.02239   0.04320   0.06310   0.02873   0.02455   0.00237   0.00784   0.01321   0.02683   0.00733   0.01043   0.06981   0.02214   0.00820   0.05086   0.04221  
 27 84.5497   4383.533411  x:  0.00212   0.02130   0.01180   0.00154   0.00132   0.00086   0.00445   0.00000   0.00061   0.00000   0.00196   0.00918   0.00238   0.02237   0.04326   0.06311   0.02852   0.02470   0.00238   0.00784   0.01320   0.02691   0.00733   0.01043   0.06976   0.02214   0.00821   0.05093   0.04221  
 28  7.3720   4383.531407  x:  0.00213   0.02109   0.01181   0.00154   0.00132   0.00086   0.00445   0.00000   0.00061   0.00000   0.00196   0.00918   0.00238   0.02241   0.04329   0.06311   0.02823   0.02468   0.00237   0.00784   0.01320   0.02701   0.00733   0.01043   0.06974   0.02214   0.00821   0.05095   0.04222  
 29  1.4665   4382.337894  x:  0.00198   0.02151   0.01141   0.00091   0.00115   0.00144   0.00395   0.00000   0.00139   0.00000   0.00200   0.00780   0.00216   0.02346   0.04322   0.06252   0.02949   0.02393   0.00222   0.00781   0.01300   0.02844   0.00769   0.01180   0.06273   0.02356   0.00863   0.05230   0.04543  
 30  0.3248   4381.832647  x:  0.00228   0.02183   0.01153   0.00173   0.00149   0.00133   0.00420   0.00000   0.00139   0.00000   0.00187   0.00771   0.00273   0.02261   0.04236   0.06206   0.02966   0.02223   0.00215   0.00777   0.01243   0.02984   0.00760   0.01237   0.05946   0.02483   0.00927   0.05154   0.04771  
 31  0.0173   4381.557466  x:  0.00243   0.02193   0.01213   0.00133   0.00137   0.00134   0.00407   0.00000   0.00129   0.00000   0.00168   0.00848   0.00283   0.02099   0.04111   0.06351   0.02927   0.02125   0.00223   0.00770   0.01170   0.03060   0.00717   0.01205   0.06052   0.02587   0.01021   0.04962   0.04815  
 32  0.0063   4381.473981  x:  0.00248   0.02182   0.01199   0.00133   0.00146   0.00124   0.00388   0.00000   0.00133   0.00000   0.00147   0.00790   0.00273   0.02134   0.04090   0.06424   0.02918   0.02217   0.00213   0.00763   0.01184   0.03062   0.00732   0.01220   0.06180   0.02614   0.01100   0.04912   0.04784  
 33  0.0032   4381.443843  x:  0.00252   0.02180   0.01202   0.00139   0.00129   0.00138   0.00405   0.00000   0.00134   0.00000   0.00139   0.00811   0.00271   0.02158   0.04115   0.06410   0.02920   0.02251   0.00212   0.00757   0.01204   0.03049   0.00730   0.01208   0.06178   0.02628   0.01139   0.04941   0.04772  
 34  0.0017   4381.429070  x:  0.00253   0.02182   0.01205   0.00131   0.00139   0.00136   0.00412   0.00000   0.00136   0.00000   0.00129   0.00814   0.00270   0.02160   0.04133   0.06366   0.02918   0.02231   0.00223   0.00750   0.01210   0.03036   0.00736   0.01197   0.06141   0.02626   0.01160   0.04972   0.04776  
 35  0.0012   4381.413738  x:  0.00254   0.02188   0.01200   0.00131   0.00129   0.00132   0.00401   0.00000   0.00136   0.00000   0.00127   0.00801   0.00270   0.02149   0.04139   0.06331   0.02915   0.02184   0.00211   0.00735   0.01208   0.03020   0.00745   0.01206   0.06105   0.02618   0.01179   0.04993   0.04763  
 36  0.0006   4381.357995  x:  0.00247   0.02193   0.01186   0.00139   0.00144   0.00142   0.00383   0.00000   0.00135   0.00000   0.00136   0.00828   0.00262   0.02153   0.04152   0.06341   0.02930   0.02201   0.00199   0.00659   0.01193   0.02999   0.00715   0.01215   0.06080   0.02571   0.01210   0.04996   0.04813  
 37  0.0003   4381.314051  x:  0.00244   0.02195   0.01188   0.00138   0.00134   0.00132   0.00405   0.00000   0.00137   0.00000   0.00145   0.00809   0.00270   0.02152   0.04143   0.06361   0.02929   0.02214   0.00235   0.00595   0.01184   0.03012   0.00719   0.01220   0.06105   0.02567   0.01220   0.04972   0.04829  
 38  0.0012   4381.291847  x:  0.00251   0.02193   0.01203   0.00131   0.00137   0.00134   0.00415   0.00000   0.00136   0.00000   0.00140   0.00808   0.00273   0.02144   0.04129   0.06367   0.02908   0.02228   0.00215   0.00566   0.01205   0.03035   0.00740   0.01201   0.06151   0.02596   0.01202   0.04959   0.04794  
 39  0.0009   4381.285096  x:  0.00255   0.02192   0.01201   0.00133   0.00135   0.00136   0.00401   0.00000   0.00134   0.00000   0.00136   0.00810   0.00271   0.02154   0.04123   0.06356   0.02902   0.02230   0.00226   0.00563   0.01211   0.03043   0.00740   0.01201   0.06145   0.02622   0.01179   0.04964   0.04774  
 40  0.0005   4381.283674  x:  0.00255   0.02192   0.01199   0.00133   0.00135   0.00134   0.00405   0.00000   0.00135   0.00000   0.00135   0.00809   0.00270   0.02156   0.04127   0.06357   0.02907   0.02229   0.00224   0.00562   0.01203   0.03037   0.00734   0.01204   0.06129   0.02628   0.01166   0.04973   0.04772  
 41  0.0003   4381.283605  x:  0.00254   0.02192   0.01199   0.00133   0.00135   0.00134   0.00405   0.00000   0.00135   0.00000   0.00135   0.00810   0.00270   0.02155   0.04129   0.06357   0.02909   0.02227   0.00225   0.00561   0.01203   0.03035   0.00735   0.01205   0.06133   0.02627   0.01164   0.04973   0.04777  
 42  0.0001   4381.283597  x:  0.00254   0.02192   0.01199   0.00133   0.00135   0.00135   0.00405   0.00000   0.00135   0.00000   0.00135   0.00809   0.00270   0.02155   0.04129   0.06358   0.02909   0.02227   0.00225   0.00562   0.01203   0.03035   0.00735   0.01205   0.06133   0.02626   0.01164   0.04972   0.04779  
 43  0.0000   4381.283597  x:  0.00254   0.02192   0.01199   0.00133   0.00135   0.00134   0.00405   0.00000   0.00135   0.00000   0.00135   0.00809   0.00270   0.02155   0.04129   0.06357   0.02909   0.02227   0.00225   0.00562   0.01203   0.03035   0.00735   0.01205   0.06133   0.02626   0.01164   0.04972   0.04779  