

Model 0: one-ratio

TREE # 1

  0  0.0000   7037.486222  x:  0.00000   0.07493   0.02389   0.01148   0.03205   0.02478   0.01431   0.01880   0.03105   0.02645   0.04809   0.06108   0.14105   0.19240   0.07703   0.14293   0.04285   0.01197   0.02883   0.09029   0.04375   0.03970   0.09187   0.13167   0.01682   0.12956   0.14097   2.00000   0.40000  
  1 99.0000   7014.560984  x:  0.01461   0.07815   0.01681   0.00438   0.02377   0.00955   0.00163   0.00890   0.02081   0.02441   0.04507   0.06101   0.14552   0.19771   0.08045   0.14343   0.04264   0.00463   0.02778   0.09352   0.03766   0.03782   0.09577   0.13559   0.02513   0.12991   0.14454   2.00167   0.39821  
  2 1099.9468   7010.021664  x:  0.01581   0.07941   0.01421   0.00468   0.02042   0.00270   0.00590   0.00662   0.01640   0.02388   0.04386   0.06101   0.14760   0.20032   0.08208   0.14363   0.04210   0.00301   0.02738   0.09510   0.03492   0.03709   0.09758   0.13757   0.02744   0.13002   0.14623   2.00255   0.39728  
  3 1277.1539   7005.813838  x:  0.01131   0.08181   0.01090   0.00907   0.01461   0.00147   0.00373   0.00849   0.00951   0.02359   0.04168   0.06107   0.15221   0.20639   0.08566   0.14405   0.04036   0.00524   0.02682   0.09865   0.02941   0.03591   0.10154   0.14223   0.02990   0.13018   0.15003   2.00473   0.39505  
  4 665.9868   7004.609051  x:  0.01000   0.08306   0.00974   0.00904   0.01246   0.00384   0.00420   0.00795   0.00761   0.02341   0.04063   0.06109   0.15458   0.20951   0.08744   0.14426   0.03962   0.00470   0.02646   0.10041   0.02688   0.03539   0.10353   0.14456   0.03128   0.13026   0.15196   2.00588   0.39388  
  5 1227.4325   7000.574352  x:  0.00268   0.08741   0.01039   0.00588   0.01064   0.00345   0.00336   0.00764   0.01253   0.02348   0.03759   0.06118   0.16340   0.22141   0.09375   0.14499   0.03707   0.00283   0.02521   0.10674   0.01965   0.03425   0.11070   0.15318   0.03451   0.13046   0.15915   2.01049   0.38927  
  6 845.8214   6997.551309  x:  0.00334   0.09237   0.01349   0.00570   0.01958   0.00379   0.00388   0.00747   0.01133   0.02409   0.03656   0.06130   0.17428   0.23666   0.10046   0.14576   0.03644   0.00604   0.02443   0.11367   0.02052   0.03494   0.11884   0.16346   0.03666   0.13059   0.16781   2.01716   0.38284  
  7 582.0548   6996.202388  x:  0.00432   0.09373   0.01335   0.00766   0.01901   0.00395   0.00379   0.00961   0.01211   0.02416   0.03813   0.06131   0.17923   0.24456   0.10253   0.14589   0.03704   0.00252   0.02412   0.11597   0.02584   0.03626   0.12177   0.16780   0.03484   0.13046   0.17167   2.02159   0.37881  
  8 402.3967   6995.360883  x:  0.00412   0.09365   0.01251   0.00599   0.01609   0.00385   0.00391   0.00818   0.01271   0.02405   0.04035   0.06127   0.18254   0.25096   0.10292   0.14573   0.03816   0.00483   0.02449   0.11664   0.03021   0.03723   0.12297   0.17051   0.03131   0.13026   0.17416   2.02629   0.37479  
  9 344.9023   6994.776778  x:  0.00316   0.09164   0.01321   0.00600   0.01679   0.00359   0.00333   0.00644   0.01130   0.02433   0.04214   0.06127   0.18414   0.25678   0.10099   0.14512   0.03919   0.00348   0.02483   0.11504   0.02895   0.03648   0.12184   0.17117   0.02699   0.13009   0.17527   2.03305   0.36972  
 10 160.7939   6994.235151  x:  0.00471   0.08929   0.01294   0.00489   0.01692   0.00357   0.00372   0.00858   0.01107   0.02431   0.04322   0.06126   0.18550   0.26309   0.09843   0.14442   0.04031   0.00353   0.02530   0.11286   0.02644   0.03545   0.12015   0.17140   0.02430   0.13005   0.17618   2.04139   0.36384  
 11 406.4023   6993.796417  x:  0.00626   0.08724   0.01237   0.00698   0.01670   0.00388   0.00392   0.00790   0.01286   0.02413   0.04317   0.06131   0.18623   0.26851   0.09596   0.14381   0.04077   0.00426   0.02573   0.11071   0.02500   0.03507   0.11827   0.17109   0.02482   0.13024   0.17665   2.05000   0.35840  
 12 359.4663   6992.871663  x:  0.00399   0.08349   0.01295   0.00609   0.01687   0.00377   0.00379   0.00818   0.01198   0.02399   0.04066   0.06145   0.18607   0.27874   0.09087   0.14274   0.03941   0.00402   0.02623   0.10619   0.02719   0.03655   0.11358   0.16893   0.03105   0.13107   0.17648   2.07159   0.34706  
 13 299.2045   6990.942800  x:  0.00476   0.09668   0.01129   0.00604   0.01722   0.00376   0.00379   0.00797   0.01228   0.02699   0.03775   0.06158   0.17603   0.28647   0.09575   0.14649   0.03380   0.00441   0.02323   0.10894   0.02774   0.03692   0.11200   0.15825   0.02770   0.13144   0.16804   2.14696   0.33577  
 14 112.0173   6989.790403  x:  0.00500   0.10087   0.01681   0.00648   0.01516   0.00380   0.00398   0.00822   0.01174   0.02282   0.04059   0.06168   0.17119   0.28838   0.09883   0.14823   0.03656   0.00448   0.02565   0.11159   0.02702   0.03622   0.11310   0.15431   0.02916   0.13171   0.16425   2.19852   0.33365  
 15 488.5164   6987.786349  x:  0.00191   0.10050   0.01087   0.00594   0.01832   0.00378   0.00360   0.00833   0.01211   0.01957   0.04542   0.06148   0.16658   0.28778   0.10198   0.14955   0.04360   0.00358   0.02947   0.11510   0.02668   0.03537   0.11628   0.15251   0.03216   0.13192   0.16106   2.28388   0.33664  
 16 737.5881   6983.259838  x:  0.00192   0.08853   0.01235   0.00573   0.01634   0.00374   0.00372   0.00835   0.01186   0.03658   0.04631   0.06141   0.16280   0.27995   0.10473   0.14984   0.05403   0.00324   0.02913   0.12006   0.02590   0.03562   0.12481   0.15686   0.03588   0.13165   0.15944   2.51662   0.35598  
 17 1162.2262   6976.462069  x:  0.00437   0.07395   0.01364   0.00608   0.01652   0.00375   0.00377   0.00801   0.01197   0.02404   0.03513   0.06124   0.16786   0.26486   0.10134   0.14711   0.04528   0.00394   0.01837   0.11907   0.02724   0.03754   0.13033   0.16801   0.02880   0.13017   0.16443   2.81488   0.38821  
 18 1579.1685   6974.173903  x:  0.00534   0.07884   0.01343   0.00600   0.01665   0.00375   0.00383   0.00800   0.01202   0.02417   0.03916   0.06116   0.17566   0.25764   0.09593   0.14450   0.03322   0.00362   0.02792   0.11429   0.02723   0.03624   0.12659   0.17282   0.02847   0.12989   0.17028   2.92213   0.40260  
 19 862.3277   6973.323818  x:  0.00411   0.08792   0.01342   0.00596   0.01657   0.00374   0.00380   0.00807   0.01191   0.02437   0.04150   0.06121   0.18246   0.25444   0.09284   0.14297   0.03680   0.00383   0.02366   0.10918   0.02682   0.03609   0.11942   0.17383   0.03000   0.13008   0.17487   2.96185   0.40945  
 20 292.9237   6973.254111  x:  0.00402   0.08851   0.01341   0.00600   0.01655   0.00373   0.00378   0.00804   0.01190   0.02434   0.03942   0.06121   0.18386   0.25437   0.09347   0.14319   0.03816   0.00372   0.02513   0.10912   0.02694   0.03630   0.11771   0.17297   0.02938   0.13011   0.17558   2.96506   0.41039  
 21 49.4010   6973.227385  x:  0.00407   0.08753   0.01340   0.00599   0.01656   0.00374   0.00379   0.00805   0.01191   0.02437   0.03991   0.06114   0.18534   0.25478   0.09499   0.14385   0.03779   0.00378   0.02492   0.10976   0.02688   0.03627   0.11600   0.17108   0.02948   0.13024   0.17614   2.96633   0.41127  
 22 17.6950   6973.224610  x:  0.00404   0.08757   0.01340   0.00599   0.01655   0.00374   0.00379   0.00805   0.01191   0.02437   0.03987   0.06126   0.18572   0.25527   0.09453   0.14379   0.03781   0.00379   0.02489   0.10983   0.02689   0.03624   0.11652   0.17017   0.02948   0.13026   0.17610   2.96649   0.41182  
 23  3.5253   6973.223430  x:  0.00404   0.08760   0.01341   0.00599   0.01655   0.00374   0.00379   0.00805   0.01190   0.02437   0.03988   0.06087   0.18560   0.25569   0.09456   0.14381   0.03779   0.00379   0.02491   0.10963   0.02685   0.03638   0.11653   0.17015   0.02949   0.13021   0.17596   2.96661   0.41223  
 24  1.3289   6973.220797  x:  0.00402   0.08763   0.01341   0.00599   0.01655   0.00374   0.00379   0.00805   0.01191   0.02436   0.03983   0.06110   0.18522   0.25651   0.09469   0.14386   0.03776   0.00380   0.02491   0.10936   0.02696   0.03603   0.11633   0.17033   0.02952   0.13013   0.17568   2.96694   0.41298  
 25  3.2216   6973.217748  x:  0.00404   0.08766   0.01339   0.00599   0.01655   0.00373   0.00379   0.00805   0.01191   0.02434   0.03990   0.06155   0.18494   0.25697   0.09464   0.14383   0.03774   0.00379   0.02494   0.10945   0.02681   0.03651   0.11610   0.17048   0.02949   0.13013   0.17556   2.96738   0.41339  
 26  3.6837   6973.178027  x:  0.00394   0.08787   0.01341   0.00602   0.01655   0.00374   0.00378   0.00808   0.01194   0.02432   0.03986   0.06084   0.18366   0.25819   0.09293   0.14314   0.03774   0.00379   0.02480   0.11245   0.02690   0.03615   0.11456   0.17089   0.02933   0.13087   0.17593   2.97356   0.41403  
 27  3.6978   6972.168499  x:  0.00000   0.08911   0.01346   0.00685   0.01678   0.00380   0.00369   0.00916   0.01274   0.02409   0.04062   0.06127   0.17716   0.26533   0.09643   0.14356   0.03878   0.00399   0.02515   0.10923   0.02723   0.03644   0.11738   0.16617   0.02650   0.13551   0.18342   3.14782   0.40575  
 28 24.1646   6972.168499  x:  0.00000   0.08911   0.01346   0.00685   0.01678   0.00380   0.00369   0.00916   0.01274   0.02409   0.04062   0.06127   0.17716   0.26533   0.09643   0.14356   0.03878   0.00399   0.02515   0.10923   0.02723   0.03644   0.11738   0.16617   0.02650   0.13551   0.18342   3.14782   0.40575  
 29 73.9280   6972.024920  x:  0.00183   0.08918   0.01333   0.00649   0.01678   0.00341   0.00415   0.00879   0.01288   0.02412   0.04063   0.06126   0.17735   0.26539   0.09638   0.14363   0.03896   0.00380   0.02519   0.10932   0.02714   0.03640   0.11733   0.16618   0.02677   0.13529   0.18306   3.14787   0.40563  
 30 151.1909   6972.001136  x:  0.00208   0.08919   0.01323   0.00640   0.01676   0.00383   0.00383   0.00862   0.01300   0.02416   0.04066   0.06125   0.17754   0.26545   0.09634   0.14370   0.03900   0.00375   0.02524   0.10944   0.02706   0.03636   0.11728   0.16621   0.02702   0.13502   0.18261   3.14792   0.40547  
 31 59.9498   6971.892065  x:  0.00170   0.08918   0.01272   0.00639   0.01667   0.00332   0.00357   0.00826   0.01353   0.02447   0.04086   0.06120   0.17919   0.26598   0.09600   0.14436   0.03910   0.00366   0.02565   0.11050   0.02642   0.03606   0.11679   0.16647   0.02891   0.13266   0.17865   3.14842   0.40410  
 32 72.8777   6971.844226  x:  0.00155   0.08917   0.01270   0.00644   0.01664   0.00368   0.00418   0.00843   0.01352   0.02456   0.04094   0.06118   0.18005   0.26626   0.09582   0.14469   0.03914   0.00366   0.02580   0.11102   0.02622   0.03596   0.11655   0.16660   0.02966   0.13145   0.17659   3.14869   0.40337  
 33 239.5721   6971.804130  x:  0.00175   0.08919   0.01329   0.00651   0.01666   0.00363   0.00393   0.00904   0.01288   0.02443   0.04094   0.06118   0.18086   0.26656   0.09567   0.14501   0.03917   0.00372   0.02569   0.11141   0.02646   0.03607   0.11635   0.16672   0.02959   0.13037   0.17462   3.14901   0.40260  
 34 84.9888   6971.782732  x:  0.00166   0.08920   0.01344   0.00640   0.01679   0.00363   0.00399   0.00852   0.01276   0.02420   0.04084   0.06120   0.18136   0.26679   0.09559   0.14521   0.03910   0.00368   0.02542   0.11152   0.02688   0.03627   0.11627   0.16680   0.02883   0.12980   0.17336   3.14930   0.40201  
 35 48.6938   6971.775366  x:  0.00171   0.08921   0.01320   0.00648   0.01680   0.00363   0.00398   0.00869   0.01310   0.02416   0.04078   0.06121   0.18156   0.26692   0.09557   0.14528   0.03907   0.00374   0.02529   0.11148   0.02701   0.03634   0.11627   0.16683   0.02834   0.12968   0.17286   3.14950   0.40167  
 36 30.0950   6971.772376  x:  0.00169   0.08922   0.01308   0.00636   0.01665   0.00363   0.00398   0.00873   0.01299   0.02431   0.04074   0.06123   0.18165   0.26709   0.09560   0.14531   0.03903   0.00367   0.02532   0.11130   0.02681   0.03626   0.11636   0.16685   0.02813   0.12993   0.17262   3.14983   0.40125  
 37  9.4879   6971.769544  x:  0.00172   0.08924   0.01313   0.00654   0.01663   0.00363   0.00398   0.00865   0.01296   0.02442   0.04073   0.06126   0.18174   0.26731   0.09565   0.14533   0.03902   0.00376   0.02539   0.11107   0.02666   0.03619   0.11648   0.16686   0.02805   0.13028   0.17240   3.15028   0.40073  
 38 21.6485   6971.765447  x:  0.00169   0.08926   0.01333   0.00643   0.01681   0.00363   0.00398   0.00869   0.01312   0.02434   0.04076   0.06129   0.18185   0.26767   0.09572   0.14535   0.03902   0.00371   0.02547   0.11074   0.02667   0.03619   0.11665   0.16689   0.02816   0.13088   0.17216   3.15111   0.39984  
 39 22.8480   6971.763080  x:  0.00169   0.08926   0.01315   0.00648   0.01680   0.00363   0.00397   0.00869   0.01300   0.02418   0.04079   0.06128   0.18189   0.26791   0.09575   0.14535   0.03904   0.00369   0.02546   0.11062   0.02688   0.03628   0.11673   0.16690   0.02833   0.13118   0.17211   3.15176   0.39928  
 40 17.6107   6971.761509  x:  0.00168   0.08926   0.01319   0.00641   0.01663   0.00363   0.00398   0.00868   0.01304   0.02424   0.04079   0.06125   0.18187   0.26807   0.09575   0.14532   0.03908   0.00381   0.02538   0.11071   0.02698   0.03633   0.11671   0.16691   0.02839   0.13120   0.17224   3.15246   0.39890  
 41  9.1981   6971.758613  x:  0.00168   0.08925   0.01326   0.00650   0.01653   0.00363   0.00399   0.00867   0.01310   0.02437   0.04079   0.06119   0.18181   0.26835   0.09574   0.14527   0.03912   0.00364   0.02523   0.11095   0.02704   0.03638   0.11664   0.16692   0.02841   0.13110   0.17256   3.15390   0.39823  
 42 29.0270   6971.753108  x:  0.00169   0.08924   0.01317   0.00645   0.01686   0.00363   0.00398   0.00869   0.01301   0.02445   0.04079   0.06112   0.18167   0.26886   0.09571   0.14516   0.03914   0.00373   0.02515   0.11147   0.02689   0.03633   0.11650   0.16695   0.02832   0.13077   0.17322   3.15687   0.39705  
 43 42.0456   6971.749655  x:  0.00170   0.08925   0.01321   0.00646   0.01671   0.00363   0.00398   0.00869   0.01304   0.02408   0.04078   0.06119   0.18161   0.26906   0.09570   0.14514   0.03905   0.00371   0.02543   0.11163   0.02675   0.03622   0.11646   0.16697   0.02821   0.13054   0.17352   3.15899   0.39663  
 44 22.3444   6971.733128  x:  0.00173   0.08938   0.01317   0.00645   0.01677   0.00363   0.00398   0.00869   0.01303   0.02455   0.04077   0.06188   0.18154   0.26919   0.09582   0.14526   0.03860   0.00366   0.02631   0.11104   0.02729   0.03628   0.11658   0.16704   0.02820   0.12979   0.17391   3.17070   0.39675  
 45 20.5389   6971.665710  x:  0.00166   0.08971   0.01317   0.00644   0.01675   0.00363   0.00398   0.00869   0.01303   0.02419   0.04086   0.06266   0.18150   0.26915   0.09619   0.14576   0.03866   0.00375   0.02495   0.10849   0.02672   0.03628   0.11695   0.16729   0.02868   0.12806   0.17439   3.21845   0.39875  
 46 127.0910   6971.587266  x:  0.00153   0.08944   0.01321   0.00646   0.01675   0.00362   0.00398   0.00868   0.01303   0.02428   0.04069   0.06000   0.18170   0.26866   0.09597   0.14589   0.03996   0.00364   0.02581   0.10903   0.02690   0.03629   0.11708   0.16727   0.02831   0.12892   0.17369   3.27512   0.40219  
 47 186.1419   6971.551922  x:  0.00164   0.08914   0.01320   0.00645   0.01675   0.00363   0.00397   0.00868   0.01302   0.02425   0.04080   0.06090   0.18185   0.26828   0.09553   0.14560   0.03875   0.00369   0.02534   0.11109   0.02686   0.03621   0.11673   0.16704   0.02832   0.13069   0.17289   3.30080   0.40402  
 48 126.4613   6971.550665  x:  0.00161   0.08921   0.01320   0.00644   0.01675   0.00363   0.00398   0.00868   0.01302   0.02424   0.04076   0.06121   0.18184   0.26824   0.09556   0.14551   0.03910   0.00368   0.02538   0.11122   0.02683   0.03628   0.11664   0.16700   0.02828   0.13079   0.17283   3.30172   0.40409  
 49  9.5501   6971.550574  x:  0.00161   0.08930   0.01320   0.00644   0.01675   0.00363   0.00398   0.00868   0.01302   0.02424   0.04078   0.06120   0.18181   0.26820   0.09563   0.14539   0.03910   0.00368   0.02538   0.11121   0.02685   0.03623   0.11655   0.16695   0.02828   0.13079   0.17280   3.30178   0.40408  
 50  0.9474   6971.550557  x:  0.00161   0.08930   0.01320   0.00644   0.01675   0.00363   0.00398   0.00868   0.01302   0.02424   0.04077   0.06119   0.18180   0.26818   0.09565   0.14535   0.03909   0.00368   0.02539   0.11120   0.02684   0.03626   0.11653   0.16694   0.02828   0.13079   0.17279   3.30180   0.40407  
 51  0.6463   6971.550553  x:  0.00161   0.08927   0.01320   0.00644   0.01675   0.00363   0.00398   0.00868   0.01302   0.02424   0.04077   0.06120   0.18180   0.26816   0.09566   0.14532   0.03909   0.00368   0.02539   0.11120   0.02684   0.03626   0.11654   0.16694   0.02828   0.13078   0.17279   3.30180   0.40406  
 52  0.2021   6971.550552  x:  0.00161   0.08928   0.01320   0.00644   0.01675   0.00363   0.00398   0.00868   0.01302   0.02424   0.04077   0.06120   0.18180   0.26814   0.09565   0.14532   0.03909   0.00368   0.02539   0.11120   0.02684   0.03626   0.11655   0.16694   0.02828   0.13078   0.17279   3.30181   0.40405  
 53  0.0584   6971.550551  x:  0.00161   0.08928   0.01320   0.00644   0.01675   0.00363   0.00398   0.00868   0.01302   0.02424   0.04076   0.06120   0.18180   0.26813   0.09565   0.14533   0.03909   0.00368   0.02539   0.11120   0.02684   0.03626   0.11654   0.16694   0.02828   0.13079   0.17279   3.30181   0.40405  
 54  0.0347   6971.550551  x:  0.00161   0.08928   0.01320   0.00644   0.01675   0.00363   0.00398   0.00868   0.01302   0.02424   0.04077   0.06120   0.18180   0.26812   0.09566   0.14533   0.03909   0.00368   0.02539   0.11120   0.02684   0.03626   0.11654   0.16694   0.02828   0.13079   0.17279   3.30181   0.40404  
 55  0.0715   6971.550501  x:  0.00161   0.08928   0.01320   0.00644   0.01675   0.00362   0.00397   0.00868   0.01302   0.02424   0.04077   0.06120   0.18183   0.26811   0.09555   0.14532   0.03909   0.00368   0.02539   0.11115   0.02684   0.03626   0.11652   0.16685   0.02828   0.13078   0.17283   3.30234   0.40402  
 56  0.0237   6971.550202  x:  0.00159   0.08930   0.01320   0.00645   0.01675   0.00361   0.00396   0.00868   0.01302   0.02424   0.04076   0.06123   0.18183   0.26820   0.09574   0.14537   0.03908   0.00368   0.02537   0.11109   0.02686   0.03627   0.11662   0.16678   0.02824   0.13076   0.17299   3.30545   0.40399  
 57  1.7461   6971.550115  x:  0.00159   0.08930   0.01320   0.00645   0.01675   0.00361   0.00395   0.00868   0.01301   0.02423   0.04076   0.06124   0.18174   0.26823   0.09569   0.14532   0.03907   0.00368   0.02537   0.11105   0.02686   0.03627   0.11659   0.16696   0.02823   0.13077   0.17301   3.30636   0.40398  
 58  2.3338   6971.550115  x:  0.00159   0.08930   0.01320   0.00645   0.01675   0.00361   0.00395   0.00868   0.01301   0.02423   0.04076   0.06124   0.18173   0.26823   0.09569   0.14533   0.03907   0.00368   0.02537   0.11105   0.02686   0.03627   0.11659   0.16695   0.02823   0.13076   0.17301   3.30636   0.40398  
 59  0.0319   6971.550114  x:  0.00158   0.08930   0.01320   0.00645   0.01675   0.00361   0.00395   0.00868   0.01301   0.02424   0.04076   0.06124   0.18174   0.26824   0.09569   0.14533   0.03907   0.00368   0.02537   0.11105   0.02686   0.03627   0.11658   0.16695   0.02824   0.13076   0.17300   3.30645   0.40398  
 60  0.0001   6971.550114  x:  0.00158   0.08930   0.01320   0.00645   0.01675   0.00361   0.00395   0.00868   0.01301   0.02424   0.04076   0.06124   0.18174   0.26824   0.09569   0.14533   0.03907   0.00368   0.02537   0.11105   0.02686   0.03627   0.11658   0.16695   0.02824   0.13076   0.17300   3.30644   0.40398  
 61  0.0000   6971.550114  x:  0.00158   0.08930   0.01320   0.00645   0.01675   0.00361   0.00395   0.00868   0.01301   0.02424   0.04076   0.06124   0.18174   0.26823   0.09569   0.14533   0.03907   0.00368   0.02537   0.11105   0.02686   0.03627   0.11658   0.16695   0.02824   0.13076   0.17300   3.30643   0.40398  
 62  0.0000   6971.550114  x:  0.00158   0.08930   0.01320   0.00645   0.01675   0.00361   0.00395   0.00868   0.01301   0.02424   0.04076   0.06124   0.18174   0.26823   0.09569   0.14533   0.03907   0.00368   0.02537   0.11105   0.02686   0.03627   0.11658   0.16695   0.02824   0.13076   0.17300   3.30643   0.40398  

Model 1: NearlyNeutral

TREE # 1

  0  0.0000   6938.694669  x:  0.00000   0.09100   0.00715   0.00808   0.01360   0.00850   0.00536   0.01091   0.01390   0.02702   0.04343   0.06900   0.16749   0.22759   0.08685   0.15214   0.03200   0.00765   0.01818   0.10121   0.02837   0.03746   0.11119   0.15416   0.02235   0.13559   0.16002   3.30643   0.87929   0.27339  
  1 99.0000   6934.980919  x:  0.00358   0.09101   0.01261   0.00630   0.01521   0.00295   0.00289   0.00871   0.01319   0.02597   0.04282   0.06803   0.16825   0.22890   0.08741   0.15191   0.03368   0.00539   0.02025   0.10205   0.02767   0.03704   0.11152   0.15474   0.02342   0.13532   0.16069   3.30641   0.87705   0.27212  
  2 637.4868   6933.726654  x:  0.00354   0.09066   0.01474   0.00534   0.01710   0.00363   0.00680   0.00755   0.01236   0.02429   0.04174   0.06611   0.16957   0.23143   0.08847   0.15144   0.03593   0.00296   0.02326   0.10362   0.02655   0.03638   0.11212   0.15591   0.02496   0.13479   0.16197   3.30639   0.87266   0.26957  
  3 369.3551   6930.607895  x:  0.00000   0.08947   0.01479   0.00710   0.01939   0.00505   0.00410   0.00837   0.01224   0.02077   0.03906   0.06086   0.17340   0.23896   0.09152   0.15008   0.04121   0.00320   0.02987   0.10795   0.02411   0.03497   0.11380   0.15944   0.02837   0.13323   0.16567   3.30630   0.85943   0.26173  
  4 513.3049   6928.385465  x:  0.00202   0.08867   0.01030   0.00631   0.01785   0.00216   0.00535   0.00999   0.01313   0.02143   0.03773   0.05709   0.17734   0.24681   0.09421   0.14879   0.04420   0.00416   0.03170   0.11150   0.02402   0.03492   0.11526   0.16289   0.02941   0.13168   0.16927   3.30622   0.84511   0.25283  
  5 590.4073   6926.227600  x:  0.00619   0.08797   0.00884   0.00442   0.01461   0.00556   0.00379   0.00912   0.01391   0.02468   0.03740   0.05399   0.18249   0.25730   0.09739   0.14718   0.04612   0.00322   0.03081   0.11545   0.02538   0.03576   0.11699   0.16724   0.02907   0.12974   0.17387   3.30612   0.82530   0.24011  
  6 1090.6983   6922.833492  x:  0.00528   0.08708   0.01256   0.01090   0.01150   0.00503   0.00526   0.00720   0.01381   0.03045   0.03943   0.05288   0.19050   0.27452   0.10186   0.14481   0.04493   0.00269   0.02493   0.12058   0.02862   0.03789   0.11946   0.17396   0.02608   0.12704   0.18102   3.30595   0.79117   0.21744  
  7 1149.9806   6919.772002  x:  0.00073   0.08717   0.01452   0.00581   0.01651   0.00405   0.00514   0.00858   0.01299   0.03217   0.04231   0.05627   0.19610   0.28768   0.10426   0.14352   0.04051   0.00419   0.01869   0.12296   0.03036   0.03925   0.12107   0.17845   0.02299   0.12604   0.18599   3.30583   0.76262   0.19786  
  8 962.3279   6917.953485  x:  0.00332   0.08989   0.01167   0.00735   0.01748   0.00436   0.00451   0.00758   0.01275   0.02590   0.04500   0.06541   0.19771   0.29435   0.10298   0.14447   0.03411   0.00244   0.01935   0.12082   0.02825   0.03824   0.12151   0.17889   0.02321   0.12868   0.18727   3.30581   0.74146   0.18286  
  9 349.4637   6917.470866  x:  0.00387   0.09118   0.01307   0.00683   0.01564   0.00473   0.00520   0.00805   0.01304   0.02473   0.04528   0.06825   0.19753   0.29564   0.10190   0.14529   0.03297   0.00498   0.02092   0.11930   0.02766   0.03791   0.12146   0.17836   0.02380   0.13027   0.18704   3.30583   0.73446   0.17810  
 10 368.5074   6916.991119  x:  0.00198   0.09281   0.01340   0.00588   0.01345   0.00419   0.00504   0.00891   0.01374   0.02608   0.04448   0.07000   0.19617   0.29551   0.09987   0.14698   0.03364   0.00329   0.02251   0.11653   0.02766   0.03786   0.12099   0.17667   0.02459   0.13288   0.18580   3.30590   0.72692   0.17361  
 11 215.1708   6916.420552  x:  0.00170   0.09515   0.01250   0.00637   0.01528   0.00416   0.00497   0.00727   0.01359   0.02921   0.04292   0.07067   0.19343   0.29402   0.09647   0.15005   0.03664   0.00400   0.02370   0.11197   0.02835   0.03817   0.12007   0.17352   0.02524   0.13696   0.18323   3.30605   0.71600   0.16787  
 12 277.3663   6916.265043  x:  0.00245   0.09560   0.01283   0.00690   0.01592   0.00446   0.00498   0.00889   0.01314   0.02907   0.04270   0.06980   0.19232   0.29299   0.09544   0.15126   0.03762   0.00380   0.02317   0.11071   0.02853   0.03831   0.11974   0.17236   0.02493   0.13806   0.18220   3.30613   0.71230   0.16645  
 13 177.6917   6916.031557  x:  0.00221   0.09541   0.01285   0.00657   0.01506   0.00434   0.00500   0.00818   0.01280   0.02649   0.04297   0.06641   0.19009   0.29020   0.09412   0.15359   0.03825   0.00396   0.02133   0.10952   0.02853   0.03844   0.11929   0.17034   0.02366   0.13929   0.18024   3.30633   0.70585   0.16503  
 14 131.0795   6915.955724  x:  0.00242   0.09457   0.01303   0.00664   0.01548   0.00439   0.00507   0.00821   0.01419   0.02675   0.04359   0.06511   0.18897   0.28801   0.09403   0.15462   0.03694   0.00393   0.02183   0.11014   0.02838   0.03830   0.11927   0.16959   0.02362   0.13909   0.17939   3.30652   0.70295   0.16485  
 15 59.0417   6915.898753  x:  0.00250   0.09363   0.01291   0.00661   0.01542   0.00436   0.00499   0.00825   0.01308   0.02739   0.04398   0.06462   0.18805   0.28569   0.09423   0.15541   0.03579   0.00395   0.02244   0.11113   0.02828   0.03818   0.11935   0.16914   0.02398   0.13857   0.17875   3.30674   0.70053   0.16484  
 16 74.2884   6915.849073  x:  0.00255   0.09263   0.01292   0.00662   0.01533   0.00437   0.00501   0.00824   0.01329   0.02728   0.04340   0.06621   0.18727   0.28195   0.09503   0.15585   0.03668   0.00399   0.02171   0.11278   0.02835   0.03827   0.11955   0.16922   0.02477   0.13721   0.17839   3.30720   0.69795   0.16477  
 17 32.1875   6915.839149  x:  0.00252   0.09298   0.01288   0.00661   0.01533   0.00437   0.00500   0.00825   0.01327   0.02724   0.04349   0.06643   0.18739   0.28057   0.09526   0.15558   0.03697   0.00396   0.02212   0.11285   0.02845   0.03833   0.11969   0.16959   0.02393   0.13678   0.17854   3.30750   0.69747   0.16451  
 18 14.5179   6915.830139  x:  0.00249   0.09381   0.01288   0.00662   0.01533   0.00437   0.00501   0.00824   0.01327   0.02729   0.04364   0.06606   0.18792   0.27871   0.09548   0.15488   0.03684   0.00396   0.02195   0.11244   0.02829   0.03824   0.11981   0.17030   0.02430   0.13663   0.17906   3.30811   0.69712   0.16395  
 19 12.0223   6915.828958  x:  0.00250   0.09364   0.01289   0.00662   0.01534   0.00437   0.00501   0.00824   0.01327   0.02721   0.04342   0.06602   0.18809   0.27845   0.09547   0.15472   0.03672   0.00395   0.02200   0.11234   0.02851   0.03833   0.11977   0.17036   0.02431   0.13679   0.17918   3.30844   0.69709   0.16386  
 20  4.1820   6915.827438  x:  0.00252   0.09319   0.01289   0.00662   0.01533   0.00437   0.00501   0.00824   0.01327   0.02727   0.04337   0.06603   0.18838   0.27819   0.09546   0.15449   0.03674   0.00396   0.02197   0.11225   0.02829   0.03824   0.11965   0.17033   0.02418   0.13713   0.17934   3.30922   0.69705   0.16376  
 21  4.5796   6915.825541  x:  0.00251   0.09300   0.01288   0.00661   0.01533   0.00437   0.00500   0.00825   0.01327   0.02723   0.04379   0.06606   0.18859   0.27807   0.09547   0.15435   0.03692   0.00395   0.02204   0.11231   0.02844   0.03832   0.11955   0.17019   0.02427   0.13739   0.17942   3.31068   0.69700   0.16373  
 22  5.0106   6915.792795  x:  0.00240   0.09455   0.01289   0.00662   0.01538   0.00436   0.00498   0.00826   0.01327   0.02723   0.04344   0.06608   0.19017   0.27800   0.09616   0.15408   0.03679   0.00398   0.02193   0.11403   0.02833   0.03833   0.11906   0.16803   0.02410   0.13858   0.17968   3.33932   0.69595   0.16430  
 23 12.3252   6915.687410  x:  0.00228   0.09343   0.01288   0.00658   0.01547   0.00431   0.00490   0.00829   0.01326   0.02701   0.04341   0.06605   0.18987   0.27912   0.09584   0.15512   0.03702   0.00392   0.02223   0.11163   0.02843   0.03780   0.12079   0.16926   0.02449   0.13642   0.17942   3.43348   0.69340   0.16448  
 24 74.3202   6915.678172  x:  0.00229   0.09342   0.01288   0.00658   0.01548   0.00430   0.00489   0.00829   0.01326   0.02698   0.04337   0.06594   0.18907   0.27918   0.09549   0.15509   0.03701   0.00390   0.02228   0.11213   0.02799   0.03866   0.12024   0.17004   0.02449   0.13664   0.17935   3.44157   0.69348   0.16392  
 25 39.7942   6915.674259  x:  0.00230   0.09347   0.01288   0.00657   0.01548   0.00430   0.00489   0.00828   0.01325   0.02697   0.04336   0.06588   0.18846   0.27920   0.09532   0.15502   0.03703   0.00389   0.02224   0.11258   0.02820   0.03816   0.11976   0.17057   0.02443   0.13691   0.17932   3.44487   0.69360   0.16352  
 26 22.0609   6915.672979  x:  0.00231   0.09347   0.01288   0.00657   0.01549   0.00430   0.00489   0.00829   0.01325   0.02697   0.04336   0.06588   0.18792   0.27927   0.09594   0.15472   0.03703   0.00389   0.02225   0.11244   0.02820   0.03818   0.11985   0.17053   0.02441   0.13716   0.17944   3.44513   0.69354   0.16355  
 27  0.8468   6915.659805  x:  0.00229   0.09349   0.01288   0.00657   0.01552   0.00429   0.00486   0.00830   0.01325   0.02689   0.04330   0.06585   0.18691   0.27963   0.09488   0.15260   0.03710   0.00389   0.02229   0.11263   0.02815   0.03813   0.12032   0.16992   0.02448   0.13678   0.18002   3.44448   0.69282   0.16403  
 28  0.6658   6915.331696  x:  0.00150   0.09261   0.01278   0.00642   0.01639   0.00388   0.00414   0.00856   0.01314   0.02501   0.04205   0.06381   0.18915   0.28304   0.09770   0.15149   0.03878   0.00375   0.02433   0.11288   0.02694   0.03741   0.11664   0.16762   0.02596   0.13219   0.17998   3.42274   0.68805   0.15813  
 29  2.9433   6915.156570  x:  0.00100   0.09330   0.01280   0.00637   0.01695   0.00368   0.00378   0.00875   0.01316   0.02421   0.04177   0.06355   0.19113   0.28473   0.09740   0.15401   0.03979   0.00360   0.02498   0.11534   0.02654   0.03725   0.12182   0.17234   0.02633   0.13684   0.18072   3.41068   0.68367   0.15972  
 30 30.4900   6915.151859  x:  0.00098   0.09343   0.01280   0.00637   0.01698   0.00368   0.00377   0.00876   0.01316   0.02420   0.04179   0.06366   0.19113   0.28486   0.09735   0.15442   0.03980   0.00361   0.02507   0.11509   0.02654   0.03728   0.12096   0.17277   0.02633   0.13685   0.18166   3.41035   0.68312   0.16062  
 31  5.4485   6915.151745  x:  0.00098   0.09342   0.01280   0.00637   0.01698   0.00368   0.00377   0.00876   0.01316   0.02420   0.04179   0.06365   0.19107   0.28484   0.09732   0.15454   0.03980   0.00361   0.02507   0.11511   0.02654   0.03728   0.12102   0.17269   0.02632   0.13685   0.18189   3.41034   0.68316   0.16055  
 32  0.7217   6915.136117  x:  0.00102   0.09341   0.01288   0.00651   0.01711   0.00368   0.00407   0.00883   0.01326   0.02467   0.04180   0.06351   0.19138   0.28550   0.09757   0.15472   0.04016   0.00386   0.02544   0.11541   0.02668   0.03737   0.12124   0.17306   0.02648   0.13688   0.18222   3.40846   0.68122   0.15990  
 33  0.0035   6915.135734  x:  0.00102   0.09340   0.01292   0.00651   0.01715   0.00368   0.00402   0.00884   0.01325   0.02467   0.04182   0.06351   0.19138   0.28557   0.09759   0.15467   0.04022   0.00389   0.02553   0.11540   0.02671   0.03739   0.12119   0.17303   0.02649   0.13682   0.18216   3.40909   0.68085   0.15973  
 34  0.0008   6915.135729  x:  0.00101   0.09340   0.01293   0.00651   0.01715   0.00368   0.00402   0.00883   0.01325   0.02465   0.04182   0.06351   0.19137   0.28556   0.09758   0.15467   0.04022   0.00389   0.02553   0.11539   0.02671   0.03739   0.12118   0.17302   0.02649   0.13682   0.18216   3.40916   0.68085   0.15973  
 35  0.0001   6915.135729  x:  0.00101   0.09340   0.01293   0.00651   0.01715   0.00368   0.00402   0.00883   0.01325   0.02466   0.04182   0.06351   0.19137   0.28556   0.09758   0.15467   0.04022   0.00389   0.02554   0.11539   0.02671   0.03739   0.12118   0.17302   0.02649   0.13682   0.18216   3.40916   0.68086   0.15973  
 36  0.0000   6915.135729  x:  0.00101   0.09340   0.01293   0.00651   0.01715   0.00368   0.00402   0.00883   0.01325   0.02466   0.04182   0.06351   0.19137   0.28556   0.09758   0.15467   0.04022   0.00389   0.02554   0.11539   0.02671   0.03739   0.12118   0.17302   0.02649   0.13682   0.18216   3.40915   0.68086   0.15973  

Model 2: PositiveSelection

TREE # 1

  0  0.0000   6996.229755  x:  0.00000   0.08662   0.00695   0.00767   0.01287   0.00958   0.00942   0.01507   0.01887   0.02822   0.03919   0.06543   0.15987   0.22748   0.09178   0.15342   0.03553   0.00905   0.02318   0.09681   0.02963   0.04005   0.10422   0.15530   0.01732   0.12689   0.15369   3.40915   1.13559   0.52284   0.46449   2.44668  
  1 99.0000   6988.806653  x:  0.00618   0.08788   0.01490   0.00678   0.01625   0.00268   0.00340   0.01024   0.01592   0.02723   0.04038   0.06553   0.16202   0.22965   0.09255   0.15387   0.03766   0.00657   0.02443   0.09897   0.02881   0.03964   0.10591   0.15659   0.02210   0.12811   0.15578   3.40938   1.13652   0.52262   0.46125   2.44641  
  2 799.9461   6986.086905  x:  0.00577   0.08960   0.01659   0.00645   0.01936   0.00752   0.00490   0.00617   0.01199   0.02561   0.04211   0.06549   0.16603   0.23398   0.09411   0.15475   0.04009   0.00419   0.02640   0.10307   0.02758   0.03906   0.10914   0.15923   0.02785   0.13035   0.15978   3.40983   1.13844   0.52215   0.45450   2.44584  
  3 458.1217   6979.721636  x:  0.00000   0.09362   0.01456   0.00705   0.02252   0.00515   0.00539   0.01132   0.00934   0.02275   0.04557   0.06541   0.17627   0.24535   0.09807   0.15715   0.04493   0.00425   0.03034   0.11313   0.02542   0.03815   0.11726   0.16617   0.03788   0.13586   0.16989   3.41107   1.14366   0.52088   0.43612   2.44432  
  4 752.6560   6972.695064  x:  0.00076   0.10061   0.00731   0.00725   0.02016   0.00521   0.00277   0.00740   0.02310   0.02364   0.04876   0.06597   0.19453   0.26635   0.10466   0.16185   0.05095   0.00634   0.03291   0.12886   0.02550   0.03863   0.13063   0.17853   0.04529   0.14481   0.18725   3.41350   1.15395   0.51826   0.39931   2.44139  
  5 1051.6988   6967.239552  x:  0.00361   0.10721   0.01383   0.00757   0.01380   0.00290   0.01447   0.00803   0.03174   0.02874   0.04954   0.06779   0.21278   0.28849   0.11078   0.16711   0.05361   0.00575   0.03128   0.14239   0.02867   0.04090   0.14284   0.19090   0.04399   0.15304   0.20414   3.41627   1.16578   0.51512   0.35627   2.43815  
  6 1431.7331   6956.609411  x:  0.00206   0.11480   0.02386   0.00786   0.01192   0.01193   0.00466   0.01542   0.02962   0.03767   0.04662   0.07262   0.23897   0.32362   0.11863   0.17629   0.04972   0.00280   0.02192   0.15699   0.03618   0.04645   0.15774   0.20897   0.02559   0.16368   0.22769   3.42120   1.18731   0.50902   0.27600   2.43263  
  7 1192.3258   6950.111533  x:  0.00032   0.11739   0.02118   0.00759   0.01964   0.00838   0.00566   0.00962   0.02311   0.04026   0.04442   0.07566   0.25176   0.34315   0.12181   0.18181   0.04480   0.00917   0.01790   0.16138   0.03916   0.04889   0.16349   0.21801   0.01179   0.16864   0.23888   3.42433   1.20127   0.50492   0.22365   2.42919  
  8 1446.8592   6946.148878  x:  0.00369   0.11655   0.01404   0.00742   0.01432   0.00530   0.00640   0.00812   0.01743   0.03903   0.04307   0.07767   0.25532   0.35300   0.12138   0.18518   0.03962   0.00328   0.01860   0.15744   0.03930   0.04913   0.16204   0.22047   0.01250   0.17022   0.24179   3.42658   1.21171   0.50179   0.18616   2.42668  
  9 602.7513   6944.169313  x:  0.00631   0.11481   0.01585   0.00821   0.01410   0.00755   0.00660   0.01034   0.01904   0.03750   0.04339   0.07872   0.25512   0.35819   0.11981   0.18718   0.03749   0.00797   0.02164   0.15159   0.03826   0.04838   0.15854   0.22041   0.01745   0.17037   0.24138   3.42829   1.21976   0.49954   0.16069   2.42459  
 10 510.8972   6943.450455  x:  0.00299   0.11381   0.01762   0.00753   0.01677   0.00720   0.00693   0.01019   0.02320   0.03674   0.04486   0.07844   0.25417   0.36033   0.11890   0.18795   0.03900   0.00489   0.02217   0.14850   0.03710   0.04764   0.15637   0.21976   0.01789   0.17002   0.24046   3.42927   1.22420   0.49862   0.15167   2.42316  
 11 232.7218   6943.224161  x:  0.00096   0.11368   0.01854   0.00784   0.01488   0.00694   0.00647   0.00900   0.02307   0.03636   0.04590   0.07768   0.25355   0.36179   0.11846   0.18832   0.04213   0.00537   0.02226   0.14738   0.03635   0.04721   0.15537   0.21932   0.01723   0.16980   0.23985   3.43005   1.22748   0.49825   0.14949   2.42184  
 12 102.5983   6943.003422  x:  0.00243   0.11407   0.01779   0.00724   0.01516   0.00726   0.00674   0.00993   0.02260   0.03633   0.04666   0.07618   0.25274   0.36450   0.11780   0.18888   0.04697   0.00530   0.02185   0.14627   0.03576   0.04690   0.15415   0.21860   0.01597   0.16949   0.23897   3.43156   1.23368   0.49778   0.14853   2.41915  
 13 97.4533   6942.634705  x:  0.00245   0.11489   0.01725   0.01101   0.01614   0.00709   0.00677   0.00983   0.02230   0.03817   0.04504   0.07403   0.25106   0.37152   0.11644   0.19016   0.04889   0.00479   0.02154   0.14512   0.03715   0.04769   0.15219   0.21703   0.01693   0.16921   0.23735   3.43577   1.25070   0.49675   0.15001   2.41154  
 14 100.0362   6941.372692  x:  0.00036   0.11713   0.01694   0.00693   0.01640   0.00658   0.00644   0.00918   0.02143   0.04199   0.04022   0.06913   0.24613   0.39341   0.11251   0.19395   0.04928   0.00538   0.02228   0.14263   0.04073   0.04963   0.14712   0.21247   0.02029   0.16853   0.23267   3.44941   1.30565   0.49354   0.15636   2.38684  
 15 516.1241   6938.949835  x:  0.00210   0.11926   0.01766   0.00763   0.01539   0.00697   0.00641   0.00949   0.02184   0.03519   0.04756   0.06964   0.23785   0.43360   0.10639   0.19950   0.04023   0.00505   0.02619   0.14086   0.03604   0.04616   0.14144   0.20496   0.01631   0.16651   0.22459   3.47819   1.42144   0.48700   0.17164   2.33450  
 16 533.9707   6937.942196  x:  0.00211   0.11496   0.01746   0.00746   0.01525   0.00682   0.00665   0.00930   0.02206   0.03282   0.04565   0.07677   0.23565   0.43976   0.10617   0.19750   0.04071   0.00575   0.01800   0.14033   0.03260   0.04458   0.14267   0.20413   0.01876   0.16495   0.22283   3.49066   1.47154   0.48421   0.17618   2.31165  
 17 284.3863   6935.873283  x:  0.00245   0.10081   0.01708   0.00752   0.01549   0.00672   0.00644   0.00934   0.02167   0.03461   0.04013   0.08916   0.23280   0.43622   0.10860   0.18650   0.04570   0.00449   0.02556   0.14128   0.03301   0.04465   0.15077   0.20523   0.01697   0.15977   0.22090   3.51984   1.58856   0.47781   0.18320   2.25781  
 18 421.9571   6932.769265  x:  0.00292   0.09291   0.01603   0.00654   0.01534   0.00623   0.00618   0.00898   0.02004   0.03724   0.05239   0.07785   0.23220   0.41126   0.11371   0.16716   0.04314   0.00490   0.02057   0.14250   0.04076   0.04793   0.15965   0.20859   0.01917   0.15447   0.22150   3.56474   1.76798   0.46851   0.18953   2.17433  
 19 537.6028   6930.245560  x:  0.00295   0.10061   0.01745   0.00725   0.01451   0.00642   0.00611   0.00890   0.02092   0.03231   0.04280   0.06258   0.23492   0.38482   0.11731   0.15605   0.03994   0.00432   0.01957   0.14489   0.03332   0.04236   0.16221   0.21080   0.01680   0.15352   0.22426   3.59952   1.90626   0.46206   0.19350   2.10904  
 20 747.9162   6929.204035  x:  0.00193   0.11462   0.01675   0.00703   0.01470   0.00626   0.00597   0.00877   0.02052   0.03515   0.04423   0.06998   0.23994   0.36630   0.11553   0.16162   0.04094   0.00424   0.02048   0.14645   0.03303   0.04403   0.15350   0.20861   0.01665   0.15793   0.22777   3.61531   1.96755   0.46085   0.19558   2.07791  
 21 219.1150   6929.007911  x:  0.00200   0.11174   0.01698   0.00713   0.01463   0.00628   0.00605   0.00877   0.02079   0.03182   0.04347   0.06955   0.24331   0.36216   0.11374   0.16729   0.04149   0.00420   0.02034   0.14764   0.03583   0.04389   0.15034   0.20769   0.01624   0.15985   0.22997   3.61841   1.97816   0.46213   0.19645   2.07076  
 22 64.8697   6928.902075  x:  0.00213   0.10829   0.01692   0.00708   0.01464   0.00627   0.00599   0.00877   0.02057   0.03388   0.04378   0.06842   0.24591   0.35985   0.11205   0.17154   0.04112   0.00424   0.02032   0.14829   0.03407   0.04285   0.14868   0.20705   0.01620   0.16086   0.23163   3.62021   1.98345   0.46385   0.19699   2.06592  
 23 61.4971   6928.862218  x:  0.00211   0.10801   0.01696   0.00710   0.01462   0.00626   0.00601   0.00876   0.02062   0.03349   0.04370   0.06808   0.24698   0.35936   0.11050   0.17242   0.04110   0.00423   0.02039   0.14748   0.03278   0.04534   0.14954   0.20669   0.01621   0.15995   0.23212   3.62120   1.98410   0.46725   0.19687   2.06162  
 24 14.3573   6928.643778  x:  0.00172   0.10967   0.01683   0.00703   0.01466   0.00618   0.00594   0.00867   0.02043   0.03346   0.04375   0.06823   0.25102   0.35782   0.10405   0.17419   0.04115   0.00421   0.02036   0.14243   0.03413   0.04267   0.15485   0.20496   0.01665   0.15439   0.23327   3.62716   1.98440   0.49167   0.19514   2.03301  
 25 36.7815   6925.341995  x:  0.00096   0.10624   0.01613   0.00650   0.01447   0.00540   0.00530   0.00790   0.01860   0.03138   0.04282   0.06607   0.25499   0.34351   0.12520   0.17322   0.03944   0.00370   0.02074   0.12990   0.03209   0.04152   0.15175   0.18892   0.01779   0.14565   0.21737   3.71880   1.97151   0.88900   0.15692   1.57718  
 26 95.3510   6923.851305  x:  0.00086   0.10310   0.01591   0.00622   0.01425   0.00505   0.00498   0.00754   0.01787   0.03033   0.04211   0.06559   0.24384   0.33680   0.10677   0.16056   0.03893   0.00321   0.02034   0.13664   0.03119   0.04065   0.14332   0.19543   0.01718   0.15185   0.21517   3.75980   1.96531   1.07093   0.13806   1.36909  
 27 500.6185   6923.710875  x:  0.00099   0.10334   0.01587   0.00621   0.01427   0.00502   0.00497   0.00752   0.01778   0.03024   0.04214   0.06542   0.23514   0.33554   0.10756   0.16472   0.03889   0.00314   0.02046   0.13445   0.03112   0.04059   0.14427   0.20091   0.01715   0.15100   0.22052   3.76227   1.96527   1.08745   0.13692   1.34986  
 28 45.7089   6923.651627  x:  0.00106   0.10331   0.01587   0.00621   0.01424   0.00501   0.00496   0.00753   0.01777   0.03026   0.04208   0.06527   0.23144   0.33470   0.10717   0.16479   0.03892   0.00319   0.02023   0.13635   0.03116   0.04052   0.14598   0.19522   0.01699   0.15131   0.22337   3.75686   1.96723   1.08991   0.13605   1.34566  
 29  4.2398   6921.568610  x:  0.00103   0.09911   0.01508   0.00617   0.01467   0.00443   0.00466   0.00742   0.01646   0.02793   0.04185   0.06445   0.22825   0.32408   0.10781   0.14684   0.03927   0.00331   0.02236   0.11697   0.02921   0.03921   0.13238   0.18610   0.01741   0.15566   0.23817   3.51964   2.05055   1.13799   0.14427   1.23232  
 30 13.0654   6918.041822  x:  0.00084   0.09760   0.01396   0.00608   0.01509   0.00350   0.00426   0.00736   0.01492   0.02512   0.04152   0.06155   0.21006   0.29541   0.10227   0.15139   0.04031   0.00306   0.02239   0.12724   0.02667   0.03715   0.12667   0.18502   0.02124   0.13572   0.20858   3.12475   2.19030   1.21556   0.14760   1.04560  
 31 408.6070   6917.819385  x:  0.00082   0.09760   0.01392   0.00609   0.01515   0.00346   0.00422   0.00737   0.01480   0.02499   0.04156   0.06118   0.20796   0.29277   0.10105   0.15358   0.04050   0.00299   0.02239   0.12425   0.02661   0.03703   0.13214   0.18491   0.02111   0.14373   0.20254   3.10018   2.19949   1.22033   0.14801   1.03359  
 32 88.1235   6915.757878  x:  0.00042   0.09585   0.01312   0.00614   0.01588   0.00295   0.00410   0.00757   0.01410   0.02280   0.04213   0.05995   0.19441   0.27323   0.09775   0.15259   0.04256   0.00308   0.02378   0.12176   0.02457   0.03575   0.12649   0.17763   0.02397   0.13942   0.18879   3.43086   2.20011   1.15895   0.16379   1.08126  
 33  3.3596   6915.071413  x:  0.00110   0.09526   0.01294   0.00661   0.01667   0.00375   0.00371   0.00861   0.01329   0.02424   0.04259   0.06239   0.19284   0.27887   0.09858   0.15685   0.04195   0.00394   0.02509   0.11692   0.02626   0.03716   0.12246   0.17400   0.02565   0.13809   0.18211   3.46823   2.31339   1.37962   0.16306   1.36350  
 34  0.8828   6914.755083  x:  0.00147   0.09430   0.01272   0.00670   0.01707   0.00395   0.00374   0.00904   0.01288   0.02499   0.04228   0.06387   0.19108   0.29040   0.09727   0.15723   0.04071   0.00425   0.02555   0.11605   0.02702   0.03774   0.12037   0.17318   0.02628   0.13792   0.18099   3.47533   2.29360   1.21935   0.17008   1.36126  
 35  0.4623   6914.658318  x:  0.00115   0.09382   0.01277   0.00658   0.01736   0.00374   0.00426   0.00899   0.01352   0.02499   0.04216   0.06465   0.19300   0.28841   0.09805   0.15719   0.04035   0.00419   0.02585   0.11528   0.02699   0.03791   0.12081   0.17302   0.02652   0.13777   0.18240   3.48845   2.34220   1.24655   0.17364   1.49931  
 36  0.2659   6914.621150  x:  0.00104   0.09353   0.01301   0.00650   0.01736   0.00376   0.00385   0.00900   0.01321   0.02474   0.04181   0.06419   0.19281   0.28585   0.09775   0.15586   0.04009   0.00408   0.02560   0.11546   0.02673   0.03766   0.12149   0.17343   0.02629   0.13733   0.18339   3.47221   2.38013   1.26206   0.17615   1.53253  
 37  0.0658   6914.601626  x:  0.00119   0.09364   0.01288   0.00652   0.01724   0.00362   0.00412   0.00878   0.01319   0.02450   0.04179   0.06347   0.19176   0.28597   0.09719   0.15525   0.04017   0.00405   0.02538   0.11588   0.02648   0.03739   0.12148   0.17363   0.02611   0.13724   0.18301   3.45141   2.41913   1.30201   0.17726   1.53890  
 38  0.0654   6914.541489  x:  0.00088   0.09447   0.01315   0.00655   0.01686   0.00369   0.00391   0.00863   0.01375   0.02472   0.04242   0.06295   0.19269   0.28801   0.09737   0.15717   0.04126   0.00369   0.02489   0.11704   0.02662   0.03757   0.12025   0.17372   0.02540   0.13889   0.18166   3.45387   2.66321   1.60488   0.18056   1.69746  
 39  0.0818   6914.416041  x:  0.00122   0.09476   0.01296   0.00660   0.01658   0.00361   0.00380   0.00845   0.01357   0.02472   0.04261   0.06325   0.19370   0.28881   0.09757   0.15881   0.04158   0.00389   0.02455   0.11741   0.02668   0.03770   0.12004   0.17393   0.02453   0.14001   0.18171   3.46657   3.12331   2.19680   0.18181   1.98861  
 40  0.7594   6914.217068  x:  0.00137   0.09416   0.01277   0.00660   0.01680   0.00375   0.00396   0.00879   0.01343   0.02471   0.04211   0.06423   0.19277   0.28708   0.09737   0.15778   0.04069   0.00420   0.02501   0.11600   0.02681   0.03772   0.12088   0.17389   0.02476   0.13852   0.18251   3.48327   3.64959   2.84400   0.17539   2.30300  
 41  0.6628   6914.084009  x:  0.00146   0.09355   0.01258   0.00659   0.01723   0.00371   0.00407   0.00901   0.01297   0.02464   0.04168   0.06469   0.19254   0.28585   0.09749   0.15615   0.03981   0.00448   0.02561   0.11509   0.02683   0.03768   0.12169   0.17355   0.02560   0.13701   0.18345   3.48720   3.65295   2.80678   0.17036   2.30387  
 42  0.0682   6914.008160  x:  0.00071   0.09381   0.01301   0.00645   0.01751   0.00358   0.00403   0.00893   0.01330   0.02447   0.04187   0.06368   0.19196   0.28849   0.09695   0.15582   0.04020   0.00405   0.02578   0.11615   0.02654   0.03751   0.12124   0.17324   0.02627   0.13702   0.18303   3.47352   3.95472   3.13841   0.16756   2.54262  
 43  0.3825   6913.991904  x:  0.00105   0.09397   0.01299   0.00655   0.01735   0.00374   0.00406   0.00890   0.01327   0.02458   0.04198   0.06352   0.19261   0.28723   0.09718   0.15619   0.04053   0.00399   0.02563   0.11662   0.02667   0.03753   0.12119   0.17361   0.02634   0.13761   0.18307   3.46766   4.03056   3.20767   0.16825   2.63483  
 44  0.1521   6913.981746  x:  0.00099   0.09386   0.01292   0.00651   0.01714   0.00361   0.00399   0.00878   0.01315   0.02456   0.04188   0.06393   0.19245   0.28741   0.09728   0.15679   0.04048   0.00396   0.02544   0.11597   0.02674   0.03757   0.12119   0.17350   0.02625   0.13774   0.18273   3.45816   4.03962   3.21703   0.16746   2.69678  
 45  0.0372   6913.974374  x:  0.00096   0.09383   0.01306   0.00646   0.01715   0.00374   0.00402   0.00882   0.01340   0.02456   0.04187   0.06396   0.19211   0.28760   0.09704   0.15654   0.04034   0.00406   0.02541   0.11607   0.02667   0.03756   0.12139   0.17345   0.02610   0.13756   0.18296   3.45887   4.01800   3.19889   0.16725   2.74833  
 46  0.0408   6913.971615  x:  0.00097   0.09394   0.01297   0.00652   0.01726   0.00369   0.00403   0.00885   0.01329   0.02463   0.04194   0.06379   0.19253   0.28770   0.09712   0.15645   0.04036   0.00407   0.02549   0.11630   0.02675   0.03760   0.12128   0.17352   0.02605   0.13757   0.18312   3.46490   4.01858   3.20596   0.16724   2.78447  
 47  0.0441   6913.971425  x:  0.00097   0.09392   0.01297   0.00651   0.01727   0.00369   0.00403   0.00886   0.01329   0.02457   0.04192   0.06381   0.19256   0.28762   0.09719   0.15651   0.04041   0.00403   0.02553   0.11628   0.02672   0.03758   0.12124   0.17358   0.02608   0.13761   0.18307   3.46514   4.01243   3.19923   0.16729   2.78389  
 48  0.0112   6913.971407  x:  0.00096   0.09393   0.01297   0.00651   0.01727   0.00369   0.00403   0.00886   0.01328   0.02458   0.04192   0.06381   0.19255   0.28756   0.09719   0.15653   0.04043   0.00403   0.02554   0.11628   0.02672   0.03759   0.12126   0.17360   0.02610   0.13763   0.18308   3.46495   4.01155   3.19831   0.16730   2.78363  
 49  0.0015   6913.971405  x:  0.00097   0.09393   0.01298   0.00651   0.01727   0.00369   0.00403   0.00886   0.01328   0.02458   0.04192   0.06381   0.19256   0.28758   0.09719   0.15654   0.04042   0.00403   0.02554   0.11629   0.02672   0.03759   0.12127   0.17359   0.02611   0.13763   0.18309   3.46493   4.01182   3.19872   0.16729   2.78386  
 50  0.0006   6913.971405  x:  0.00097   0.09393   0.01298   0.00651   0.01727   0.00369   0.00403   0.00886   0.01328   0.02458   0.04192   0.06381   0.19256   0.28758   0.09719   0.15653   0.04042   0.00403   0.02554   0.11629   0.02672   0.03759   0.12127   0.17359   0.02611   0.13763   0.18309   3.46491   4.01163   3.19852   0.16729   2.78373  
 51  0.0004   6913.971405  x:  0.00097   0.09393   0.01298   0.00651   0.01727   0.00369   0.00403   0.00886   0.01328   0.02458   0.04192   0.06381   0.19256   0.28758   0.09719   0.15653   0.04042   0.00403   0.02554   0.11629   0.02672   0.03759   0.12127   0.17359   0.02611   0.13763   0.18309   3.46491   4.01159   3.19848   0.16729   2.78372  
 52  0.0001   6913.971405  x:  0.00097   0.09393   0.01298   0.00651   0.01727   0.00369   0.00403   0.00886   0.01328   0.02458   0.04192   0.06381   0.19256   0.28758   0.09719   0.15653   0.04042   0.00403   0.02554   0.11629   0.02672   0.03759   0.12127   0.17359   0.02611   0.13763   0.18309   3.46491   4.01159   3.19848   0.16729   2.78372  
 53  0.0000   6913.971405  x:  0.00097   0.09393   0.01298   0.00651   0.01727   0.00369   0.00403   0.00886   0.01328   0.02458   0.04192   0.06381   0.19256   0.28758   0.09719   0.15653   0.04042   0.00403   0.02554   0.11629   0.02672   0.03759   0.12127   0.17359   0.02611   0.13763   0.18309   3.46491   4.01159   3.19848   0.16729   2.78372  
 54  0.0000   6913.971405  x:  0.00097   0.09393   0.01298   0.00651   0.01727   0.00369   0.00403   0.00886   0.01328   0.02458   0.04192   0.06381   0.19256   0.28758   0.09719   0.15653   0.04042   0.00403   0.02554   0.11629   0.02672   0.03759   0.12127   0.17359   0.02611   0.13763   0.18309   3.46491   4.01159   3.19848   0.16729   2.78372  
check convergence!


Model 7: beta

TREE # 1

  0  0.0000   7058.721761  x:  0.00000   0.08023   0.02056   0.01286   0.02531   0.00750   0.01113   0.02201   0.02022   0.02516   0.04148   0.07382   0.15036   0.21107   0.08554   0.14668   0.03209   0.00554   0.02105   0.09485   0.02791   0.03621   0.09939   0.14988   0.02882   0.12286   0.15347   3.46491   0.25988   1.76622  
  1 99.0000   7040.079977  x:  0.00164   0.08052   0.01604   0.00682   0.02075   0.00073   0.00306   0.01432   0.01519   0.02311   0.03986   0.07103   0.15165   0.21287   0.08566   0.14602   0.03297   0.00266   0.02154   0.09557   0.02630   0.03497   0.10011   0.15009   0.02750   0.12253   0.15389   3.46467   0.27242   1.76454  
  2 1144.2067   7035.786263  x:  0.00210   0.08062   0.01446   0.00484   0.01916   0.00199   0.00079   0.01159   0.01346   0.02241   0.03930   0.07000   0.15212   0.21356   0.08570   0.14576   0.03328   0.00185   0.02173   0.09584   0.02573   0.03453   0.10037   0.15018   0.02702   0.12240   0.15405   3.46458   0.27711   1.76390  
  3 4362.0078   7028.917480  x:  0.00289   0.08083   0.01120   0.00130   0.01586   0.00313   0.00276   0.00598   0.00996   0.02103   0.03812   0.06776   0.15317   0.21506   0.08580   0.14520   0.03392   0.00063   0.02217   0.09643   0.02454   0.03361   0.10096   0.15037   0.02599   0.12214   0.15439   3.46438   0.28739   1.76248  
  4 4364.2283   7023.807487  x:  0.00320   0.08102   0.00869   0.00460   0.01311   0.00358   0.00332   0.00233   0.00756   0.02000   0.03713   0.06549   0.15426   0.21666   0.08590   0.14461   0.03450   0.00144   0.02268   0.09707   0.02348   0.03277   0.10158   0.15061   0.02501   0.12187   0.15476   3.46416   0.29818   1.76096  
  5 2706.4979   7012.083396  x:  0.00342   0.08160   0.00349   0.00708   0.00645   0.00445   0.00428   0.00830   0.00469   0.01763   0.03439   0.05877   0.15758   0.22160   0.08624   0.14280   0.03609   0.00344   0.02410   0.09899   0.02074   0.03051   0.10344   0.15136   0.02224   0.12112   0.15590   3.46347   0.33107   1.75624  
  6 2927.5450   6979.042841  x:  0.00183   0.08416   0.01758   0.00980   0.00784   0.00618   0.00614   0.01140   0.02240   0.01383   0.02616   0.03477   0.17064   0.24127   0.08772   0.13581   0.04138   0.00638   0.02852   0.10644   0.01360   0.02408   0.11065   0.15438   0.01332   0.11852   0.16063   3.46071   0.45996   1.73727  
  7 3864.2601   6962.724877  x:  0.00000   0.08508   0.01548   0.01069   0.01934   0.00657   0.00653   0.01302   0.01976   0.02106   0.02960   0.03589   0.17505   0.24835   0.08863   0.13405   0.04188   0.00543   0.02840   0.10876   0.02173   0.02838   0.11286   0.15570   0.01728   0.11879   0.16276   3.45964   0.50425   1.73016  
  8 2005.3843   6962.724877  x:  0.00000   0.08508   0.01548   0.01069   0.01934   0.00657   0.00653   0.01302   0.01976   0.02106   0.02960   0.03589   0.17505   0.24835   0.08863   0.13405   0.04188   0.00543   0.02840   0.10876   0.02173   0.02838   0.11286   0.15570   0.01728   0.11879   0.16276   3.45964   0.50425   1.73016  
  9 830.3076   6956.956299  x:  0.00062   0.08533   0.01419   0.00730   0.01775   0.00177   0.00239   0.00922   0.01606   0.02165   0.03226   0.04167   0.17528   0.24897   0.08901   0.13455   0.04124   0.00318   0.02732   0.10866   0.02333   0.03045   0.11285   0.15600   0.02013   0.11953   0.16320   3.45949   0.50699   1.72933  
 10 725.2366   6954.176328  x:  0.00122   0.08561   0.01282   0.00435   0.01618   0.00473   0.00324   0.00607   0.01206   0.02232   0.03520   0.04795   0.17555   0.24978   0.08948   0.13518   0.04042   0.00155   0.02612   0.10855   0.02494   0.03265   0.11285   0.15642   0.02313   0.12044   0.16373   3.45930   0.51058   1.72825  
 11 1005.0665   6952.230339  x:  0.00118   0.08596   0.01175   0.00659   0.01501   0.00366   0.00627   0.00841   0.00951   0.02319   0.03865   0.05523   0.17598   0.25113   0.09022   0.13619   0.03917   0.00400   0.02482   0.10844   0.02632   0.03494   0.11291   0.15722   0.02626   0.12176   0.16453   3.45897   0.51662   1.72641  
 12 578.9593   6950.503113  x:  0.00048   0.08652   0.01206   0.00808   0.01549   0.00575   0.00354   0.01074   0.01443   0.02377   0.04147   0.06204   0.17673   0.25347   0.09140   0.13785   0.03742   0.00465   0.02336   0.10835   0.02655   0.03643   0.11310   0.15853   0.02831   0.12366   0.16582   3.45839   0.52718   1.72317  
 13 432.1073   6947.835878  x:  0.00124   0.08793   0.01433   0.00566   0.01903   0.00323   0.00853   0.00964   0.02024   0.02326   0.04207   0.06741   0.17870   0.25919   0.09397   0.14167   0.03509   0.00251   0.02231   0.10849   0.02399   0.03568   0.11386   0.16165   0.02734   0.12743   0.16875   3.45693   0.55345   1.71503  
 14 453.2312   6940.675984  x:  0.00260   0.09166   0.01549   0.00772   0.02149   0.00447   0.00589   0.00428   0.01623   0.02119   0.03795   0.06990   0.18452   0.27576   0.10047   0.15197   0.03288   0.00950   0.02465   0.10983   0.01871   0.03137   0.11653   0.17069   0.02038   0.13709   0.17692   3.45252   0.63130   1.69055  
 15 948.3884   6936.335748  x:  0.00278   0.09396   0.01477   0.00458   0.02081   0.00557   0.00344   0.01143   0.01104   0.02066   0.03465   0.06792   0.18854   0.28717   0.10435   0.15859   0.03297   0.00728   0.02632   0.11101   0.01912   0.02983   0.11837   0.17656   0.01655   0.14320   0.18247   3.44933   0.68668   1.67292  
 16 2467.6435   6932.658525  x:  0.00073   0.09490   0.01258   0.00981   0.01731   0.00547   0.00393   0.01076   0.01090   0.02268   0.03391   0.06121   0.19127   0.29506   0.10577   0.16216   0.03581   0.00118   0.02751   0.11228   0.02554   0.03210   0.11962   0.18000   0.01806   0.14645   0.18614   3.44677   0.72920   1.65898  
 17 1262.8999   6930.842284  x:  0.00000   0.09481   0.01189   0.00716   0.01512   0.00508   0.00463   0.01025   0.01296   0.02426   0.03536   0.05568   0.19228   0.29810   0.10513   0.16263   0.03894   0.00412   0.02820   0.11311   0.02945   0.03458   0.12014   0.18088   0.02161   0.14679   0.18731   3.44543   0.75004   1.65180  
 18 855.7056   6929.870204  x:  0.00045   0.09353   0.01510   0.00760   0.01843   0.00542   0.00390   0.01060   0.01120   0.02459   0.04015   0.05186   0.19206   0.29788   0.10152   0.15981   0.04209   0.00383   0.02686   0.11379   0.02760   0.03597   0.12015   0.17906   0.02549   0.14352   0.18625   3.44430   0.76407   1.64607  
 19 257.6882   6929.227872  x:  0.00000   0.09238   0.01345   0.00760   0.01760   0.00536   0.00400   0.01067   0.01142   0.02391   0.04101   0.05173   0.19144   0.29651   0.09862   0.15709   0.04277   0.00363   0.02619   0.11414   0.02569   0.03585   0.12004   0.17708   0.02567   0.14030   0.18474   3.44363   0.77046   1.64293  
 20 212.4338   6928.469950  x:  0.00128   0.09027   0.01638   0.00767   0.01642   0.00539   0.00403   0.01056   0.01156   0.02517   0.03814   0.05436   0.18940   0.29141   0.09256   0.15025   0.04217   0.00404   0.02659   0.11459   0.02825   0.03579   0.11958   0.17161   0.02392   0.13229   0.18017   3.44198   0.78311   1.63554  
 21 225.7407   6928.338602  x:  0.00029   0.09023   0.01549   0.00751   0.01836   0.00540   0.00399   0.01047   0.01133   0.02513   0.03738   0.05461   0.18868   0.28942   0.09244   0.14906   0.04123   0.00427   0.02712   0.11442   0.02943   0.03557   0.11939   0.17036   0.02426   0.13114   0.17896   3.44149   0.78530   1.63357  
 22 103.9530   6928.251550  x:  0.00182   0.09081   0.01474   0.00768   0.01884   0.00544   0.00391   0.01056   0.01146   0.02467   0.03722   0.05434   0.18786   0.28676   0.09361   0.14842   0.04037   0.00426   0.02757   0.11394   0.02987   0.03511   0.11914   0.16928   0.02510   0.13087   0.17774   3.44090   0.78673   1.63135  
 23 75.9288   6928.082176  x:  0.00109   0.09218   0.01568   0.00763   0.01760   0.00542   0.00394   0.01055   0.01131   0.02415   0.03766   0.05358   0.18593   0.28026   0.09722   0.14756   0.03861   0.00418   0.02799   0.11273   0.02952   0.03431   0.11855   0.16728   0.02620   0.13112   0.17518   3.43943   0.78915   1.62604  
 24 111.5785   6927.979175  x:  0.00114   0.09276   0.01527   0.00758   0.01785   0.00541   0.00393   0.01052   0.01131   0.02567   0.03788   0.05360   0.18482   0.27516   0.09958   0.14740   0.04003   0.00427   0.02715   0.11204   0.02904   0.03552   0.11822   0.16665   0.02469   0.13190   0.17388   3.43804   0.79011   1.62124  
 25 66.5357   6927.914962  x:  0.00099   0.09217   0.01554   0.00763   0.01797   0.00541   0.00396   0.01052   0.01139   0.02393   0.03749   0.05420   0.18465   0.27165   0.09968   0.14765   0.04184   0.00426   0.02711   0.11232   0.02944   0.03583   0.11828   0.16737   0.02451   0.13295   0.17411   3.43652   0.78985   1.61624  
 26 40.1099   6927.790465  x:  0.00104   0.09037   0.01545   0.00763   0.01792   0.00541   0.00398   0.01057   0.01142   0.02530   0.03718   0.05462   0.18520   0.26551   0.09778   0.14856   0.04218   0.00406   0.02792   0.11362   0.02906   0.03417   0.11873   0.16983   0.02538   0.13498   0.17593   3.43260   0.78796   1.60342  
 27 60.3490   6927.644216  x:  0.00147   0.08982   0.01541   0.00757   0.01792   0.00539   0.00393   0.01048   0.01135   0.02476   0.03837   0.05357   0.18626   0.26098   0.09553   0.14977   0.03916   0.00421   0.02720   0.11448   0.02949   0.03568   0.11913   0.17210   0.02399   0.13567   0.17807   3.42721   0.78455   1.58592  
 28 90.2307   6926.837967  x:  0.00088   0.09825   0.01566   0.00776   0.01804   0.00543   0.00389   0.01047   0.01122   0.02487   0.03361   0.05389   0.19127   0.25728   0.09354   0.15460   0.03879   0.00445   0.02326   0.11267   0.02757   0.03739   0.11887   0.17479   0.02725   0.13012   0.18435   3.39351   0.75910   1.47660  
 29 103.6836   6925.178509  x:  0.00000   0.10756   0.01545   0.00761   0.01841   0.00533   0.00421   0.01038   0.01199   0.02475   0.03902   0.05634   0.19804   0.25629   0.09377   0.16109   0.04155   0.00414   0.02904   0.11036   0.02884   0.03427   0.11891   0.17648   0.02435   0.12201   0.19146   3.32960   0.71002   1.26881  
 30 960.7521   6921.981603  x:  0.00000   0.09761   0.01594   0.00757   0.01894   0.00523   0.00429   0.01013   0.01226   0.02477   0.03743   0.05772   0.20066   0.26630   0.09974   0.16306   0.03958   0.00437   0.02776   0.11186   0.02723   0.03591   0.12003   0.17337   0.02454   0.12817   0.19134   3.21178   0.61851   0.88353  
 31 1016.0388   6921.862007  x:  0.00000   0.10116   0.01585   0.00753   0.01897   0.00522   0.00430   0.01007   0.01228   0.02472   0.03799   0.05772   0.19810   0.26737   0.09770   0.16112   0.03978   0.00449   0.02615   0.11304   0.02809   0.03441   0.12078   0.17517   0.02405   0.13097   0.18938   3.20680   0.61444   0.86656  
 32 84.2258   6921.836726  x:  0.00000   0.10226   0.01588   0.00755   0.01898   0.00522   0.00431   0.01011   0.01231   0.02476   0.03775   0.05784   0.19700   0.26768   0.09709   0.16049   0.03973   0.00434   0.02734   0.11346   0.02749   0.03536   0.12109   0.17609   0.02419   0.13161   0.18872   3.20580   0.61355   0.86287  
 33 43.2779   6921.833803  x:  0.00035   0.10223   0.01588   0.00755   0.01898   0.00522   0.00431   0.01011   0.01231   0.02476   0.03775   0.05784   0.19695   0.26768   0.09711   0.16049   0.03973   0.00434   0.02732   0.11344   0.02750   0.03535   0.12109   0.17616   0.02420   0.13156   0.18871   3.20582   0.61355   0.86286  
 34 16.2615   6921.828346  x:  0.00036   0.10190   0.01588   0.00755   0.01897   0.00522   0.00431   0.01010   0.01231   0.02475   0.03776   0.05783   0.19580   0.26784   0.09743   0.16048   0.03970   0.00432   0.02725   0.11320   0.02753   0.03532   0.12104   0.17752   0.02426   0.13081   0.18856   3.20592   0.61339   0.86217  
 35  5.8018   6921.803782  x:  0.00042   0.10186   0.01585   0.00753   0.01896   0.00520   0.00430   0.01009   0.01231   0.02475   0.03779   0.05789   0.19280   0.26818   0.09675   0.16197   0.03975   0.00435   0.02727   0.11368   0.02750   0.03532   0.11962   0.17592   0.02419   0.13102   0.19036   3.21369   0.61260   0.85961  
 36  0.8800   6921.493945  x:  0.00039   0.10036   0.01544   0.00732   0.01879   0.00502   0.00431   0.00995   0.01252   0.02470   0.03835   0.05888   0.19043   0.27072   0.09586   0.16299   0.03985   0.00425   0.02686   0.10961   0.02724   0.03552   0.12873   0.17356   0.02460   0.13204   0.19137   3.31594   0.60158   0.82602  
 37 19.7022   6921.026673  x:  0.00028   0.09938   0.01482   0.00699   0.01855   0.00474   0.00432   0.00974   0.01286   0.02461   0.03930   0.06047   0.19564   0.27469   0.09854   0.16015   0.03956   0.00406   0.02632   0.11605   0.02665   0.03596   0.12245   0.17630   0.02515   0.13211   0.18750   3.46857   0.58500   0.77597  
 38 205.4510   6921.009134  x:  0.00026   0.09915   0.01478   0.00698   0.01853   0.00473   0.00432   0.00973   0.01286   0.02460   0.03932   0.06048   0.19601   0.27492   0.09781   0.15959   0.03956   0.00404   0.02655   0.11385   0.02662   0.03598   0.12083   0.17667   0.02513   0.13291   0.18736   3.47285   0.58450   0.77456  
 39 16.1513   6920.099325  x:  0.00066   0.09432   0.01341   0.00631   0.01785   0.00414   0.00426   0.00928   0.01341   0.02447   0.04108   0.06326   0.19084   0.28540   0.10213   0.14495   0.03900   0.00383   0.02508   0.11537   0.02581   0.03683   0.12148   0.17486   0.02585   0.13789   0.19154   3.39975   0.56846   0.81177  
 40  1.1104   6919.764835  x:  0.00072   0.09169   0.01289   0.00606   0.01758   0.00392   0.00424   0.00912   0.01360   0.02440   0.04169   0.06420   0.18967   0.28926   0.09846   0.15355   0.03908   0.00371   0.02457   0.11568   0.02552   0.03710   0.12118   0.17408   0.02668   0.13907   0.18042   3.37218   0.56259   0.82542  
 41 59.9490   6919.255684  x:  0.00058   0.09168   0.01256   0.00618   0.01693   0.00343   0.00390   0.00833   0.01340   0.02426   0.04240   0.06551   0.19051   0.28927   0.09840   0.15372   0.04014   0.00358   0.02560   0.11517   0.02590   0.03728   0.12176   0.17187   0.02693   0.13743   0.18213   3.30378   0.47354   0.66976  
 42  0.1752   6919.107694  x:  0.00037   0.09368   0.01308   0.00648   0.01698   0.00351   0.00395   0.00838   0.01331   0.02441   0.04205   0.06444   0.19042   0.28484   0.09703   0.15373   0.04047   0.00350   0.02588   0.11486   0.02671   0.03709   0.12091   0.17248   0.02698   0.13580   0.18113   3.34936   0.45333   0.65947  
 43  0.0573   6919.082112  x:  0.00039   0.09306   0.01315   0.00649   0.01713   0.00367   0.00403   0.00867   0.01324   0.02456   0.04161   0.06324   0.18986   0.28277   0.09682   0.15346   0.04039   0.00353   0.02555   0.11474   0.02686   0.03711   0.12076   0.17233   0.02705   0.13548   0.18056   3.36382   0.45247   0.64998  
 44  0.0189   6919.080248  x:  0.00040   0.09282   0.01305   0.00648   0.01709   0.00368   0.00401   0.00877   0.01320   0.02456   0.04159   0.06302   0.18975   0.28314   0.09696   0.15336   0.04032   0.00357   0.02550   0.11476   0.02677   0.03716   0.12081   0.17219   0.02705   0.13569   0.18057   3.36247   0.45088   0.64955  
 45  0.0021   6919.080152  x:  0.00040   0.09289   0.01307   0.00648   0.01708   0.00367   0.00402   0.00880   0.01320   0.02455   0.04160   0.06300   0.18977   0.28327   0.09695   0.15335   0.04032   0.00358   0.02552   0.11477   0.02678   0.03716   0.12081   0.17218   0.02704   0.13571   0.18055   3.36225   0.45124   0.64992  
 46  0.0005   6919.080144  x:  0.00040   0.09288   0.01306   0.00648   0.01708   0.00367   0.00401   0.00881   0.01320   0.02455   0.04161   0.06301   0.18978   0.28326   0.09695   0.15336   0.04033   0.00358   0.02552   0.11477   0.02678   0.03716   0.12081   0.17219   0.02704   0.13570   0.18056   3.36232   0.45114   0.64970  
 47  0.0002   6919.080143  x:  0.00040   0.09288   0.01306   0.00648   0.01708   0.00367   0.00401   0.00881   0.01320   0.02455   0.04161   0.06301   0.18978   0.28325   0.09695   0.15336   0.04033   0.00358   0.02551   0.11477   0.02678   0.03716   0.12081   0.17219   0.02704   0.13570   0.18056   3.36231   0.45115   0.64973  
 48  0.0000   6919.080143  x:  0.00040   0.09288   0.01306   0.00648   0.01708   0.00367   0.00401   0.00881   0.01320   0.02455   0.04161   0.06301   0.18977   0.28325   0.09695   0.15336   0.04033   0.00358   0.02551   0.11477   0.02678   0.03716   0.12081   0.17219   0.02704   0.13570   0.18056   3.36231   0.45116   0.64975  
 49  0.0000   6919.080143  x:  0.00040   0.09288   0.01306   0.00648   0.01708   0.00367   0.00401   0.00881   0.01320   0.02455   0.04161   0.06301   0.18977   0.28325   0.09695   0.15336   0.04033   0.00358   0.02551   0.11477   0.02678   0.03716   0.12081   0.17219   0.02704   0.13570   0.18056   3.36231   0.45115   0.64975  
 50  0.0000   6919.080143  x:  0.00040   0.09288   0.01306   0.00648   0.01708   0.00367   0.00401   0.00881   0.01320   0.02455   0.04161   0.06301   0.18977   0.28325   0.09695   0.15336   0.04033   0.00358   0.02551   0.11477   0.02678   0.03716   0.12081   0.17219   0.02704   0.13570   0.18056   3.36231   0.45115   0.64975  

Model 8: beta&w>1

TREE # 1

  0  0.0000   6946.685539  x:  0.00000   0.08091   0.01180   0.02069   0.02515   0.01008   0.01295   0.02101   0.02323   0.02768   0.04354   0.06649   0.15353   0.21958   0.08086   0.15087   0.03425   0.01105   0.01734   0.09616   0.02810   0.03779   0.10565   0.15100   0.02275   0.12135   0.15255   3.36231   0.90000   0.72833   1.19168   2.32763  
  1 99.0000   6933.135132  x:  0.00359   0.08305   0.01292   0.01235   0.02079   0.00141   0.00364   0.01296   0.01746   0.02599   0.04280   0.06594   0.15654   0.22266   0.08300   0.15154   0.03682   0.00689   0.02143   0.09876   0.02754   0.03769   0.10743   0.15274   0.02484   0.12299   0.15490   3.36243   0.90494   0.72803   1.19190   2.32727  
  2 862.8418   6930.585334  x:  0.00437   0.08392   0.01320   0.00894   0.01915   0.00371   0.00141   0.00991   0.01521   0.02535   0.04250   0.06568   0.15788   0.22407   0.08394   0.15183   0.03775   0.00539   0.02290   0.09989   0.02729   0.03764   0.10820   0.15352   0.02560   0.12372   0.15595   3.36249   0.90729   0.72788   1.19200   2.32710  
  3 1432.3768   6928.317510  x:  0.00495   0.08504   0.01348   0.00482   0.01720   0.00466   0.00381   0.00653   0.01250   0.02458   0.04212   0.06532   0.15971   0.22603   0.08522   0.15221   0.03889   0.00375   0.02467   0.10142   0.02697   0.03757   0.10924   0.15461   0.02651   0.12470   0.15739   3.36257   0.91059   0.72767   1.19215   2.32686  
  4 1687.1144   6922.397903  x:  0.00000   0.09015   0.01293   0.00609   0.01280   0.00512   0.00426   0.01195   0.00882   0.02280   0.04105   0.06349   0.16968   0.23731   0.09194   0.15419   0.04259   0.00518   0.03007   0.10927   0.02552   0.03725   0.11463   0.16083   0.02915   0.12992   0.16527   3.36306   0.93059   0.72635   1.19307   2.32546  
  5 455.8150   6922.397903  x:  0.00000   0.09015   0.01293   0.00609   0.01280   0.00512   0.00426   0.01195   0.00882   0.02280   0.04105   0.06349   0.16968   0.23731   0.09194   0.15419   0.04259   0.00518   0.03007   0.10927   0.02552   0.03725   0.11463   0.16083   0.02915   0.12992   0.16527   3.36306   0.93059   0.72635   1.19307   2.32546  
  6 1009.7035   6920.577099  x:  0.00101   0.09051   0.01296   0.00684   0.01606   0.00242   0.00350   0.00948   0.01361   0.02358   0.04127   0.06349   0.17076   0.23873   0.09236   0.15436   0.04248   0.00424   0.02906   0.10972   0.02581   0.03737   0.11501   0.16145   0.02863   0.13033   0.16607   3.36312   0.93304   0.72616   1.19318   2.32532  
  7 440.7373   6919.876983  x:  0.00188   0.09089   0.01302   0.00698   0.01812   0.00493   0.00418   0.00785   0.01566   0.02423   0.04146   0.06349   0.17202   0.24043   0.09285   0.15456   0.04230   0.00376   0.02802   0.11026   0.02610   0.03750   0.11547   0.16220   0.02808   0.13083   0.16701   3.36319   0.93595   0.72593   1.19332   2.32515  
  8 447.5045   6917.041562  x:  0.00288   0.09332   0.01361   0.00446   0.02137   0.00366   0.00652   0.00933   0.01273   0.02683   0.04240   0.06353   0.18111   0.25302   0.09638   0.15598   0.04073   0.00542   0.02190   0.11434   0.02776   0.03819   0.11889   0.16784   0.02476   0.13453   0.17397   3.36371   0.95704   0.72421   1.19435   2.32398  
  9 317.1002   6916.019660  x:  0.00190   0.09412   0.01360   0.00703   0.02046   0.00418   0.00362   0.00932   0.01179   0.02686   0.04261   0.06354   0.18481   0.25846   0.09770   0.15648   0.04001   0.00507   0.02065   0.11599   0.02799   0.03821   0.12025   0.17012   0.02398   0.13603   0.17684   3.36394   0.96538   0.72343   1.19478   2.32351  
 10 643.4073   6915.486706  x:  0.00021   0.09434   0.01303   0.00652   0.01730   0.00409   0.00450   0.00835   0.01326   0.02520   0.04227   0.06342   0.18733   0.26277   0.09829   0.15663   0.03964   0.00361   0.02234   0.11703   0.02735   0.03774   0.12110   0.17160   0.02461   0.13697   0.17885   3.36410   0.96997   0.72275   1.19510   2.32322  
 11 247.5142   6915.359654  x:  0.00130   0.09433   0.01296   0.00597   0.01685   0.00423   0.00393   0.00855   0.01376   0.02449   0.04200   0.06332   0.18828   0.26480   0.09826   0.15654   0.03988   0.00427   0.02373   0.11725   0.02692   0.03744   0.12129   0.17209   0.02526   0.13722   0.17956   3.36417   0.97062   0.72237   1.19523   2.32313  
 12 123.9216   6915.262793  x:  0.00175   0.09412   0.01312   0.00688   0.01745   0.00409   0.00459   0.00886   0.01349   0.02413   0.04172   0.06320   0.18932   0.26747   0.09804   0.15631   0.04014   0.00428   0.02515   0.11730   0.02650   0.03717   0.12136   0.17256   0.02599   0.13736   0.18033   3.36427   0.97027   0.72183   1.19540   2.32303  
 13 104.1582   6915.119282  x:  0.00101   0.09360   0.01344   0.00627   0.01883   0.00414   0.00407   0.00870   0.01269   0.02426   0.04132   0.06303   0.19106   0.27251   0.09751   0.15583   0.04046   0.00344   0.02659   0.11718   0.02620   0.03699   0.12132   0.17331   0.02684   0.13748   0.18160   3.36446   0.96861   0.72074   1.19571   2.32287  
 14 137.1450   6914.961439  x:  0.00000   0.09292   0.01333   0.00646   0.01819   0.00428   0.00415   0.00881   0.01344   0.02523   0.04136   0.06303   0.19333   0.28021   0.09665   0.15519   0.04083   0.00476   0.02615   0.11668   0.02682   0.03748   0.12106   0.17426   0.02671   0.13743   0.18320   3.36478   0.96507   0.71887   1.19622   2.32261  
 15 111.0199   6914.875019  x:  0.00096   0.09285   0.01320   0.00653   0.01733   0.00420   0.00418   0.00881   0.01342   0.02527   0.04163   0.06317   0.19430   0.28399   0.09628   0.15500   0.04105   0.00391   0.02529   0.11639   0.02710   0.03777   0.12092   0.17459   0.02630   0.13737   0.18383   3.36498   0.96320   0.71781   1.19651   2.32247  
 16 133.5032   6914.860653  x:  0.00096   0.09313   0.01321   0.00654   0.01743   0.00416   0.00420   0.00849   0.01327   0.02453   0.04198   0.06342   0.19415   0.28488   0.09635   0.15522   0.04080   0.00411   0.02502   0.11640   0.02686   0.03771   0.12096   0.17449   0.02601   0.13737   0.18372   3.36510   0.96281   0.71723   1.19666   2.32238  
 17 25.3405   6914.853269  x:  0.00087   0.09339   0.01322   0.00651   0.01754   0.00421   0.00417   0.00883   0.01344   0.02426   0.04217   0.06362   0.19391   0.28541   0.09646   0.15545   0.04059   0.00405   0.02494   0.11645   0.02672   0.03765   0.12102   0.17435   0.02587   0.13738   0.18355   3.36521   0.96264   0.71672   1.19680   2.32229  
 18 31.0552   6914.833590  x:  0.00095   0.09444   0.01326   0.00651   0.01740   0.00419   0.00418   0.00873   0.01339   0.02489   0.04233   0.06420   0.19260   0.28697   0.09694   0.15655   0.04007   0.00405   0.02533   0.11679   0.02664   0.03755   0.12131   0.17369   0.02593   0.13750   0.18266   3.36573   0.96242   0.71443   1.19740   2.32190  
 19 23.7092   6914.823337  x:  0.00088   0.09463   0.01293   0.00653   0.01751   0.00420   0.00418   0.00874   0.01336   0.02464   0.04193   0.06396   0.19178   0.28765   0.09707   0.15712   0.04050   0.00405   0.02519   0.11694   0.02709   0.03777   0.12143   0.17336   0.02624   0.13760   0.18214   3.36618   0.96248   0.71255   1.19789   2.32155  
 20 19.3615   6914.816811  x:  0.00085   0.09448   0.01344   0.00652   0.01745   0.00420   0.00418   0.00873   0.01340   0.02456   0.04176   0.06365   0.19132   0.28792   0.09701   0.15738   0.04085   0.00405   0.02503   0.11697   0.02705   0.03778   0.12147   0.17322   0.02630   0.13762   0.18185   3.36657   0.96258   0.71098   1.19827   2.32124  
 21 25.0294   6914.803603  x:  0.00087   0.09367   0.01314   0.00651   0.01744   0.00419   0.00418   0.00872   0.01338   0.02476   0.04188   0.06302   0.19068   0.28809   0.09658   0.15756   0.04115   0.00405   0.02490   0.11690   0.02637   0.03748   0.12144   0.17312   0.02597   0.13758   0.18149   3.36756   0.96284   0.70715   1.19918   2.32046  
 22 26.8956   6914.784414  x:  0.00102   0.09257   0.01322   0.00649   0.01746   0.00418   0.00417   0.00871   0.01335   0.02463   0.04226   0.06307   0.19037   0.28775   0.09577   0.15725   0.04042   0.00400   0.02527   0.11662   0.02703   0.03760   0.12121   0.17318   0.02570   0.13737   0.18136   3.36926   0.96316   0.70083   1.20058   2.31907  
 23 33.1040   6914.770041  x:  0.00101   0.09284   0.01318   0.00649   0.01745   0.00418   0.00417   0.00870   0.01336   0.02462   0.04171   0.06385   0.19083   0.28704   0.09558   0.15662   0.04015   0.00403   0.02483   0.11630   0.02669   0.03757   0.12090   0.17332   0.02629   0.13718   0.18166   3.37078   0.96309   0.69570   1.20158   2.31779  
 24 28.1018   6914.760910  x:  0.00087   0.09384   0.01317   0.00650   0.01744   0.00418   0.00417   0.00871   0.01336   0.02462   0.04186   0.06372   0.19158   0.28633   0.09609   0.15613   0.04069   0.00402   0.02513   0.11629   0.02678   0.03757   0.12081   0.17340   0.02586   0.13701   0.18204   3.37196   0.96274   0.69229   1.20203   2.31672  
 25 19.6157   6914.758805  x:  0.00090   0.09389   0.01318   0.00651   0.01742   0.00418   0.00417   0.00871   0.01336   0.02462   0.04199   0.06332   0.19186   0.28612   0.09650   0.15615   0.04043   0.00402   0.02505   0.11647   0.02678   0.03756   0.12095   0.17338   0.02608   0.13714   0.18216   3.37245   0.96248   0.69154   1.20189   2.31621  
 26  6.4412   6914.756740  x:  0.00093   0.09357   0.01318   0.00652   0.01741   0.00418   0.00417   0.00871   0.01337   0.02460   0.04172   0.06347   0.19212   0.28595   0.09690   0.15636   0.04040   0.00402   0.02509   0.11678   0.02675   0.03760   0.12123   0.17334   0.02586   0.13738   0.18223   3.37331   0.96220   0.69094   1.20129   2.31524  
 27  4.8736   6914.753148  x:  0.00089   0.09327   0.01318   0.00651   0.01740   0.00418   0.00417   0.00871   0.01338   0.02463   0.04215   0.06389   0.19233   0.28576   0.09702   0.15668   0.04078   0.00401   0.02507   0.11702   0.02679   0.03758   0.12153   0.17334   0.02608   0.13773   0.18230   3.37519   0.96196   0.69004   1.19975   2.31304  
 28  9.1587   6914.699524  x:  0.00075   0.09449   0.01317   0.00657   0.01727   0.00418   0.00414   0.00872   0.01339   0.02455   0.04191   0.06351   0.19314   0.28460   0.09385   0.15974   0.04064   0.00399   0.02527   0.11699   0.02673   0.03766   0.12249   0.17414   0.02591   0.13961   0.18281   3.40554   0.96011   0.67807   1.17378   2.27716  
 29 21.7187   6914.576042  x:  0.00072   0.09344   0.01312   0.00663   0.01702   0.00414   0.00409   0.00871   0.01339   0.02438   0.04179   0.06355   0.19179   0.28458   0.09631   0.16003   0.04066   0.00394   0.02567   0.11561   0.02680   0.03705   0.11975   0.17428   0.02629   0.13630   0.18266   3.47592   0.95829   0.65113   1.11293   2.19340  
 30 114.9409   6914.555972  x:  0.00072   0.09347   0.01311   0.00664   0.01699   0.00414   0.00408   0.00871   0.01338   0.02437   0.04192   0.06351   0.19123   0.28480   0.09628   0.15802   0.04063   0.00392   0.02577   0.11611   0.02628   0.03827   0.12045   0.17355   0.02634   0.13647   0.18210   3.48738   0.95811   0.64671   1.10286   2.17947  
 31 86.4166   6914.546205  x:  0.00071   0.09356   0.01310   0.00664   0.01696   0.00413   0.00408   0.00871   0.01338   0.02434   0.04180   0.06349   0.19090   0.28496   0.09614   0.15649   0.04062   0.00393   0.02563   0.11648   0.02658   0.03746   0.12108   0.17300   0.02629   0.13688   0.18167   3.49280   0.95799   0.64458   1.09798   2.17266  
 32 67.9044   6914.545698  x:  0.00071   0.09354   0.01310   0.00664   0.01696   0.00413   0.00408   0.00871   0.01338   0.02434   0.04180   0.06349   0.19094   0.28498   0.09626   0.15642   0.04062   0.00393   0.02566   0.11615   0.02657   0.03747   0.12096   0.17294   0.02626   0.13725   0.18153   3.49271   0.95801   0.64442   1.09770   2.17204  
 33  1.7097   6914.534695  x:  0.00069   0.09351   0.01309   0.00665   0.01692   0.00412   0.00407   0.00871   0.01338   0.02430   0.04178   0.06347   0.19183   0.28486   0.09594   0.15646   0.04061   0.00392   0.02569   0.11714   0.02653   0.03746   0.11966   0.17269   0.02629   0.13737   0.18009   3.48023   0.95768   0.63970   1.09070   2.15116  
 34  1.7790   6914.504323  x:  0.00067   0.09340   0.01306   0.00669   0.01681   0.00408   0.00404   0.00872   0.01337   0.02424   0.04174   0.06344   0.19155   0.28433   0.09602   0.15662   0.04062   0.00390   0.02582   0.11577   0.02652   0.03740   0.12142   0.17273   0.02648   0.13640   0.18004   3.44530   0.95659   0.62664   1.07152   2.09326  
 35 60.4346   6914.499434  x:  0.00070   0.09343   0.01306   0.00670   0.01678   0.00408   0.00404   0.00872   0.01337   0.02423   0.04175   0.06346   0.19056   0.28421   0.09608   0.15646   0.04063   0.00389   0.02585   0.11612   0.02651   0.03740   0.12088   0.17279   0.02639   0.13698   0.18130   3.43965   0.95628   0.62458   1.06854   2.08380  
 36 27.6132   6914.486120  x:  0.00072   0.09356   0.01305   0.00672   0.01671   0.00402   0.00402   0.00874   0.01336   0.02419   0.04177   0.06353   0.18993   0.28389   0.09648   0.15595   0.04063   0.00383   0.02593   0.11637   0.02649   0.03741   0.12104   0.17543   0.02645   0.13729   0.18044   3.43934   0.95397   0.63653   1.09921   2.04061  
 37  0.4671   6914.437935  x:  0.00068   0.09346   0.01301   0.00676   0.01648   0.00384   0.00395   0.00878   0.01331   0.02405   0.04171   0.06351   0.19042   0.28298   0.09634   0.15584   0.04065   0.00381   0.02612   0.11613   0.02640   0.03733   0.12087   0.17362   0.02651   0.13697   0.18109   3.43849   0.94751   0.67643   1.20140   1.89710  
 38 113.0029   6914.389764  x:  0.00068   0.09375   0.01313   0.00648   0.01729   0.00354   0.00403   0.00892   0.01315   0.02458   0.04188   0.06355   0.19256   0.28671   0.09685   0.15583   0.04053   0.00393   0.02527   0.11653   0.02669   0.03752   0.12134   0.17385   0.02612   0.13740   0.18273   3.44006   0.94426   0.68953   1.24558   1.86890  
 39  0.0579   6914.358569  x:  0.00077   0.09349   0.01309   0.00655   0.01730   0.00380   0.00397   0.00879   0.01358   0.02460   0.04186   0.06348   0.19202   0.28686   0.09657   0.15585   0.04048   0.00397   0.02510   0.11614   0.02666   0.03754   0.12109   0.17246   0.02604   0.13703   0.18260   3.44044   0.93440   0.73403   1.38588   1.80685  
 40  0.0490   6914.347659  x:  0.00080   0.09353   0.01308   0.00655   0.01728   0.00377   0.00400   0.00879   0.01352   0.02459   0.04187   0.06351   0.19201   0.28669   0.09669   0.15581   0.04048   0.00397   0.02515   0.11620   0.02665   0.03755   0.12117   0.17298   0.02606   0.13714   0.18249   3.44181   0.92838   0.75241   1.44895   1.73080  
 41  0.1474   6914.337431  x:  0.00079   0.09369   0.01308   0.00652   0.01722   0.00365   0.00408   0.00885   0.01316   0.02459   0.04189   0.06358   0.19239   0.28653   0.09695   0.15577   0.04051   0.00397   0.02532   0.11644   0.02665   0.03754   0.12137   0.17412   0.02612   0.13746   0.18250   3.44318   0.92322   0.76304   1.49710   1.70566  
 42  0.0441   6914.333401  x:  0.00080   0.09363   0.01307   0.00652   0.01724   0.00368   0.00401   0.00888   0.01324   0.02460   0.04188   0.06356   0.19232   0.28652   0.09689   0.15570   0.04050   0.00397   0.02527   0.11627   0.02665   0.03754   0.12128   0.17336   0.02611   0.13728   0.18264   3.44188   0.91671   0.78468   1.57462   1.65856  
 43  0.0485   6914.332486  x:  0.00080   0.09362   0.01307   0.00653   0.01724   0.00369   0.00401   0.00887   0.01329   0.02460   0.04188   0.06356   0.19227   0.28655   0.09688   0.15572   0.04049   0.00397   0.02526   0.11626   0.02665   0.03754   0.12128   0.17333   0.02611   0.13727   0.18262   3.44226   0.91585   0.78698   1.58643   1.66080  
 44  0.0136   6914.331960  x:  0.00081   0.09363   0.01306   0.00653   0.01723   0.00369   0.00404   0.00885   0.01329   0.02460   0.04189   0.06357   0.19228   0.28656   0.09693   0.15572   0.04049   0.00398   0.02527   0.11629   0.02665   0.03755   0.12132   0.17357   0.02611   0.13733   0.18258   3.44294   0.91264   0.79814   1.62867   1.63870  
 45  0.0315   6914.331780  x:  0.00081   0.09363   0.01306   0.00653   0.01724   0.00368   0.00402   0.00886   0.01327   0.02460   0.04188   0.06357   0.19232   0.28654   0.09693   0.15569   0.04049   0.00397   0.02527   0.11628   0.02665   0.03754   0.12131   0.17348   0.02611   0.13732   0.18262   3.44210   0.91219   0.80225   1.64244   1.63731  
 46  0.0073   6914.331753  x:  0.00082   0.09363   0.01306   0.00653   0.01724   0.00369   0.00403   0.00886   0.01328   0.02460   0.04188   0.06357   0.19229   0.28653   0.09693   0.15570   0.04049   0.00397   0.02527   0.11628   0.02665   0.03755   0.12130   0.17349   0.02611   0.13731   0.18260   3.44236   0.91189   0.80434   1.64905   1.63489  
 47  0.0056   6914.331752  x:  0.00082   0.09363   0.01306   0.00653   0.01724   0.00369   0.00403   0.00886   0.01328   0.02460   0.04188   0.06357   0.19230   0.28653   0.09693   0.15570   0.04049   0.00397   0.02527   0.11628   0.02665   0.03755   0.12131   0.17350   0.02611   0.13732   0.18260   3.44237   0.91198   0.80418   1.64823   1.63554  
 48  0.0010   6914.331752  x:  0.00082   0.09363   0.01306   0.00653   0.01724   0.00369   0.00403   0.00886   0.01327   0.02460   0.04188   0.06357   0.19230   0.28653   0.09693   0.15570   0.04049   0.00397   0.02527   0.11628   0.02665   0.03755   0.12131   0.17350   0.02611   0.13732   0.18260   3.44236   0.91199   0.80415   1.64807   1.63559  
 49  0.0001   6914.331752  x:  0.00082   0.09363   0.01306   0.00653   0.01724   0.00369   0.00403   0.00886   0.01328   0.02460   0.04188   0.06357   0.19230   0.28653   0.09693   0.15570   0.04049   0.00397   0.02527   0.11628   0.02665   0.03755   0.12131   0.17350   0.02611   0.13732   0.18260   3.44236   0.91199   0.80414   1.64807   1.63559  