     1   1005    512


 1

     1      1    -3.3446034605   0.035274200000      35.4506  --------------Y-
     2      1    -2.4858855287   0.083251800000      83.6681  -------------G--
     3      2    -2.7801597100   0.062028600000      62.3387  -------------K--
     4      2    -2.6979984120   0.067340165205      67.6769  -----------SS---
     5      1    -3.8488619126   0.021303968426      21.4105  -EEEEEEEEEEEEEEE
     6      1    -3.5780601145   0.027929826402      28.0695  -K-KKKKKKKKKKKKK
     7      1    -7.9228258308   0.000362376863       0.3642  -L-LLLLLLLLVVLLL
     8      1    -7.1072039587   0.000819182260       0.8233  -S-NNNNNNNNNNNNN
     9      1    -3.6533714841   0.025903647654      26.0332  -S-SSSSSSSSSSSSS
    10      1   -13.2849381972   0.000001699905       0.0017  -TYNNNNNNNNNNNN-
    11      1   -14.8256766125   0.000000364159       0.0004  A-AAAAAAAATMMAAA
    12      1    -7.4776684967   0.000565574518       0.5684  AA--------VAAAAA
    13      1    -3.3221996930   0.036073394025      36.2538  AAA-AAAAAAAAAAAA
    14     14    -3.3871828080   0.033803774604      33.9728  AAAAAAAAAAAAAAAA
    15      1    -8.2032390387   0.000273765396       0.2751  AAAAAAAAAAAAAATA
    16      1    -7.8414215900   0.000393109802       0.3951  AAAAAAAAAAVAAAAA
    17      1    -8.3486707195   0.000236710965       0.2379  AAAGGGGGGGAAAAAA
    18      1   -12.5167891689   0.000003664608       0.0037  AAASSSSSSSAAAVAA
    19      1   -13.5195547626   0.000001344411       0.0014  AADGGGGGGGDDDDDD
    20      1    -6.7861309620   0.001129329752       1.1350  AAGGGGGGGGGGGGGG
    21      2    -6.7302687397   0.001194211983       1.2002  AASSSSSSSSSSSSSS
    22      3    -7.6145915201   0.000493202104       0.4957  AATAAAAAAAAAAAAA
    23      1   -25.0704479384   0.000000000013       0.0000  AATAAATTTTTAAADA
    24      1   -19.5237220304   0.000000003319       0.0000  AATIMIIIIITTTTTT
    25      1   -22.1013878318   0.000000000252       0.0000  AATITTTTTTITTATT
    26      1   -11.5416588664   0.000009716755       0.0098  AATTTTTTTTTTTTTS
    27      2    -7.1248999488   0.000804813529       0.8088  AATTTTTTTTTTTTTT
    28      1    -6.9555691449   0.000953311214       0.9581  AAV-VVVVVVVVVVVV
    29      1   -11.7684766916   0.000007744895       0.0078  AAVAAAAAAAAAASAA
    30      1   -21.1568246530   0.000000000648       0.0000  AAVAVVVVVVVVVVAL
    31      1   -21.7598469115   0.000000000355       0.0000  AAVFAAAAAAIVVVVV
    32      1   -18.9566244739   0.000000005851       0.0000  AAVLLLLLLLLSSLLL
    33      1   -21.3079586866   0.000000000557       0.0000  AAVLLLLLLLMMMIMM
    34      1   -15.0857891071   0.000000280753       0.0003  AAVVVVVVVVVIIVVI
    35      1   -13.8356575870   0.000000980055       0.0010  ATATAAAAAAAAAAAA
    36      1   -12.7797512507   0.000002817245       0.0028  ATATTTTTTTTTTTTT
    37      1   -19.1675874846   0.000000004738       0.0000  ATNTSTTTTTTTTTTT
    38      1   -19.2102180072   0.000000004541       0.0000  AVAITTTTTTAAAAAA
    39      1   -20.2924458219   0.000000001539       0.0000  AVFFFFFFFFFFFFAF
    40      1   -13.4306360526   0.000001469430       0.0015  AVVAAAAAAAVVVVVV
    41      1    -4.3318101256   0.013143734135      13.2095  CCC-CCCCCCCCCCCC
    42      1   -16.7735171403   0.000000051922       0.0001  CCC-CCCCCCCSSCCY
    43      4    -4.3602087499   0.012775720441      12.8396  CCCCCCCCCCCCCCCC
    44      1   -11.0961623258   0.000015170431       0.0152  CCCCCCCCCCCCCCYC
    45      1   -12.5172116752   0.000003663060       0.0037  CCDCCCCCCCCCCCCC
    46      1   -14.6817692001   0.000000420522       0.0004  CCSSNNNNNNSSSSSS
    47      1   -10.3255301873   0.000032785304       0.0329  CSCCCCCCCCCCCCCC
    48      1   -11.8101843957   0.000007428516       0.0075  CY--------CCCCCC
    49      2    -3.6381182528   0.026301790749      26.4333  DDD-DDDDDDDDDDDD
    50      1    -3.6918511759   0.024925817236      25.0504  DDDDDDDD-DDDDDDD
    51     19    -3.6956410129   0.024831531229      24.9557  DDDDDDDDDDDDDDDD
    52      1   -16.1221600479   0.000000099594       0.0001  DDDDDDDDDDDNDHDD
    53      1    -8.1657056063   0.000284236021       0.2857  DDDDDDDDDDDNNDDD
    54      1    -7.2432296791   0.000714998810       0.7186  DDDDDDDDDDEDDDDD
    55      1    -8.7932373876   0.000151755879       0.1525  DDDDDDDDDDGDDDDD
    56      1    -7.7722985691   0.000421243895       0.4234  DDDDDDDDDDNDDDDD
    57      1   -13.6031470399   0.000001236597       0.0012  DDDDDDDDDDNNNNDD
    58      1   -13.2470335664   0.000001765576       0.0018  DDDDDDDGDDDDDDDD
    59      1   -14.7250920087   0.000000402693       0.0004  DDDHHHHHHHDDDDND
    60      1   -11.0125382258   0.000016493598       0.0166  DDDYYYYYYYDDDDDD
    61      2    -6.9501913740   0.000958451713       0.9632  DDEDDDDDDDDDDDDD
    62      1   -15.6455362172   0.000000160409       0.0002  DDEDDDDDDDDEEDDN
    63      1   -10.4299840440   0.000029533538       0.0297  DDEEEEEEEEEEEDEE
    64      1   -17.8519242891   0.000000017661       0.0000  DDEEEEEEEEEGEDEE
    65      1    -9.2406552396   0.000097014002       0.0975  DDKDDDDDDDDDDDDD
    66      1    -7.2047192758   0.000743070765       0.7468  DDN-NNNNNNNNNNNN
    67      1   -17.6873323438   0.000000020820       0.0000  DDNKKKKKKKNKKKNN
    68      1    -7.2892498651   0.000682840083       0.6863  DDNNNNNNNNNNNNNN
    69      1   -11.4796548591   0.000010338303       0.0104  DDNSSSSSSSNNNNNN
    70      1   -23.5615607410   0.000000000059       0.0000  DDTAAAAAAASIIITT
    71      1   -21.9345523390   0.000000000298       0.0000  DNKGRRRRRRKKKKKK
    72      1    -9.4825095777   0.000076172536       0.0766  EAEEEEEEEEEEEEEE
    73      1   -10.0200497779   0.000044498736       0.0447  EE--------DDDDED
    74      3    -3.5390054354   0.029042197064      29.1874  EE--------EEEEEE
    75      1   -11.9140088981   0.000006695942       0.0067  EEAAAAAAAAVAAAAA
    76      2    -7.1331630474   0.000798190675       0.8022  EEDEEEEEEEEEEEEE
    77      1    -7.6258072161   0.000487701404       0.4901  EEE-EEEEEEEEEDEE
    78      9    -3.8144494036   0.022049851680      22.1601  EEE-EEEEEEEEEEEE
    79      1    -9.7464598721   0.000058501400       0.0588  EEE-EEEEEEEEEEVE
    80      1    -8.1345415136   0.000293233449       0.2947  EEE-EEEEEEKEEEEE
    81      1    -9.9801318072   0.000046310965       0.0465  EEEDDDDDDDDEEEEE
    82      1   -10.2226702813   0.000036337137       0.0365  EEEEAEEEEEEEEEEE
    83      1    -7.7081737809   0.000449140958       0.4514  EEEEEEEE-EEEEEDE
    84      1    -3.8816210111   0.020617377082      20.7205  EEEEEEEE-EEEEEEE
    85      1    -8.5961703283   0.000184812210       0.1857  EEEEEEEE-EEKKEEE
    86      2    -7.4326050763   0.000591644224       0.5946  EEEEEEEEEEDEEEEE
    87      1    -7.7129105192   0.000447018526       0.4493  EEEEEEEEEEEEEEDE
    88      1    -8.1506403999   0.000288550513       0.2900  EEEEEEEEEEEEEEED
    89     92    -3.8863577493   0.020519948892      20.6225  EEEEEEEEEEEEEEEE
    90      1    -8.9337425083   0.000131863599       0.1325  EEEEEEEEEEEEEEEK
    91      1    -8.7174139298   0.000163710010       0.1645  EEEEEEEEEEEEEEEQ
    92      1    -8.4897636640   0.000205561836       0.2066  EEEEEEEEEEEEEEKE
    93      1    -8.4768395426   0.000208235784       0.2093  EEEEEEEEEEEEEKEE
    94      1    -9.7722511747   0.000057011864       0.0573  EEEEEEEEEEEGGEEE
    95      1    -8.6009070666   0.000183938873       0.1849  EEEEEEEEEEEKKEEE
    96      1    -8.3942357684   0.000226167254       0.2273  EEEEEEEEEEEQQEEE
    97      1    -9.3728462699   0.000085001108       0.0854  EEEEEEEEEEGEEEEE
    98      1    -8.2066242533   0.000272840208       0.2742  EEEEEEEEEEKEEEEE
    99      1   -21.9376798130   0.000000000297       0.0000  EEEEEEEEEESGGGGG
   100      1   -10.8459314109   0.000019483718       0.0196  EEEEEEKKEEEEEEEE
   101      1   -16.3510749391   0.000000079217       0.0001  EEEEEEQQQQEGGEEE
   102      1   -10.1048888396   0.000040879214       0.0411  EEEEEQEEEEEEEEEE
   103      1    -9.3001858974   0.000091407238       0.0919  EEEEQQQQQQEEEEEE
   104      1   -13.2142360188   0.000001824443       0.0018  EEEGEEEEEEDEEEEE
   105      1    -9.6686984977   0.000063232099       0.0635  EEEGEEEEEEEEEEEE
   106      1    -9.7204900466   0.000060040571       0.0603  EEEGGGGGGGEEEEEE
   107      1   -17.0397937570   0.000000039784       0.0000  EEEKEEEEEEEAADEE
   108      1    -9.8808036212   0.000051147158       0.0514  EEENEEEEEEEEEEEE
   109      1    -8.2718491837   0.000255612180       0.2569  EEEQEEEE-EEEEEEE
   110      1    -8.2765859220   0.000254404275       0.2557  EEEQEEEEEEEEEEEE
   111      1    -8.4332235595   0.000217519173       0.2186  EEEQQQQQQQEEEEEE
   112      1    -9.0495462545   0.000117444315       0.1180  EEGEEEEEEEEEEEEE
   113      1   -13.8917526675   0.000000926592       0.0009  EEKDEEEEEEEKKKKK
   114      1    -7.9020930320   0.000369968374       0.3718  EEKEEEEEEEEEEEEE
   115      1   -14.1910451078   0.000000686922       0.0007  EEKKKKEEEEKKKKKK
   116      1   -25.3109205998   0.000000000010       0.0000  EEKQGGGGGGEKKKKR
   117      1   -16.8917612201   0.000000046132       0.0000  EEKTKKKKKKEKKKKK
   118      1    -7.7073997473   0.000449488743       0.4517  EEQEEEEEEEEEEEEE
   119      1   -13.9002902330   0.000000918715       0.0009  EERGGGGGGGGGGGGG
   120      1    -9.0145244201   0.000121630303       0.1222  EETEEEEEEEEEEEEE
   121      1   -36.7138259041   0.000000000000       0.0000  EGGEGGGGGGEEGQGG
   122      1   -11.2067528258   0.000013582168       0.0137  ELLLLLLLLLLLLLLL
   123      1    -9.0547575129   0.000116833874       0.1174  EQQQQQQQQQQQQQQQ
   124      1   -18.3236628722   0.000000011019       0.0000  EVITIIIIIIIIIIII
   125      1   -20.4883039291   0.000000001265       0.0000  FFATTTTTTTTMMTTT
   126      1   -17.6770999502   0.000000021035       0.0000  FFFCFFFFFFFSSFFF
   127      1   -13.3396122349   0.000001609459       0.0016  FFFFFCFFFFFFFFFF
   128      9    -3.8611559546   0.021043659942      21.1489  FFFFFFFFFFFFFFFF
   129      1   -15.1387509320   0.000000266271       0.0003  FFFFFFLLLLFLLFFF
   130      1   -13.1945794035   0.000001860660       0.0019  FFFLLLLLLLFFFFFY
   131      1    -7.2394764639   0.000717687397       0.7213  FFL-LLLLLLLLLLLL
   132      1    -7.7722931955   0.000421246159       0.4234  FFLFFFFFFFFFFFFF
   133      1   -12.2026998111   0.000005016893       0.0050  FFLLLLLLLLFLLLLL
   134      1    -7.2816995802   0.000688015232       0.6915  FFLLLLLLLLLLLLLL
   135      1   -15.2705268469   0.000000233397       0.0002  FFSGGGGGGGGGGGGG
   136      1   -10.4980507657   0.000027590177       0.0277  FFTFFFFFFFFFFFFF
   137      1    -9.1837803544   0.000102691588       0.1032  FLFFFFFFFFFFFFFF
   138      1   -15.3716323589   0.000000210953       0.0002  FLFFFFFFFFFSSFFF
   139      1    -9.0158033624   0.000121474844       0.1221  FLLLLLLLLLLLLLLL
   140      1   -10.3747298351   0.000031211316       0.0314  GEEEEEEEEEEEEEEE
   141      1   -28.5497074026   0.000000000000       0.0000  GGCEEEEEEEGSGGSG
   142      2    -7.9240934740   0.000361917789       0.3637  GGDDDDDDDDDDDDDD
   143      2    -8.4521391480   0.000213443340       0.2145  GGEEEEEEEEEEEEEE
   144      1   -13.7052125891   0.000001116611       0.0011  GGG-RRRRRRAGGGGG
   145      1   -17.3584706376   0.000000028928       0.0000  GGGGEEEEEEGGGGQG
   146      1    -9.2247285725   0.000098571481       0.0991  GGGGGGGGGGGEEGGG
   147      3    -2.9064633107   0.054668734698      54.9421  GGGGGGGGGGGGGGGG
   148      1   -13.3280801927   0.000001628127       0.0016  GGGGGGGGGGGSSGSG
   149      1    -9.8529972503   0.000052589333       0.0529  GGGGGGGGGGPGGGGG
   150      8    -4.5512856433   0.010553627458      10.6064  HHHHHHHHHHHHHHHH
   151      1    -9.0428555550   0.000118232734       0.1188  HHHHHHHHHHYHHHHH
   152      1    -8.6454108472   0.000175932379       0.1768  HHNHHHHHHHHHHHHH
   153      1    -8.1906901361   0.000277222497       0.2786  HHQ-QQQQQQ-QQQQQ
   154      1   -18.8633005222   0.000000006424       0.0000  HHQQQQQQQQQQQHQH
   155      1   -13.4993688201   0.000001371825       0.0014  HHQYYYYYYYHHHHHH
   156      1    -8.7420281458   0.000159729604       0.1605  HHYHHHHHHHHHHHHH
   157      1    -8.0721097399   0.000312124085       0.3137  HHYYYYYYYYYYYYYY
   158      1   -18.2456074837   0.000000011913       0.0000  HNQRQQQQQQQQQQQQ
   159      1    -3.7163802900   0.024321846734      24.4435  II--------IIIIII
   160      1    -8.6485476224   0.000175381383       0.1763  II--------MIIIII
   161      1   -21.8890493216   0.000000000312       0.0000  IICMIIIIIITIIIII
   162      1    -8.5364021336   0.000196194875       0.1972  IIFFFFFFFFFFFFFF
   163      1    -9.6976595764   0.000061427092       0.0617  III-IIIIIIIIIIIM
   164      1    -7.8026182156   0.000408663608       0.4107  III-IIIIIIIIIIIV
   165     14    -4.0623024934   0.017209349051      17.2954  IIIIIIIIIIIIIIII
   166      1    -8.1231632080   0.000296589002       0.2981  IIIIIIIIIIIIIILI
   167      1    -7.4377766523   0.000588592389       0.5915  IIIIIIIIIIIIIIVI
   168      1   -10.9283970078   0.000017941448       0.0180  IIIIIIIIIIIITIII
   169      1    -4.0484924260   0.017448659967      17.5359  IIIIIIIIIIIIXIII
   170      1   -14.5024728344   0.000000503102       0.0005  IIIIIIIIIIILLLMI
   171      1   -13.0235272967   0.000002207771       0.0022  IIIIIINNIIIIIIII
   172      1   -29.0803738615   0.000000000000       0.0000  IIIIIIVVVVKVVRVI
   173      1    -8.1940571173   0.000276290664       0.2777  IIILLLLLLLIIIIII
   174      1   -16.0184950456   0.000000110473       0.0001  IIITTTTTTTTTTTTI
   175      1    -9.3917539611   0.000083409032       0.0838  IIK-KKKKKKKKKKKK
   176      1   -11.9863365532   0.000006228740       0.0063  IILFLLLLLLLLLLLL
   177      1   -13.6445732766   0.000001186416       0.0012  IILLLLLL-LLLFLLL
   178      1   -22.6261998029   0.000000000149       0.0000  IINNNNNNNNTNNKDN
   179      1   -16.0213206932   0.000000110161       0.0001  IITIVVVVVVVIIIII
   180      1   -13.6251937473   0.000001209633       0.0012  IITTTTTTTTTIITTT
   181      1   -13.5081956848   0.000001359769       0.0014  IITTTTTTTTTTTTIT
   182      1   -11.7993629345   0.000007509340       0.0075  IIVIVIIIIIIIIIII
   183      1   -15.9953473828   0.000000113060       0.0001  IIVLMMMMMMMMMMMM
   184      1   -18.6238202690   0.000000008162       0.0000  IIVTITTTTTVVVVVV
   185      1   -17.8119397043   0.000000018381       0.0000  ILAIIIIIIIIVVVVV
   186      1   -14.2292154065   0.000000661196       0.0007  INS-SSSSSSSSSSSS
   187      1   -12.0792491016   0.000005676083       0.0057  IRRRRRRRRRRRRRRR
   188      1   -16.1537514830   0.000000096497       0.0001  IVAAAAAAAAAAATAA
   189      1   -18.4853061077   0.000000009374       0.0000  IVIIIIIIIIITTMII
   190      5    -3.4109696072   0.033009178917      33.1742  KK--------KKKKKK
   191      1   -18.4674381626   0.000000009543       0.0000  KKATTTTTTTTAAAVA
   192      1    -7.3116294968   0.000667728104       0.6711  KKE-EEEEEEEEEEEE
   193      1   -11.9844417953   0.000006240553       0.0063  KKEKEEEEEEEEEEEE
   194      2    -7.8202367425   0.000401526613       0.4035  KKEKKKKKKKKKKKKK
   195      1   -12.5489273581   0.000003548707       0.0036  KKEKKKKKKKKKKKQK
   196      1   -11.9783434008   0.000006278726       0.0063  KKHQQQQQQQQQQQQQ
   197     11    -3.6617115909   0.025688506861      25.8169  KKK-KKKKKKKKKKKK
   198      1   -13.4699173627   0.000001412828       0.0014  KKKEEEEEEEKKKNKK
   199      1    -8.4007416103   0.000224700622       0.2258  KKKEKKKKKKKKKKKK
   200      1   -18.6469191891   0.000000007975       0.0000  KKKKKIIIIIKRKKKK
   201      2    -3.7228118638   0.024165920944      24.2868  KKKKKKKK-KKKKKKK
   202      1    -7.9537573383   0.000351339580       0.3531  KKKKKKKK-KKKKKRK
   203      1   -11.1392503321   0.000014530650       0.0146  KKKKKKKKEKKKKKKK
   204      1   -12.9134316876   0.000002464722       0.0025  KKKKKKKKKKEEEKKK
   205      1    -8.4030966684   0.000224172062       0.2253  KKKKKKKKKKKKKKEK
   206     69    -3.7271187864   0.024062064005      24.1824  KKKKKKKKKKKKKKKK
   207      1    -8.8946738475   0.000137117293       0.1378  KKKKKKKKKKKKKKKQ
   208      1    -8.4420329926   0.000215611368       0.2167  KKKKKKKKKKKKKQKK
   209      1    -7.9432051761   0.000355066602       0.3568  KKKKKKKKKKKKKRKK
   210      1    -8.7752503303   0.000154510218       0.1553  KKKKKKKKKKKNNKKK
   211      1   -10.0442735499   0.000043433760       0.0437  KKKKKKKKKKKQKKKK
   212      1    -8.0642260667   0.000314594495       0.3162  KKKKKKKKKKKRRKKK
   213      1   -12.4070778031   0.000004089541       0.0041  KKKKKKKKKKQKKKRK
   214      2    -7.6781652150   0.000462823301       0.4651  KKKKKKKKKKRKKKKK
   215      1   -12.0978142572   0.000005571678       0.0056  KKKKKKRKKKKKKKKK
   216      1   -10.3038980047   0.000033502248       0.0337  KKKKKKRRKKKKKKKK
   217      1   -11.1685519688   0.000014111056       0.0142  KKKKKKTTTTKKKKKK
   218      2    -9.7040133526   0.000061038036       0.0613  KKKKNNNNNNKKKKKK
   219      1   -10.3468553647   0.000032093554       0.0323  KKKLLLLLLLKKKKKK
   220      1   -15.5477855178   0.000000176882       0.0002  KKKNKKKKKKKMMKKK
   221      1    -7.9526666169   0.000351723002       0.3535  KKKRKKKKKKKKKKKK
   222      1   -13.1640846275   0.000001918274       0.0019  KKKRKRRRRRKKKKKK
   223      1    -8.0718446653   0.000312206832       0.3138  KKKRRRRRRRKKKKKK
   224      1   -13.9536562043   0.000000870972       0.0009  KKKRRRRRRRKKRKKK
   225      1    -9.1708882742   0.000104024067       0.1045  KKKSKKKKKKKKKKKK
   226      1    -8.9632200079   0.000128033321       0.1287  KKKTKKKKKKKKKKKK
   227      1   -23.0751736140   0.000000000095       0.0000  KKLLPPPPPPLLLSLL
   228      1    -8.0812483444   0.000309284701       0.3108  KKNKKKKKKKKKKKKK
   229      2    -7.7918409698   0.000413091694       0.4152  KKNNNNNNNNNNNNNN
   230      1   -18.5236056095   0.000000009022       0.0000  KKNTTTTTTTKKKKKE
   231      1    -7.3137244957   0.000666330679       0.6697  KKR-KKKKKKKKKKKK
   232      1   -14.1983100207   0.000000681950       0.0007  KKR-RRRRRRKRRRKR
   233      4    -7.3791316956   0.000624142597       0.6273  KKRKKKKKKKKKKKKK
   234      1   -11.7087636019   0.000008221453       0.0083  KKRRKKKKKKRRRRRR
   235      2    -6.7866023606   0.001128797513       1.1344  KKRRRRRRRRRRRRRR
   236      1   -13.0356534899   0.000002181160       0.0022  KKTKKKKKKKKKKEKK
   237      1   -13.7832087697   0.000001032829       0.0010  KKTTTTTTTTTAAATT
   238      1   -14.7722700821   0.000000384136       0.0004  KKTTTTTTTTTTTTTR
   239      1    -9.4672284270   0.000077345479       0.0777  KNKKKKKKKKKKKKKK
   240      1   -13.9316034274   0.000000890393       0.0009  KQKEKKKKKKKKKKKK
   241      1   -16.3291474944   0.000000080973       0.0001  KTKKKKKKKKKKKKLK
   242      1   -12.4670619659   0.000003851446       0.0039  KTSSSSSSSSSSSSSS
   243      1    -8.5204832324   0.000199343073       0.2003  LILLLLLLLLLLLLLL
   244      1   -11.5292166909   0.000009838408       0.0099  LL--------LIIVLL
   245      1    -2.8580352188   0.057381391459      57.6683  LL--------LLLLLL
   246      1    -9.4543298831   0.000078349585       0.0787  LLCCCCCCCCCCCCCC
   247      1    -7.6822485963   0.000460937271       0.4632  LLF-LLLLLL-LLLLL
   248      1    -7.7799105538   0.000418049566       0.4201  LLFLLLLLLLLLLLLL
   249      1   -23.9810973079   0.000000000038       0.0000  LLFSFSSSSSSFFFFF
   250      1   -20.3625987862   0.000000001434       0.0000  LLIIIIII-IIIVVTI
   251      1    -6.9795907330   0.000930684024       0.9353  LLIIIIIIIIIIIIII
   252      1   -14.7074808795   0.000000409847       0.0004  LLIIKKKKKKIIIIII
   253      1   -12.2949186674   0.000004574932       0.0046  LLITTTTTTTIIIIII
   254      1    -9.7774215956   0.000056717849       0.0570  LLL-LLLLLLLFFFLL
   255      4    -3.0198485065   0.048808611988      49.0527  LLL-LLLLLLLLLLLL
   256      1   -10.9809532710   0.000017022862       0.0171  LLLFFFFFFFFLLLLL
   257      1   -17.6203102286   0.000000022264       0.0000  LLLFLLLLLSLLLLLL
   258      3    -3.0592869969   0.046921138213      47.1557  LLLLLLLL-LLLLLLL
   259      1   -15.2572109781   0.000000236525       0.0002  LLLLLLLLLLFLLLHL
   260      1    -8.0785217210   0.000310129154       0.3117  LLLLLLLLLLFLLLLL
   261      1    -7.4511220526   0.000580789570       0.5837  LLLLLLLLLLILLLLL
   262      2    -8.3444862364   0.000237703553       0.2389  LLLLLLLLLLLLLFLL
   263      1   -12.3135211806   0.000004490614       0.0045  LLLLLLLLLLLLLIIL
   264      1    -7.7140365492   0.000446515453       0.4487  LLLLLLLLLLLLLILL
   265     58    -3.0620674081   0.046790859353      47.0248  LLLLLLLLLLLLLLLL
   266      1    -8.6527301683   0.000174649374       0.1755  LLLLLLLLLLLLLLLM
   267      3    -8.3399972371   0.000238773003       0.2400  LLLLLLLLLLLLLLLV
   268      1    -9.5569512053   0.000070708045       0.0711  LLLLLLLLLLLLLLSL
   269      1    -8.2071473924   0.000272697512       0.2741  LLLLLLLLLLLLLMLL
   270      1    -9.2873909985   0.000092584298       0.0930  LLLLLLLLLLLLLQLL
   271      1   -16.2086236119   0.000000091345       0.0001  LLLLLLLLLLLLVLTL
   272      1    -7.9485484808   0.000353174432       0.3549  LLLLLLLLLLMLLLLL
   273      1    -9.2710904764   0.000094105838       0.0946  LLLLLLLLLLSLLLLL
   274      1   -16.4690660452   0.000000070400       0.0001  LLLPLLLLLLLLLLLQ
   275      1    -8.0804676934   0.000309526238       0.3111  LLLVVVVVVVLLLLLL
   276      1   -11.0480090822   0.000015918811       0.0160  LLLVVVVVVVVVVVVV
   277      1   -12.0250727372   0.000005992075       0.0060  LLMIIIIIIIMMMMMM
   278      1   -13.7422219811   0.000001076041       0.0011  LLMMMIMMMMMMMMMM
   279      1   -18.2219336882   0.000000012199       0.0000  LLNNNNNNNNSSSNNN
   280      1   -13.7495322377   0.000001068204       0.0011  LLSLLLLLLLLIILLL
   281      1   -19.3447427345   0.000000003969       0.0000  LLSLLLLLLLLLLVLF
   282      1   -15.9010994128   0.000000124234       0.0001  LLSSSSSSSSSSPSSS
   283      3    -8.8533004536   0.000142909292       0.1436  LLSSSSSSSSSSSSSS
   284      1    -7.0283355274   0.000886405952       0.8908  LLVVVVVVVVVVVVVV
   285      1   -13.9255314164   0.000000895815       0.0009  LMTMMMMMMMMMMMMM
   286      1    -4.6825809746   0.009255095867       9.3014  MM--------MMMMMM
   287      1   -25.2615949420   0.000000000011       0.0000  MMAVVVVVAVTAAAAA
   288      1    -8.8155701984   0.000148404308       0.1491  MMIMMMMMMMMMMMMM
   289      2    -7.2126353768   0.000737211762       0.7409  MMLLLLLLLLLLLLLL
   290      1    -8.7507799393   0.000158337783       0.1591  MMMLLLLLLLMMMMMM
   291      1   -10.4587508085   0.000028696058       0.0288  MMMMIIIIIIMMMMMM
   292      1   -17.5052989817   0.000000024977       0.0000  MMMMMKKKKKMMMVMM
   293      7    -5.0555394694   0.006373927296       6.4058  MMMMMMMMMMMMMMMM
   294      1    -9.9153770769   0.000049409044       0.0497  MMMMMMMMMMTMMMMM
   295      1   -15.1736450184   0.000000257140       0.0003  MMMMMMMMMMTTTMMM
   296      1   -12.5132637013   0.000003677550       0.0037  MMMMMMMMMVMMMMMM
   297      1   -14.1734908233   0.000000699087       0.0007  MMMVVVVVVVMMMIMM
   298      1   -18.7984872144   0.000000006854       0.0000  MMRKKKKKKKKRRKRR
   299      1    -9.9207318411   0.000049145177       0.0494  MMRRRRRRRRRRRRRR
   300      1    -8.9782961921   0.000126117545       0.1267  MMTTTTTTTTTTTTTT
   301      1   -19.1714369738   0.000000004720       0.0000  MMVVVVVVVVLVVVVM
   302      1   -36.8519564096   0.000000000000       0.0000  MTPLMLLLLLVQQLLL
   303      1   -18.0568260093   0.000000014389       0.0000  NIDDDDDDDDDDDDED
   304      1    -7.0249238608   0.000889435238       0.8939  NNDDDDDDDDDDDDDD
   305      1   -12.4108115659   0.000004074300       0.0041  NNDDDDDDDDDDDDGD
   306      1   -23.1681889475   0.000000000087       0.0000  NNHTTTTTTTHNNKNN
   307      1   -10.1527582385   0.000038968449       0.0392  NNI-NNNNNNNNNNNN
   308      1   -12.2784994542   0.000004650669       0.0047  NNKEKKKKKKKKKKKK
   309      1   -16.6156067157   0.000000060804       0.0001  NNKEKKKKKKKRRKKK
   310      1   -12.5208553969   0.000003649737       0.0037  NNKKKKKKKKKKKNKK
   311      1   -13.6641503715   0.000001163416       0.0012  NNKKKRKKKKKKKKKK
   312      3    -4.3826524479   0.012492179783      12.5546  NNN-NNNNNNNNNNNN
   313      1   -12.4782098375   0.000003808749       0.0038  NNN-NNNNNNNNNSSN
   314      1    -8.1668829944   0.000283901561       0.2853  NNN-NNNNNNSNNNNN
   315      1   -34.0386641287   0.000000000000       0.0000  NNN-YYYYYYCFFFCY
   316      2    -8.9137851993   0.000134521678       0.1352  NNNKNNNNNNNNNNNN
   317      1   -16.0382898349   0.000000108308       0.0001  NNNNKNNNNNNDNNNN
   318      1   -10.0792038906   0.000041942795       0.0422  NNNNNNNNNNNNDNNN
   319      1    -8.9028459727   0.000136001319       0.1367  NNNNNNNNNNNNNKNN
   320      2    -8.8560807267   0.000142512517       0.1432  NNNNNNNNNNNNNNND
   321     15    -4.4671772352   0.011479674580      11.5371  NNNNNNNNNNNNNNNN
   322      1    -8.5327440237   0.000196913892       0.1979  NNNNNNNNNNNNNNSN
   323      1    -9.3114311684   0.000090385096       0.0908  NNNNNNNNNNNNNNTN
   324      1    -8.6440875288   0.000176165348       0.1770  NNNNNNNNNNNSSNNN
   325      1    -8.2515784798   0.000260846491       0.2622  NNNNNNNNNNSNNNNN
   326      1   -10.8831592892   0.000018771716       0.0189  NNNNNNSSNNNNNNNN
   327      1   -10.6959271434   0.000022636947       0.0228  NNNNNSSSSSNNNNNN
   328      1   -21.0945424477   0.000000000690       0.0000  NNNNTTAAAANNNNSN
   329      2    -8.5305159937   0.000197353111       0.1983  NNNSNNNNNNNNNNNN
   330      1    -9.4139189329   0.000081580611       0.0820  NNNTTTTTTTNNNNNN
   331      1   -15.7568518764   0.000000143511       0.0001  NNSNSNNNXNNSSSSS
   332      1    -7.4046410013   0.000608422509       0.6115  NNSSSSSSSSSSSSSS
   333      1   -19.3703621719   0.000000003869       0.0000  NNSSTTTTTTSSSISS
   334      1   -15.9229442142   0.000000121550       0.0001  NNTNNNNNNKNNNNNN
   335      1   -12.1355394945   0.000005365401       0.0054  NSKKKKKKKKKKKKKK
   336      1   -23.8949249623   0.000000000042       0.0000  NSNSSSSS-SNSSCSS
   337      1   -18.5295031490   0.000000008969       0.0000  NSNYYYYYYYYYYYYY
   338      1   -19.8197786868   0.000000002468       0.0000  NTNNNNNNNNNHHNKN
   339      1   -32.9116729223   0.000000000000       0.0000  NTRNKKKKKKKKKEIK
   340      1   -18.8191837669   0.000000006713       0.0000  P-SLPPPPPPSPPPPP
   341      1    -7.8990842287   0.000371083212       0.3729  PPAPPPPPPPPPPPPP
   342      2    -9.1180325564   0.000109670235       0.1102  PPLPPPPPPPPPPPPP
   343      1   -11.5381599070   0.000009750813       0.0098  PPPPPLPPPPPPPPPP
   344      1    -9.8209600130   0.000054301429       0.0546  PPPPPPPPPPPLLPPP
   345      9    -3.5968430741   0.027410117714      27.5472  PPPPPPPPPPPPPPPP
   346      1   -27.9451639305   0.000000000001       0.0000  PPPSAGRRGGPPPPPP
   347      1   -14.6047539780   0.000000454188       0.0005  PPTPPPPPPPPPPPTP
   348      1    -9.8798289971   0.000051197032       0.0515  PSSSSSSSSSSSSSSS
   349      1   -14.4050856716   0.000000554563       0.0006  QEEEEEEEEEGEEEEE
   350      1    -9.2091591802   0.000100118189       0.1006  QEQQQQQQQQQQQQQQ
   351      1    -4.0801393482   0.016905109791      16.9896  QQ--------QQQQQQ
   352      1    -8.9100258916   0.000135028338       0.1357  QQHQQQQQQQQQQQQQ
   353      1    -7.3258104281   0.000658325921       0.6616  QQK-KKKKKKKKKKKK
   354      1   -12.4709512305   0.000003836496       0.0039  QQKKKKKKKK-KKKKQ
   355      1    -7.3912247301   0.000616640273       0.6197  QQKKKKKKKKKKKKKK
   356      1   -11.6073110650   0.000009099318       0.0091  QQKKKKKKKKKKKRKK
   357      1    -8.0680301831   0.000313400014       0.3150  QQKQQQQQQQQQQQQQ
   358      1    -9.7536247157   0.000058083745       0.0584  QQPQQQQQQQQQQQQQ
   359      1    -4.2827688846   0.013804386367      13.8734  QQQ-QQQQQQ-QQQQQ
   360      1   -13.0693562194   0.000002108874       0.0021  QQQ-QQQQQQKQQQRQ
   361      2    -4.3883958745   0.012420637510      12.4827  QQQ-QQQQQQQQQQQQ
   362      1    -8.5111790397   0.000201206455       0.2022  QQQEEEEEEEQQQQQQ
   363      1    -9.4236194023   0.000080793067       0.0812  QQQQEEEEEEQQQQQQ
   364      1    -8.6531968844   0.000174567882       0.1754  QQQQQQQQ-QQQQQKQ
   365      3    -9.6019253700   0.000067598459       0.0679  QQQQQQQQQQQHHQQQ
   366      1   -16.3904384330   0.000000076159       0.0001  QQQQQQQQQQQQHQQR
   367      1    -9.4970858547   0.000075070277       0.0754  QQQQQQQQQQQQQQHQ
   368      1    -8.8378600867   0.000145132987       0.1459  QQQQQQQQQQQQQQQE
   369     33    -4.4687026517   0.011462176644      11.5195  QQQQQQQQQQQQQQQQ
   370      1    -9.6926731287   0.000061734160       0.0620  QQQQQQQQQQQQQQQR
   371      1   -16.4084098084   0.000000074803       0.0001  QQQQQRQQ-QQEEEQQ
   372      1   -10.8302457719   0.000019791742       0.0199  QQQQRQQQQQQQQQQQ
   373      1    -8.5948370294   0.000185058784       0.1860  RKKKKKKKKKKKKKKK
   374      1    -3.6719903924   0.025425812206      25.5529  RR--------RRRRRR
   375      1   -19.2072680907   0.000000004554       0.0000  RRARRRRRRRKTTTTT
   376      1    -6.8714569850   0.001036965121       1.0421  RRKKKKKKKKKKKKKK
   377      1   -13.0825164387   0.000002081303       0.0021  RRKKKKKKKKKQQQKK
   378      1   -15.4331776625   0.000000198361       0.0002  RRKRKKKKKKKRRKKK
   379      1   -13.0372156804   0.000002177756       0.0022  RRKRRRRRRRRRRGRR
   380      1   -20.2950636824   0.000000001534       0.0000  RRNSTTTTTTKKKKKK
   381      1    -7.7716554811   0.000421514879       0.4236  RRR-RRRRRRRRRKRR
   382      1    -3.8896189356   0.020453138515      20.5554  RRR-RRRRRRRRRRRR
   383      1   -14.1646563997   0.000000705290       0.0007  RRRGGGGGGGGGGGGG
   384      1   -14.7391138973   0.000000397086       0.0004  RRRKKKKKKKKKKRKK
   385      1   -13.3293151690   0.000001626118       0.0016  RRRKRRRRRRGRRRRR
   386      1   -13.7476278448   0.000001070240       0.0011  RRRRRRRRRRQQQRRR
   387      1   -16.5700192008   0.000000063640       0.0001  RRRRRRRRRRRRKRMR
   388      1    -8.9254926369   0.000132955957       0.1336  RRRRRRRRRRRRRRQR
   389     18    -3.9463209952   0.019325670382      19.4223  RRRRRRRRRRRRRRRR
   390      1   -20.4975961239   0.000000001253       0.0000  RRRWWWWWWWWRRWWW
   391      1    -8.7889052391   0.000152414734       0.1532  SN--------NNNNNN
   392      1   -25.2121429703   0.000000000011       0.0000  SNKNNNNNNNSNSSSS
   393      1   -15.6851638872   0.000000154177       0.0002  SNNIIIIIIINNNNNN
   394      1    -9.1978162481   0.000101260288       0.1018  SNNNNNNNNNNNNNNN
   395      1   -14.6777838901   0.000000422201       0.0004  SNNNNNNNNNNSSSNN
   396      1   -20.6696360360   0.000000001055       0.0000  SNSRHHHHHHSSSSSS
   397      1    -3.4466576876   0.031851917727      32.0112  SS--------SSSSSS
   398      1   -16.0336116659   0.000000108816       0.0001  SSAAAAAAAATTTAAA
   399      1   -15.2352912736   0.000000241767       0.0002  SSASSSSSSSSCSSSS
   400      1   -16.0962286438   0.000000102211       0.0001  SSFFFFFFLFFFFFFF
   401      1   -22.8568014368   0.000000000118       0.0000  SSG-GGGGGGGSSNGS
   402      1   -20.6464427676   0.000000001080       0.0000  SSGSSSSSSSSGGSDG
   403      1   -17.1990055456   0.000000033929       0.0000  SSKKKKKKKKQKKQKK
   404      1   -16.8171304033   0.000000049706       0.0000  SSLLLSLLLLLLLLLL
   405      1   -26.6021269552   0.000000000003       0.0000  SSNIIIIIIISSNNNS
   406      1   -16.3951888029   0.000000075798       0.0001  SSNNNNNNNNNNNNKS
   407      1   -20.7191337113   0.000000001004       0.0000  SSNSSSSSSSNNNGSN
   408      1    -7.9026498456   0.000369762428       0.3716  SSNSSSSSSSSSSSSS
   409      1   -19.1520737956   0.000000004812       0.0000  SSPSSSSSSSSPPSPS
   410      3    -8.5953045986   0.000184972277       0.1859  SSPSSSSSSSSSSSSS
   411      1    -8.2339376498   0.000265488867       0.2668  SSS-------SSSSNS
   412      1   -12.7946834731   0.000002775489       0.0028  SSS-NNNNNNGSSSSS
   413      1    -3.7569419797   0.023355051506      23.4718  SSS-SSSSSSSSSSSS
   414      1    -9.8491402369   0.000052792563       0.0531  SSS-YYYYYYSSSSSS
   415      1    -7.9413663961   0.000355720092       0.3575  SSSAAAAAAASSSSSS
   416      1    -9.4920150804   0.000075451908       0.0758  SSSKKKKKKKSSSSSS
   417      1   -11.1981653017   0.000013699307       0.0138  SSSMSSSSSSSSSSSS
   418      1   -15.6073512333   0.000000166653       0.0002  SSSSNNNNNNSNNNSS
   419      1   -20.0791183111   0.000000001904       0.0000  SSSSSGSSSSSNNGSS
   420      1    -7.8238731622   0.000400069145       0.4021  SSSSSSSS-SSSSASS
   421      1    -9.7808972822   0.000056521058       0.0568  SSSSSSSSSSLSSSSS
   422      1   -10.1847421310   0.000037741807       0.0379  SSSSSSSSSSSLLSSS
   423     29    -3.8379064551   0.021538646300      21.6463  SSSSSSSSSSSSSSSS
   424      1    -7.9303144314   0.000359673303       0.3615  SSSTSSSSSSSSSSSS
   425      1   -31.9736718200   0.000000000000       0.0000  SSSYSSSSSFSSPSPS
   426      1    -6.6298655841   0.001320340549       1.3269  SST-TTTTTTTTTTTT
   427      1   -10.2593922627   0.000035026969       0.0352  SSTSSSSSSSSSSSST
   428      1   -22.2608981874   0.000000000215       0.0000  SSTTTTTTTTTPPSTI
   429      3    -6.6970766024   0.001234515613       1.2407  SSTTTTTTTTTTTTTT
   430      1   -22.4750763379   0.000000000173       0.0000  SSYHHHHHHHNQQHHH
   431      1    -8.6101183379   0.000182252342       0.1832  SSYYYYYYYYYYYYYY
   432      1   -12.1636435800   0.000005216710       0.0052  STVVVVVVVVVVVVVV
   433      1   -27.9788643964   0.000000000001       0.0000  SYHCCCCCCCNYYYYY
   434      1   -13.3315843813   0.000001622432       0.0016  TAA-AAAAAATAAAAA
   435      1    -8.8667425175   0.000141001149       0.1417  TAAAAAAAAAAAAAAA
   436      1   -13.4379106281   0.000001458779       0.0015  TISTTTTTTTTTTTTT
   437      1   -26.5049014785   0.000000000003       0.0000  TITTITTTTTNTTATT
   438      1    -7.1031675276   0.000822495516       0.8266  TTAAAAAAAAAAAAAA
   439      1   -11.3300001162   0.000012007248       0.0121  TTAAAAAAAAAAASAA
   440      1   -16.3796282370   0.000000076987       0.0001  TTAAAAAAAATAATAA
   441      1   -16.4016664372   0.000000075309       0.0001  TTAAAAAAAAVVVAAA
   442      1   -13.3491703397   0.000001594149       0.0016  TTATTTTTTTTTTTTN
   443      1   -16.4009674972   0.000000075362       0.0001  TTEAAAAAAAAAAVAA
   444      1    -8.9562772007   0.000128925325       0.1296  TTETTTTTTTTTTTTT
   445      1   -13.3327877338   0.000001620481       0.0016  TTIIIVIIIIIIIIII
   446      1   -13.6488634811   0.000001181337       0.0012  TTIIIVVVVVIIIIII
   447      1   -19.1349270904   0.000000004896       0.0000  TTIITTTTTTITTTTT
   448      1   -30.6775758987   0.000000000000       0.0000  TTISIIIIIIIIIMTT
   449      1   -15.6573179181   0.000000158531       0.0002  TTKTTTTTTTTNNKKK
   450      1    -9.0747658345   0.000114519455       0.1151  TTMMMMMMMMMMMMMM
   451      1   -25.6052330381   0.000000000008       0.0000  TTN-------SNNGHS
   452      1    -8.3245614025   0.000242487256       0.2437  TTPPPPPPPPPPPPPP
   453      1   -12.7439311179   0.000002919988       0.0029  TTSPPPPPPPPPPPPP
   454      1   -15.8301478225   0.000000133369       0.0001  TTSSSSSSSSNNNNNN
   455      1   -19.7193993798   0.000000002729       0.0000  TTSSSSSSSSSGGGGN
   456      1   -17.9615256530   0.000000015827       0.0000  TTSTTTSSTTTTTTAT
   457      1    -9.3400471434   0.000087835295       0.0883  TTTIIIIIIITTTTTT
   458      1   -24.3106530294   0.000000000028       0.0000  TTTIIIIIIITVVIVI
   459      1    -9.1892427007   0.000102132180       0.1026  TTTITTTTTTTTTTTT
   460      1   -14.0306045832   0.000000806466       0.0008  TTTSTTTTTTTTTMTT
   461      2    -9.2840464738   0.000092894467       0.0934  TTTTAAAAAATTTTTT
   462      1   -24.4068211876   0.000000000025       0.0000  TTTTTAAAAAKKKKKK
   463      1    -3.7661330804   0.023141376334      23.2571  TTTTTTTT-TTTTTTT
   464      1   -13.2563976926   0.000001749120       0.0018  TTTTTTTTTTATTTNT
   465      1    -8.9063663222   0.000135523389       0.1362  TTTTTTTTTTITTTTT
   466      1   -14.4371382123   0.000000537070       0.0005  TTTTTTTTTTITTTTV
   467      1   -22.6286240562   0.000000000149       0.0000  TTTTTTTTTTIVVVII
   468      2    -8.7041001431   0.000165904184       0.1667  TTTTTTTTTTKTTTTT
   469      1   -20.3095520465   0.000000001512       0.0000  TTTTTTTTTTPTTIIT
   470      1    -7.4735293542   0.000567920364       0.5708  TTTTTTTTTTSTTTTT
   471      1    -9.9085645785   0.000049746792       0.0500  TTTTTTTTTTTTATTT
   472      1    -8.2211393785   0.000268908502       0.2703  TTTTTTTTTTTTTATT
   473      2    -9.1903094697   0.000102023287       0.1025  TTTTTTTTTTTTTTIT
   474      1    -7.7511329393   0.000430254812       0.4324  TTTTTTTTTTTTTTST
   475      9    -3.7705566943   0.023039233907      23.1544  TTTTTTTTTTTTTTTT
   476      1   -23.2285197999   0.000000000082       0.0000  TTTVVVVVVVVPPAAA
   477      1   -35.6844334349   0.000000000000       0.0000  TTVITIIIIIITITSI
   478      1    -7.6917706387   0.000456569037       0.4589  TTVVVVVVVVVVVVVV
   479      1   -14.6776068004   0.000000422276       0.0004  VEAEEEEEEEEEEEEE
   480      1   -16.1613422280   0.000000095768       0.0001  VIKTTTTTTTTTTTTT
   481      1   -11.7438107547   0.000007938305       0.0080  VIV-VVVVVVVVVIVV
   482      1   -11.8068683785   0.000007453190       0.0075  VIVVVVVVVVVVVIVV
   483      1   -16.1831555061   0.000000093701       0.0001  VMMMMMMM-MMMMMMA
   484      1    -3.2527441822   0.038667950201      38.8613  VV--------VVVVVV
   485      1    -7.0387670289   0.000877207467       0.8816  VVAAAAAAAAAAAAAA
   486      1   -12.8991118893   0.000002500270       0.0025  VVAATTTTTTAAAAAA
   487      1   -10.2843109298   0.000034164928       0.0343  VVD-VVVVVVVVVVVV
   488      2    -8.5975584672   0.000184555843       0.1855  VVFFFFFFFFFFFFFF
   489      1   -21.0789058953   0.000000000701       0.0000  VVIVIIIIIIIVIIIF
   490      3    -6.8260204637   0.001085168002       1.0906  VVLLLLLLLLLLLLLL
   491      1   -30.5342891381   0.000000000000       0.0000  VVSLLLLLLLLWWGLS
   492      1   -11.2661755572   0.000012798590       0.0129  VVTAAAAAAAAAAAAA
   493      1    -3.4939401037   0.030380932016      30.5328  VVV-VVVVVVVVVVVV
   494      1    -7.4665954990   0.000571871925       0.5747  VVVIIIIIIIVVVVVV
   495      2    -7.3120975607   0.000667415638       0.6708  VVVIVVVVVVVVVVVV
   496      1   -21.9866738205   0.000000000283       0.0000  VVVVMMMMMMMMMVVV
   497      1   -22.2374488681   0.000000000220       0.0000  VVVVVIIIIIIILVVV
   498      1    -7.8136888363   0.000404164398       0.4062  VVVVVVVVVVAVVVVV
   499      1   -11.1442829714   0.000014457706       0.0145  VVVVVVVVVVVMVVVV
   500      1    -8.9110096881   0.000134895563       0.1356  VVVVVVVVVVVTTVVV
   501     15    -3.5569941199   0.028524437017      28.6671  VVVVVVVVVVVVVVVV
   502      1    -9.3615857620   0.000085963673       0.0864  WWLLLLLLLLLLLLLL
   503      1   -30.3644143229   0.000000000000       0.0000  WWRQWWWWWWRWWWWQ
   504      2    -4.6369707256   0.009686997801       9.7354  WWWWWWWWWWWWWWWW
   505      1   -26.4065147192   0.000000000003       0.0000  YYCHYYYYYYYCCYYC
   506      1   -11.2801796000   0.000012620607       0.0127  YYFFFFFFFFLFFFFF
   507      1    -9.2913454449   0.000092218901       0.0927  YYNNNNNNNNNNNNNN
   508      1   -10.6480753854   0.000023746501       0.0239  YYQQQQQQQQQQQQQQ
   509      1    -3.9153319989   0.019933929504      20.0336  YYY-YYYYYYYYYYYY
   510      1    -9.9659109104   0.000046974253       0.0472  YYYYYFYYYYYYYYYY
   511      1   -10.8678859743   0.000019060623       0.0192  YYYYYYYYFYYYYYYY
   512     10    -3.9576021142   0.019108880312      19.2044  YYYYYYYYYYYYYYYY