

TREE # 1

  0  0.0000   8274.484990  x:  0.00267   0.05212   0.03047   0.01045   0.01289   0.01029   0.00943   0.00600   0.00959   0.00647   0.02686   0.01372   0.01370   0.10743   0.07388   0.12783   0.03864   0.03180   0.00884   0.01300   0.01413   0.05352   0.01224   0.01552   0.05577   0.06363   0.00000   0.05672   0.10715  
  1 99.0000   8266.075818  x:  0.00289   0.05210   0.03028   0.01026   0.01259   0.00968   0.00919   0.00548   0.00904   0.00621   0.02636   0.01353   0.01361   0.10719   0.07390   0.12799   0.03850   0.03167   0.00903   0.01269   0.01406   0.05349   0.01220   0.01536   0.05580   0.06358   0.00793   0.05655   0.10714  
  2 14070.3569   8239.370524  x:  0.00417   0.05183   0.02826   0.00823   0.00945   0.00311   0.00663   0.00000   0.00313   0.00361   0.02087   0.01154   0.01275   0.10460   0.07416   0.12983   0.03700   0.03033   0.01017   0.00916   0.01341   0.05328   0.01178   0.01365   0.05609   0.06292   0.00789   0.05440   0.10688  
  3 2425.1478   8228.915119  x:  0.00476   0.05170   0.02730   0.00728   0.00796   0.00000   0.00543   0.00004   0.00035   0.00239   0.01827   0.01060   0.01234   0.10338   0.07429   0.13070   0.03629   0.02970   0.01070   0.00749   0.01311   0.05318   0.01158   0.01285   0.05623   0.06261   0.00788   0.05339   0.10676  
  4 14976.2385   8218.393494  x:  0.00582   0.05128   0.02410   0.00490   0.00390   0.00000   0.00278   0.00009   0.00257   0.00212   0.00921   0.00802   0.01129   0.09907   0.07468   0.13372   0.03393   0.02764   0.01203   0.00210   0.01232   0.05286   0.01112   0.01052   0.05671   0.06158   0.00786   0.04990   0.10634  
  5 3261.7773   8213.644368  x:  0.00581   0.05107   0.02248   0.00486   0.00396   0.00000   0.00419   0.00008   0.00220   0.00386   0.00438   0.00744   0.01107   0.09658   0.07488   0.13543   0.03273   0.02663   0.01244   0.00037   0.01217   0.05271   0.01110   0.00975   0.05698   0.06107   0.00786   0.04798   0.10611  
  6 3194.2584   8212.068593  x:  0.00576   0.05096   0.02166   0.00492   0.00408   0.00000   0.00433   0.00008   0.00220   0.00405   0.00227   0.00727   0.01100   0.09524   0.07499   0.13635   0.03211   0.02612   0.01263   0.00125   0.01216   0.05263   0.01112   0.00943   0.05713   0.06081   0.00786   0.04696   0.10599  
  7 3095.4030   8206.341880  x:  0.00437   0.05020   0.01604   0.00715   0.00737   0.00000   0.00383   0.00009   0.00269   0.00217   0.00225   0.00835   0.01121   0.08436   0.07577   0.14362   0.02780   0.02275   0.01327   0.00071   0.01249   0.05211   0.01168   0.00888   0.05828   0.05891   0.00791   0.03923   0.10503  
  8 1123.2272   8203.426186  x:  0.00392   0.04978   0.01334   0.00682   0.00618   0.00000   0.00384   0.00009   0.00233   0.00414   0.00406   0.00845   0.01123   0.07675   0.07631   0.14868   0.02538   0.02101   0.01362   0.00158   0.01266   0.05179   0.01189   0.00891   0.05902   0.05769   0.00793   0.03435   0.10438  
  9 2498.2031   8201.283534  x:  0.00375   0.04973   0.01512   0.00596   0.00460   0.00000   0.00602   0.00009   0.00261   0.00277   0.00420   0.00907   0.01172   0.06935   0.07674   0.15352   0.02517   0.02149   0.01298   0.00173   0.01303   0.05160   0.01200   0.01069   0.05956   0.05689   0.00795   0.03163   0.10380  
 10 997.1118   8199.045765  x:  0.00396   0.04987   0.01899   0.00556   0.00570   0.00000   0.00414   0.00009   0.00235   0.00376   0.00369   0.00933   0.01228   0.06007   0.07721   0.15966   0.02632   0.02329   0.01186   0.00148   0.01334   0.05148   0.01185   0.01208   0.06005   0.05621   0.00797   0.03024   0.10311  
 11 1211.6288   8198.252620  x:  0.00409   0.05000   0.01950   0.00684   0.00548   0.00000   0.00456   0.00009   0.00242   0.00361   0.00404   0.00825   0.01189   0.05596   0.07739   0.16296   0.02749   0.02415   0.01183   0.00161   0.01306   0.05154   0.01151   0.01000   0.06005   0.05629   0.00796   0.03211   0.10283  
 12 462.1133   8197.959432  x:  0.00363   0.05008   0.01867   0.00579   0.00571   0.00000   0.00467   0.00009   0.00244   0.00355   0.00404   0.00901   0.01167   0.05451   0.07742   0.16504   0.02805   0.02418   0.01203   0.00162   0.01290   0.05167   0.01178   0.00977   0.05987   0.05664   0.00795   0.03417   0.10272  
 13 257.7552   8197.858783  x:  0.00365   0.05017   0.01822   0.00625   0.00542   0.00000   0.00451   0.00009   0.00240   0.00362   0.00393   0.00908   0.01189   0.05431   0.07741   0.16636   0.02815   0.02396   0.01219   0.00157   0.01297   0.05177   0.01194   0.01056   0.05972   0.05694   0.00795   0.03518   0.10267  
 14 170.1656   8197.800566  x:  0.00393   0.05028   0.01826   0.00602   0.00568   0.00000   0.00461   0.00009   0.00244   0.00358   0.00401   0.00855   0.01205   0.05477   0.07739   0.16787   0.02799   0.02364   0.01223   0.00160   0.01310   0.05186   0.01176   0.01082   0.05953   0.05727   0.00794   0.03550   0.10263  
 15 99.8993   8197.710525  x:  0.00370   0.05050   0.01875   0.00613   0.00554   0.00000   0.00455   0.00009   0.00241   0.00362   0.00399   0.00891   0.01208   0.05618   0.07729   0.17098   0.02772   0.02330   0.01191   0.00159   0.01324   0.05202   0.01150   0.01046   0.05916   0.05788   0.00795   0.03553   0.10259  
 16 140.4207   8197.688187  x:  0.00382   0.05050   0.01869   0.00616   0.00556   0.00000   0.00457   0.00009   0.00242   0.00362   0.00401   0.00890   0.01183   0.05669   0.07725   0.17192   0.02792   0.02365   0.01200   0.00159   0.01304   0.05202   0.01192   0.01046   0.05910   0.05792   0.00795   0.03531   0.10260  
 17 67.5599   8197.683821  x:  0.00371   0.05046   0.01857   0.00614   0.00556   0.00000   0.00456   0.00009   0.00242   0.00362   0.00400   0.00885   0.01191   0.05683   0.07723   0.17213   0.02807   0.02386   0.01202   0.00159   0.01302   0.05199   0.01181   0.01049   0.05914   0.05783   0.00795   0.03523   0.10263  
 18 26.8417   8197.683059  x:  0.00378   0.05043   0.01855   0.00615   0.00556   0.00000   0.00457   0.00009   0.00242   0.00362   0.00400   0.00889   0.01193   0.05686   0.07723   0.17218   0.02810   0.02389   0.01204   0.00159   0.01305   0.05197   0.01176   0.01048   0.05918   0.05775   0.00795   0.03523   0.10266  
 19 11.2319   8197.682078  x:  0.00377   0.05035   0.01857   0.00615   0.00556   0.00000   0.00457   0.00009   0.00242   0.00362   0.00400   0.00888   0.01190   0.05691   0.07720   0.17224   0.02812   0.02384   0.01200   0.00159   0.01310   0.05192   0.01179   0.01048   0.05929   0.05755   0.00795   0.03528   0.10273  
 20  7.2796   8197.681597  x:  0.00376   0.05034   0.01860   0.00615   0.00556   0.00000   0.00457   0.00009   0.00242   0.00362   0.00401   0.00888   0.01193   0.05692   0.07719   0.17225   0.02810   0.02382   0.01203   0.00160   0.01301   0.05190   0.01179   0.01048   0.05932   0.05748   0.00795   0.03530   0.10278  
 21  3.9164   8197.675192  x:  0.00370   0.05042   0.01865   0.00617   0.00558   0.00000   0.00458   0.00009   0.00244   0.00363   0.00401   0.00890   0.01179   0.05689   0.07707   0.17224   0.02785   0.02401   0.01218   0.00160   0.01307   0.05196   0.01171   0.01054   0.05944   0.05756   0.00795   0.03536   0.10342  
 22  1.9366   8197.664082  x:  0.00375   0.05053   0.01860   0.00616   0.00558   0.00000   0.00459   0.00009   0.00245   0.00363   0.00401   0.00890   0.01209   0.05686   0.07694   0.17218   0.02781   0.02410   0.01200   0.00160   0.01314   0.05203   0.01190   0.01044   0.05950   0.05774   0.00795   0.03535   0.10425  
 23 20.8430   8197.640629  x:  0.00384   0.05060   0.01851   0.00621   0.00565   0.00000   0.00465   0.00009   0.00250   0.00365   0.00403   0.00895   0.01186   0.05683   0.07687   0.17202   0.02834   0.02377   0.01160   0.00162   0.01295   0.05206   0.01173   0.01059   0.05936   0.05798   0.00795   0.03522   0.10511  
 24 19.6969   8197.581962  x:  0.00349   0.05045   0.01887   0.00631   0.00577   0.00000   0.00475   0.00010   0.00262   0.00371   0.00408   0.00905   0.01206   0.05695   0.07705   0.17161   0.02917   0.02329   0.01238   0.00164   0.01329   0.05202   0.01189   0.01059   0.05883   0.05809   0.00794   0.03509   0.10536  
 25 18.4077   8197.405137  x:  0.00342   0.04992   0.01909   0.00662   0.00616   0.00000   0.00509   0.00012   0.00298   0.00387   0.00421   0.00937   0.01220   0.05753   0.07775   0.17035   0.02834   0.02435   0.01159   0.00176   0.01339   0.05176   0.01193   0.01091   0.05792   0.05771   0.00795   0.03587   0.10347  
 26 29.8788   8197.380451  x:  0.00338   0.05059   0.01911   0.00665   0.00621   0.00000   0.00514   0.00012   0.00303   0.00389   0.00423   0.00942   0.01222   0.05766   0.07729   0.17018   0.02851   0.02431   0.01159   0.00177   0.01336   0.05209   0.01195   0.01094   0.05915   0.05795   0.00795   0.03590   0.10274  
 27 26.0778   8197.379990  x:  0.00339   0.05052   0.01911   0.00666   0.00621   0.00000   0.00514   0.00012   0.00303   0.00389   0.00423   0.00942   0.01222   0.05765   0.07706   0.17017   0.02850   0.02431   0.01160   0.00177   0.01336   0.05203   0.01195   0.01094   0.05913   0.05799   0.00795   0.03590   0.10270  
 28  3.2723   8197.379719  x:  0.00339   0.05059   0.01911   0.00666   0.00621   0.00000   0.00514   0.00012   0.00303   0.00389   0.00423   0.00942   0.01222   0.05765   0.07698   0.17017   0.02850   0.02431   0.01159   0.00177   0.01336   0.05211   0.01194   0.01094   0.05905   0.05790   0.00795   0.03590   0.10269  
 29  0.4715   8196.972378  x:  0.00348   0.05287   0.01976   0.00661   0.00624   0.00000   0.00522   0.00011   0.00224   0.00395   0.00414   0.00936   0.01222   0.05840   0.07768   0.16859   0.02923   0.02475   0.01160   0.00195   0.01350   0.04750   0.01189   0.01098   0.05914   0.05883   0.00777   0.03704   0.10329  
 30  0.0590   8196.443627  x:  0.00369   0.04936   0.02089   0.00658   0.00627   0.00000   0.00532   0.00010   0.00126   0.00403   0.00403   0.00929   0.01219   0.05930   0.07874   0.16662   0.03013   0.02530   0.01155   0.00215   0.01334   0.04955   0.01180   0.01102   0.06048   0.06088   0.00755   0.03832   0.10399  
 31 55.2423   8196.102069  x:  0.00375   0.05198   0.02130   0.00664   0.00645   0.00000   0.00554   0.00012   0.00090   0.00417   0.00393   0.00935   0.01224   0.05953   0.07640   0.16563   0.03061   0.02565   0.01142   0.00236   0.01336   0.05157   0.01178   0.01111   0.05810   0.05869   0.00737   0.03900   0.10394  
 32  0.0249   8195.791112  x:  0.00352   0.05152   0.02045   0.00678   0.00672   0.00000   0.00589   0.00013   0.00115   0.00385   0.00376   0.00949   0.01225   0.05781   0.07569   0.16949   0.02953   0.02510   0.01145   0.00250   0.01330   0.05373   0.01188   0.01110   0.05782   0.05692   0.00707   0.03741   0.10277  
 33  0.0039   8195.643334  x:  0.00344   0.05093   0.02005   0.00679   0.00677   0.00000   0.00595   0.00014   0.00075   0.00368   0.00369   0.00951   0.01224   0.05746   0.07631   0.17024   0.02910   0.02484   0.01150   0.00265   0.01328   0.05331   0.01190   0.01107   0.05846   0.05728   0.00670   0.03683   0.10263  
 34  0.0021   8195.163608  x:  0.00367   0.05105   0.01893   0.00679   0.00684   0.00000   0.00574   0.00018   0.00102   0.00326   0.00400   0.00946   0.01222   0.05891   0.07685   0.16630   0.02874   0.02435   0.01166   0.00328   0.01324   0.05260   0.01182   0.01104   0.05878   0.05836   0.00496   0.03646   0.10359  
 35  0.0016   8194.929913  x:  0.00356   0.05118   0.02012   0.00673   0.00664   0.00000   0.00550   0.00021   0.00095   0.00376   0.00387   0.00942   0.01223   0.05868   0.07649   0.16803   0.02956   0.02496   0.01156   0.00347   0.01322   0.05204   0.01180   0.01106   0.05855   0.05797   0.00403   0.03771   0.10350  
 36  0.0020   8194.880991  x:  0.00346   0.05081   0.02048   0.00670   0.00650   0.00000   0.00562   0.00022   0.00101   0.00389   0.00366   0.00945   0.01224   0.05775   0.07669   0.16934   0.02951   0.02510   0.01155   0.00311   0.01323   0.05232   0.01186   0.01110   0.05884   0.05790   0.00429   0.03772   0.10304  
 37  0.0009   8194.765799  x:  0.00353   0.05064   0.02035   0.00669   0.00643   0.00000   0.00580   0.00026   0.00099   0.00380   0.00368   0.00944   0.01223   0.05791   0.07692   0.16840   0.02933   0.02500   0.01167   0.00240   0.01329   0.05228   0.01188   0.01109   0.05906   0.05825   0.00379   0.03753   0.10316  
 38  0.0003   8194.715204  x:  0.00352   0.05113   0.02024   0.00673   0.00662   0.00000   0.00573   0.00028   0.00095   0.00374   0.00397   0.00941   0.01223   0.05863   0.07655   0.16812   0.02957   0.02499   0.01166   0.00214   0.01335   0.05220   0.01185   0.01102   0.05863   0.05818   0.00411   0.03774   0.10347  
 39  0.0007   8194.608094  x:  0.00343   0.05099   0.01995   0.00679   0.00697   0.00000   0.00536   0.00034   0.00088   0.00370   0.00429   0.00947   0.01223   0.05840   0.07652   0.16964   0.02962   0.02493   0.01157   0.00276   0.01331   0.05219   0.01186   0.01097   0.05862   0.05801   0.00401   0.03779   0.10325  
 40  0.0003   8194.303488  x:  0.00354   0.05006   0.02033   0.00666   0.00659   0.00000   0.00550   0.00059   0.00103   0.00406   0.00376   0.00954   0.01222   0.05701   0.07738   0.16898   0.02914   0.02500   0.01169   0.00241   0.01327   0.05226   0.01194   0.01117   0.05955   0.05838   0.00466   0.03743   0.10275  
 41  0.0006   8194.182630  x:  0.00353   0.05106   0.02014   0.00673   0.00659   0.00000   0.00565   0.00074   0.00091   0.00378   0.00386   0.00940   0.01223   0.05886   0.07667   0.16793   0.02954   0.02495   0.01158   0.00278   0.01329   0.05195   0.01182   0.01105   0.05872   0.05829   0.00453   0.03758   0.10359  
 42  0.0015   8194.154174  x:  0.00353   0.05056   0.02031   0.00672   0.00656   0.00000   0.00567   0.00088   0.00095   0.00370   0.00380   0.00942   0.01223   0.05813   0.07697   0.16891   0.02950   0.02501   0.01160   0.00275   0.01327   0.05200   0.01186   0.01105   0.05904   0.05836   0.00449   0.03761   0.10318  
 43  0.0007   8194.150533  x:  0.00353   0.05076   0.02026   0.00671   0.00658   0.00000   0.00563   0.00093   0.00094   0.00375   0.00383   0.00943   0.01223   0.05828   0.07687   0.16839   0.02948   0.02499   0.01161   0.00272   0.01328   0.05201   0.01185   0.01106   0.05894   0.05830   0.00451   0.03764   0.10332  
 44  0.0004   8194.150428  x:  0.00353   0.05072   0.02025   0.00672   0.00658   0.00000   0.00563   0.00094   0.00094   0.00375   0.00383   0.00943   0.01223   0.05828   0.07687   0.16851   0.02948   0.02499   0.01161   0.00272   0.01328   0.05202   0.01185   0.01106   0.05895   0.05832   0.00450   0.03761   0.10330  
 45  0.0001   8194.150427  x:  0.00353   0.05072   0.02025   0.00672   0.00658   0.00000   0.00563   0.00094   0.00094   0.00376   0.00383   0.00943   0.01223   0.05828   0.07687   0.16851   0.02948   0.02499   0.01161   0.00272   0.01328   0.05202   0.01185   0.01106   0.05895   0.05832   0.00450   0.03761   0.10330  
 46  0.0000   8194.150427  x:  0.00353   0.05072   0.02025   0.00672   0.00658   0.00000   0.00563   0.00094   0.00094   0.00376   0.00383   0.00943   0.01223   0.05828   0.07687   0.16851   0.02948   0.02499   0.01161   0.00272   0.01328   0.05202   0.01185   0.01106   0.05895   0.05832   0.00450   0.03761   0.10330  
 47  0.0000   8194.150427  x:  0.00353   0.05072   0.02025   0.00672   0.00658   0.00000   0.00563   0.00094   0.00094   0.00376   0.00383   0.00943   0.01223   0.05828   0.07687   0.16851   0.02948   0.02499   0.01161   0.00272   0.01328   0.05202   0.01185   0.01106   0.05895   0.05832   0.00450   0.03761   0.10330  
 48  0.0000   8194.150427  x:  0.00353   0.05072   0.02025   0.00672   0.00658   0.00000   0.00563   0.00094   0.00094   0.00376   0.00383   0.00943   0.01223   0.05828   0.07687   0.16851   0.02948   0.02499   0.01161   0.00272   0.01328   0.05202   0.01185   0.01106   0.05895   0.05832   0.00450   0.03761   0.10330  
 49  0.0000   8194.150427  x:  0.00353   0.05072   0.02025   0.00672   0.00658   0.00000   0.00563   0.00094   0.00094   0.00376   0.00383   0.00943   0.01223   0.05828   0.07687   0.16851   0.02948   0.02499   0.01161   0.00272   0.01328   0.05202   0.01185   0.01106   0.05895   0.05832   0.00450   0.03761   0.10330  
 50  0.0000   8194.150427  x:  0.00353   0.05072   0.02025   0.00672   0.00658   0.00000   0.00563   0.00094   0.00094   0.00376   0.00383   0.00943   0.01223   0.05828   0.07687   0.16851   0.02948   0.02499   0.01161   0.00272   0.01328   0.05202   0.01185   0.01106   0.05895   0.05832   0.00450   0.03761   0.10330  