

TREE # 1

  0  0.0000   6540.046835  x:  0.00360   0.01009   0.00380   0.00216   0.00110   0.00052   0.00103   0.00025   0.00043   0.00083   0.00098   0.00097   0.00270   0.00699   0.02551   0.03731   0.01963   0.01884   0.00119   0.00076   0.00284   0.01726   0.00667   0.00568   0.03197   0.01807   0.00000   0.02521   0.03924  
  1 99.0000   6528.117308  x:  0.00359   0.01007   0.00379   0.00210   0.00105   0.00039   0.00099   0.00012   0.00030   0.00081   0.00094   0.00094   0.00272   0.00698   0.02551   0.03734   0.01963   0.01883   0.00136   0.00076   0.00287   0.01727   0.00666   0.00567   0.03197   0.01806   0.00467   0.02521   0.03925  
  2 48735.6054   6527.327527  x:  0.00357   0.01005   0.00379   0.00205   0.00101   0.00027   0.00096   0.00000   0.00018   0.00079   0.00091   0.00091   0.00273   0.00698   0.02551   0.03736   0.01963   0.01882   0.00147   0.00070   0.00289   0.01727   0.00665   0.00566   0.03197   0.01805   0.00467   0.02520   0.03925  
  3 3183.5929   6526.685308  x:  0.00355   0.01004   0.00379   0.00198   0.00099   0.00009   0.00094   0.00000   0.00000   0.00079   0.00090   0.00090   0.00275   0.00697   0.02550   0.03739   0.01963   0.01880   0.00145   0.00061   0.00291   0.01727   0.00664   0.00565   0.03196   0.01804   0.00467   0.02519   0.03925  
  4 6257.4629   6526.526847  x:  0.00355   0.01003   0.00379   0.00197   0.00100   0.00000   0.00095   0.00000   0.00000   0.00079   0.00091   0.00091   0.00275   0.00697   0.02550   0.03741   0.01963   0.01879   0.00146   0.00058   0.00291   0.01727   0.00664   0.00565   0.03196   0.01804   0.00467   0.02518   0.03925  
  5 8865.9291   6526.192598  x:  0.00363   0.01008   0.00378   0.00224   0.00116   0.00000   0.00091   0.00000   0.00000   0.00077   0.00076   0.00074   0.00272   0.00699   0.02533   0.03808   0.01982   0.01833   0.00144   0.00000   0.00253   0.01737   0.00661   0.00564   0.03179   0.01801   0.00468   0.02480   0.03923  
  6 547.0858   6524.633941  x:  0.00307   0.00968   0.00371   0.00078   0.00112   0.00000   0.00085   0.00000   0.00000   0.00082   0.00088   0.00089   0.00322   0.00682   0.02457   0.04156   0.02059   0.01608   0.00143   0.00000   0.00249   0.01777   0.00619   0.00520   0.03099   0.01761   0.00465   0.02288   0.03914  
  7 476.3386   6524.423166  x:  0.00297   0.00948   0.00370   0.00115   0.00107   0.00000   0.00106   0.00000   0.00000   0.00075   0.00085   0.00081   0.00335   0.00678   0.02438   0.04270   0.02078   0.01548   0.00143   0.00000   0.00290   0.01785   0.00613   0.00514   0.03075   0.01746   0.00465   0.02231   0.03910  
  8 941.3250   6524.371567  x:  0.00308   0.00928   0.00372   0.00117   0.00120   0.00000   0.00092   0.00000   0.00000   0.00088   0.00082   0.00085   0.00321   0.00680   0.02442   0.04313   0.02074   0.01555   0.00143   0.00000   0.00307   0.01779   0.00621   0.00523   0.03071   0.01734   0.00465   0.02222   0.03909  
  9 231.8024   6524.327316  x:  0.00318   0.00905   0.00373   0.00112   0.00119   0.00000   0.00093   0.00000   0.00000   0.00072   0.00086   0.00082   0.00307   0.00681   0.02453   0.04353   0.02063   0.01578   0.00141   0.00000   0.00312   0.01769   0.00632   0.00535   0.03069   0.01721   0.00465   0.02222   0.03907  
 10 331.0846   6524.292908  x:  0.00321   0.00888   0.00373   0.00111   0.00106   0.00000   0.00105   0.00000   0.00000   0.00082   0.00086   0.00084   0.00307   0.00683   0.02466   0.04394   0.02050   0.01606   0.00142   0.00000   0.00303   0.01757   0.00639   0.00541   0.03069   0.01709   0.00465   0.02225   0.03905  
 11 315.5937   6524.272374  x:  0.00312   0.00885   0.00372   0.00116   0.00106   0.00000   0.00097   0.00000   0.00000   0.00078   0.00087   0.00091   0.00322   0.00684   0.02479   0.04422   0.02036   0.01632   0.00142   0.00000   0.00300   0.01748   0.00638   0.00538   0.03070   0.01702   0.00464   0.02233   0.03903  
 12 190.5168   6524.263363  x:  0.00306   0.00890   0.00372   0.00112   0.00111   0.00000   0.00099   0.00000   0.00000   0.00080   0.00088   0.00084   0.00326   0.00683   0.02487   0.04430   0.02027   0.01649   0.00142   0.00000   0.00305   0.01743   0.00635   0.00533   0.03074   0.01701   0.00464   0.02243   0.03903  
 13 173.2996   6524.258058  x:  0.00307   0.00902   0.00372   0.00112   0.00110   0.00000   0.00101   0.00000   0.00000   0.00079   0.00084   0.00087   0.00321   0.00683   0.02491   0.04446   0.02021   0.01654   0.00142   0.00000   0.00307   0.01741   0.00629   0.00528   0.03075   0.01703   0.00464   0.02247   0.03902  
 14 85.3655   6524.255579  x:  0.00309   0.00909   0.00372   0.00114   0.00109   0.00000   0.00099   0.00000   0.00000   0.00080   0.00087   0.00086   0.00317   0.00682   0.02492   0.04458   0.02019   0.01653   0.00142   0.00000   0.00305   0.01742   0.00627   0.00526   0.03075   0.01705   0.00464   0.02248   0.03901  
 15 118.0006   6524.254401  x:  0.00311   0.00914   0.00373   0.00114   0.00109   0.00000   0.00099   0.00000   0.00000   0.00080   0.00087   0.00086   0.00320   0.00681   0.02493   0.04465   0.02017   0.01650   0.00142   0.00000   0.00305   0.01745   0.00630   0.00531   0.03077   0.01710   0.00464   0.02252   0.03901  
 16 23.3335   6524.254060  x:  0.00308   0.00912   0.00373   0.00114   0.00109   0.00000   0.00099   0.00000   0.00000   0.00080   0.00087   0.00086   0.00318   0.00681   0.02493   0.04467   0.02015   0.01649   0.00142   0.00000   0.00305   0.01746   0.00631   0.00531   0.03079   0.01713   0.00464   0.02256   0.03901  
 17 11.7386   6524.253922  x:  0.00310   0.00911   0.00373   0.00114   0.00109   0.00000   0.00099   0.00000   0.00000   0.00080   0.00087   0.00086   0.00319   0.00682   0.02493   0.04468   0.02015   0.01648   0.00142   0.00000   0.00305   0.01747   0.00630   0.00530   0.03081   0.01715   0.00464   0.02258   0.03900  
 18  9.0600   6524.253832  x:  0.00309   0.00910   0.00373   0.00114   0.00109   0.00000   0.00099   0.00000   0.00000   0.00080   0.00087   0.00086   0.00319   0.00682   0.02493   0.04468   0.02016   0.01647   0.00142   0.00000   0.00305   0.01747   0.00629   0.00531   0.03083   0.01713   0.00464   0.02260   0.03900  
 19  1.7514   6524.253660  x:  0.00310   0.00911   0.00371   0.00114   0.00109   0.00000   0.00099   0.00000   0.00000   0.00080   0.00087   0.00086   0.00319   0.00682   0.02491   0.04469   0.02018   0.01647   0.00142   0.00000   0.00305   0.01746   0.00630   0.00530   0.03087   0.01711   0.00464   0.02261   0.03900  
 20  3.7927   6524.253426  x:  0.00309   0.00912   0.00374   0.00114   0.00109   0.00000   0.00099   0.00000   0.00000   0.00080   0.00087   0.00086   0.00319   0.00681   0.02490   0.04470   0.02019   0.01647   0.00142   0.00000   0.00305   0.01746   0.00632   0.00529   0.03090   0.01710   0.00464   0.02261   0.03899  
 21  4.9928   6524.245741  x:  0.00309   0.00910   0.00373   0.00114   0.00108   0.00000   0.00099   0.00000   0.00000   0.00080   0.00087   0.00086   0.00319   0.00680   0.02487   0.04470   0.02021   0.01660   0.00142   0.00000   0.00305   0.01744   0.00629   0.00530   0.03122   0.01731   0.00464   0.02232   0.03890  
 22  2.7050   6524.078513  x:  0.00304   0.00916   0.00369   0.00107   0.00093   0.00000   0.00089   0.00000   0.00000   0.00078   0.00082   0.00080   0.00323   0.00746   0.02530   0.04443   0.01909   0.01616   0.00154   0.00000   0.00314   0.01778   0.00638   0.00526   0.03168   0.01678   0.00465   0.02193   0.03819  
 23  5.1092   6523.821789  x:  0.00303   0.00900   0.00375   0.00104   0.00073   0.00000   0.00075   0.00000   0.00000   0.00075   0.00073   0.00072   0.00323   0.00624   0.02559   0.04421   0.01880   0.01609   0.00172   0.00000   0.00323   0.01783   0.00619   0.00527   0.03162   0.01652   0.00465   0.02208   0.03771  
 24 80.3111   6523.546337  x:  0.00298   0.00905   0.00372   0.00098   0.00051   0.00000   0.00060   0.00000   0.00000   0.00072   0.00063   0.00062   0.00327   0.00677   0.02524   0.04469   0.02001   0.01633   0.00191   0.00000   0.00335   0.01750   0.00626   0.00524   0.03091   0.01701   0.00467   0.02246   0.03789  
 25 117.8512   6523.531507  x:  0.00298   0.00904   0.00372   0.00098   0.00049   0.00000   0.00059   0.00000   0.00000   0.00072   0.00063   0.00061   0.00327   0.00675   0.02497   0.04471   0.01979   0.01639   0.00192   0.00000   0.00336   0.01755   0.00625   0.00524   0.03102   0.01697   0.00466   0.02241   0.03864  
 26 34.2873   6523.531155  x:  0.00298   0.00904   0.00372   0.00098   0.00049   0.00000   0.00059   0.00000   0.00000   0.00072   0.00063   0.00061   0.00327   0.00675   0.02506   0.04471   0.01982   0.01636   0.00192   0.00000   0.00336   0.01753   0.00625   0.00524   0.03104   0.01697   0.00466   0.02240   0.03870  
 27  5.9268   6523.531112  x:  0.00298   0.00904   0.00372   0.00098   0.00049   0.00000   0.00059   0.00000   0.00000   0.00072   0.00063   0.00061   0.00327   0.00675   0.02507   0.04471   0.01983   0.01637   0.00192   0.00000   0.00336   0.01756   0.00625   0.00524   0.03104   0.01697   0.00466   0.02240   0.03870  
 28  0.5634   6523.280940  x:  0.00292   0.00903   0.00370   0.00090   0.00075   0.00000   0.00065   0.00000   0.00000   0.00068   0.00065   0.00065   0.00331   0.00681   0.02510   0.04510   0.02079   0.01682   0.00235   0.00000   0.00349   0.01869   0.00623   0.00520   0.03072   0.01689   0.00465   0.02250   0.03944  
 29  0.0174   6523.076274  x:  0.00285   0.00899   0.00370   0.00081   0.00066   0.00000   0.00069   0.00000   0.00000   0.00060   0.00064   0.00065   0.00331   0.00672   0.02469   0.04505   0.02050   0.01633   0.00292   0.00000   0.00360   0.01731   0.00621   0.00519   0.03052   0.01720   0.00462   0.02261   0.03925  
 30  0.0019   6523.026024  x:  0.00286   0.00902   0.00371   0.00094   0.00063   0.00000   0.00069   0.00000   0.00000   0.00071   0.00072   0.00072   0.00328   0.00672   0.02487   0.04485   0.02031   0.01637   0.00312   0.00000   0.00357   0.01753   0.00622   0.00522   0.03073   0.01710   0.00461   0.02253   0.03902  
 31  0.0007   6523.017186  x:  0.00286   0.00903   0.00372   0.00094   0.00070   0.00000   0.00067   0.00000   0.00000   0.00071   0.00069   0.00069   0.00329   0.00675   0.02490   0.04480   0.02016   0.01637   0.00320   0.00000   0.00356   0.01748   0.00624   0.00523   0.03081   0.01708   0.00459   0.02250   0.03899  
 32  0.0002   6523.013185  x:  0.00285   0.00903   0.00373   0.00091   0.00071   0.00000   0.00072   0.00000   0.00000   0.00070   0.00070   0.00070   0.00330   0.00676   0.02492   0.04484   0.02015   0.01638   0.00324   0.00000   0.00355   0.01753   0.00624   0.00523   0.03082   0.01706   0.00456   0.02248   0.03899  
 33  0.0001   6523.007428  x:  0.00285   0.00902   0.00372   0.00091   0.00073   0.00000   0.00070   0.00000   0.00000   0.00068   0.00073   0.00073   0.00330   0.00673   0.02485   0.04491   0.02022   0.01634   0.00326   0.00000   0.00353   0.01742   0.00623   0.00522   0.03072   0.01711   0.00449   0.02251   0.03902  
 34  0.0001   6522.992766  x:  0.00286   0.00903   0.00372   0.00095   0.00075   0.00000   0.00074   0.00000   0.00000   0.00072   0.00071   0.00071   0.00327   0.00672   0.02479   0.04482   0.02026   0.01631   0.00319   0.00000   0.00352   0.01723   0.00623   0.00522   0.03068   0.01718   0.00428   0.02262   0.03905  
 35  0.0001   6522.982910  x:  0.00286   0.00903   0.00373   0.00092   0.00074   0.00000   0.00072   0.00000   0.00000   0.00073   0.00072   0.00072   0.00330   0.00676   0.02489   0.04482   0.02011   0.01631   0.00311   0.00000   0.00356   0.01740   0.00624   0.00523   0.03084   0.01709   0.00414   0.02252   0.03897  
 36  0.0002   6522.977663  x:  0.00285   0.00903   0.00372   0.00094   0.00070   0.00000   0.00071   0.00000   0.00000   0.00069   0.00071   0.00070   0.00329   0.00674   0.02490   0.04485   0.02017   0.01639   0.00318   0.00000   0.00357   0.01747   0.00624   0.00523   0.03078   0.01708   0.00408   0.02253   0.03903  
 37  0.0001   6522.977097  x:  0.00285   0.00903   0.00372   0.00092   0.00070   0.00000   0.00070   0.00000   0.00000   0.00070   0.00070   0.00070   0.00329   0.00674   0.02488   0.04485   0.02019   0.01636   0.00320   0.00000   0.00356   0.01747   0.00624   0.00522   0.03077   0.01709   0.00407   0.02254   0.03903  
 38  0.0001   6522.977075  x:  0.00285   0.00903   0.00372   0.00092   0.00070   0.00000   0.00070   0.00000   0.00000   0.00070   0.00070   0.00070   0.00329   0.00675   0.02488   0.04484   0.02019   0.01636   0.00320   0.00000   0.00356   0.01747   0.00624   0.00522   0.03078   0.01709   0.00406   0.02254   0.03902  
 39  0.0000   6522.977070  x:  0.00285   0.00903   0.00372   0.00092   0.00070   0.00000   0.00070   0.00000   0.00000   0.00070   0.00070   0.00070   0.00329   0.00675   0.02488   0.04485   0.02019   0.01636   0.00320   0.00000   0.00355   0.01747   0.00624   0.00522   0.03078   0.01709   0.00407   0.02254   0.03902  
 40  0.0000   6522.977070  x:  0.00285   0.00903   0.00372   0.00092   0.00070   0.00000   0.00070   0.00000   0.00000   0.00070   0.00070   0.00070   0.00329   0.00675   0.02488   0.04485   0.02019   0.01636   0.00320   0.00000   0.00355   0.01747   0.00624   0.00522   0.03078   0.01709   0.00407   0.02254   0.03902  
 41  0.0000   6522.977070  x:  0.00285   0.00903   0.00372   0.00092   0.00070   0.00000   0.00070   0.00000   0.00000   0.00070   0.00070   0.00070   0.00329   0.00675   0.02488   0.04485   0.02019   0.01636   0.00320   0.00000   0.00355   0.01747   0.00624   0.00522   0.03078   0.01709   0.00407   0.02254   0.03902  
 42  0.0000   6522.977070  x:  0.00285   0.00903   0.00372   0.00092   0.00070   0.00000   0.00070   0.00000   0.00000   0.00070   0.00070   0.00070   0.00329   0.00675   0.02488   0.04485   0.02019   0.01636   0.00320   0.00000   0.00355   0.01747   0.00624   0.00522   0.03078   0.01709   0.00407   0.02254   0.03902  