

Model 0: one-ratio

TREE # 1

  0  0.0000  14683.237647  x:  0.15755   0.03184   0.02943   0.02641   0.02896   0.03638   0.01328   0.01516   0.03129   0.02209   0.03298   0.04203   0.12696   0.38097   0.15007   0.15603   0.05079   0.01179   0.02604   0.21236   0.10049   0.06000   0.13610   0.14207   0.00000   0.13536   0.17912   2.00000   0.40000  
  1 99.0000  14627.228657  x:  0.16282   0.03752   0.02435   0.02423   0.01718   0.02853   0.00000   0.00174   0.02044   0.02091   0.02951   0.04126   0.12922   0.38628   0.15393   0.15860   0.05672   0.01449   0.02782   0.21717   0.10068   0.06057   0.13928   0.14509   0.01434   0.13495   0.18359   2.00095   0.41025  
  2 2234.1190  14622.748740  x:  0.16340   0.03815   0.02379   0.02398   0.01588   0.02767   0.00003   0.00027   0.01924   0.02078   0.02912   0.04118   0.12947   0.38687   0.15435   0.15888   0.05737   0.01478   0.02802   0.21770   0.10070   0.06063   0.13963   0.14542   0.01592   0.13490   0.18409   2.00106   0.41138  
  3 14173.7183  14597.341301  x:  0.16932   0.04418   0.01829   0.02181   0.00251   0.01900   0.00016   0.00536   0.00710   0.01968   0.02527   0.04036   0.13203   0.39304   0.15876   0.16183   0.06374   0.01650   0.02979   0.22326   0.10092   0.06124   0.14320   0.14879   0.02750   0.13427   0.18913   2.00219   0.42320  
  4 5471.3640  14579.072117  x:  0.17763   0.05006   0.01376   0.02190   0.00929   0.01144   0.00015   0.00532   0.00185   0.02049   0.02083   0.03970   0.13570   0.40330   0.16542   0.16633   0.07055   0.01151   0.03049   0.23217   0.10120   0.06191   0.14824   0.15349   0.02296   0.13243   0.19656   2.00430   0.44210  
  5 1475.8493  14563.813658  x:  0.18666   0.05636   0.00931   0.02198   0.01148   0.00494   0.00015   0.00531   0.00655   0.02111   0.01629   0.03904   0.13968   0.41453   0.17267   0.17121   0.07792   0.00671   0.03125   0.24189   0.10149   0.06262   0.15372   0.15862   0.01897   0.13046   0.20467   2.00664   0.46272  
  6 8668.5199  14539.708988  x:  0.20227   0.06610   0.00603   0.02307   0.01039   0.01482   0.00012   0.00443   0.00827   0.02190   0.01064   0.03842   0.14649   0.43470   0.18526   0.17962   0.08992   0.00000   0.03210   0.25903   0.10195   0.06370   0.16317   0.16756   0.01002   0.12692   0.21891   2.01104   0.49931  
  7 5764.3009  14523.840064  x:  0.21508   0.07272   0.00916   0.02496   0.01061   0.01952   0.00010   0.00391   0.00962   0.02259   0.01018   0.03846   0.15203   0.45225   0.19570   0.18652   0.09882   0.00994   0.03257   0.27360   0.10226   0.06441   0.17091   0.17508   0.00000   0.12390   0.23088   2.01512   0.53067  
  8 6385.2774  14523.840064  x:  0.21508   0.07272   0.00916   0.02496   0.01061   0.01952   0.00010   0.00391   0.00962   0.02259   0.01018   0.03846   0.15203   0.45225   0.19570   0.18652   0.09882   0.00994   0.03257   0.27360   0.10226   0.06441   0.17091   0.17508   0.00000   0.12390   0.23088   2.01512   0.53067  
  9 1455.7677  14522.203370  x:  0.21508   0.07269   0.00923   0.02496   0.01053   0.01950   0.00141   0.00380   0.00958   0.02258   0.01029   0.03847   0.15202   0.45227   0.19570   0.18651   0.09880   0.00996   0.03255   0.27361   0.10226   0.06441   0.17090   0.17508   0.00008   0.12390   0.23088   2.01514   0.53070  
 10 8299.6454  14516.031805  x:  0.21504   0.07165   0.01118   0.02499   0.00788   0.01876   0.00140   0.00047   0.00862   0.02219   0.01352   0.03876   0.15192   0.45303   0.19569   0.18641   0.09812   0.01052   0.03204   0.27389   0.10218   0.06424   0.17083   0.17506   0.00257   0.12404   0.23109   2.01556   0.53170  
 11 1344.7948  14512.353833  x:  0.21496   0.06978   0.01407   0.02497   0.00355   0.01753   0.00138   0.00242   0.00722   0.02155   0.01814   0.03923   0.15175   0.45442   0.19567   0.18623   0.09687   0.01118   0.03111   0.27439   0.10205   0.06395   0.17069   0.17502   0.00582   0.12423   0.23145   2.01632   0.53350  
 12 2054.1140  14507.902078  x:  0.21440   0.05835   0.01828   0.02326   0.00925   0.01351   0.00137   0.00317   0.00924   0.01958   0.02433   0.04054   0.15074   0.46330   0.19553   0.18509   0.08886   0.00832   0.02573   0.27768   0.10131   0.06227   0.16970   0.17447   0.00480   0.12457   0.23330   2.02131   0.54495  
 13 494.5556  14500.652409  x:  0.21385   0.03832   0.01660   0.02020   0.00468   0.01639   0.00138   0.00235   0.00815   0.01923   0.02278   0.04135   0.14921   0.48083   0.19526   0.18287   0.07415   0.00699   0.01894   0.28410   0.10011   0.05967   0.16816   0.17352   0.00000   0.12508   0.23674   2.03149   0.56729  
 14 1054.5072  14497.577252  x:  0.21413   0.02989   0.01476   0.02027   0.00576   0.01724   0.00138   0.00256   0.00823   0.02000   0.01960   0.04134   0.14874   0.49119   0.19512   0.18160   0.06678   0.01093   0.01820   0.28779   0.09959   0.05869   0.16763   0.17312   0.00446   0.12562   0.23878   2.03783   0.58037  
 15 1413.4979  14491.793039  x:  0.21796   0.03230   0.01669   0.02839   0.00403   0.01169   0.00139   0.00219   0.00819   0.02160   0.01603   0.04041   0.15008   0.51711   0.19481   0.17871   0.05604   0.01126   0.02768   0.29634   0.09939   0.05894   0.16747   0.17215   0.00268   0.12607   0.24282   2.05545   0.61233  
 16 627.9221  14487.424224  x:  0.22269   0.04029   0.01636   0.02930   0.00635   0.01971   0.00138   0.00257   0.00667   0.02091   0.01980   0.03932   0.15183   0.54121   0.19456   0.17627   0.05087   0.00991   0.03277   0.30335   0.09957   0.05986   0.16718   0.17131   0.00295   0.12640   0.24599   2.07329   0.64167  
 17 1242.3668  14484.921185  x:  0.22620   0.04629   0.01335   0.02427   0.00456   0.01902   0.00138   0.00249   0.01172   0.01988   0.02049   0.03890   0.15284   0.55547   0.19447   0.17512   0.05245   0.00953   0.03140   0.30639   0.09993   0.06069   0.16677   0.17095   0.00417   0.12645   0.24715   2.08576   0.65873  
 18 916.6803  14482.810537  x:  0.22919   0.05055   0.01249   0.01962   0.00499   0.01595   0.00138   0.00242   0.00759   0.02008   0.01894   0.03918   0.15339   0.56638   0.19445   0.17454   0.05695   0.01010   0.02743   0.30766   0.10034   0.06138   0.16634   0.17083   0.00444   0.12626   0.24731   2.09739   0.67158  
 19 842.8016  14481.449278  x:  0.23123   0.05152   0.01627   0.02184   0.00482   0.01714   0.00138   0.00237   0.00837   0.02117   0.01656   0.04024   0.15323   0.57385   0.19451   0.17466   0.06384   0.01160   0.02218   0.30675   0.10071   0.06170   0.16612   0.17102   0.00404   0.12577   0.24620   2.10948   0.68018  
 20 441.1062  14479.823160  x:  0.23198   0.04732   0.01160   0.02699   0.00506   0.01663   0.00138   0.00241   0.00794   0.02050   0.01958   0.03988   0.15194   0.58083   0.19463   0.17591   0.07425   0.01206   0.02259   0.30209   0.10099   0.06148   0.16710   0.17182   0.00318   0.12470   0.24248   2.13214   0.68814  
 21 296.2461  14477.475938  x:  0.23010   0.04061   0.01517   0.02274   0.00509   0.01773   0.00138   0.00243   0.00830   0.02006   0.01825   0.03917   0.14994   0.58775   0.19459   0.17850   0.08418   0.00899   0.03178   0.29223   0.10098   0.06091   0.16958   0.17326   0.00406   0.12327   0.23556   2.17523   0.69666  
 22 432.1746  14470.702764  x:  0.21687   0.04589   0.01547   0.02021   0.00542   0.01732   0.00138   0.00247   0.00913   0.02515   0.02109   0.03971   0.14989   0.59232   0.19303   0.18397   0.07482   0.01668   0.03072   0.26546   0.09988   0.06055   0.17148   0.17542   0.00000   0.12237   0.22116   2.30856   0.70781  
 23 444.5707  14466.219442  x:  0.20869   0.05055   0.01407   0.02367   0.00482   0.01707   0.00138   0.00237   0.00798   0.01836   0.01720   0.03986   0.15025   0.59331   0.19169   0.18687   0.06706   0.01024   0.02599   0.25013   0.09948   0.06104   0.17170   0.17594   0.00476   0.12285   0.21422   2.40726   0.71410  
 24 1982.4520  14462.277053  x:  0.21076   0.04985   0.01273   0.02460   0.00474   0.01697   0.00138   0.00246   0.00805   0.02685   0.01760   0.03901   0.15067   0.58679   0.19038   0.18477   0.06667   0.00399   0.02458   0.25784   0.10097   0.06334   0.16890   0.17360   0.00764   0.12543   0.22299   2.50151   0.71402  
 25 586.7645  14450.625337  x:  0.22286   0.04595   0.01458   0.02377   0.00493   0.01704   0.00138   0.00238   0.00804   0.01856   0.01776   0.03737   0.15198   0.56211   0.18682   0.17585   0.06878   0.01003   0.02607   0.29377   0.10556   0.06875   0.15954   0.16563   0.00313   0.13298   0.25730   2.80623   0.71101  
 26 3079.9830  14449.514412  x:  0.22707   0.04683   0.01388   0.02375   0.00488   0.01715   0.00138   0.00237   0.00802   0.01855   0.01754   0.04278   0.15272   0.55898   0.18988   0.17630   0.06822   0.00971   0.02609   0.30061   0.10146   0.05952   0.16291   0.16829   0.00350   0.12905   0.25736   2.83416   0.71052  
 27 286.0807  14449.139662  x:  0.23014   0.04679   0.01432   0.02381   0.00488   0.01704   0.00138   0.00238   0.00801   0.01854   0.01752   0.03842   0.15318   0.55747   0.19291   0.17715   0.06716   0.00970   0.02492   0.30464   0.10008   0.05839   0.16614   0.17097   0.00365   0.12581   0.25462   2.84345   0.71032  
 28 132.4127  14448.977578  x:  0.23257   0.04635   0.01418   0.02377   0.00489   0.01703   0.00138   0.00238   0.00802   0.01847   0.01756   0.03993   0.15349   0.55650   0.19527   0.17767   0.06606   0.00965   0.02464   0.30746   0.10073   0.06157   0.16840   0.17274   0.00373   0.12440   0.25120   2.84774   0.71025  
 29 76.8748  14448.945064  x:  0.23395   0.04626   0.01420   0.02377   0.00489   0.01703   0.00138   0.00238   0.00802   0.01848   0.01757   0.03985   0.15360   0.55604   0.19578   0.17710   0.06573   0.00965   0.02464   0.30840   0.10161   0.06095   0.16802   0.17221   0.00371   0.12634   0.24848   2.84863   0.71031  
 30 18.6061  14448.941822  x:  0.23425   0.04623   0.01420   0.02377   0.00489   0.01703   0.00138   0.00238   0.00802   0.01849   0.01757   0.03985   0.15359   0.55586   0.19558   0.17673   0.06569   0.00965   0.02469   0.30846   0.10111   0.06109   0.16752   0.17178   0.00373   0.12602   0.24795   2.84873   0.71040  
 31  5.0841  14448.938792  x:  0.23451   0.04622   0.01420   0.02377   0.00489   0.01703   0.00138   0.00238   0.00802   0.01850   0.01757   0.03985   0.15357   0.55539   0.19536   0.17653   0.06562   0.00965   0.02471   0.30827   0.10173   0.06092   0.16731   0.17176   0.00376   0.12549   0.24789   2.84888   0.71084  
 32  1.2510  14448.907520  x:  0.23596   0.04610   0.01420   0.02376   0.00487   0.01702   0.00138   0.00236   0.00801   0.01856   0.01762   0.03984   0.15350   0.55089   0.19490   0.17670   0.06564   0.00965   0.02475   0.30668   0.10110   0.06113   0.16759   0.17263   0.00368   0.12623   0.24849   2.85054   0.71532  
 33  3.4866  14448.833910  x:  0.23280   0.04628   0.01424   0.02375   0.00482   0.01701   0.00138   0.00234   0.00797   0.01871   0.01770   0.03982   0.15397   0.54740   0.19713   0.17869   0.06656   0.00976   0.02478   0.30755   0.10135   0.06102   0.16786   0.16949   0.00373   0.12577   0.24796   2.85498   0.72006  
 34  6.4511  14448.518062  x:  0.22300   0.04698   0.01439   0.02373   0.00462   0.01695   0.00137   0.00222   0.00782   0.01924   0.01807   0.03981   0.15317   0.54628   0.19546   0.17493   0.06888   0.00989   0.02487   0.31141   0.10119   0.06095   0.16660   0.17472   0.00385   0.12585   0.24422   2.87502   0.72728  
 35 15.2746  14446.589252  x:  0.23021   0.04581   0.01547   0.02334   0.00346   0.01629   0.00134   0.00150   0.00705   0.02273   0.02093   0.03991   0.14810   0.57044   0.19112   0.17768   0.06532   0.01124   0.02453   0.30034   0.10098   0.06086   0.17340   0.17065   0.00373   0.12539   0.24136   3.00046   0.74048  
 36 46.7431  14446.417284  x:  0.23156   0.04491   0.01559   0.02330   0.00337   0.01624   0.00134   0.00143   0.00698   0.02299   0.02122   0.03992   0.15303   0.57300   0.19462   0.17961   0.06507   0.01126   0.02510   0.29832   0.10098   0.06080   0.16823   0.17318   0.00372   0.12523   0.24181   3.01161   0.74136  
 37 54.6235  14446.414305  x:  0.23151   0.04482   0.01560   0.02330   0.00337   0.01624   0.00134   0.00143   0.00698   0.02299   0.02123   0.03992   0.15364   0.57304   0.19515   0.17864   0.06512   0.01126   0.02509   0.29799   0.10098   0.06081   0.16864   0.17302   0.00371   0.12523   0.24197   3.01182   0.74136  
 38  4.1304  14446.413617  x:  0.23152   0.04488   0.01560   0.02330   0.00337   0.01624   0.00134   0.00143   0.00698   0.02299   0.02122   0.03992   0.15323   0.57306   0.19558   0.17842   0.06510   0.01126   0.02510   0.29788   0.10098   0.06082   0.16851   0.17306   0.00371   0.12523   0.24206   3.01189   0.74137  
 39  0.9026  14446.020799  x:  0.23057   0.04477   0.01604   0.02335   0.00460   0.01593   0.00131   0.00119   0.00764   0.02115   0.02153   0.03984   0.15312   0.57608   0.19500   0.17903   0.06467   0.01081   0.02578   0.29522   0.10097   0.06075   0.16844   0.17299   0.00403   0.12523   0.24085   3.06818   0.74913  
 40  0.1813  14445.980169  x:  0.23019   0.04480   0.01586   0.02339   0.00431   0.01621   0.00129   0.00103   0.00761   0.02047   0.02109   0.03975   0.15309   0.57508   0.19477   0.17890   0.06456   0.01062   0.02585   0.29552   0.10102   0.06083   0.16849   0.17289   0.00418   0.12533   0.24102   3.07886   0.74934  
 41  0.0147  14445.970032  x:  0.23041   0.04494   0.01564   0.02350   0.00431   0.01635   0.00126   0.00109   0.00756   0.02067   0.02075   0.03975   0.15321   0.57411   0.19488   0.17884   0.06442   0.01061   0.02578   0.29588   0.10106   0.06092   0.16839   0.17287   0.00441   0.12537   0.24141   3.08064   0.74748  
 42  0.0024  14445.962086  x:  0.23047   0.04491   0.01569   0.02347   0.00430   0.01616   0.00115   0.00107   0.00756   0.02067   0.02083   0.03980   0.15322   0.57442   0.19489   0.17894   0.06477   0.01056   0.02566   0.29556   0.10106   0.06088   0.16840   0.17288   0.00467   0.12531   0.24116   3.08458   0.74760  
 43  0.0011  14445.957972  x:  0.23031   0.04487   0.01573   0.02347   0.00431   0.01627   0.00109   0.00109   0.00759   0.02061   0.02090   0.03975   0.15316   0.57437   0.19487   0.17889   0.06450   0.01059   0.02577   0.29569   0.10105   0.06089   0.16843   0.17288   0.00457   0.12533   0.24123   3.07991   0.74781  
 44  0.0024  14445.957514  x:  0.23038   0.04487   0.01571   0.02348   0.00432   0.01628   0.00108   0.00107   0.00756   0.02065   0.02086   0.03976   0.15318   0.57439   0.19487   0.17887   0.06449   0.01062   0.02578   0.29575   0.10105   0.06089   0.16841   0.17288   0.00448   0.12534   0.24128   3.07975   0.74786  
 45  0.0002  14445.957445  x:  0.23041   0.04489   0.01570   0.02347   0.00431   0.01627   0.00108   0.00108   0.00758   0.02065   0.02085   0.03976   0.15319   0.57439   0.19488   0.17887   0.06453   0.01062   0.02576   0.29576   0.10105   0.06089   0.16841   0.17287   0.00445   0.12534   0.24129   3.08007   0.74782  
 46  0.0003  14445.957438  x:  0.23039   0.04489   0.01570   0.02347   0.00431   0.01627   0.00108   0.00108   0.00757   0.02064   0.02085   0.03976   0.15318   0.57438   0.19487   0.17888   0.06453   0.01061   0.02576   0.29574   0.10105   0.06089   0.16841   0.17288   0.00445   0.12534   0.24128   3.08025   0.74781  
 47  0.0002  14445.957438  x:  0.23039   0.04489   0.01570   0.02347   0.00431   0.01627   0.00108   0.00108   0.00757   0.02065   0.02085   0.03976   0.15318   0.57438   0.19487   0.17888   0.06453   0.01061   0.02576   0.29574   0.10105   0.06089   0.16841   0.17288   0.00445   0.12534   0.24127   3.08031   0.74781  

Model 1: NearlyNeutral

TREE # 1

  0  0.0000  14442.010391  x:  0.20094   0.03853   0.01062   0.02605   0.00569   0.01829   0.00198   0.00346   0.01011   0.02107   0.02206   0.04568   0.15607   0.48144   0.18407   0.17326   0.04001   0.00535   0.01191   0.26019   0.09743   0.06244   0.17226   0.17460   0.00000   0.14506   0.21422   3.08031   0.87929   0.27339  
  1 99.0000  14436.072936  x:  0.20134   0.03866   0.01121   0.02559   0.00471   0.01766   0.00027   0.00102   0.00904   0.02071   0.02182   0.04510   0.15590   0.48186   0.18406   0.17322   0.04075   0.00651   0.01290   0.26047   0.09732   0.06216   0.17216   0.17444   0.00112   0.14456   0.21446   3.08023   0.87640   0.27444  
  2 1540.0192  14434.556947  x:  0.20149   0.03872   0.01143   0.02542   0.00438   0.01743   0.00052   0.00028   0.00866   0.02058   0.02172   0.04488   0.15583   0.48202   0.18406   0.17321   0.04103   0.00692   0.01327   0.26058   0.09728   0.06205   0.17212   0.17438   0.00149   0.14437   0.21455   3.08019   0.87531   0.27483  
  3 6253.3920  14422.707257  x:  0.20317   0.03929   0.01379   0.02351   0.00098   0.01490   0.00125   0.00119   0.00453   0.01914   0.02071   0.04246   0.15511   0.48384   0.18403   0.17305   0.04414   0.01117   0.01728   0.26177   0.09683   0.06084   0.17166   0.17368   0.00538   0.14221   0.21555   3.07985   0.86301   0.27928  
  4 5223.7711  14413.063640  x:  0.20522   0.03997   0.01632   0.02133   0.00467   0.01226   0.00173   0.00175   0.00174   0.01767   0.01955   0.03956   0.15423   0.48609   0.18400   0.17287   0.04785   0.01529   0.02172   0.26323   0.09630   0.05941   0.17106   0.17281   0.00898   0.13952   0.21675   3.07942   0.84801   0.28463  
  5 7062.3156  14397.289482  x:  0.20992   0.04147   0.02144   0.01668   0.00812   0.00768   0.00256   0.00268   0.00968   0.01485   0.01713   0.03315   0.15220   0.49137   0.18396   0.17247   0.05617   0.02305   0.03106   0.26662   0.09512   0.05619   0.16959   0.17075   0.01551   0.13322   0.21951   3.07842   0.81345   0.29676  
  6 8918.0813  14371.416913  x:  0.21980   0.04369   0.02309   0.01682   0.00858   0.03697   0.00252   0.00268   0.01112   0.02134   0.01742   0.02615   0.14809   0.50437   0.18437   0.17214   0.07067   0.01874   0.03932   0.27449   0.09377   0.05150   0.16528   0.16579   0.00817   0.11864   0.22553   3.07603   0.73797   0.31952  
  7 2383.3189  14356.183172  x:  0.22289   0.04388   0.02015   0.02077   0.00743   0.03195   0.00206   0.00222   0.01003   0.02131   0.01953   0.03126   0.14718   0.50978   0.18501   0.17252   0.07334   0.01078   0.03697   0.27754   0.09443   0.05239   0.16375   0.16457   0.00000   0.11487   0.22787   3.07510   0.71245   0.32381  
  8 1537.1205  14348.146008  x:  0.22571   0.04267   0.00959   0.02180   0.00750   0.03040   0.00218   0.00232   0.01005   0.02508   0.02109   0.03615   0.14731   0.51786   0.18679   0.17395   0.07099   0.00488   0.02434   0.28142   0.09705   0.05732   0.16278   0.16555   0.01074   0.11646   0.23159   3.07385   0.68649   0.31842  
  9 804.1132  14342.301043  x:  0.22799   0.04131   0.01742   0.02446   0.00777   0.03115   0.00229   0.00243   0.01038   0.02534   0.02093   0.03882   0.14859   0.52783   0.18948   0.17615   0.06406   0.00809   0.01080   0.28597   0.10033   0.06266   0.16346   0.16862   0.01193   0.12112   0.23557   3.07241   0.66351   0.30285  
 10 692.4306  14326.072237  x:  0.23471   0.03812   0.01153   0.01575   0.00756   0.03301   0.00212   0.00228   0.01017   0.02014   0.01811   0.03307   0.15505   0.56311   0.19910   0.18399   0.03662   0.01318   0.01137   0.30245   0.10911   0.07395   0.17257   0.18142   0.00147   0.13970   0.24791   3.06741   0.59796   0.23205  
 11 893.4120  14319.638577  x:  0.23947   0.03886   0.01447   0.02518   0.00790   0.03295   0.00224   0.00241   0.01073   0.02476   0.02046   0.03343   0.15834   0.58121   0.20292   0.18700   0.02972   0.00963   0.02059   0.30970   0.11018   0.07332   0.17775   0.18666   0.00466   0.14731   0.25294   3.06485   0.56891   0.19238  
 12 1304.3433  14316.008285  x:  0.24487   0.04189   0.01667   0.01983   0.00768   0.03301   0.00215   0.00232   0.01050   0.02431   0.02061   0.03538   0.16017   0.59339   0.20353   0.18712   0.03801   0.00535   0.01798   0.31155   0.10596   0.06403   0.17957   0.18758   0.00518   0.14770   0.25351   3.06309   0.55536   0.16490  
 13 495.4839  14315.333931  x:  0.24603   0.04168   0.01406   0.02204   0.00777   0.03303   0.00219   0.00235   0.01058   0.02408   0.02063   0.03545   0.16028   0.59676   0.20294   0.18639   0.04035   0.00895   0.01645   0.31108   0.10428   0.06144   0.17955   0.18699   0.00409   0.14620   0.25266   3.06254   0.55269   0.15862  
 14 276.4730  14314.965300  x:  0.24558   0.03838   0.01410   0.02288   0.00765   0.03249   0.00215   0.00231   0.01044   0.02370   0.01916   0.03272   0.15957   0.60093   0.20064   0.18400   0.03925   0.00795   0.01566   0.30839   0.10264   0.06182   0.17873   0.18461   0.00438   0.14226   0.24944   3.06163   0.55128   0.15476  
 15 90.0834  14314.702387  x:  0.24492   0.03669   0.01446   0.02164   0.00772   0.03266   0.00217   0.00234   0.01051   0.02404   0.02049   0.03452   0.15894   0.60514   0.19829   0.18156   0.03741   0.00863   0.01644   0.30538   0.10171   0.06299   0.17783   0.18224   0.00479   0.13869   0.24600   3.06061   0.55019   0.15203  
 16 140.7406  14314.596444  x:  0.24465   0.03964   0.01437   0.02189   0.00774   0.03287   0.00218   0.00235   0.01052   0.02338   0.01964   0.03483   0.15892   0.60834   0.19713   0.18042   0.03630   0.00858   0.01662   0.30298   0.10224   0.06357   0.17708   0.18122   0.00504   0.13810   0.24375   3.05963   0.54986   0.15147  
 17 55.5895  14314.559457  x:  0.24451   0.04039   0.01439   0.02172   0.00770   0.03256   0.00217   0.00234   0.01049   0.02408   0.02040   0.03408   0.15875   0.61025   0.19691   0.18022   0.03609   0.00865   0.01646   0.30173   0.10266   0.06336   0.17673   0.18113   0.00483   0.13866   0.24287   3.05893   0.54987   0.15168  
 18 42.7080  14314.490720  x:  0.24415   0.03942   0.01438   0.02184   0.00771   0.03270   0.00217   0.00234   0.01051   0.02382   0.02012   0.03451   0.15791   0.61557   0.19711   0.18056   0.03635   0.00861   0.01678   0.29895   0.10347   0.06226   0.17618   0.18169   0.00477   0.14116   0.24150   3.05667   0.55026   0.15297  
 19 38.6071  14314.442810  x:  0.24453   0.03954   0.01442   0.02187   0.00772   0.03272   0.00217   0.00234   0.01051   0.02385   0.02014   0.03440   0.15793   0.62091   0.19798   0.18157   0.03734   0.00867   0.01700   0.29844   0.10235   0.06412   0.17653   0.18245   0.00472   0.14072   0.24266   3.05323   0.55174   0.15419  
 20 19.3224  14314.399264  x:  0.24478   0.03980   0.01444   0.02183   0.00772   0.03264   0.00217   0.00234   0.01050   0.02386   0.02015   0.03448   0.15845   0.62544   0.19841   0.18202   0.03590   0.00864   0.01680   0.29936   0.10181   0.06277   0.17709   0.18271   0.00490   0.13932   0.24442   3.04897   0.55316   0.15569  
 21 28.1766  14314.356342  x:  0.24604   0.03945   0.01449   0.02185   0.00772   0.03264   0.00218   0.00234   0.01051   0.02376   0.02022   0.03439   0.15885   0.62834   0.19764   0.18098   0.03630   0.00867   0.01685   0.30174   0.10419   0.06266   0.17720   0.18186   0.00496   0.13885   0.24521   3.04294   0.55453   0.15642  
 22 19.6694  14314.303230  x:  0.24728   0.03942   0.01450   0.02166   0.00770   0.03241   0.00217   0.00234   0.01049   0.02472   0.01941   0.03463   0.15895   0.62928   0.19687   0.17988   0.03601   0.00883   0.01688   0.30403   0.10304   0.06282   0.17689   0.18124   0.00471   0.14010   0.24440   3.03382   0.55505   0.15710  
 23 24.3242  14314.230946  x:  0.24869   0.03946   0.01449   0.02188   0.00771   0.03258   0.00217   0.00234   0.01049   0.02368   0.02032   0.03441   0.15898   0.62994   0.19613   0.17879   0.03558   0.00868   0.01680   0.30652   0.10131   0.06299   0.17649   0.18068   0.00485   0.14164   0.24314   3.02111   0.55552   0.15785  
 24 158.1087  14313.626989  x:  0.25111   0.03966   0.01449   0.02189   0.00766   0.03217   0.00215   0.00232   0.01044   0.02380   0.02020   0.03458   0.15650   0.62362   0.20055   0.18332   0.03535   0.00872   0.01684   0.30686   0.10309   0.06268   0.17640   0.18406   0.00513   0.13766   0.23557   2.91184   0.55548   0.15765  
 25 70.4208  14313.246955  x:  0.24638   0.03969   0.01444   0.02192   0.00763   0.03198   0.00213   0.00230   0.01042   0.02378   0.02021   0.03463   0.15830   0.61832   0.19758   0.18077   0.03686   0.00879   0.01701   0.30008   0.10262   0.06296   0.17730   0.18128   0.00468   0.13947   0.24344   2.84359   0.55407   0.15676  
 26 136.2091  14313.194299  x:  0.24233   0.04007   0.01445   0.02192   0.00762   0.03194   0.00213   0.00230   0.01041   0.02376   0.02020   0.03462   0.15758   0.61853   0.19702   0.18059   0.03769   0.00879   0.01724   0.30178   0.10259   0.06291   0.17383   0.18266   0.00467   0.13913   0.24387   2.84094   0.55386   0.15628  
 27  5.8605  14312.850163  x:  0.23104   0.04138   0.01435   0.02206   0.00758   0.03165   0.00211   0.00228   0.01038   0.02379   0.02028   0.03478   0.15504   0.61980   0.19711   0.18195   0.04069   0.00887   0.01646   0.30671   0.10261   0.06293   0.18102   0.17915   0.00456   0.13942   0.24059   2.84119   0.55137   0.15640  
 28  5.6726  14300.248764  x:  0.23731   0.03973   0.01349   0.02427   0.00634   0.02344   0.00149   0.00168   0.00936   0.02333   0.02143   0.03831   0.17109   0.62032   0.19095   0.17991   0.05059   0.00799   0.01816   0.30595   0.10239   0.06206   0.18051   0.18609   0.00000   0.12885   0.23889   2.91165   0.50202   0.15736  
 29  8.7804  14300.248764  x:  0.23731   0.03973   0.01349   0.02427   0.00634   0.02344   0.00149   0.00168   0.00936   0.02333   0.02143   0.03831   0.17109   0.62032   0.19095   0.17991   0.05059   0.00799   0.01816   0.30595   0.10239   0.06206   0.18051   0.18609   0.00000   0.12885   0.23889   2.91165   0.50202   0.15736  
 30 127.4713  14299.403487  x:  0.23742   0.03979   0.01374   0.02421   0.00552   0.02264   0.00076   0.00073   0.00884   0.02301   0.02140   0.03840   0.17094   0.62034   0.19100   0.17993   0.05071   0.00837   0.01848   0.30596   0.10236   0.06201   0.18045   0.18598   0.00040   0.12884   0.23897   2.91165   0.50177   0.15749  
 31 706.3794  14298.009603  x:  0.23782   0.03998   0.01458   0.02398   0.00302   0.01990   0.00121   0.00096   0.00720   0.02192   0.02131   0.03871   0.17043   0.62039   0.19120   0.18001   0.05113   0.00955   0.01956   0.30600   0.10229   0.06183   0.18023   0.18560   0.00162   0.12880   0.23928   2.91167   0.50087   0.15797  
 32 1070.2512  14297.409318  x:  0.23823   0.04018   0.01522   0.02376   0.00384   0.01758   0.00068   0.00152   0.00667   0.02107   0.02122   0.03897   0.16989   0.62044   0.19141   0.18010   0.05154   0.01025   0.02051   0.30603   0.10222   0.06166   0.17998   0.18518   0.00225   0.12872   0.23958   2.91169   0.49993   0.15845  
 33 586.2503  14297.017757  x:  0.23859   0.04035   0.01571   0.02357   0.00470   0.01576   0.00120   0.00111   0.00655   0.02042   0.02116   0.03918   0.16940   0.62049   0.19160   0.18017   0.05191   0.01071   0.02130   0.30605   0.10216   0.06150   0.17974   0.18480   0.00264   0.12863   0.23985   2.91170   0.49908   0.15889  
 34 1342.5731  14296.638623  x:  0.23946   0.04071   0.01609   0.02316   0.00428   0.01439   0.00112   0.00117   0.00861   0.01983   0.02107   0.03950   0.16819   0.62062   0.19207   0.18036   0.05269   0.01050   0.02259   0.30610   0.10204   0.06118   0.17909   0.18383   0.00213   0.12833   0.24047   2.91174   0.49693   0.15991  
 35 284.3186  14295.513627  x:  0.24275   0.04195   0.01644   0.02209   0.00427   0.01534   0.00112   0.00113   0.00763   0.01956   0.02092   0.04031   0.16355   0.62111   0.19391   0.18111   0.05550   0.00915   0.02631   0.30626   0.10166   0.06012   0.17648   0.18016   0.00000   0.12727   0.24288   2.91191   0.48855   0.16359  
 36 309.9522  14294.884194  x:  0.24563   0.04275   0.01587   0.02267   0.00452   0.01712   0.00118   0.00117   0.00832   0.02096   0.02113   0.04039   0.15948   0.62159   0.19561   0.18180   0.05752   0.01049   0.02755   0.30636   0.10158   0.05977   0.17414   0.17724   0.00288   0.12688   0.24525   2.91211   0.48083   0.16610  
 37 385.5979  14294.459038  x:  0.24777   0.04279   0.01474   0.02496   0.00439   0.01566   0.00115   0.00117   0.00802   0.02181   0.02167   0.03955   0.15652   0.62213   0.19721   0.18244   0.05770   0.00974   0.02406   0.30651   0.10219   0.06083   0.17230   0.17564   0.00278   0.12703   0.24735   2.91237   0.47356   0.16632  
 38 174.4361  14294.220172  x:  0.24906   0.04260   0.01575   0.02429   0.00447   0.01641   0.00116   0.00117   0.00816   0.01981   0.02142   0.03953   0.15515   0.62270   0.19840   0.18286   0.05660   0.01079   0.02180   0.30684   0.10293   0.06204   0.17182   0.17564   0.00240   0.12768   0.24893   2.91269   0.46773   0.16425  
 39 125.0986  14293.867033  x:  0.25099   0.04234   0.01597   0.02191   0.00445   0.01592   0.00116   0.00117   0.00813   0.02192   0.02099   0.04004   0.15417   0.62398   0.20033   0.18345   0.05362   0.01176   0.02182   0.30785   0.10408   0.06354   0.17262   0.17710   0.00158   0.12929   0.25154   2.91346   0.45693   0.15757  
 40 145.7185  14293.437364  x:  0.25348   0.04262   0.01586   0.02443   0.00448   0.01634   0.00117   0.00118   0.00820   0.02119   0.02164   0.04054   0.15427   0.62605   0.20246   0.18399   0.05034   0.01055   0.02464   0.30944   0.10481   0.06375   0.17469   0.17964   0.00188   0.13129   0.25448   2.91469   0.44240   0.14709  
 41 236.4310  14293.321539  x:  0.25430   0.04318   0.01469   0.02362   0.00448   0.01624   0.00117   0.00118   0.00816   0.02059   0.02146   0.03989   0.15558   0.62712   0.20247   0.18384   0.05140   0.01003   0.02418   0.30994   0.10415   0.06219   0.17541   0.18036   0.00237   0.13109   0.25452   2.91529   0.43781   0.14382  
 42 86.7000  14293.236701  x:  0.25483   0.04352   0.01592   0.02384   0.00447   0.01626   0.00117   0.00118   0.00818   0.02114   0.02139   0.03981   0.15715   0.62823   0.20212   0.18356   0.05302   0.01014   0.02345   0.31035   0.10345   0.06087   0.17597   0.18080   0.00225   0.13047   0.25405   2.91595   0.43403   0.14128  
 43 111.6529  14293.195601  x:  0.25460   0.04286   0.01540   0.02416   0.00448   0.01628   0.00117   0.00118   0.00820   0.02111   0.02167   0.04034   0.15846   0.62921   0.20146   0.18328   0.05426   0.01102   0.02354   0.31065   0.10343   0.06159   0.17620   0.18073   0.00175   0.12970   0.25306   2.91664   0.43171   0.14031  
 44 40.9585  14293.174451  x:  0.25408   0.04224   0.01561   0.02397   0.00448   0.01629   0.00117   0.00118   0.00819   0.02110   0.02148   0.04037   0.15928   0.62999   0.20091   0.18317   0.05473   0.01040   0.02365   0.31082   0.10365   0.06247   0.17623   0.18048   0.00222   0.12937   0.25221   2.91731   0.43029   0.14007  
 45 34.7880  14293.164295  x:  0.25318   0.04240   0.01570   0.02397   0.00448   0.01630   0.00117   0.00118   0.00820   0.02111   0.02159   0.03976   0.15966   0.63085   0.20053   0.18334   0.05427   0.01056   0.02381   0.31091   0.10385   0.06229   0.17604   0.18016   0.00214   0.12955   0.25145   2.91831   0.42943   0.14028  
 46 13.3642  14293.157695  x:  0.25246   0.04268   0.01561   0.02401   0.00448   0.01630   0.00117   0.00118   0.00820   0.02111   0.02145   0.04028   0.15973   0.63166   0.20033   0.18359   0.05397   0.01055   0.02369   0.31094   0.10392   0.06199   0.17584   0.17995   0.00219   0.12981   0.25098   2.91938   0.42897   0.14036  
 47 17.5239  14293.148430  x:  0.25172   0.04292   0.01567   0.02386   0.00448   0.01630   0.00117   0.00118   0.00820   0.02110   0.02198   0.04036   0.15904   0.63340   0.20030   0.18419   0.05441   0.01047   0.02368   0.31095   0.10382   0.06213   0.17570   0.17997   0.00222   0.13010   0.25085   2.92226   0.42900   0.13991  
 48 10.5958  14293.139019  x:  0.25113   0.04301   0.01563   0.02401   0.00448   0.01630   0.00117   0.00118   0.00820   0.02111   0.02144   0.04015   0.15833   0.63514   0.20029   0.18468   0.05484   0.01056   0.02376   0.31096   0.10371   0.06229   0.17564   0.18008   0.00213   0.13023   0.25089   2.92546   0.42908   0.13951  
 49 44.7928  14293.117226  x:  0.25131   0.04222   0.01563   0.02398   0.00448   0.01630   0.00117   0.00118   0.00820   0.02110   0.02155   0.04021   0.15805   0.63840   0.20014   0.18415   0.05410   0.01052   0.02367   0.31089   0.10378   0.06176   0.17618   0.18055   0.00220   0.12897   0.25214   2.93508   0.42907   0.13993  
 50 17.3804  14293.094534  x:  0.25264   0.04343   0.01564   0.02399   0.00448   0.01631   0.00117   0.00118   0.00820   0.02112   0.02154   0.04022   0.15896   0.64083   0.20020   0.18331   0.05365   0.01050   0.02366   0.31091   0.10407   0.06241   0.17649   0.18064   0.00219   0.12892   0.25304   2.94600   0.42913   0.14047  
 51 42.0335  14293.068638  x:  0.25460   0.04233   0.01565   0.02401   0.00449   0.01632   0.00117   0.00118   0.00820   0.02113   0.02155   0.04023   0.16003   0.64185   0.20093   0.18302   0.05355   0.01052   0.02371   0.31118   0.10382   0.06219   0.17622   0.18029   0.00205   0.13078   0.25279   2.95931   0.42912   0.14082  
 52 38.4413  14293.038634  x:  0.25549   0.04241   0.01564   0.02398   0.00448   0.01631   0.00117   0.00118   0.00819   0.02111   0.02154   0.04021   0.15984   0.63926   0.20194   0.18439   0.05313   0.01050   0.02374   0.31178   0.10413   0.06209   0.17565   0.18015   0.00219   0.12939   0.25086   2.97592   0.42874   0.14001  
 53 24.3633  14293.015953  x:  0.25401   0.04266   0.01564   0.02398   0.00448   0.01630   0.00117   0.00118   0.00819   0.02110   0.02153   0.04020   0.15875   0.63545   0.20035   0.18376   0.05368   0.01049   0.02365   0.31161   0.10344   0.06223   0.17620   0.18044   0.00214   0.12976   0.25098   2.98894   0.42760   0.13974  
 54 24.0504  14293.012851  x:  0.25342   0.04262   0.01564   0.02398   0.00448   0.01630   0.00117   0.00118   0.00819   0.02110   0.02153   0.04020   0.15901   0.63482   0.20039   0.18380   0.05407   0.01049   0.02369   0.31135   0.10408   0.06205   0.17606   0.18024   0.00212   0.12983   0.25154   2.99074   0.42750   0.13955  
 55  8.9056  14293.012257  x:  0.25317   0.04261   0.01564   0.02398   0.00448   0.01630   0.00117   0.00118   0.00818   0.02110   0.02152   0.04020   0.15923   0.63468   0.20060   0.18389   0.05409   0.01049   0.02370   0.31123   0.10385   0.06212   0.17595   0.18017   0.00212   0.12978   0.25177   2.99108   0.42746   0.13955  
 56  2.8591  14293.012156  x:  0.25311   0.04262   0.01564   0.02398   0.00448   0.01630   0.00117   0.00118   0.00818   0.02110   0.02153   0.04020   0.15922   0.63467   0.20076   0.18381   0.05413   0.01049   0.02370   0.31113   0.10387   0.06212   0.17599   0.18029   0.00212   0.12979   0.25171   2.99111   0.42742   0.13961  
 57  0.3365  14293.011528  x:  0.25302   0.04264   0.01564   0.02397   0.00448   0.01629   0.00117   0.00118   0.00818   0.02109   0.02152   0.04019   0.15909   0.63470   0.20102   0.18336   0.05410   0.01049   0.02371   0.31102   0.10383   0.06211   0.17599   0.17997   0.00212   0.12974   0.25158   2.99112   0.42745   0.13943  
 58  0.2074  14292.993471  x:  0.25332   0.04271   0.01570   0.02387   0.00443   0.01629   0.00115   0.00115   0.00802   0.02101   0.02149   0.04024   0.15873   0.63483   0.20074   0.18255   0.05424   0.01044   0.02424   0.31105   0.10374   0.06197   0.17363   0.18059   0.00204   0.12952   0.25175   2.99106   0.42706   0.13939  
 59  0.2462  14292.944318  x:  0.25422   0.04296   0.01588   0.02364   0.00432   0.01631   0.00111   0.00107   0.00762   0.02082   0.02146   0.04043   0.15808   0.63505   0.20091   0.18414   0.05496   0.01041   0.02483   0.31103   0.10368   0.06177   0.17519   0.17906   0.00174   0.12943   0.25240   2.99086   0.42564   0.14077  
 60  3.9427  14292.944213  x:  0.25415   0.04297   0.01588   0.02364   0.00432   0.01631   0.00111   0.00107   0.00762   0.02082   0.02146   0.04043   0.15808   0.63504   0.20100   0.18409   0.05499   0.01041   0.02482   0.31131   0.10368   0.06177   0.17521   0.17908   0.00174   0.12944   0.25244   2.99086   0.42565   0.14081  
 61  0.6536  14292.942667  x:  0.25410   0.04298   0.01584   0.02364   0.00431   0.01642   0.00110   0.00109   0.00763   0.02087   0.02146   0.04043   0.15810   0.63505   0.20114   0.18403   0.05503   0.01031   0.02480   0.31123   0.10371   0.06177   0.17528   0.17921   0.00161   0.12946   0.25239   2.99088   0.42561   0.14089  
 62  0.0003  14292.942614  x:  0.25409   0.04297   0.01584   0.02364   0.00431   0.01642   0.00109   0.00108   0.00763   0.02087   0.02146   0.04043   0.15812   0.63504   0.20111   0.18404   0.05500   0.01030   0.02479   0.31120   0.10371   0.06177   0.17529   0.17922   0.00160   0.12946   0.25237   2.99086   0.42566   0.14086  
 63  0.0001  14292.942610  x:  0.25408   0.04297   0.01584   0.02364   0.00431   0.01642   0.00109   0.00109   0.00763   0.02087   0.02146   0.04043   0.15812   0.63504   0.20113   0.18403   0.05501   0.01031   0.02479   0.31122   0.10371   0.06177   0.17529   0.17923   0.00160   0.12946   0.25237   2.99086   0.42565   0.14087  
 64  0.0000  14292.942610  x:  0.25408   0.04297   0.01584   0.02364   0.00431   0.01642   0.00109   0.00109   0.00763   0.02087   0.02146   0.04043   0.15812   0.63504   0.20113   0.18403   0.05501   0.01031   0.02479   0.31122   0.10371   0.06177   0.17529   0.17922   0.00161   0.12946   0.25237   2.99086   0.42565   0.14087  
 65  0.0000  14292.942610  x:  0.25408   0.04297   0.01584   0.02364   0.00431   0.01642   0.00109   0.00109   0.00763   0.02087   0.02146   0.04043   0.15812   0.63504   0.20113   0.18403   0.05501   0.01031   0.02479   0.31122   0.10371   0.06177   0.17529   0.17922   0.00161   0.12946   0.25237   2.99086   0.42565   0.14087  
 66  0.0000  14292.942610  x:  0.25408   0.04297   0.01584   0.02364   0.00431   0.01642   0.00109   0.00109   0.00763   0.02087   0.02146   0.04043   0.15812   0.63504   0.20113   0.18403   0.05501   0.01031   0.02479   0.31122   0.10371   0.06177   0.17529   0.17922   0.00161   0.12946   0.25237   2.99086   0.42565   0.14087  

Model 2: PositiveSelection

TREE # 1

  0  0.0000  14418.925903  x:  0.16035   0.03944   0.01077   0.02333   0.00663   0.02955   0.01696   0.02498   0.03022   0.02889   0.01960   0.04266   0.12742   0.39435   0.16809   0.15856   0.04914   0.01697   0.03211   0.20811   0.08878   0.06816   0.13357   0.15900   0.00000   0.11109   0.17368   2.99086   1.13559   0.52284   0.46449   2.44668  
  1 99.0000  14375.389707  x:  0.16567   0.04182   0.01473   0.02298   0.00000   0.02147   0.00111   0.00881   0.01740   0.02341   0.02007   0.04109   0.12904   0.39961   0.16985   0.16036   0.05345   0.01478   0.03148   0.21310   0.09000   0.06649   0.13654   0.15977   0.00350   0.11271   0.17852   2.99110   1.13603   0.52262   0.46168   2.44666  
  2 1843.2701  14373.226274  x:  0.16597   0.04195   0.01494   0.02296   0.00007   0.02102   0.00024   0.00790   0.01669   0.02311   0.02009   0.04100   0.12913   0.39990   0.16995   0.16047   0.05369   0.01465   0.03144   0.21337   0.09007   0.06639   0.13671   0.15981   0.00369   0.11281   0.17879   2.99111   1.13605   0.52261   0.46152   2.44666  
  3 29878.2921  14359.204055  x:  0.16839   0.04302   0.01658   0.02280   0.00028   0.01747   0.00068   0.00050   0.01092   0.02075   0.02029   0.04029   0.12987   0.40232   0.17075   0.16129   0.05561   0.01363   0.03115   0.21566   0.09061   0.06563   0.13806   0.16015   0.00508   0.11353   0.18100   2.99122   1.13626   0.52251   0.46021   2.44665  
  4 5271.8405  14353.959470  x:  0.17161   0.04424   0.01770   0.02244   0.00045   0.01396   0.00101   0.00276   0.00467   0.01861   0.02046   0.03933   0.13085   0.40573   0.17184   0.16238   0.05794   0.01221   0.03072   0.21881   0.09133   0.06460   0.13987   0.16061   0.00582   0.11442   0.18398   2.99138   1.13656   0.52236   0.45829   2.44664  
  5 1637.2718  14336.190750  x:  0.19363   0.05051   0.01629   0.01909   0.00066   0.00789   0.00141   0.00447   0.01338   0.01555   0.02075   0.03336   0.13767   0.43114   0.17952   0.17004   0.07145   0.00309   0.02767   0.24158   0.09607   0.05769   0.15234   0.16381   0.00189   0.11976   0.20489   2.99267   1.13897   0.52119   0.44329   2.44660  
  6 1085.4285  14315.377375  x:  0.22991   0.05834   0.01348   0.01752   0.00075   0.02712   0.00167   0.00521   0.01395   0.01977   0.02100   0.02776   0.14894   0.47571   0.19250   0.18282   0.09112   0.00835   0.02428   0.28033   0.10379   0.04798   0.17306   0.16991   0.00108   0.12873   0.24011   2.99504   1.14327   0.51907   0.41605   2.44648  
  7 3209.7789  14311.080708  x:  0.23305   0.05725   0.01422   0.02032   0.00074   0.02620   0.00169   0.00528   0.01421   0.02203   0.02100   0.03139   0.14998   0.48170   0.19385   0.18408   0.09095   0.00970   0.02440   0.28462   0.10450   0.04925   0.17486   0.17082   0.00000   0.12933   0.24355   2.99543   1.14385   0.51876   0.41174   2.44644  
  8 1005.8311  14305.015049  x:  0.23724   0.04791   0.00671   0.01582   0.00073   0.02357   0.00160   0.00493   0.01349   0.02189   0.02110   0.03496   0.15178   0.50037   0.19659   0.18639   0.08151   0.01269   0.02561   0.29436   0.10519   0.05798   0.17694   0.17388   0.00046   0.12973   0.24980   2.99692   1.14553   0.51769   0.39582   2.44623  
  9 729.4536  14298.057622  x:  0.24093   0.03287   0.01459   0.01194   0.00081   0.02519   0.00171   0.00531   0.01454   0.01728   0.02140   0.03226   0.15402   0.52899   0.19974   0.18880   0.06290   0.01241   0.02635   0.30664   0.10482   0.06914   0.17787   0.17824   0.00064   0.12928   0.25640   2.99942   1.14805   0.51602   0.36962   2.44580  
 10 1347.1407  14294.730466  x:  0.24171   0.02888   0.01245   0.01845   0.00074   0.02633   0.00161   0.00495   0.01324   0.01760   0.02168   0.02629   0.15529   0.54469   0.20049   0.18906   0.05158   0.00845   0.02561   0.31089   0.10337   0.07086   0.17665   0.18002   0.00071   0.12844   0.25745   3.00102   1.14934   0.51510   0.35362   2.44543  
 11 904.2104  14289.675222  x:  0.24169   0.03751   0.01333   0.01514   0.00069   0.02529   0.00155   0.00465   0.01211   0.02400   0.02104   0.02739   0.15774   0.57322   0.19917   0.18667   0.03325   0.00522   0.02322   0.31208   0.09820   0.06234   0.17065   0.18150   0.00443   0.12592   0.25301   3.00461   1.15151   0.51345   0.32024   2.44430  
 12 564.1280  14287.158381  x:  0.24178   0.04252   0.01261   0.01684   0.00074   0.02403   0.00160   0.00493   0.01347   0.01798   0.02110   0.02844   0.15812   0.58912   0.19760   0.18443   0.02781   0.01034   0.02354   0.31046   0.09607   0.05699   0.16679   0.18156   0.00400   0.12434   0.24843   3.00694   1.15259   0.51266   0.30036   2.44335  
 13 750.6280  14285.533937  x:  0.24192   0.04258   0.01231   0.01614   0.00069   0.02494   0.00150   0.00458   0.01239   0.01746   0.02129   0.02907   0.15690   0.59761   0.19604   0.18255   0.03053   0.00959   0.02467   0.30741   0.09654   0.05660   0.16453   0.18058   0.00000   0.12345   0.24415   3.00856   1.15297   0.51245   0.28881   2.44245  
 14 393.6747  14283.617962  x:  0.24248   0.04037   0.01281   0.01658   0.00073   0.02396   0.00159   0.00488   0.01329   0.01941   0.02135   0.02755   0.15351   0.61295   0.19275   0.17884   0.03971   0.00976   0.02691   0.30006   0.09869   0.05794   0.16107   0.17802   0.00420   0.12315   0.23584   3.01198   1.15335   0.51243   0.26720   2.44024  
 15 623.5625  14283.479070  x:  0.24232   0.04004   0.01256   0.01684   0.00073   0.02470   0.00160   0.00492   0.01333   0.01849   0.02072   0.02883   0.15294   0.61411   0.19267   0.17891   0.03998   0.00873   0.02513   0.29837   0.09915   0.05800   0.16214   0.17728   0.00498   0.12384   0.23574   3.01294   1.15284   0.51307   0.26558   2.43921  
 16 77.6936  14283.274798  x:  0.24174   0.03970   0.01266   0.01660   0.00073   0.02406   0.00158   0.00486   0.01325   0.01910   0.02076   0.02807   0.15170   0.61590   0.19286   0.17957   0.03941   0.00993   0.02230   0.29410   0.09998   0.05785   0.16605   0.17558   0.00408   0.12551   0.23648   3.01577   1.15101   0.51530   0.26316   2.43591  
 17 81.5365  14283.079291  x:  0.24118   0.04034   0.01266   0.01666   0.00073   0.02429   0.00159   0.00488   0.01326   0.01894   0.02150   0.02830   0.15070   0.61766   0.19317   0.18055   0.03832   0.00937   0.02509   0.28959   0.10007   0.05772   0.17067   0.17408   0.00416   0.12681   0.23804   3.02013   1.14800   0.51897   0.26100   2.43068  
 18 89.4091  14282.832385  x:  0.24150   0.04128   0.01274   0.01673   0.00073   0.02422   0.00158   0.00487   0.01324   0.01900   0.01829   0.02785   0.15092   0.61976   0.19345   0.18155   0.03855   0.00951   0.02585   0.28641   0.09870   0.05903   0.17072   0.17476   0.00395   0.12538   0.24021   3.02868   1.14164   0.52660   0.25934   2.42019  
 19 62.9933  14281.922893  x:  0.24313   0.04296   0.01278   0.01689   0.00074   0.02462   0.00160   0.00494   0.01343   0.01877   0.02171   0.02804   0.15234   0.62746   0.19421   0.18469   0.04010   0.00928   0.02461   0.27677   0.09416   0.06245   0.16721   0.17839   0.00433   0.11967   0.24767   3.06388   1.11530   0.55820   0.25330   2.37690  
 20 405.1231  14280.266737  x:  0.24418   0.03591   0.01250   0.01661   0.00073   0.02399   0.00159   0.00486   0.01323   0.01936   0.02088   0.02907   0.15369   0.63706   0.19342   0.18532   0.03927   0.00939   0.02656   0.27324   0.09951   0.05348   0.16065   0.18172   0.00416   0.12195   0.25117   3.12873   1.06631   0.61684   0.24183   2.29692  
 21 378.6807  14278.341429  x:  0.24492   0.04284   0.01287   0.01699   0.00074   0.02457   0.00161   0.00493   0.01343   0.01901   0.02133   0.02832   0.15580   0.64340   0.19120   0.18183   0.03674   0.00934   0.02656   0.28087   0.10771   0.05998   0.15912   0.17984   0.00369   0.13012   0.24498   3.20852   1.00612   0.68899   0.22385   2.19858  
 22 630.8469  14277.233422  x:  0.24453   0.04071   0.01280   0.01692   0.00074   0.02446   0.00159   0.00488   0.01330   0.01917   0.02116   0.02861   0.15410   0.64158   0.19242   0.18022   0.03863   0.00941   0.02525   0.29149   0.09757   0.05916   0.16679   0.17636   0.00390   0.12820   0.23703   3.25359   0.97202   0.72985   0.20890   2.14319  
 23 375.4428  14277.018354  x:  0.24350   0.04102   0.01278   0.01693   0.00074   0.02445   0.00159   0.00487   0.01327   0.01917   0.02116   0.02866   0.15323   0.63560   0.19510   0.18155   0.03863   0.00933   0.02500   0.29358   0.10097   0.05870   0.16836   0.17713   0.00423   0.12317   0.23784   3.26217   0.96564   0.73773   0.20072   2.13296  
 24 68.2497  14276.920502  x:  0.24340   0.04087   0.01278   0.01692   0.00074   0.02445   0.00159   0.00486   0.01324   0.01920   0.02116   0.02867   0.15347   0.63003   0.19613   0.18192   0.03899   0.00930   0.02512   0.29378   0.09978   0.05892   0.16692   0.17828   0.00390   0.12590   0.24063   3.26572   0.96285   0.74141   0.19431   2.12901  
 25 36.0585  14276.897690  x:  0.24500   0.04043   0.01277   0.01691   0.00074   0.02443   0.00158   0.00484   0.01321   0.01920   0.02114   0.02869   0.15459   0.62891   0.19426   0.18064   0.03854   0.00933   0.02511   0.29358   0.09979   0.05892   0.16702   0.17703   0.00389   0.12532   0.24172   3.26572   0.96184   0.74299   0.19321   2.12946  
 26  6.4930  14276.683884  x:  0.25592   0.03985   0.01282   0.01697   0.00072   0.02431   0.00156   0.00474   0.01300   0.01926   0.02117   0.02888   0.15372   0.62734   0.19344   0.18536   0.03592   0.00934   0.02541   0.29160   0.10002   0.05925   0.16713   0.17882   0.00389   0.12582   0.23770   3.26007   0.95030   0.76326   0.18971   2.14341  
 27  6.4110  14274.183344  x:  0.25166   0.04244   0.01356   0.01792   0.00057   0.02262   0.00123   0.00352   0.01055   0.01963   0.02160   0.03048   0.15700   0.64270   0.20116   0.18666   0.04144   0.00994   0.02620   0.29819   0.10233   0.05997   0.16943   0.17840   0.00397   0.12836   0.24822   3.19125   0.81981   1.00171   0.15876   2.31408  
 28 57.9762  14274.091126  x:  0.25096   0.04263   0.01358   0.01797   0.00056   0.02257   0.00122   0.00348   0.01046   0.01964   0.02162   0.03055   0.15719   0.64298   0.19829   0.18521   0.04194   0.00983   0.02590   0.29836   0.10257   0.05993   0.17195   0.18375   0.00395   0.12851   0.24822   3.19119   0.81935   1.00931   0.15804   2.31939  
 29 27.1661  14272.536819  x:  0.24668   0.04361   0.01395   0.01840   0.00045   0.02097   0.00096   0.00248   0.00839   0.01962   0.02167   0.03125   0.15932   0.64472   0.18103   0.20608   0.04542   0.01017   0.02535   0.30578   0.10300   0.05914   0.17248   0.18060   0.00395   0.12893   0.25107   3.25219   0.91893   1.10379   0.16240   2.38113  
 30 15.8710  14270.972956  x:  0.25740   0.04379   0.01429   0.01881   0.00033   0.01945   0.00071   0.00149   0.00634   0.01959   0.02168   0.03202   0.15757   0.64606   0.19647   0.19077   0.04461   0.01014   0.02512   0.30584   0.10343   0.05880   0.17374   0.18120   0.00407   0.12905   0.25269   3.31378   1.02124   1.19478   0.17008   2.43927  
 31 181.8847  14270.959339  x:  0.25721   0.04347   0.01429   0.01881   0.00033   0.01944   0.00071   0.00149   0.00634   0.01960   0.02169   0.03204   0.16014   0.64604   0.19721   0.19104   0.04483   0.01015   0.02512   0.30541   0.10350   0.05881   0.17412   0.18135   0.00408   0.12914   0.25191   3.31298   1.02231   1.19522   0.17000   2.43854  
 32  5.1744  14269.878815  x:  0.25921   0.04375   0.01453   0.01933   0.00038   0.01853   0.00075   0.00120   0.00589   0.02006   0.02162   0.03321   0.15870   0.65211   0.19654   0.19042   0.04497   0.01050   0.02491   0.30670   0.10348   0.05890   0.17409   0.18060   0.00376   0.12886   0.25278   3.15306   1.10821   1.20419   0.16940   2.29057  
 33  5.0176  14265.725976  x:  0.26751   0.04330   0.01577   0.02250   0.00091   0.01579   0.00155   0.00121   0.00701   0.02345   0.02180   0.04025   0.15910   0.65850   0.20479   0.18667   0.04903   0.01256   0.02543   0.31831   0.10570   0.06239   0.17883   0.18229   0.00051   0.13111   0.25945   3.28824   1.03249   0.91159   0.19998   2.34172  
 34  1.4212  14265.153197  x:  0.26666   0.04292   0.01580   0.02293   0.00106   0.01596   0.00173   0.00132   0.00757   0.02321   0.02170   0.04087   0.15839   0.65976   0.20473   0.18573   0.04892   0.01238   0.02535   0.31640   0.10548   0.06247   0.17790   0.18165   0.00016   0.13066   0.25780   3.28751   1.17994   1.27198   0.18051   2.47079  
 35  1.2524  14264.472694  x:  0.26599   0.04275   0.01592   0.02388   0.00130   0.01698   0.00187   0.00079   0.00731   0.02146   0.02183   0.04140   0.15960   0.66854   0.20232   0.18969   0.04979   0.01089   0.02524   0.31924   0.10577   0.06196   0.17866   0.18221   0.00000   0.13125   0.25860   3.25375   1.12341   1.24173   0.16910   2.48221  
 36  0.0834  14264.196406  x:  0.26681   0.04266   0.01605   0.02440   0.00153   0.01734   0.00199   0.00135   0.00792   0.02033   0.02191   0.04144   0.16005   0.67161   0.20260   0.18994   0.04982   0.01027   0.02518   0.32022   0.10587   0.06141   0.17899   0.18267   0.00014   0.13153   0.25944   3.22441   1.10581   1.18737   0.16982   2.46148  
 37  0.0806  14263.587337  x:  0.26922   0.04222   0.01638   0.02478   0.00229   0.01480   0.00220   0.00101   0.00775   0.01997   0.02192   0.04078   0.16047   0.67169   0.20364   0.18926   0.04876   0.01035   0.02522   0.32138   0.10605   0.06112   0.17941   0.18343   0.00049   0.13147   0.26202   3.23782   1.14927   1.23082   0.17795   2.52167  
 38  0.0310  14263.080733  x:  0.26737   0.04284   0.01628   0.02356   0.00302   0.01700   0.00214   0.00108   0.00734   0.02160   0.02179   0.03973   0.15953   0.66648   0.20389   0.18839   0.04819   0.00917   0.02530   0.31919   0.10582   0.06260   0.17887   0.18255   0.00049   0.13119   0.25937   3.27134   1.11052   1.18881   0.17343   2.46897  
 39  0.0347  14262.751912  x:  0.26595   0.04282   0.01622   0.02290   0.00379   0.01613   0.00179   0.00103   0.00805   0.02121   0.02186   0.03946   0.15965   0.66693   0.20250   0.18944   0.04919   0.01120   0.02517   0.31872   0.10557   0.06188   0.17859   0.18213   0.00084   0.13115   0.25830   3.22602   1.09786   1.15053   0.17502   2.40435  
 40  0.0380  14262.553875  x:  0.26639   0.04224   0.01594   0.02318   0.00443   0.01664   0.00134   0.00105   0.00758   0.02060   0.02185   0.04052   0.15979   0.66736   0.20233   0.18877   0.04942   0.01108   0.02524   0.31866   0.10562   0.06145   0.17849   0.18266   0.00017   0.13126   0.25924   3.24368   1.11455   1.18483   0.17839   2.46226  
 41  0.0293  14262.514291  x:  0.26683   0.04245   0.01594   0.02345   0.00451   0.01646   0.00112   0.00109   0.00760   0.02084   0.02186   0.04081   0.15969   0.66784   0.20313   0.18875   0.04921   0.01084   0.02528   0.31902   0.10578   0.06175   0.17866   0.18250   0.00041   0.13117   0.25922   3.24810   1.11606   1.18980   0.17456   2.45739  
 42  0.0070  14262.507988  x:  0.26703   0.04264   0.01601   0.02362   0.00435   0.01642   0.00113   0.00109   0.00765   0.02095   0.02186   0.04062   0.15977   0.66779   0.20320   0.18909   0.04907   0.01059   0.02525   0.31934   0.10579   0.06185   0.17883   0.18257   0.00050   0.13128   0.25940   3.24295   1.11698   1.19114   0.17473   2.45840  
 43  0.0035  14262.506848  x:  0.26695   0.04257   0.01601   0.02361   0.00431   0.01642   0.00109   0.00108   0.00764   0.02091   0.02186   0.04052   0.15975   0.66785   0.20309   0.18896   0.04906   0.01062   0.02524   0.31925   0.10575   0.06179   0.17877   0.18257   0.00045   0.13126   0.25934   3.24449   1.11695   1.19122   0.17496   2.45962  
 44  0.0015  14262.506763  x:  0.26692   0.04254   0.01602   0.02359   0.00430   0.01642   0.00110   0.00108   0.00764   0.02090   0.02185   0.04051   0.15974   0.66783   0.20308   0.18893   0.04908   0.01063   0.02525   0.31920   0.10575   0.06178   0.17875   0.18255   0.00045   0.13124   0.25931   3.24503   1.11705   1.19153   0.17488   2.45915  
 45  0.0008  14262.506752  x:  0.26692   0.04254   0.01602   0.02358   0.00429   0.01643   0.00109   0.00108   0.00764   0.02090   0.02185   0.04052   0.15974   0.66780   0.20309   0.18894   0.04910   0.01064   0.02525   0.31920   0.10576   0.06178   0.17875   0.18255   0.00045   0.13124   0.25931   3.24486   1.11695   1.19118   0.17490   2.45879  
 46  0.0004  14262.506751  x:  0.26692   0.04254   0.01602   0.02358   0.00429   0.01642   0.00109   0.00108   0.00764   0.02090   0.02186   0.04053   0.15974   0.66780   0.20309   0.18894   0.04910   0.01064   0.02525   0.31920   0.10576   0.06178   0.17875   0.18255   0.00045   0.13124   0.25931   3.24485   1.11700   1.19137   0.17488   2.45897  
 47  0.0002  14262.506751  x:  0.26692   0.04254   0.01602   0.02358   0.00429   0.01642   0.00109   0.00108   0.00764   0.02090   0.02186   0.04053   0.15974   0.66780   0.20309   0.18894   0.04910   0.01064   0.02525   0.31920   0.10576   0.06178   0.17875   0.18255   0.00045   0.13124   0.25931   3.24487   1.11701   1.19133   0.17489   2.45897  
 48  0.0000  14262.506751  x:  0.26692   0.04254   0.01602   0.02358   0.00429   0.01642   0.00109   0.00108   0.00764   0.02090   0.02186   0.04053   0.15974   0.66780   0.20309   0.18894   0.04910   0.01064   0.02525   0.31920   0.10576   0.06178   0.17875   0.18255   0.00045   0.13124   0.25931   3.24487   1.11700   1.19133   0.17489   2.45897  
 49  0.0000  14262.506751  x:  0.26692   0.04254   0.01602   0.02358   0.00429   0.01642   0.00109   0.00108   0.00764   0.02090   0.02186   0.04053   0.15974   0.66780   0.20309   0.18894   0.04910   0.01064   0.02525   0.31920   0.10576   0.06178   0.17875   0.18255   0.00045   0.13124   0.25931   3.24487   1.11700   1.19133   0.17489   2.45897  
 50  0.0000  14262.506751  x:  0.26692   0.04254   0.01602   0.02358   0.00429   0.01642   0.00109   0.00108   0.00764   0.02090   0.02186   0.04053   0.15974   0.66780   0.20309   0.18894   0.04910   0.01064   0.02525   0.31920   0.10576   0.06178   0.17875   0.18255   0.00045   0.13124   0.25931   3.24487   1.11700   1.19133   0.17489   2.45897  
check convergence!


Model 7: beta

TREE # 1

  0  0.0000  14862.930600  x:  0.19868   0.03486   0.01455   0.02692   0.00917   0.01584   0.00352   0.00564   0.01138   0.01995   0.02035   0.04676   0.15220   0.48060   0.18498   0.17425   0.04001   0.00331   0.01221   0.25765   0.09623   0.06121   0.16875   0.17610   0.00000   0.14188   0.21353   3.24487   0.25988   1.76622  
  1 99.0000  14842.141231  x:  0.19889   0.03474   0.01376   0.02564   0.00643   0.01502   0.00000   0.00169   0.00922   0.01913   0.01985   0.04544   0.15176   0.48098   0.18463   0.17383   0.04044   0.00472   0.01272   0.25772   0.09568   0.06045   0.16829   0.17548   0.00039   0.14090   0.21348   3.24467   0.26754   1.76509  
  2 2620.8104  14833.251174  x:  0.19897   0.03469   0.01346   0.02514   0.00536   0.01471   0.00006   0.00017   0.00838   0.01881   0.01966   0.04493   0.15158   0.48112   0.18449   0.17366   0.04061   0.00527   0.01292   0.25774   0.09546   0.06014   0.16811   0.17524   0.00055   0.14051   0.21346   3.24460   0.27054   1.76465  
  3 20435.8616  14816.875292  x:  0.19922   0.03454   0.01250   0.02358   0.00205   0.01368   0.00014   0.00000   0.00575   0.01781   0.01906   0.04333   0.15105   0.48157   0.18407   0.17316   0.04113   0.00704   0.01354   0.25782   0.09478   0.05921   0.16756   0.17449   0.00099   0.13932   0.21339   3.24437   0.27983   1.76328  
  4 15973.1246  14816.875292  x:  0.19922   0.03454   0.01250   0.02358   0.00205   0.01368   0.00014   0.00000   0.00575   0.01781   0.01906   0.04333   0.15105   0.48157   0.18407   0.17316   0.04113   0.00704   0.01354   0.25782   0.09478   0.05921   0.16756   0.17449   0.00099   0.13932   0.21339   3.24437   0.27983   1.76328  
  5 4515.7983  14811.898514  x:  0.19922   0.03454   0.01250   0.02357   0.00207   0.01368   0.00038   0.00134   0.00575   0.01781   0.01906   0.04333   0.15105   0.48158   0.18406   0.17316   0.04113   0.00704   0.01354   0.25782   0.09478   0.05921   0.16756   0.17448   0.00099   0.13931   0.21339   3.24436   0.27989   1.76328  
  6 40654.6824  14801.695598  x:  0.19951   0.03444   0.01217   0.02241   0.00625   0.01341   0.00945   0.00012   0.00617   0.01742   0.01862   0.04178   0.15045   0.48212   0.18359   0.17259   0.04167   0.00683   0.01387   0.25791   0.09408   0.05826   0.16689   0.17360   0.00090   0.13791   0.21328   3.24408   0.28986   1.76167  
  7 2485.2828  14636.101546  x:  0.20427   0.03294   0.00848   0.00535   0.01871   0.01091   0.00000   0.00139   0.00914   0.01167   0.01232   0.01810   0.14090   0.49110   0.17601   0.16352   0.05048   0.00438   0.01927   0.25948   0.08303   0.04344   0.15623   0.15942   0.00053   0.11532   0.21177   3.23948   0.45024   1.73535  
  8 3524.3301  14604.688426  x:  0.20642   0.03243   0.00879   0.00237   0.00633   0.01088   0.00229   0.00108   0.00878   0.01019   0.01042   0.00984   0.13680   0.49514   0.17279   0.15964   0.05429   0.00413   0.02158   0.26025   0.07851   0.03753   0.15165   0.15334   0.00114   0.10564   0.21122   3.23742   0.51963   1.72367  
  9 24117.6951  14561.639246  x:  0.20820   0.03220   0.01143   0.01321   0.00064   0.01130   0.00294   0.00100   0.00829   0.01068   0.01005   0.00863   0.13358   0.49849   0.17027   0.15658   0.05732   0.00462   0.02339   0.26093   0.07524   0.03357   0.14804   0.14857   0.00213   0.09811   0.21085   3.23572   0.57568   1.71408  
 10 25094.4160  14552.874065  x:  0.20854   0.03236   0.01255   0.01253   0.00011   0.01210   0.00300   0.00099   0.00729   0.01191   0.01097   0.01228   0.13320   0.49913   0.16998   0.15621   0.05774   0.00534   0.02360   0.26112   0.07517   0.03385   0.14759   0.14799   0.00279   0.09726   0.21089   3.23540   0.58415   1.71240  
 11 5256.3466  14545.601766  x:  0.20904   0.03268   0.01592   0.01197   0.00026   0.01495   0.00298   0.00099   0.00263   0.01375   0.01255   0.01284   0.13286   0.50002   0.16979   0.15592   0.05820   0.00720   0.02378   0.26148   0.07545   0.03465   0.14721   0.14751   0.00471   0.09650   0.21112   3.23499   0.59166   1.71030  
 12 3696.6231  14540.090420  x:  0.21010   0.03380   0.02327   0.01085   0.00031   0.02082   0.00290   0.00100   0.00626   0.01710   0.01618   0.01124   0.13282   0.50189   0.17001   0.15598   0.05866   0.01080   0.02364   0.26243   0.07743   0.03846   0.14714   0.14745   0.00843   0.09647   0.21193   3.23415   0.59956   1.70639  
 13 1636.4764  14535.207996  x:  0.21287   0.03793   0.02947   0.01045   0.00026   0.02058   0.00289   0.00101   0.00558   0.01153   0.01619   0.01033   0.13477   0.50747   0.17235   0.15806   0.05833   0.00820   0.02137   0.26574   0.08558   0.05057   0.14878   0.14956   0.00674   0.10026   0.21489   3.23174   0.60601   1.69601  
 14 533.1015  14532.804119  x:  0.21527   0.04033   0.03012   0.01041   0.00018   0.01840   0.00288   0.00101   0.00504   0.01679   0.01390   0.00880   0.13658   0.51267   0.17459   0.16005   0.05782   0.00685   0.02032   0.26877   0.09034   0.05438   0.15060   0.15169   0.00532   0.10348   0.21765   3.22948   0.60877   1.68634  
 15 657.8957  14522.953663  x:  0.22808   0.04660   0.02916   0.01061   0.00021   0.01767   0.00289   0.00101   0.00541   0.01506   0.00697   0.00955   0.14504   0.54168   0.18585   0.16985   0.05533   0.01475   0.02047   0.28510   0.10272   0.04578   0.16052   0.16238   0.00934   0.11611   0.23251   3.21669   0.61413   1.63137  
 16 717.7963  14513.986063  x:  0.24231   0.05140   0.02527   0.01112   0.00016   0.01623   0.00292   0.00101   0.00511   0.01416   0.01745   0.00850   0.15416   0.57522   0.19818   0.18052   0.05203   0.01665   0.02002   0.30356   0.11419   0.03495   0.17128   0.17372   0.00858   0.12849   0.24892   3.20169   0.61915   1.56672  
 17 4102.5596  14502.671088  x:  0.25560   0.04578   0.02834   0.01087   0.00026   0.02851   0.00296   0.00100   0.00598   0.01483   0.01585   0.01087   0.15993   0.61190   0.20740   0.18788   0.04766   0.00468   0.01844   0.32171   0.11402   0.02788   0.17876   0.18040   0.00000   0.13017   0.26311   3.18414   0.61924   1.48969  
 18 1595.1570  14470.148151  x:  0.28646   0.01094   0.01839   0.01216   0.00036   0.02511   0.00307   0.00099   0.00627   0.01624   0.01715   0.01318   0.16724   0.71275   0.22180   0.19703   0.03444   0.00716   0.01956   0.36539   0.08978   0.05200   0.19052   0.18803   0.00180   0.11680   0.29275   3.13177   0.61154   1.25553  
 19 2013.7242  14444.248876  x:  0.30817   0.03384   0.02401   0.01122   0.00058   0.00989   0.00308   0.00099   0.00737   0.01800   0.01874   0.01662   0.17118   0.79085   0.22171   0.19295   0.02866   0.00467   0.01606   0.38920   0.06370   0.06030   0.18958   0.18317   0.00528   0.09719   0.30388   3.08578   0.59755   1.04343  
 20 2568.1717  14425.983548  x:  0.31548   0.04830   0.00702   0.01332   0.00059   0.01881   0.00319   0.00098   0.00745   0.01908   0.01941   0.01816   0.16959   0.83356   0.21448   0.18383   0.02534   0.00987   0.01503   0.39393   0.06627   0.06825   0.18353   0.17562   0.00103   0.09264   0.30040   3.05554   0.58867   0.89832  
 21 2703.6559  14417.433383  x:  0.31592   0.04778   0.00711   0.01329   0.00062   0.01748   0.00320   0.00097   0.00759   0.01932   0.01963   0.01869   0.16799   0.84379   0.21153   0.18056   0.02425   0.01052   0.01593   0.39318   0.07009   0.06774   0.18132   0.17326   0.00000   0.09408   0.29755   3.04704   0.58608   0.85630  
 22 3842.9105  14417.433383  x:  0.31592   0.04778   0.00711   0.01329   0.00062   0.01748   0.00320   0.00097   0.00759   0.01932   0.01963   0.01869   0.16799   0.84379   0.21153   0.18056   0.02425   0.01052   0.01593   0.39318   0.07009   0.06774   0.18132   0.17326   0.00000   0.09408   0.29755   3.04704   0.58608   0.85630  
 23 2422.3210  14409.944597  x:  0.31573   0.04757   0.00915   0.01480   0.00997   0.01730   0.00186   0.00110   0.00755   0.01945   0.01970   0.02076   0.16787   0.84356   0.21144   0.18049   0.02428   0.01057   0.01603   0.39286   0.07073   0.06766   0.18126   0.17328   0.00027   0.09462   0.29730   3.04701   0.58653   0.85597  
 24 4791.6742  14404.963322  x:  0.31539   0.04719   0.01153   0.01678   0.00954   0.01701   0.00026   0.00095   0.00746   0.01958   0.01983   0.02375   0.16767   0.84315   0.21127   0.18038   0.02434   0.01064   0.01619   0.39232   0.07184   0.06751   0.18116   0.17331   0.00104   0.09556   0.29686   3.04697   0.58732   0.85537  
 25 1498.8363  14395.179961  x:  0.31375   0.04530   0.02245   0.02597   0.00798   0.01562   0.00277   0.00070   0.00704   0.02018   0.02046   0.03782   0.16668   0.84111   0.21043   0.17984   0.02465   0.01092   0.01700   0.38963   0.07724   0.06678   0.18067   0.17348   0.00461   0.10012   0.29468   3.04673   0.59121   0.85242  
 26 7207.2349  14394.434028  x:  0.31317   0.04472   0.02233   0.02616   0.00787   0.01560   0.00275   0.00314   0.00725   0.02023   0.02057   0.03913   0.16636   0.84038   0.21016   0.17968   0.02478   0.01064   0.01720   0.38868   0.07883   0.06651   0.18050   0.17354   0.00455   0.10143   0.29390   3.04664   0.59264   0.85133  
 27 868.4622  14377.561233  x:  0.30238   0.03439   0.00958   0.02149   0.00832   0.01642   0.00251   0.00178   0.01076   0.02075   0.02218   0.05270   0.16068   0.82671   0.20521   0.17676   0.02726   0.00475   0.02073   0.37098   0.10679   0.06138   0.17730   0.17457   0.00000   0.12483   0.27944   3.04496   0.61957   0.83088  
 28 1270.2407  14370.228302  x:  0.29631   0.03224   0.01075   0.01956   0.00844   0.01646   0.00244   0.00176   0.00408   0.02009   0.02191   0.04929   0.15813   0.81803   0.20264   0.17546   0.02962   0.01236   0.02234   0.36039   0.11682   0.05838   0.17569   0.17544   0.00052   0.13470   0.27142   3.04390   0.63559   0.81815  
 29 1137.1648  14362.934783  x:  0.28703   0.03210   0.01760   0.01952   0.00833   0.01620   0.00247   0.00150   0.01166   0.01921   0.02098   0.03879   0.15490   0.80394   0.19898   0.17387   0.03377   0.02172   0.02365   0.34387   0.12758   0.05416   0.17330   0.17666   0.00136   0.14647   0.25933   3.04218   0.66058   0.79776  
 30 2171.6950  14360.029054  x:  0.28496   0.03358   0.01863   0.02116   0.00824   0.01610   0.00248   0.00151   0.01108   0.01971   0.02087   0.03685   0.15461   0.80033   0.19841   0.17383   0.03483   0.01993   0.02322   0.34023   0.12761   0.05387   0.17283   0.17674   0.00000   0.14707   0.25689   3.04174   0.66627   0.79275  
 31 952.2778  14349.705547  x:  0.27031   0.04488   0.02144   0.01119   0.00817   0.01698   0.00259   0.00161   0.01084   0.01354   0.02066   0.04564   0.15469   0.76993   0.19653   0.17603   0.04334   0.01779   0.02402   0.31582   0.11033   0.05825   0.17217   0.17758   0.00000   0.13952   0.24476   3.03806   0.70638   0.75316  
 32 838.6918  14343.729167  x:  0.26034   0.04642   0.01359   0.01443   0.00833   0.01729   0.00253   0.00168   0.01243   0.02183   0.02166   0.05222   0.15478   0.74703   0.19628   0.17841   0.04846   0.02473   0.02736   0.30121   0.09571   0.06298   0.17306   0.17842   0.00000   0.13181   0.23994   3.03532   0.73247   0.72482  
 33 1316.5856  14341.975084  x:  0.25757   0.04119   0.01085   0.01848   0.00842   0.01645   0.00251   0.00171   0.01257   0.01655   0.02197   0.05210   0.15486   0.73773   0.19718   0.17988   0.04914   0.02554   0.02823   0.29955   0.09288   0.06496   0.17414   0.17853   0.00000   0.12830   0.24205   3.03419   0.73902   0.71467  
 34 446.8723  14339.236902  x:  0.25391   0.02751   0.01433   0.01642   0.00838   0.01675   0.00256   0.00175   0.01200   0.01812   0.02185   0.05025   0.15554   0.71831   0.19997   0.18324   0.04943   0.02248   0.02849   0.30126   0.09198   0.06812   0.17681   0.17835   0.00000   0.12164   0.25082   3.03180   0.74751   0.69517  
 35 467.2651  14333.994345  x:  0.25554   0.03596   0.01171   0.01609   0.00875   0.01663   0.00252   0.00173   0.01210   0.01902   0.02093   0.05000   0.16462   0.66194   0.20831   0.19076   0.05361   0.02142   0.02603   0.32126   0.10593   0.06601   0.18391   0.17782   0.00000   0.11666   0.28453   3.02460   0.75405   0.64324  
 36 305.1864  14332.796804  x:  0.25830   0.03556   0.01233   0.01645   0.00871   0.02060   0.00254   0.00175   0.01197   0.01861   0.02529   0.04951   0.16476   0.64570   0.20814   0.18962   0.05557   0.02044   0.02733   0.32809   0.10025   0.06314   0.18347   0.17911   0.00000   0.12535   0.28786   3.02181   0.74869   0.62577  
 37 187.9671  14331.865027  x:  0.26062   0.03494   0.01253   0.01597   0.00869   0.01581   0.00252   0.00175   0.01189   0.01889   0.02441   0.04934   0.16427   0.63366   0.20742   0.18810   0.05680   0.01974   0.02775   0.33294   0.09575   0.06210   0.18247   0.18025   0.00000   0.13198   0.28830   3.01946   0.74253   0.61156  
 38 440.4334  14331.076577  x:  0.26247   0.03459   0.01251   0.01646   0.00864   0.01756   0.00253   0.00175   0.01191   0.01878   0.01848   0.04962   0.16316   0.62355   0.20616   0.18616   0.05703   0.02002   0.02671   0.33600   0.09439   0.06435   0.18077   0.18113   0.00000   0.13474   0.28533   3.01690   0.73352   0.59689  
 39 262.9580  14328.631522  x:  0.26694   0.03540   0.01325   0.01644   0.00850   0.01696   0.00253   0.00170   0.01216   0.01861   0.02311   0.04942   0.15855   0.59190   0.20134   0.17972   0.05555   0.02257   0.02236   0.34145   0.09891   0.07518   0.17457   0.18285   0.00000   0.13173   0.26755   3.00690   0.69325   0.54102  
 40 347.5501  14325.818024  x:  0.26683   0.03520   0.01365   0.01636   0.00845   0.01697   0.00253   0.00170   0.01192   0.01827   0.02182   0.04932   0.15529   0.56357   0.19961   0.17838   0.05511   0.02158   0.03386   0.33934   0.10354   0.06381   0.17412   0.18157   0.00000   0.12225   0.24819   2.99407   0.63785   0.47023  
 41 411.8000  14322.730300  x:  0.25916   0.03222   0.01130   0.01582   0.00871   0.01732   0.00248   0.00172   0.01179   0.01842   0.02173   0.04995   0.15611   0.54800   0.20254   0.18460   0.05961   0.02116   0.02184   0.32480   0.10394   0.05441   0.17568   0.17754   0.00000   0.12354   0.24070   2.97954   0.57298   0.39034  
 42 395.2476  14319.447213  x:  0.24639   0.03385   0.01114   0.01534   0.00893   0.01730   0.00244   0.00170   0.01130   0.01843   0.02185   0.04726   0.15889   0.53823   0.20541   0.19182   0.06576   0.01748   0.02825   0.30441   0.10588   0.06411   0.18038   0.17481   0.00000   0.13295   0.24174   2.96281   0.49986   0.29794  
 43 693.2010  14318.976648  x:  0.24248   0.03467   0.01150   0.01544   0.00885   0.01728   0.00245   0.00170   0.01133   0.01837   0.02180   0.04757   0.15714   0.54123   0.20092   0.18672   0.06415   0.01791   0.02826   0.30189   0.10616   0.06245   0.17652   0.18134   0.00000   0.13173   0.24773   2.95922   0.49134   0.28006  
 44 88.8091  14318.941348  x:  0.24321   0.03446   0.01136   0.01543   0.00887   0.01731   0.00245   0.00170   0.01132   0.01840   0.02182   0.04757   0.15615   0.54340   0.20082   0.18596   0.06639   0.01775   0.02833   0.30361   0.10631   0.06250   0.17615   0.18057   0.00000   0.13124   0.24767   2.95769   0.49161   0.27783  
 45 14.5663  14318.935311  x:  0.24323   0.03447   0.01136   0.01543   0.00887   0.01731   0.00245   0.00170   0.01132   0.01840   0.02183   0.04757   0.15614   0.54358   0.20087   0.18595   0.06633   0.01775   0.02833   0.30377   0.10631   0.06250   0.17617   0.18052   0.00050   0.13125   0.24761   2.95749   0.49167   0.27767  
 46 22.7239  14318.905393  x:  0.24339   0.03463   0.01123   0.01538   0.00890   0.01734   0.00244   0.00170   0.01132   0.01843   0.02185   0.04754   0.15620   0.54608   0.20170   0.18608   0.06446   0.01764   0.02821   0.30619   0.10607   0.06260   0.17658   0.17994   0.00049   0.13151   0.24665   2.95435   0.49258   0.27559  
 47 15.4540  14318.836152  x:  0.24529   0.03433   0.01165   0.01556   0.00882   0.01730   0.00245   0.00170   0.01137   0.01840   0.02184   0.04771   0.15855   0.54807   0.20310   0.18774   0.06532   0.01818   0.02793   0.30686   0.10646   0.06260   0.17797   0.18308   0.00035   0.13156   0.24526   2.94160   0.49360   0.27427  
 48  9.1715  14318.264544  x:  0.25265   0.03400   0.01143   0.01561   0.00886   0.01732   0.00244   0.00169   0.01117   0.01848   0.02185   0.04729   0.15958   0.55197   0.19880   0.18669   0.06233   0.01712   0.02846   0.30177   0.10627   0.06260   0.17618   0.18004   0.00058   0.13150   0.24784   2.83172   0.49148   0.28070  
 49 36.4884  14318.070625  x:  0.24417   0.03543   0.01176   0.01572   0.00880   0.01727   0.00244   0.00168   0.01116   0.01846   0.02182   0.04733   0.15458   0.55163   0.20180   0.18644   0.06415   0.01742   0.02816   0.30403   0.10624   0.06255   0.17645   0.18076   0.00055   0.13177   0.24757   2.79638   0.48953   0.28429  
 50 63.1908  14318.031354  x:  0.24139   0.03508   0.01163   0.01570   0.00882   0.01728   0.00244   0.00168   0.01113   0.01847   0.02182   0.04724   0.15768   0.55168   0.20085   0.18486   0.06509   0.01719   0.02815   0.30527   0.10624   0.06255   0.17634   0.18068   0.00064   0.13172   0.24686   2.79288   0.48872   0.28507  
 51 10.1985  14314.613725  x:  0.23227   0.03867   0.01600   0.01832   0.00795   0.01653   0.00244   0.00146   0.01029   0.01837   0.02127   0.04596   0.16083   0.57380   0.18087   0.20815   0.06544   0.01764   0.02829   0.30673   0.10761   0.06044   0.16174   0.16616   0.00067   0.13342   0.24517   2.83864   0.45121   0.26210  
 52  1.3747  14309.450316  x:  0.23416   0.04218   0.01587   0.01970   0.00804   0.01643   0.00232   0.00131   0.00790   0.01915   0.02117   0.04113   0.15300   0.60309   0.17503   0.20329   0.06277   0.00625   0.02531   0.30104   0.10847   0.06019   0.17454   0.17786   0.00297   0.13448   0.24027   2.90384   0.39314   0.24145  
 53 161.6709  14307.819068  x:  0.23702   0.04331   0.01834   0.02108   0.00755   0.01602   0.00233   0.00120   0.00753   0.01901   0.02085   0.04067   0.15681   0.61234   0.19492   0.18207   0.06113   0.00688   0.02463   0.29164   0.10913   0.05898   0.17486   0.16809   0.00282   0.13522   0.24144   2.92664   0.37600   0.22973  
 54 104.6050  14307.801236  x:  0.23720   0.04321   0.01820   0.02103   0.00758   0.01604   0.00233   0.00120   0.00750   0.01904   0.02086   0.04059   0.15712   0.61247   0.19631   0.18233   0.06110   0.00659   0.02497   0.29156   0.10914   0.05901   0.17271   0.16876   0.00290   0.13519   0.24136   2.92694   0.37558   0.22990  
 55 11.5780  14305.138143  x:  0.24512   0.04501   0.01740   0.02313   0.00659   0.01634   0.00201   0.00097   0.00779   0.02050   0.02140   0.03972   0.15596   0.62654   0.19858   0.18416   0.05851   0.01183   0.02448   0.29999   0.10763   0.06068   0.17075   0.18032   0.00210   0.13253   0.24312   2.96600   0.29681   0.18227  
 56  0.1239  14304.321359  x:  0.25125   0.04502   0.01727   0.02399   0.00600   0.01650   0.00182   0.00108   0.00764   0.02098   0.02161   0.03998   0.15733   0.63074   0.20119   0.18411   0.05709   0.01164   0.02435   0.31004   0.10469   0.06164   0.17372   0.18206   0.00200   0.12985   0.25036   2.99318   0.29274   0.16245  
 57  0.0658  14304.006521  x:  0.25281   0.04386   0.01662   0.02436   0.00523   0.01641   0.00151   0.00116   0.00748   0.02104   0.02143   0.04047   0.15808   0.63019   0.20085   0.18394   0.05648   0.01037   0.02464   0.31414   0.10253   0.06171   0.17680   0.17842   0.00200   0.12815   0.25407   2.99575   0.28337   0.16194  
 58  0.0115  14303.818355  x:  0.25176   0.04244   0.01542   0.02412   0.00447   0.01634   0.00114   0.00098   0.00768   0.02097   0.02125   0.04097   0.15793   0.63126   0.20122   0.18404   0.05641   0.01047   0.02479   0.31133   0.10315   0.06182   0.17532   0.17786   0.00199   0.12866   0.25240   2.99947   0.28497   0.16140  
 59  0.0043  14303.791820  x:  0.25117   0.04277   0.01555   0.02388   0.00436   0.01641   0.00109   0.00116   0.00767   0.02090   0.02134   0.04074   0.15773   0.62997   0.20101   0.18362   0.05673   0.01051   0.02461   0.31028   0.10359   0.06168   0.17481   0.17838   0.00208   0.12897   0.25137   2.99521   0.28916   0.16484  
 60  0.0084  14303.784920  x:  0.25089   0.04321   0.01580   0.02375   0.00434   0.01644   0.00109   0.00109   0.00763   0.02087   0.02140   0.04048   0.15764   0.62869   0.20075   0.18357   0.05694   0.01041   0.02458   0.31010   0.10381   0.06154   0.17489   0.17862   0.00213   0.12914   0.25110   2.99159   0.28956   0.16514  
 61  0.0044  14303.784484  x:  0.25095   0.04332   0.01581   0.02371   0.00432   0.01642   0.00109   0.00108   0.00764   0.02088   0.02139   0.04045   0.15764   0.62888   0.20081   0.18372   0.05689   0.01042   0.02463   0.31028   0.10370   0.06158   0.17492   0.17867   0.00212   0.12904   0.25128   2.99217   0.28976   0.16528  
 62  0.0007  14303.784442  x:  0.25094   0.04333   0.01581   0.02369   0.00432   0.01642   0.00109   0.00109   0.00764   0.02088   0.02138   0.04044   0.15764   0.62884   0.20081   0.18374   0.05689   0.01042   0.02462   0.31026   0.10369   0.06159   0.17492   0.17865   0.00211   0.12903   0.25127   2.99213   0.28936   0.16496  
 63  0.0007  14303.784423  x:  0.25095   0.04333   0.01581   0.02367   0.00432   0.01642   0.00109   0.00109   0.00764   0.02088   0.02138   0.04044   0.15764   0.62887   0.20081   0.18371   0.05688   0.01042   0.02461   0.31026   0.10370   0.06159   0.17491   0.17865   0.00211   0.12904   0.25127   2.99221   0.28945   0.16505  
 64  0.0001  14303.784419  x:  0.25095   0.04332   0.01580   0.02367   0.00432   0.01642   0.00109   0.00109   0.00764   0.02087   0.02138   0.04044   0.15764   0.62888   0.20081   0.18370   0.05688   0.01042   0.02461   0.31027   0.10370   0.06158   0.17491   0.17864   0.00211   0.12904   0.25127   2.99224   0.28944   0.16504  
 65  0.0000  14303.784418  x:  0.25095   0.04332   0.01580   0.02367   0.00432   0.01642   0.00109   0.00109   0.00764   0.02087   0.02138   0.04044   0.15764   0.62888   0.20081   0.18371   0.05688   0.01042   0.02461   0.31027   0.10370   0.06158   0.17492   0.17864   0.00211   0.12904   0.25127   2.99223   0.28944   0.16504  
 66  0.0000  14303.784418  x:  0.25095   0.04332   0.01580   0.02367   0.00432   0.01642   0.00109   0.00109   0.00764   0.02087   0.02138   0.04044   0.15764   0.62888   0.20081   0.18371   0.05688   0.01042   0.02461   0.31027   0.10370   0.06158   0.17491   0.17864   0.00211   0.12904   0.25127   2.99223   0.28944   0.16504  
 67  0.0000  14303.784418  x:  0.25095   0.04332   0.01580   0.02367   0.00432   0.01642   0.00109   0.00109   0.00764   0.02087   0.02138   0.04044   0.15764   0.62888   0.20081   0.18371   0.05688   0.01042   0.02461   0.31027   0.10370   0.06158   0.17491   0.17864   0.00211   0.12904   0.25127   2.99223   0.28944   0.16504  

Model 8: beta&w>1

TREE # 1

  0  0.0000  14340.548715  x:  0.19267   0.03459   0.01294   0.03219   0.01235   0.01777   0.00622   0.00874   0.01513   0.02139   0.02234   0.04487   0.14940   0.47009   0.17789   0.17314   0.04098   0.00667   0.01136   0.25144   0.09430   0.06133   0.16710   0.17352   0.00000   0.13713   0.20878   2.99223   0.90000   0.72833   1.19168   2.32763  
  1 99.0000  14323.948946  x:  0.19376   0.03522   0.01279   0.03011   0.00779   0.01651   0.00034   0.00254   0.01131   0.02038   0.02177   0.04365   0.14920   0.47117   0.17800   0.17313   0.04222   0.00825   0.01360   0.25223   0.09426   0.06081   0.16706   0.17322   0.00054   0.13637   0.20941   2.99223   0.89821   0.72912   1.19120   2.32752  
  2 1721.4622  14320.851806  x:  0.19416   0.03544   0.01275   0.02936   0.00625   0.01609   0.00081   0.00047   0.01002   0.02004   0.02157   0.04321   0.14912   0.47157   0.17804   0.17313   0.04266   0.00871   0.01435   0.25251   0.09424   0.06062   0.16704   0.17310   0.00072   0.13608   0.20964   2.99224   0.89754   0.72942   1.19102   2.32747  
  3 3516.0966  14317.339068  x:  0.19531   0.03605   0.01270   0.02730   0.00250   0.01509   0.00135   0.00155   0.00681   0.01920   0.02103   0.04196   0.14889   0.47276   0.17815   0.17310   0.04389   0.00963   0.01621   0.25334   0.09417   0.06006   0.16693   0.17274   0.00110   0.13522   0.21029   2.99225   0.89561   0.73028   1.19049   2.32734  
  4 1800.6595  14313.644155  x:  0.19852   0.03758   0.01303   0.02228   0.00577   0.01364   0.00167   0.00199   0.00370   0.01797   0.01976   0.03869   0.14817   0.47624   0.17842   0.17299   0.04707   0.01010   0.01984   0.25564   0.09398   0.05849   0.16644   0.17161   0.00114   0.13260   0.21209   2.99229   0.89005   0.73281   1.18895   2.32694  
  5 920.9557  14308.692366  x:  0.20431   0.04008   0.01403   0.01466   0.00635   0.01238   0.00192   0.00230   0.00806   0.01651   0.01789   0.03341   0.14686   0.48270   0.17891   0.17280   0.05251   0.01007   0.02523   0.25983   0.09367   0.05579   0.16543   0.16954   0.00082   0.12784   0.21538   2.99237   0.87987   0.73751   1.18608   2.32618  
  6 2048.0354  14304.212550  x:  0.20859   0.04124   0.01605   0.01620   0.00610   0.01492   0.00189   0.00225   0.00792   0.01796   0.01801   0.03191   0.14583   0.48811   0.17935   0.17268   0.05568   0.00814   0.02636   0.26308   0.09361   0.05430   0.16440   0.16795   0.00000   0.12429   0.21795   2.99247   0.87185   0.74144   1.18367   2.32548  
  7 940.7290  14297.954300  x:  0.21900   0.04130   0.01381   0.02243   0.00666   0.00831   0.00202   0.00244   0.00888   0.01842   0.02115   0.03668   0.14353   0.50414   0.18093   0.17275   0.05994   0.00969   0.02269   0.27192   0.09449   0.05384   0.16171   0.16486   0.00278   0.11746   0.22521   2.99296   0.85045   0.75312   1.17654   2.32308  
  8 963.8373  14294.031314  x:  0.22597   0.03974   0.00836   0.02160   0.00700   0.01270   0.00209   0.00253   0.00897   0.01615   0.02281   0.04263   0.14240   0.51724   0.18251   0.17320   0.06015   0.01302   0.01794   0.27865   0.09588   0.05580   0.16032   0.16367   0.00498   0.11462   0.23069   2.99352   0.83496   0.76264   1.17072   2.32083  
  9 1304.1384  14290.453377  x:  0.23143   0.03591   0.01438   0.01605   0.00667   0.01271   0.00204   0.00245   0.00834   0.01715   0.02187   0.04985   0.14298   0.53343   0.18514   0.17470   0.05402   0.01371   0.01271   0.28591   0.09862   0.06158   0.16098   0.16515   0.00188   0.11687   0.23615   2.99456   0.82054   0.77435   1.16356   2.31736  
 10 689.0932  14287.425932  x:  0.23380   0.03427   0.01295   0.01696   0.00682   0.01251   0.00212   0.00253   0.00854   0.01815   0.02059   0.05009   0.14480   0.54432   0.18722   0.17624   0.04785   0.01305   0.01580   0.29020   0.10030   0.06500   0.16345   0.16785   0.00000   0.12146   0.23902   2.99552   0.81392   0.78213   1.15878   2.31455  
 11 594.7531  14284.920138  x:  0.23749   0.03619   0.01666   0.01929   0.00743   0.01360   0.00223   0.00271   0.00913   0.01485   0.02223   0.04577   0.14964   0.56224   0.19083   0.17936   0.03984   0.01361   0.01608   0.29557   0.10171   0.06654   0.16851   0.17372   0.00612   0.13110   0.24267   2.99758   0.80744   0.79487   1.15088   2.30914  
 12 644.8222  14283.357548  x:  0.24021   0.03978   0.01499   0.01762   0.00713   0.01325   0.00214   0.00262   0.00880   0.01896   0.02477   0.04228   0.15398   0.57504   0.19346   0.18192   0.03724   0.01229   0.01193   0.29811   0.10188   0.06467   0.17236   0.17833   0.00775   0.13734   0.24422   2.99944   0.80623   0.80401   1.14512   2.30461  
 13 539.8876  14282.050216  x:  0.24283   0.04312   0.01415   0.01802   0.00696   0.01277   0.00213   0.00257   0.00865   0.01557   0.02553   0.04374   0.15834   0.58755   0.19584   0.18457   0.03920   0.01081   0.00965   0.29926   0.10155   0.06087   0.17641   0.18276   0.00334   0.14101   0.24438   3.00186   0.80947   0.81319   1.13918   2.29919  
 14 340.1194  14280.804149  x:  0.24548   0.04478   0.01538   0.01865   0.00754   0.01363   0.00234   0.00281   0.00921   0.01755   0.02521   0.04858   0.16263   0.60181   0.19807   0.18733   0.04387   0.01512   0.01166   0.29978   0.10126   0.05732   0.18093   0.18723   0.00234   0.14317   0.24400   3.00519   0.81613   0.82416   1.13192   2.29210  
 15 444.4773  14279.406593  x:  0.24654   0.03856   0.01494   0.01835   0.00740   0.01336   0.00223   0.00272   0.00908   0.01764   0.02284   0.04835   0.16467   0.61914   0.19900   0.18953   0.05074   0.01081   0.01152   0.29862   0.10305   0.06176   0.18342   0.18887   0.00666   0.13875   0.24267   3.01107   0.82940   0.84039   1.12048   2.28051  
 16 207.1363  14278.665850  x:  0.24477   0.03677   0.01535   0.01873   0.00750   0.01339   0.00230   0.00278   0.00912   0.01727   0.02661   0.04434   0.16395   0.62741   0.19782   0.18899   0.04941   0.01414   0.01114   0.29719   0.10341   0.06385   0.18192   0.18688   0.00418   0.13325   0.24180   3.01580   0.83754   0.85193   1.11166   2.27187  
 17 181.6704  14277.678357  x:  0.23995   0.04163   0.01513   0.01837   0.00734   0.01323   0.00223   0.00270   0.00895   0.01722   0.02334   0.04533   0.16077   0.63484   0.19377   0.18561   0.04172   0.01344   0.01173   0.29407   0.10117   0.06074   0.17636   0.18060   0.00567   0.12712   0.24057   3.02433   0.84729   0.87057   1.09619   2.25729  
 18 177.6731  14277.258194  x:  0.23841   0.04101   0.01519   0.01741   0.00728   0.01323   0.00220   0.00267   0.00888   0.01709   0.02667   0.04663   0.15685   0.63265   0.19134   0.18289   0.04305   0.01173   0.01367   0.29172   0.10040   0.05971   0.17359   0.17823   0.00594   0.13162   0.23916   3.03048   0.84878   0.88086   1.08589   2.24790  
 19 93.7386  14276.775640  x:  0.23720   0.04059   0.01509   0.01844   0.00733   0.01321   0.00223   0.00270   0.00895   0.01717   0.02382   0.04492   0.15278   0.62731   0.18934   0.18033   0.04639   0.01347   0.01222   0.28891   0.10033   0.05994   0.17118   0.17684   0.00487   0.13738   0.23749   3.03862   0.84904   0.89299   1.07274   2.23592  
 20 219.4700  14275.938456  x:  0.23516   0.04536   0.01513   0.01851   0.00743   0.01333   0.00227   0.00274   0.00908   0.01734   0.02464   0.04609   0.15476   0.60614   0.19272   0.18260   0.04909   0.01301   0.01269   0.28656   0.10294   0.06446   0.17535   0.18175   0.00514   0.13436   0.23632   3.05801   0.84621   0.91372   1.04466   2.20934  
 21 104.9216  14275.607653  x:  0.23439   0.04094   0.01517   0.01844   0.00741   0.01332   0.00225   0.00273   0.00903   0.01730   0.02439   0.04571   0.15670   0.59736   0.19488   0.18455   0.04844   0.01295   0.01230   0.28773   0.10167   0.06050   0.17720   0.18340   0.00547   0.13264   0.23741   3.06676   0.84521   0.92016   1.03326   2.19791  
 22 150.0484  14275.366226  x:  0.23781   0.04073   0.01518   0.01853   0.00744   0.01334   0.00227   0.00275   0.00906   0.01733   0.02442   0.04582   0.16159   0.59232   0.19496   0.18537   0.04877   0.01300   0.01225   0.29501   0.10015   0.06168   0.17520   0.17966   0.00522   0.13431   0.24174   3.07820   0.84776   0.91707   1.02380   2.18515  
 23 40.8572  14274.928012  x:  0.24240   0.04082   0.01517   0.01853   0.00742   0.01335   0.00226   0.00273   0.00905   0.01735   0.02444   0.04586   0.15892   0.59237   0.19222   0.18345   0.04701   0.01285   0.01198   0.30113   0.10899   0.05884   0.17582   0.18092   0.00531   0.13416   0.24269   3.10747   0.84691   0.89608   1.00440   2.15533  
 24 46.1883  14273.370936  x:  0.25000   0.04175   0.01509   0.01850   0.00729   0.01335   0.00221   0.00267   0.00898   0.01733   0.02446   0.04589   0.14892   0.60139   0.18964   0.18158   0.04350   0.01264   0.01154   0.30681   0.09899   0.06209   0.17943   0.18673   0.00509   0.13228   0.23953   3.21271   0.83328   0.81446   0.93533   2.04965  
 25 222.6008  14272.253254  x:  0.24457   0.04106   0.01512   0.01855   0.00724   0.01341   0.00219   0.00265   0.00898   0.01736   0.02447   0.04586   0.15684   0.61167   0.19586   0.18564   0.04461   0.01286   0.01266   0.29685   0.10265   0.06172   0.17429   0.17859   0.00479   0.13378   0.23943   3.28938   0.81686   0.75257   0.88291   1.97334  
 26 283.7190  14272.192091  x:  0.24213   0.04093   0.01512   0.01856   0.00723   0.01342   0.00219   0.00265   0.00898   0.01736   0.02448   0.04587   0.15861   0.61248   0.19381   0.18306   0.04559   0.01279   0.01266   0.29602   0.10249   0.06184   0.17446   0.18021   0.00469   0.13352   0.24290   3.29259   0.81594   0.74875   0.87823   1.97050  
 27 25.1909  14272.051169  x:  0.23614   0.04233   0.01513   0.01864   0.00723   0.01344   0.00219   0.00265   0.00899   0.01740   0.02455   0.04588   0.15420   0.61420   0.19648   0.18523   0.04752   0.01279   0.01247   0.29933   0.10288   0.06190   0.17584   0.17963   0.00458   0.13408   0.24731   3.29145   0.81790   0.73684   0.85272   1.97525  
 28  9.6328  14270.188369  x:  0.22843   0.04345   0.01523   0.01879   0.00693   0.01352   0.00206   0.00249   0.00885   0.01754   0.02447   0.04530   0.15716   0.62838   0.19639   0.18397   0.05139   0.01285   0.01298   0.31443   0.10369   0.06209   0.17313   0.18221   0.00490   0.13340   0.23892   3.26807   0.83170   0.61095   0.56415   2.04102  
 29 77.6328  14269.715147  x:  0.23446   0.04359   0.01525   0.01883   0.00685   0.01354   0.00202   0.00245   0.00881   0.01756   0.02445   0.04518   0.15542   0.63164   0.19728   0.18462   0.05001   0.01284   0.01320   0.31024   0.10385   0.06227   0.17554   0.18080   0.00468   0.13352   0.24430   3.26126   0.83777   0.57389   0.47923   2.06084  
 30 342.9635  14269.700337  x:  0.23490   0.04364   0.01525   0.01884   0.00684   0.01354   0.00202   0.00245   0.00881   0.01756   0.02444   0.04515   0.15513   0.63170   0.19809   0.18491   0.04992   0.01280   0.01339   0.30997   0.10387   0.06226   0.17355   0.18225   0.00468   0.13348   0.24488   3.26136   0.83816   0.57317   0.47756   2.06154  
 31  8.2511  14269.016756  x:  0.23896   0.04347   0.01526   0.01892   0.00640   0.01358   0.00184   0.00223   0.00857   0.01760   0.02409   0.04436   0.15543   0.63496   0.21484   0.16868   0.04948   0.01260   0.01399   0.31090   0.10384   0.06200   0.17544   0.18119   0.00449   0.13295   0.24558   3.29027   0.83840   0.58586   0.49093   2.09590  
 32  1.7485  14265.236144  x:  0.25373   0.04330   0.01537   0.01958   0.00411   0.01391   0.00090   0.00109   0.00737   0.01788   0.02232   0.04030   0.15721   0.65194   0.20270   0.18664   0.04972   0.01237   0.01821   0.30938   0.10429   0.06103   0.17805   0.18163   0.00238   0.13196   0.25498   3.44355   0.82849   0.65796   0.56868   2.27782  
 33 88.1386  14264.084603  x:  0.26233   0.04317   0.01540   0.01996   0.00344   0.01409   0.00064   0.00076   0.00704   0.01806   0.02181   0.03926   0.15653   0.65156   0.20324   0.18580   0.04827   0.01222   0.01975   0.30701   0.10445   0.06108   0.17869   0.18050   0.00173   0.13141   0.25916   3.27188   0.81608   0.64832   0.61088   2.14981  
 34  5.5680  14262.813272  x:  0.26962   0.04223   0.01576   0.02290   0.00461   0.01526   0.00141   0.00150   0.00779   0.01969   0.02187   0.03989   0.15981   0.66412   0.20157   0.18912   0.04784   0.01085   0.02245   0.31496   0.10548   0.06154   0.17966   0.18189   0.00000   0.13137   0.26055   3.20164   0.80482   0.62227   0.59801   2.15627  
 35  0.1257  14262.514088  x:  0.26637   0.04220   0.01604   0.02361   0.00428   0.01587   0.00119   0.00119   0.00768   0.02059   0.02190   0.04049   0.16142   0.66893   0.20208   0.18878   0.04951   0.01040   0.02378   0.32233   0.10582   0.06151   0.17882   0.18291   0.00033   0.13115   0.25732   3.24188   0.80493   0.60463   0.55525   2.21046  
 36  0.1105  14262.460123  x:  0.26724   0.04221   0.01616   0.02368   0.00429   0.01622   0.00111   0.00109   0.00767   0.02096   0.02195   0.04071   0.16010   0.66788   0.20283   0.18922   0.04893   0.01043   0.02451   0.31964   0.10585   0.06165   0.17901   0.18262   0.00088   0.13132   0.25946   3.24575   0.80534   0.61802   0.56592   2.21065  
 37  0.0189  14262.452974  x:  0.26711   0.04228   0.01610   0.02363   0.00428   0.01634   0.00109   0.00107   0.00764   0.02094   0.02193   0.04048   0.15989   0.66753   0.20287   0.18906   0.04886   0.01055   0.02481   0.31917   0.10580   0.06168   0.17892   0.18261   0.00050   0.13138   0.25951   3.24121   0.80539   0.61751   0.56623   2.20214  
 38  0.0099  14262.452092  x:  0.26704   0.04227   0.01607   0.02359   0.00429   0.01639   0.00109   0.00108   0.00764   0.02092   0.02189   0.04047   0.16000   0.66758   0.20276   0.18900   0.04885   0.01049   0.02492   0.31927   0.10581   0.06168   0.17888   0.18263   0.00061   0.13136   0.25930   3.23994   0.80521   0.61648   0.56601   2.19910  
 39  0.0034  14262.451951  x:  0.26706   0.04225   0.01605   0.02357   0.00429   0.01642   0.00109   0.00109   0.00764   0.02091   0.02191   0.04051   0.16003   0.66759   0.20273   0.18902   0.04883   0.01048   0.02496   0.31923   0.10580   0.06167   0.17888   0.18262   0.00059   0.13136   0.25930   3.24096   0.80512   0.61724   0.56709   2.19952  
 40  0.0015  14262.451940  x:  0.26704   0.04226   0.01605   0.02357   0.00429   0.01643   0.00109   0.00108   0.00764   0.02091   0.02191   0.04050   0.16003   0.66759   0.20275   0.18901   0.04885   0.01049   0.02496   0.31927   0.10580   0.06167   0.17888   0.18262   0.00059   0.13136   0.25929   3.24103   0.80508   0.61754   0.56743   2.19963  
 41  0.0004  14262.451936  x:  0.26704   0.04226   0.01605   0.02357   0.00429   0.01643   0.00109   0.00108   0.00764   0.02090   0.02191   0.04050   0.16002   0.66759   0.20276   0.18901   0.04885   0.01049   0.02496   0.31927   0.10580   0.06167   0.17888   0.18262   0.00060   0.13136   0.25930   3.24094   0.80501   0.61782   0.56790   2.19922  
 42  0.0003  14262.451934  x:  0.26705   0.04226   0.01605   0.02357   0.00429   0.01643   0.00109   0.00108   0.00764   0.02090   0.02191   0.04050   0.16002   0.66760   0.20275   0.18901   0.04885   0.01049   0.02495   0.31927   0.10580   0.06167   0.17888   0.18262   0.00059   0.13136   0.25930   3.24098   0.80496   0.61796   0.56811   2.19901  
 43  0.0002  14262.451934  x:  0.26704   0.04226   0.01605   0.02357   0.00429   0.01643   0.00109   0.00108   0.00764   0.02091   0.02191   0.04050   0.16002   0.66761   0.20275   0.18901   0.04885   0.01049   0.02496   0.31927   0.10580   0.06167   0.17888   0.18262   0.00060   0.13136   0.25929   3.24101   0.80494   0.61805   0.56823   2.19894  