

TREE # 1

  0  0.0000   1194.788809  x:  0.00265   0.00065   0.00334   0.00040   0.00145   0.00143   0.00070   0.00083   0.00142   0.00041   0.00107   0.00053   0.00050   0.01274   0.00396   0.01339   0.01236   0.00966   0.00120   0.00162   0.00147   0.00645   0.00027   0.00041   0.00320   0.00444   0.00000   0.00560   0.00832  
  1 99.0000   1194.784198  x:  0.00265   0.00065   0.00334   0.00040   0.00145   0.00143   0.00070   0.00083   0.00142   0.00041   0.00107   0.00053   0.00050   0.01274   0.00395   0.01339   0.01236   0.00966   0.00120   0.00162   0.00147   0.00645   0.00027   0.00041   0.00320   0.00444   0.00000   0.00560   0.00832  
  2 1416.3548   1193.394304  x:  0.00264   0.00067   0.00336   0.00014   0.00119   0.00117   0.00044   0.00057   0.00116   0.00015   0.00080   0.00027   0.00024   0.01272   0.00393   0.01340   0.01235   0.00964   0.00094   0.00136   0.00120   0.00644   0.00000   0.00015   0.00320   0.00439   0.00000   0.00560   0.00826  
  3 57377.3977   1192.725517  x:  0.00265   0.00067   0.00336   0.00000   0.00105   0.00103   0.00030   0.00043   0.00102   0.00001   0.00067   0.00013   0.00010   0.01272   0.00393   0.01341   0.01234   0.00963   0.00080   0.00122   0.00107   0.00644   0.00000   0.00001   0.00321   0.00439   0.00000   0.00560   0.00824  
  4 291325.6770   1192.725517  x:  0.00265   0.00067   0.00336   0.00000   0.00105   0.00103   0.00030   0.00043   0.00102   0.00001   0.00067   0.00013   0.00010   0.01272   0.00393   0.01341   0.01234   0.00963   0.00080   0.00122   0.00107   0.00644   0.00000   0.00001   0.00321   0.00439   0.00000   0.00560   0.00824  
  5 3923520.1569   1192.688261  x:  0.00265   0.00067   0.00336   0.00000   0.00104   0.00102   0.00030   0.00042   0.00101   0.00000   0.00066   0.00013   0.00009   0.01272   0.00393   0.01341   0.01234   0.00963   0.00079   0.00122   0.00106   0.00644   0.00000   0.00000   0.00321   0.00439   0.00000   0.00560   0.00824  
  6 1281.1459   1192.344802  x:  0.00264   0.00067   0.00337   0.00000   0.00095   0.00093   0.00021   0.00034   0.00092   0.00000   0.00057   0.00004   0.00000   0.01271   0.00392   0.01341   0.01234   0.00963   0.00071   0.00113   0.00097   0.00643   0.00000   0.00000   0.00321   0.00437   0.00000   0.00561   0.00822  
  7 35138.6519   1192.230475  x:  0.00264   0.00067   0.00337   0.00000   0.00092   0.00090   0.00017   0.00030   0.00089   0.00000   0.00054   0.00000   0.00000   0.01271   0.00392   0.01341   0.01234   0.00963   0.00067   0.00109   0.00094   0.00643   0.00000   0.00000   0.00321   0.00437   0.00000   0.00561   0.00822  
  8 165606.2674   1192.230475  x:  0.00264   0.00067   0.00337   0.00000   0.00092   0.00090   0.00017   0.00030   0.00089   0.00000   0.00054   0.00000   0.00000   0.01271   0.00392   0.01341   0.01234   0.00963   0.00067   0.00109   0.00094   0.00643   0.00000   0.00000   0.00321   0.00437   0.00000   0.00561   0.00822  
  9 15486363.1350   1191.667832  x:  0.00266   0.00063   0.00332   0.00000   0.00075   0.00073   0.00000   0.00013   0.00072   0.00000   0.00037   0.00000   0.00000   0.01270   0.00388   0.01343   0.01232   0.00961   0.00050   0.00092   0.00077   0.00641   0.00000   0.00000   0.00319   0.00432   0.00000   0.00561   0.00817  
 10 1074.4372   1191.302828  x:  0.00265   0.00064   0.00333   0.00000   0.00062   0.00060   0.00000   0.00000   0.00059   0.00000   0.00024   0.00000   0.00000   0.01269   0.00387   0.01343   0.01232   0.00960   0.00037   0.00079   0.00064   0.00641   0.00000   0.00000   0.00319   0.00430   0.00000   0.00561   0.00814  
 11 22041.0775   1190.725824  x:  0.00266   0.00064   0.00333   0.00000   0.00039   0.00037   0.00000   0.00000   0.00036   0.00000   0.00000   0.00000   0.00000   0.01268   0.00387   0.01344   0.01231   0.00959   0.00014   0.00056   0.00040   0.00640   0.00000   0.00000   0.00319   0.00430   0.00000   0.00561   0.00812  
 12 90403.0665   1190.725824  x:  0.00266   0.00064   0.00333   0.00000   0.00039   0.00037   0.00000   0.00000   0.00036   0.00000   0.00000   0.00000   0.00000   0.01268   0.00387   0.01344   0.01231   0.00959   0.00014   0.00056   0.00040   0.00640   0.00000   0.00000   0.00319   0.00430   0.00000   0.00561   0.00812  
 13 280083093.8283   1190.422344  x:  0.00267   0.00060   0.00329   0.00000   0.00025   0.00023   0.00000   0.00000   0.00022   0.00000   0.00000   0.00000   0.00000   0.01267   0.00384   0.01345   0.01230   0.00958   0.00000   0.00042   0.00027   0.00639   0.00000   0.00000   0.00318   0.00425   0.00000   0.00561   0.00808  
 14 886.2143   1190.035468  x:  0.00266   0.00062   0.00331   0.00000   0.00003   0.00001   0.00000   0.00000   0.00000   0.00000   0.00000   0.00000   0.00000   0.01265   0.00382   0.01346   0.01229   0.00956   0.00000   0.00021   0.00005   0.00638   0.00000   0.00000   0.00318   0.00422   0.00000   0.00561   0.00803  
 15 12097.8635   1190.020169  x:  0.00266   0.00062   0.00331   0.00000   0.00002   0.00000   0.00000   0.00000   0.00000   0.00000   0.00000   0.00000   0.00000   0.01265   0.00382   0.01346   0.01229   0.00956   0.00000   0.00019   0.00004   0.00638   0.00000   0.00000   0.00318   0.00422   0.00000   0.00561   0.00803  
 16 39346.1547   1190.020169  x:  0.00266   0.00062   0.00331   0.00000   0.00002   0.00000   0.00000   0.00000   0.00000   0.00000   0.00000   0.00000   0.00000   0.01265   0.00382   0.01346   0.01229   0.00956   0.00000   0.00019   0.00004   0.00638   0.00000   0.00000   0.00318   0.00422   0.00000   0.00561   0.00803  
 17 1856255.0308   1189.997636  x:  0.00266   0.00061   0.00331   0.00000   0.00000   0.00000   0.00000   0.00000   0.00000   0.00000   0.00000   0.00000   0.00000   0.01265   0.00382   0.01346   0.01229   0.00956   0.00000   0.00018   0.00002   0.00638   0.00000   0.00000   0.00318   0.00421   0.00000   0.00562   0.00803  
 18 646.3625   1189.984708  x:  0.00266   0.00061   0.00331   0.00000   0.00000   0.00000   0.00000   0.00000   0.00000   0.00000   0.00000   0.00000   0.00000   0.01265   0.00381   0.01346   0.01229   0.00956   0.00000   0.00016   0.00000   0.00638   0.00000   0.00000   0.00318   0.00421   0.00000   0.00562   0.00802  
 19 3625.5724   1189.929946  x:  0.00266   0.00061   0.00331   0.00000   0.00000   0.00000   0.00000   0.00000   0.00000   0.00000   0.00000   0.00000   0.00000   0.01265   0.00382   0.01347   0.01228   0.00955   0.00000   0.00000   0.00000   0.00637   0.00000   0.00000   0.00318   0.00421   0.00000   0.00562   0.00801  
 20 5179.1878   1189.920012  x:  0.00243   0.00058   0.00327   0.00000   0.00000   0.00000   0.00000   0.00000   0.00000   0.00000   0.00000   0.00000   0.00000   0.01250   0.00379   0.01357   0.01218   0.00951   0.00000   0.00000   0.00000   0.00644   0.00000   0.00000   0.00295   0.00439   0.00000   0.00562   0.00780  
 21 27.4055   1189.898449  x:  0.00274   0.00068   0.00336   0.00000   0.00000   0.00000   0.00000   0.00000   0.00000   0.00000   0.00000   0.00000   0.00000   0.01218   0.00338   0.01375   0.01199   0.00952   0.00000   0.00000   0.00000   0.00660   0.00000   0.00000   0.00274   0.00457   0.00000   0.00565   0.00764  
 22 18.5488   1189.822716  x:  0.00244   0.00065   0.00327   0.00000   0.00000   0.00000   0.00000   0.00000   0.00000   0.00000   0.00000   0.00000   0.00000   0.01146   0.00267   0.01417   0.01156   0.00959   0.00000   0.00000   0.00000   0.00670   0.00000   0.00000   0.00333   0.00412   0.00000   0.00571   0.00745  
 23 31.9697   1189.710508  x:  0.00246   0.00075   0.00330   0.00000   0.00000   0.00000   0.00000   0.00000   0.00000   0.00000   0.00000   0.00000   0.00000   0.01098   0.00292   0.01449   0.01126   0.00952   0.00000   0.00000   0.00000   0.00636   0.00000   0.00000   0.00292   0.00279   0.00000   0.00577   0.00714  
 24 72.7774   1189.660542  x:  0.00245   0.00080   0.00330   0.00000   0.00000   0.00000   0.00000   0.00000   0.00000   0.00000   0.00000   0.00000   0.00000   0.01168   0.00260   0.01425   0.01161   0.00906   0.00000   0.00000   0.00000   0.00553   0.00000   0.00000   0.00286   0.00277   0.00000   0.00574   0.00654  
 25 51.1682   1189.656431  x:  0.00245   0.00080   0.00330   0.00000   0.00000   0.00000   0.00000   0.00000   0.00000   0.00000   0.00000   0.00000   0.00000   0.01187   0.00257   0.01415   0.01171   0.00893   0.00000   0.00000   0.00000   0.00579   0.00000   0.00000   0.00286   0.00270   0.00000   0.00578   0.00640  
 26 20.8423   1189.656395  x:  0.00245   0.00080   0.00330   0.00000   0.00000   0.00000   0.00000   0.00000   0.00000   0.00000   0.00000   0.00000   0.00000   0.01186   0.00257   0.01411   0.01169   0.00892   0.00000   0.00000   0.00000   0.00579   0.00000   0.00000   0.00286   0.00270   0.00000   0.00578   0.00640  
 27  1.0814   1189.656357  x:  0.00245   0.00081   0.00329   0.00000   0.00000   0.00000   0.00000   0.00000   0.00000   0.00000   0.00000   0.00000   0.00000   0.01185   0.00257   0.01409   0.01168   0.00893   0.00000   0.00000   0.00000   0.00579   0.00000   0.00000   0.00286   0.00270   0.00000   0.00576   0.00639  
 28  0.3693   1189.655752  x:  0.00245   0.00099   0.00310   0.00000   0.00000   0.00000   0.00000   0.00000   0.00000   0.00000   0.00000   0.00000   0.00000   0.01184   0.00257   0.01403   0.01171   0.00906   0.00000   0.00000   0.00000   0.00578   0.00000   0.00000   0.00286   0.00271   0.00000   0.00583   0.00633  
 29  0.8419   1189.636833  x:  0.00248   0.00395   0.00000   0.00000   0.00000   0.00000   0.00000   0.00000   0.00000   0.00000   0.00000   0.00000   0.00000   0.01174   0.00259   0.01404   0.01181   0.00900   0.00000   0.00000   0.00000   0.00578   0.00000   0.00000   0.00286   0.00272   0.00000   0.00582   0.00628  
 30 10.6398   1189.610099  x:  0.00247   0.00344   0.00000   0.00000   0.00000   0.00000   0.00000   0.00000   0.00000   0.00000   0.00000   0.00000   0.00000   0.01234   0.00259   0.01415   0.01098   0.00920   0.00000   0.00000   0.00000   0.00579   0.00000   0.00000   0.00286   0.00271   0.00000   0.00584   0.00629  
 31 58.4751   1189.610099  x:  0.00247   0.00344   0.00000   0.00000   0.00000   0.00000   0.00000   0.00000   0.00000   0.00000   0.00000   0.00000   0.00000   0.01234   0.00259   0.01415   0.01098   0.00920   0.00000   0.00000   0.00000   0.00579   0.00000   0.00000   0.00286   0.00271   0.00000   0.00584   0.00629  
 32  0.0278   1189.560776  x:  0.00302   0.00289   0.00000   0.00000   0.00000   0.00000   0.00000   0.00000   0.00000   0.00000   0.00000   0.00000   0.00000   0.01213   0.00296   0.01422   0.01112   0.00898   0.00000   0.00000   0.00000   0.00576   0.00000   0.00000   0.00287   0.00291   0.00000   0.00578   0.00599  
 33 101.9237   1189.550199  x:  0.00284   0.00275   0.00000   0.00000   0.00000   0.00000   0.00000   0.00000   0.00000   0.00000   0.00000   0.00000   0.00000   0.01183   0.00286   0.01432   0.01132   0.00868   0.00000   0.00000   0.00000   0.00573   0.00000   0.00000   0.00287   0.00287   0.00000   0.00572   0.00568  
 34 36.9320   1189.548089  x:  0.00289   0.00288   0.00000   0.00000   0.00000   0.00000   0.00000   0.00000   0.00000   0.00000   0.00000   0.00000   0.00000   0.01168   0.00289   0.01438   0.01141   0.00857   0.00000   0.00000   0.00000   0.00573   0.00000   0.00000   0.00287   0.00287   0.00000   0.00572   0.00565  
 35 21.4066   1189.547674  x:  0.00289   0.00286   0.00000   0.00000   0.00000   0.00000   0.00000   0.00000   0.00000   0.00000   0.00000   0.00000   0.00000   0.01160   0.00288   0.01442   0.01145   0.00856   0.00000   0.00000   0.00000   0.00574   0.00000   0.00000   0.00287   0.00287   0.00000   0.00574   0.00574  
 36  7.1755   1189.547652  x:  0.00289   0.00286   0.00000   0.00000   0.00000   0.00000   0.00000   0.00000   0.00000   0.00000   0.00000   0.00000   0.00000   0.01158   0.00289   0.01444   0.01145   0.00859   0.00000   0.00000   0.00000   0.00573   0.00000   0.00000   0.00287   0.00287   0.00000   0.00574   0.00573  
 37  1.2992   1189.547646  x:  0.00289   0.00286   0.00001   0.00000   0.00000   0.00000   0.00000   0.00000   0.00000   0.00000   0.00000   0.00000   0.00000   0.01158   0.00289   0.01444   0.01145   0.00859   0.00000   0.00000   0.00000   0.00573   0.00000   0.00000   0.00287   0.00287   0.00000   0.00574   0.00573  
 38  1.1790   1189.547646  x:  0.00289   0.00286   0.00001   0.00000   0.00000   0.00000   0.00000   0.00000   0.00000   0.00000   0.00000   0.00000   0.00000   0.01158   0.00288   0.01444   0.01145   0.00859   0.00000   0.00000   0.00000   0.00573   0.00000   0.00000   0.00287   0.00287   0.00000   0.00574   0.00573  
 39  0.1656   1189.547646  x:  0.00289   0.00286   0.00001   0.00000   0.00000   0.00000   0.00000   0.00000   0.00000   0.00000   0.00000   0.00000   0.00000   0.01158   0.00288   0.01444   0.01145   0.00859   0.00000   0.00000   0.00000   0.00573   0.00000   0.00000   0.00287   0.00287   0.00000   0.00574   0.00573  
 40  5.5869   1189.547646  x:  0.00289   0.00286   0.00001   0.00000   0.00000   0.00000   0.00000   0.00000   0.00000   0.00000   0.00000   0.00000   0.00000   0.01158   0.00288   0.01444   0.01145   0.00858   0.00000   0.00000   0.00000   0.00574   0.00000   0.00000   0.00287   0.00287   0.00000   0.00574   0.00573  
 41  0.0768   1189.547646  x:  0.00289   0.00286   0.00001   0.00000   0.00000   0.00000   0.00000   0.00000   0.00000   0.00000   0.00000   0.00000   0.00000   0.01159   0.00288   0.01444   0.01145   0.00858   0.00000   0.00000   0.00000   0.00574   0.00000   0.00000   0.00287   0.00287   0.00000   0.00574   0.00573  
 42  0.0289   1189.547646  x:  0.00289   0.00286   0.00001   0.00000   0.00000   0.00000   0.00000   0.00000   0.00000   0.00000   0.00000   0.00000   0.00000   0.01159   0.00288   0.01444   0.01145   0.00858   0.00000   0.00000   0.00000   0.00573   0.00000   0.00000   0.00287   0.00287   0.00000   0.00574   0.00573  
 43  0.0056   1189.547646  x:  0.00289   0.00286   0.00001   0.00000   0.00000   0.00000   0.00000   0.00000   0.00000   0.00000   0.00000   0.00000   0.00000   0.01159   0.00289   0.01444   0.01145   0.00858   0.00000   0.00000   0.00000   0.00573   0.00000   0.00000   0.00287   0.00287   0.00000   0.00574   0.00573  
 44  0.0036   1189.547645  x:  0.00289   0.00286   0.00001   0.00000   0.00000   0.00000   0.00000   0.00000   0.00000   0.00000   0.00000   0.00000   0.00000   0.01159   0.00289   0.01445   0.01145   0.00858   0.00000   0.00000   0.00000   0.00573   0.00000   0.00000   0.00287   0.00287   0.00000   0.00574   0.00573  
 45  0.0490   1189.547645  x:  0.00289   0.00286   0.00001   0.00000   0.00000   0.00000   0.00000   0.00000   0.00000   0.00000   0.00000   0.00000   0.00000   0.01159   0.00289   0.01445   0.01145   0.00858   0.00000   0.00000   0.00000   0.00573   0.00000   0.00000   0.00287   0.00287   0.00000   0.00574   0.00573  
 46  0.0242   1189.547614  x:  0.00287   0.00287   0.00001   0.00000   0.00000   0.00000   0.00000   0.00000   0.00000   0.00000   0.00000   0.00000   0.00000   0.01159   0.00287   0.01444   0.01145   0.00859   0.00000   0.00000   0.00000   0.00574   0.00000   0.00000   0.00287   0.00287   0.00000   0.00574   0.00574  
 47  0.0001   1189.547614  x:  0.00287   0.00287   0.00001   0.00000   0.00000   0.00000   0.00000   0.00000   0.00000   0.00000   0.00000   0.00000   0.00000   0.01159   0.00287   0.01444   0.01145   0.00859   0.00000   0.00000   0.00000   0.00574   0.00000   0.00000   0.00287   0.00287   0.00000   0.00574   0.00574  