

TREE # 1

  0  0.0000  11362.565343  x:  0.00000   0.08933   0.06290   0.02124   0.06047   0.05785   0.03230   0.02853   0.05822   0.02059   0.04866   0.02937   0.04016   0.06252   0.21013   0.29808   0.13028   0.13036   0.07451   0.03253   0.08160   0.14789   0.03098   0.04235   0.08150   0.17142   0.02860   0.11958   0.35569   2.00000   0.90000   0.29673   1.19979  
  1 99.0000  11217.283075  x:  0.00899   0.10018   0.05278   0.00821   0.03556   0.03078   0.00874   0.00000   0.02974   0.00552   0.02791   0.01665   0.03718   0.07099   0.22785   0.31124   0.13486   0.14295   0.07688   0.01539   0.07582   0.15951   0.03817   0.04376   0.09588   0.17629   0.02273   0.12132   0.36812   2.00382   0.88021   0.31415   1.19608  
  2 2078.8839  11199.093900  x:  0.01130   0.10305   0.05009   0.00490   0.02892   0.02354   0.00263   0.00073   0.02212   0.00184   0.02240   0.01335   0.03641   0.07323   0.23258   0.31475   0.13607   0.14629   0.07750   0.01082   0.07428   0.16260   0.04004   0.04412   0.09969   0.17759   0.02117   0.12178   0.37144   2.00485   0.87495   0.31878   1.19509  
  3 14280.1452  11179.919707  x:  0.01304   0.10567   0.04759   0.00370   0.02259   0.01656   0.00048   0.00095   0.01461   0.00575   0.01748   0.01107   0.03586   0.07523   0.23705   0.31814   0.13721   0.14944   0.07802   0.00653   0.07281   0.16551   0.04156   0.04440   0.10316   0.17886   0.01974   0.12224   0.37468   2.00587   0.86999   0.32306   1.19417  
  4 9743.4464  11151.813603  x:  0.01572   0.10967   0.04378   0.00193   0.01296   0.00593   0.00235   0.00127   0.00316   0.00905   0.01002   0.00762   0.03501   0.07830   0.24390   0.32331   0.13895   0.15426   0.07884   0.00000   0.07057   0.16995   0.04389   0.04484   0.10846   0.18079   0.01757   0.12294   0.37962   2.00743   0.86241   0.32960   1.19276  
  5 42659.1679  11151.813603  x:  0.01572   0.10967   0.04378   0.00193   0.01296   0.00593   0.00235   0.00127   0.00316   0.00905   0.01002   0.00762   0.03501   0.07830   0.24390   0.32331   0.13895   0.15426   0.07884   0.00000   0.07057   0.16995   0.04389   0.04484   0.10846   0.18079   0.01757   0.12294   0.37962   2.00743   0.86241   0.32960   1.19276  
  6 6615.3007  11136.127625  x:  0.01496   0.11020   0.04333   0.01552   0.01216   0.00566   0.01113   0.00297   0.00102   0.00981   0.01240   0.01278   0.03563   0.07860   0.24542   0.32466   0.13928   0.15523   0.07888   0.00088   0.07018   0.17086   0.04356   0.04474   0.10914   0.18137   0.01748   0.12321   0.38102   2.00796   0.86087   0.33072   1.19248  
  7 3331.9861  11130.982162  x:  0.01377   0.11104   0.04241   0.01608   0.01066   0.00546   0.01044   0.00041   0.00288   0.01053   0.01454   0.01593   0.03606   0.07910   0.24795   0.32692   0.13985   0.15683   0.07898   0.00147   0.06954   0.17237   0.04307   0.04460   0.11026   0.18234   0.01735   0.12368   0.38337   2.00884   0.85825   0.33268   1.19200  
  8 998.7125  11116.778563  x:  0.00763   0.11548   0.03759   0.01560   0.00318   0.00469   0.00495   0.00457   0.00802   0.01379   0.02434   0.03014   0.03821   0.08171   0.26124   0.33884   0.14286   0.16528   0.07954   0.00401   0.06619   0.18031   0.04057   0.04395   0.11616   0.18744   0.01664   0.12615   0.39573   2.01350   0.84448   0.34301   1.18948  
  9 4474.3519  11092.340509  x:  0.00000   0.12183   0.03164   0.01118   0.01162   0.00656   0.00476   0.00454   0.00284   0.01463   0.03052   0.04084   0.04087   0.08542   0.28010   0.35600   0.14710   0.17713   0.08062   0.00449   0.06169   0.19148   0.03788   0.04355   0.12431   0.19466   0.01578   0.12975   0.41357   2.02037   0.82488   0.35793   1.18583  
 10 2793.8829  11092.340509  x:  0.00000   0.12183   0.03164   0.01118   0.01162   0.00656   0.00476   0.00454   0.00284   0.01463   0.03052   0.04084   0.04087   0.08542   0.28010   0.35600   0.14710   0.17713   0.08062   0.00449   0.06169   0.19148   0.03788   0.04355   0.12431   0.19466   0.01578   0.12975   0.41357   2.02037   0.82488   0.35793   1.18583  
 11 3521.1896  11087.016361  x:  0.00049   0.12239   0.03214   0.01163   0.01022   0.00595   0.00795   0.00175   0.00043   0.01346   0.02821   0.03829   0.04083   0.08572   0.28159   0.35751   0.14740   0.17796   0.08097   0.00362   0.06160   0.19228   0.03830   0.04388   0.12480   0.19523   0.01586   0.13010   0.41517   2.02109   0.82331   0.35923   1.18551  
 12 1029.2386  11084.886611  x:  0.00078   0.12273   0.03243   0.01188   0.00944   0.00565   0.00944   0.00043   0.00111   0.01280   0.02685   0.03676   0.04081   0.08589   0.28249   0.35843   0.14758   0.17847   0.08119   0.00313   0.06156   0.19277   0.03855   0.04407   0.12510   0.19558   0.01591   0.13031   0.41614   2.02153   0.82236   0.36002   1.18532  
 13 3708.6031  11076.478927  x:  0.00261   0.12503   0.03435   0.01344   0.00459   0.00397   0.01767   0.00311   0.00317   0.00862   0.01777   0.02650   0.04067   0.08707   0.28861   0.36466   0.14881   0.18189   0.08262   0.00000   0.06124   0.19608   0.04018   0.04533   0.12712   0.19795   0.01623   0.13176   0.42276   2.02454   0.81592   0.36536   1.18399  
 14 3968.6412  11066.562236  x:  0.00434   0.12832   0.03653   0.01426   0.00967   0.00861   0.01691   0.00312   0.00313   0.00903   0.00859   0.01391   0.04056   0.08876   0.29795   0.37430   0.15069   0.18708   0.08470   0.00133   0.06109   0.20112   0.04214   0.04689   0.13015   0.20170   0.01674   0.13401   0.43304   2.02930   0.80607   0.37355   1.18196  
 15 1591.5466  11053.236789  x:  0.00589   0.13356   0.03946   0.01424   0.00866   0.00479   0.01171   0.00255   0.00249   0.01097   0.01335   0.00490   0.04041   0.09145   0.31367   0.39074   0.15387   0.19578   0.08775   0.00103   0.06084   0.20959   0.04470   0.04902   0.13518   0.20802   0.01722   0.13775   0.45064   2.03763   0.78935   0.38751   1.17848  
 16 1590.3825  11020.345646  x:  0.00900   0.14488   0.04565   0.01489   0.00852   0.00218   0.00575   0.00201   0.00185   0.01174   0.01378   0.00990   0.04025   0.09720   0.34777   0.42651   0.16076   0.21461   0.09425   0.00000   0.06036   0.22794   0.05005   0.05349   0.14605   0.22174   0.01814   0.14585   0.48897   2.05590   0.75301   0.41792   1.17089  
 17 5442.9015  10993.933628  x:  0.01101   0.16305   0.05356   0.01451   0.00198   0.02281   0.00878   0.00257   0.00241   0.01280   0.02942   0.01604   0.04104   0.10634   0.40520   0.48755   0.17236   0.24612   0.10414   0.00011   0.06019   0.25870   0.05693   0.05952   0.16403   0.24497   0.01880   0.15944   0.55465   2.08799   0.69113   0.46998   1.15787  
 18 10196.1832  10992.008217  x:  0.01088   0.16355   0.05364   0.01450   0.00285   0.02302   0.00959   0.00270   0.00254   0.01261   0.03030   0.01620   0.04116   0.10659   0.40700   0.48951   0.17271   0.24709   0.10438   0.00000   0.06022   0.25965   0.05701   0.05961   0.16457   0.24570   0.01876   0.15986   0.55678   2.08909   0.68914   0.47167   1.15745  
 19 5155.8395  10984.779004  x:  0.00000   0.16270   0.04524   0.01335   0.00254   0.02034   0.01413   0.00334   0.00320   0.01383   0.03029   0.01651   0.04626   0.10566   0.41535   0.50167   0.17415   0.25060   0.10192   0.01108   0.06319   0.26330   0.05028   0.05500   0.16564   0.24946   0.01572   0.16163   0.57089   2.09953   0.67699   0.48285   1.15450  
 20 777.7849  10978.650348  x:  0.00000   0.15818   0.02955   0.01469   0.00248   0.02147   0.01090   0.00279   0.00267   0.01071   0.02851   0.01572   0.05253   0.10265   0.42223   0.51667   0.17476   0.25172   0.09542   0.00308   0.06718   0.26473   0.03845   0.04708   0.16400   0.25232   0.00938   0.16275   0.58941   2.11762   0.66278   0.49705   1.15060  
 21 681.0896  10976.460795  x:  0.00000   0.15466   0.02940   0.01380   0.00237   0.02111   0.01243   0.00295   0.00285   0.01665   0.02719   0.01578   0.05253   0.10171   0.42258   0.52286   0.17418   0.24993   0.09189   0.00000   0.06925   0.26321   0.03873   0.04727   0.16143   0.25247   0.00908   0.16337   0.59799   2.12941   0.65809   0.50272   1.14895  
 22 357.2748  10965.355139  x:  0.00000   0.13084   0.04130   0.01553   0.00227   0.02057   0.01130   0.00265   0.00259   0.00966   0.02498   0.01453   0.04634   0.09719   0.42007   0.56320   0.16908   0.23416   0.07111   0.00044   0.08271   0.24931   0.04970   0.05494   0.14190   0.25172   0.01243   0.16795   0.65562   2.21632   0.63064   0.53889   1.13818  
 23 873.5117  10952.641851  x:  0.00000   0.14888   0.04708   0.02796   0.00185   0.01843   0.01386   0.00278   0.00280   0.01097   0.02098   0.01317   0.04278   0.11011   0.41047   0.61371   0.16949   0.21754   0.11995   0.00055   0.07402   0.23421   0.04357   0.05172   0.13884   0.24957   0.01271   0.17241   0.73030   2.37383   0.61440   0.57695   1.12639  
 24 394.5794  10949.920399  x:  0.00000   0.15183   0.04598   0.02167   0.00181   0.01817   0.01389   0.00271   0.00275   0.00957   0.02001   0.01288   0.04415   0.11104   0.40998   0.61857   0.17070   0.21783   0.12327   0.00000   0.07291   0.23472   0.04560   0.05309   0.14157   0.24984   0.01147   0.17272   0.73772   2.39462   0.61402   0.58045   1.12528  
 25 648.8611  10942.260539  x:  0.00000   0.16833   0.03931   0.03713   0.00148   0.01683   0.01544   0.00279   0.00288   0.01103   0.01759   0.01197   0.04596   0.10713   0.41740   0.63271   0.18525   0.24141   0.10844   0.00067   0.06998   0.25929   0.05820   0.06340   0.17484   0.25638   0.00389   0.17536   0.76162   2.52348   0.62489   0.59020   1.12191  
 26 389.3444  10939.276480  x:  0.00000   0.17136   0.04514   0.03554   0.00144   0.01652   0.01562   0.00274   0.00286   0.01053   0.01657   0.01161   0.04296   0.10752   0.42267   0.63382   0.18804   0.24967   0.10252   0.00000   0.06919   0.26759   0.05173   0.05885   0.17998   0.25905   0.00898   0.17796   0.76405   2.55987   0.62832   0.59193   1.12116  
 27 450.1754  10936.002924  x:  0.00000   0.16901   0.05025   0.03542   0.00140   0.01639   0.01569   0.00273   0.00285   0.01046   0.01618   0.01147   0.04650   0.11100   0.44199   0.62658   0.18204   0.26023   0.10290   0.00025   0.06482   0.27713   0.05069   0.05851   0.16371   0.26346   0.00000   0.17713   0.75182   2.62049   0.63068   0.59379   1.11964  
 28 179.9322  10933.110171  x:  0.00000   0.16534   0.03919   0.03546   0.00137   0.01621   0.01604   0.00276   0.00289   0.01051   0.01610   0.01149   0.04450   0.11111   0.46565   0.61540   0.17260   0.26965   0.10824   0.00013   0.06575   0.28438   0.05511   0.06159   0.14631   0.26718   0.01139   0.17947   0.73290   2.69648   0.63187   0.59601   1.11752  
 29 480.1647  10931.420824  x:  0.00000   0.16375   0.03961   0.03498   0.00140   0.01631   0.01595   0.00277   0.00289   0.01053   0.01635   0.01158   0.04248   0.10933   0.47109   0.61024   0.16928   0.26832   0.11069   0.00000   0.07233   0.28101   0.05508   0.06075   0.14999   0.26604   0.01032   0.17758   0.72309   2.72655   0.62981   0.59727   1.11627  
 30 199.0016  10931.420824  x:  0.00000   0.16375   0.03961   0.03498   0.00140   0.01631   0.01595   0.00277   0.00289   0.01053   0.01635   0.01158   0.04248   0.10933   0.47109   0.61024   0.16928   0.26832   0.11069   0.00000   0.07233   0.28101   0.05508   0.06075   0.14999   0.26604   0.01032   0.17758   0.72309   2.72655   0.62981   0.59727   1.11627  
 31 310.1011  10922.161276  x:  0.00000   0.16373   0.03974   0.03350   0.01656   0.01466   0.01483   0.00188   0.00177   0.01138   0.01710   0.01510   0.04283   0.10935   0.47106   0.61032   0.16938   0.26832   0.11051   0.00084   0.07236   0.28099   0.05481   0.06051   0.15027   0.26607   0.01025   0.17757   0.72315   2.72674   0.62970   0.59733   1.11624  
 32 3152.0812  10916.200570  x:  0.00000   0.16364   0.04077   0.02469   0.01503   0.00539   0.00898   0.00176   0.00143   0.01488   0.02038   0.02413   0.04455   0.10950   0.47091   0.61075   0.17001   0.26830   0.10945   0.00325   0.07248   0.28085   0.05325   0.05914   0.15195   0.26620   0.00977   0.17755   0.72349   2.72792   0.62898   0.59776   1.11606  
 33 614.4108  10915.352992  x:  0.00000   0.16360   0.04132   0.01924   0.01503   0.00670   0.00900   0.00289   0.00362   0.01465   0.02100   0.02585   0.04568   0.10955   0.47078   0.61110   0.17049   0.26827   0.10861   0.00263   0.07243   0.28074   0.05227   0.05828   0.15319   0.26627   0.00939   0.17751   0.72376   2.72886   0.62843   0.59809   1.11593  
 34 371.7913  10914.486385  x:  0.00000   0.16356   0.04190   0.01370   0.01480   0.00817   0.00965   0.00198   0.00217   0.01396   0.02125   0.02670   0.04693   0.10959   0.47064   0.61152   0.17107   0.26824   0.10761   0.00174   0.07237   0.28060   0.05120   0.05733   0.15466   0.26634   0.00898   0.17747   0.72409   2.73003   0.62775   0.59850   1.11577  
 35 637.0903  10914.334551  x:  0.00000   0.16356   0.04222   0.01306   0.01492   0.00745   0.01012   0.00289   0.00176   0.01351   0.02085   0.02605   0.04775   0.10958   0.47051   0.61189   0.17154   0.26821   0.10682   0.00182   0.07232   0.28049   0.05059   0.05678   0.15583   0.26642   0.00877   0.17748   0.72439   2.73108   0.62719   0.59883   1.11563  
 36 137.0409  10914.060001  x:  0.00000   0.16358   0.04290   0.01247   0.01512   0.00613   0.01059   0.00223   0.00243   0.01283   0.02003   0.02461   0.04947   0.10956   0.47022   0.61276   0.17263   0.26813   0.10503   0.00211   0.07220   0.28021   0.04929   0.05561   0.15851   0.26659   0.00835   0.17750   0.72509   2.73355   0.62587   0.59962   1.11531  
 37 353.6764  10913.547028  x:  0.00000   0.16368   0.04433   0.01353   0.01518   0.00729   0.00870   0.00228   0.00214   0.01390   0.01978   0.02355   0.05285   0.10947   0.46949   0.61501   0.17536   0.26791   0.10070   0.00292   0.07185   0.27953   0.04677   0.05332   0.16504   0.26704   0.00757   0.17763   0.72692   2.74002   0.62250   0.60161   1.11451  
 38 273.7838  10913.149159  x:  0.00000   0.16398   0.04478   0.01516   0.01497   0.00731   0.01100   0.00212   0.00212   0.01465   0.02130   0.02527   0.05343   0.10931   0.46875   0.61755   0.17808   0.26761   0.09697   0.00175   0.07124   0.27887   0.04658   0.05304   0.17096   0.26750   0.00750   0.17797   0.72901   2.74750   0.61882   0.60376   1.11364  
 39 212.8940  10912.434675  x:  0.00000   0.16506   0.04380   0.01529   0.01488   0.00757   0.01009   0.00215   0.00209   0.01159   0.02156   0.02620   0.04998   0.10899   0.46743   0.62303   0.18318   0.26693   0.09188   0.00290   0.07000   0.27775   0.04992   0.05585   0.18062   0.26855   0.00886   0.17908   0.73362   2.76406   0.61114   0.60820   1.11183  
 40 246.4807  10912.021472  x:  0.00000   0.16605   0.04290   0.01411   0.01509   0.00723   0.00987   0.00225   0.00219   0.01439   0.02018   0.02470   0.04742   0.10895   0.46673   0.62680   0.18606   0.26644   0.09043   0.00227   0.06918   0.27725   0.05198   0.05779   0.18508   0.26926   0.00962   0.17981   0.73681   2.77586   0.60603   0.61111   1.11065  
 41 335.7527  10909.771050  x:  0.00000   0.17568   0.04193   0.01399   0.01512   0.00789   0.01191   0.00211   0.00223   0.01537   0.02373   0.02339   0.04826   0.11240   0.46524   0.65299   0.19657   0.26287   0.10893   0.00639   0.06683   0.27789   0.04926   0.05901   0.18551   0.27426   0.00805   0.18336   0.75947   2.86543   0.57353   0.62887   1.10341  
 42 162.1461  10908.788145  x:  0.00000   0.17845   0.04224   0.01492   0.01516   0.00726   0.00979   0.00230   0.00220   0.01377   0.02219   0.02445   0.04930   0.11355   0.46508   0.66254   0.19954   0.26178   0.11447   0.00148   0.06659   0.27858   0.04873   0.05899   0.18428   0.27593   0.00711   0.18449   0.76791   2.89995   0.56199   0.63506   1.10089  
 43 934.5833  10908.121869  x:  0.00000   0.17750   0.04382   0.01543   0.01481   0.00792   0.01089   0.00217   0.00218   0.01398   0.01744   0.02740   0.05071   0.11360   0.46618   0.66874   0.19891   0.26184   0.11334   0.00261   0.06959   0.28040   0.05061   0.05812   0.18037   0.27683   0.00714   0.18517   0.77399   2.92881   0.55570   0.63803   1.09970  
 44 281.4145  10906.157074  x:  0.00000   0.17017   0.04791   0.01488   0.01515   0.00752   0.01039   0.00226   0.00221   0.01431   0.02190   0.02448   0.05313   0.11230   0.47159   0.68604   0.19260   0.26363   0.10183   0.00219   0.08111   0.28769   0.05741   0.05507   0.16488   0.27881   0.00778   0.18678   0.79209   3.02312   0.54064   0.64420   1.09730  
 45 546.7025  10904.888633  x:  0.00000   0.16571   0.04155   0.01503   0.01507   0.00752   0.01049   0.00225   0.00221   0.01399   0.02123   0.02508   0.04728   0.11071   0.47735   0.69220   0.18525   0.26766   0.09471   0.00267   0.07917   0.29158   0.04721   0.05573   0.16017   0.27860   0.00578   0.18616   0.80040   3.08760   0.54035   0.64201   1.09837  
 46 238.9026  10902.536759  x:  0.00000   0.16416   0.04475   0.01462   0.01506   0.00751   0.01041   0.00222   0.00219   0.01423   0.02124   0.02484   0.05440   0.11188   0.49016   0.69471   0.16946   0.27899   0.09412   0.00325   0.06420   0.29520   0.04701   0.06594   0.16591   0.27547   0.00831   0.18481   0.80978   3.22224   0.55666   0.62641   1.10524  
 47 278.2419  10900.769607  x:  0.00000   0.16772   0.04600   0.01462   0.01508   0.00741   0.01027   0.00222   0.00218   0.01398   0.02118   0.02473   0.04825   0.11230   0.49727   0.69054   0.16405   0.28688   0.10079   0.00294   0.06777   0.29425   0.05218   0.05429   0.17684   0.27277   0.00453   0.18272   0.81111   3.32561   0.57353   0.61074   1.11195  
 48 351.5350  10900.136955  x:  0.00000   0.16921   0.04072   0.01450   0.01504   0.00738   0.01016   0.00222   0.00218   0.01398   0.02113   0.02489   0.05140   0.11038   0.49527   0.68323   0.17014   0.28657   0.10212   0.00218   0.07541   0.28976   0.05076   0.05592   0.17745   0.27196   0.00893   0.18414   0.80584   3.36594   0.57929   0.60379   1.11478  
 49 145.4309  10899.334006  x:  0.00000   0.16991   0.04527   0.01439   0.01506   0.00732   0.01012   0.00221   0.00217   0.01395   0.02112   0.02467   0.04996   0.10973   0.48784   0.66832   0.18247   0.28151   0.10004   0.00241   0.07796   0.28094   0.04863   0.06072   0.17219   0.27122   0.00353   0.18355   0.79283   3.41789   0.58321   0.59542   1.11807  
 50 171.3326  10898.805426  x:  0.00000   0.16872   0.04542   0.01432   0.01505   0.00728   0.01008   0.00220   0.00216   0.01385   0.02096   0.02471   0.04900   0.10988   0.48044   0.65529   0.18829   0.27444   0.09789   0.00259   0.07137   0.27570   0.04960   0.05541   0.16712   0.27074   0.00773   0.18413   0.78074   3.45314   0.58236   0.59073   1.11983  
 51 160.6021  10898.611166  x:  0.00000   0.16746   0.04208   0.01425   0.01502   0.00728   0.01007   0.00219   0.00216   0.01389   0.02096   0.02476   0.05068   0.10969   0.47672   0.64888   0.18645   0.26985   0.09799   0.00280   0.07022   0.27633   0.05160   0.05494   0.16749   0.27047   0.00530   0.18241   0.77385   3.46630   0.57938   0.58953   1.12022  
 52 77.1922  10898.404195  x:  0.00000   0.16616   0.04379   0.01429   0.01504   0.00727   0.01005   0.00219   0.00216   0.01386   0.02095   0.02471   0.04966   0.11014   0.47220   0.64070   0.18107   0.26424   0.09948   0.00260   0.07214   0.27964   0.05003   0.05610   0.17022   0.27004   0.00724   0.18078   0.76428   3.48068   0.57379   0.58834   1.12053  
 53 76.5170  10898.349283  x:  0.00000   0.16777   0.04401   0.01429   0.01504   0.00727   0.01006   0.00219   0.00216   0.01387   0.02098   0.02472   0.04972   0.10846   0.47266   0.63843   0.18121   0.26984   0.09943   0.00263   0.07180   0.28273   0.05013   0.05606   0.17012   0.26992   0.00738   0.18111   0.75801   3.48447   0.56826   0.58636   1.12115  
 54 12.5487  10898.335771  x:  0.00000   0.16755   0.04369   0.01431   0.01504   0.00728   0.01007   0.00219   0.00216   0.01387   0.02098   0.02471   0.04974   0.11065   0.47344   0.63843   0.18118   0.27123   0.09928   0.00263   0.07200   0.28252   0.05015   0.05611   0.17015   0.27019   0.00745   0.18117   0.75611   3.48535   0.56608   0.58468   1.12176  
 55 10.3561  10898.310877  x:  0.00000   0.16623   0.04387   0.01431   0.01503   0.00728   0.01007   0.00219   0.00215   0.01387   0.02097   0.02472   0.04974   0.10971   0.47631   0.64048   0.18033   0.27126   0.09980   0.00260   0.07208   0.27948   0.05017   0.05614   0.17050   0.27122   0.00760   0.18094   0.75288   3.48673   0.55996   0.57753   1.12452  
 56  7.9438  10898.276995  x:  0.00000   0.16881   0.04376   0.01428   0.01503   0.00727   0.01007   0.00219   0.00215   0.01387   0.02098   0.02470   0.04978   0.10991   0.47722   0.64381   0.18088   0.26864   0.09875   0.00266   0.07191   0.28101   0.05014   0.05612   0.17025   0.26988   0.00770   0.18068   0.75156   3.48840   0.55120   0.56288   1.13065  
 57 10.2605  10898.257258  x:  0.00000   0.16641   0.04383   0.01430   0.01502   0.00727   0.01007   0.00218   0.00215   0.01387   0.02097   0.02470   0.04972   0.10986   0.47495   0.64421   0.18188   0.26911   0.09960   0.00264   0.07164   0.28252   0.05016   0.05612   0.17067   0.27004   0.00758   0.18097   0.75323   3.48933   0.54553   0.55352   1.13524  
 58 11.6590  10898.245670  x:  0.00000   0.16741   0.04378   0.01429   0.01502   0.00727   0.01007   0.00218   0.00214   0.01387   0.02097   0.02469   0.04976   0.10987   0.47296   0.64242   0.18053   0.27032   0.09930   0.00265   0.07174   0.28117   0.05014   0.05613   0.17058   0.27069   0.00753   0.18090   0.75602   3.48988   0.54128   0.54858   1.13879  
 59  7.4291  10898.240647  x:  0.00000   0.16720   0.04380   0.01429   0.01502   0.00727   0.01007   0.00218   0.00214   0.01388   0.02097   0.02469   0.04976   0.10990   0.47461   0.64026   0.18095   0.27011   0.09945   0.00266   0.07176   0.28112   0.05015   0.05615   0.17068   0.26953   0.00745   0.18110   0.75771   3.49024   0.53910   0.54796   1.14200  
 60  2.4420  10898.234932  x:  0.00000   0.16742   0.04380   0.01430   0.01501   0.00727   0.01007   0.00218   0.00214   0.01388   0.02097   0.02469   0.04976   0.10993   0.47599   0.63901   0.18153   0.26958   0.09940   0.00264   0.07169   0.28192   0.05016   0.05616   0.17073   0.27156   0.00748   0.18096   0.75860   3.49087   0.53773   0.54834   1.14760  
 61  3.0067  10897.953687  x:  0.00000   0.16802   0.04379   0.01451   0.01479   0.00718   0.01003   0.00205   0.00196   0.01382   0.02080   0.02454   0.04961   0.11012   0.47508   0.64529   0.18155   0.26821   0.09936   0.00247   0.07169   0.28315   0.05016   0.05625   0.17112   0.27369   0.00564   0.18850   0.76210   3.52143   0.49352   0.59429   1.42005  
 62  6.3927  10897.895835  x:  0.00000   0.16787   0.04376   0.01454   0.01473   0.00715   0.01002   0.00202   0.00191   0.01380   0.02075   0.02451   0.04959   0.11014   0.47469   0.64702   0.18267   0.26871   0.09949   0.00246   0.07173   0.28324   0.05016   0.05626   0.17089   0.27333   0.00683   0.18327   0.76317   3.52842   0.48331   0.60497   1.48204  
 63 130.6787  10897.588082  x:  0.00000   0.16853   0.04363   0.01519   0.01391   0.00690   0.00995   0.00177   0.00148   0.01370   0.02037   0.02418   0.04935   0.11045   0.47637   0.65826   0.18287   0.27056   0.09976   0.00236   0.07211   0.28377   0.05021   0.05666   0.17090   0.27252   0.00725   0.18113   0.77263   3.60421   0.50505   0.62336   1.45251  
 64  0.1102  10897.428130  x:  0.00000   0.16881   0.04362   0.01549   0.01271   0.00686   0.00991   0.00222   0.00197   0.01384   0.02051   0.02453   0.04935   0.11051   0.47762   0.66136   0.18214   0.27093   0.09966   0.00272   0.07212   0.28412   0.05026   0.05690   0.17113   0.27287   0.00647   0.18459   0.77658   3.65385   0.48799   0.66144   1.65548  
 65  0.1812  10897.243389  x:  0.00000   0.16815   0.04374   0.01480   0.01064   0.00714   0.01006   0.00181   0.00178   0.01382   0.02060   0.02425   0.04973   0.11016   0.47709   0.65495   0.18157   0.27065   0.09916   0.00255   0.07189   0.28345   0.05020   0.05660   0.17091   0.27247   0.00651   0.18419   0.77173   3.64738   0.47212   0.70387   1.92274  
 66  0.1344  10897.190972  x:  0.00000   0.16805   0.04367   0.01490   0.01020   0.00711   0.01004   0.00199   0.00180   0.01377   0.02056   0.02406   0.04964   0.11016   0.47650   0.65387   0.18198   0.27064   0.09938   0.00245   0.07189   0.28322   0.05019   0.05655   0.17070   0.27210   0.00706   0.18186   0.76993   3.62200   0.48178   0.70554   1.91969  
 67  0.0361  10897.174051  x:  0.00000   0.16837   0.04351   0.01523   0.01017   0.00697   0.00999   0.00206   0.00175   0.01370   0.02045   0.02389   0.04941   0.11032   0.47642   0.65581   0.18212   0.27047   0.09965   0.00243   0.07200   0.28337   0.05018   0.05664   0.17083   0.27224   0.00689   0.18264   0.77091   3.60520   0.47467   0.71412   1.99976  
 68  0.0615  10897.146903  x:  0.00000   0.16851   0.04351   0.01522   0.01040   0.00696   0.00993   0.00182   0.00191   0.01371   0.02044   0.02438   0.04938   0.11045   0.47651   0.65782   0.18217   0.27053   0.09955   0.00256   0.07209   0.28347   0.05020   0.05665   0.17105   0.27224   0.00676   0.18309   0.77233   3.60274   0.46873   0.73586   2.16618  
 69  0.0410  10897.107527  x:  0.00000   0.16822   0.04362   0.01509   0.01054   0.00703   0.00994   0.00206   0.00178   0.01377   0.02048   0.02430   0.04954   0.11030   0.47660   0.65615   0.18193   0.27069   0.09932   0.00253   0.07200   0.28333   0.05023   0.05658   0.17082   0.27210   0.00684   0.18258   0.77155   3.62246   0.45485   0.78706   2.49954  
 70  0.1676  10897.096827  x:  0.00000   0.16824   0.04358   0.01509   0.01066   0.00702   0.01001   0.00203   0.00175   0.01374   0.02049   0.02394   0.04950   0.11025   0.47664   0.65524   0.18191   0.27076   0.09948   0.00243   0.07196   0.28328   0.05018   0.05662   0.17075   0.27208   0.00693   0.18238   0.77086   3.62315   0.45701   0.80903   2.60679  
 71  0.0904  10897.092351  x:  0.00000   0.16832   0.04354   0.01510   0.01059   0.00701   0.01001   0.00198   0.00179   0.01373   0.02050   0.02403   0.04946   0.11029   0.47664   0.65565   0.18201   0.27077   0.09958   0.00244   0.07198   0.28331   0.05015   0.05663   0.17081   0.27209   0.00695   0.18226   0.77106   3.62047   0.45200   0.83996   2.78201  
 72  0.1421  10897.091818  x:  0.00000   0.16831   0.04355   0.01510   0.01060   0.00701   0.00999   0.00199   0.00178   0.01374   0.02050   0.02413   0.04948   0.11030   0.47665   0.65586   0.18199   0.27075   0.09951   0.00247   0.07200   0.28332   0.05018   0.05662   0.17084   0.27210   0.00691   0.18241   0.77124   3.62022   0.45214   0.84635   2.81331  
 73  0.0321  10897.091779  x:  0.00000   0.16830   0.04356   0.01511   0.01061   0.00701   0.00999   0.00199   0.00178   0.01374   0.02049   0.02410   0.04948   0.11030   0.47665   0.65581   0.18197   0.27075   0.09949   0.00246   0.07200   0.28331   0.05018   0.05662   0.17082   0.27210   0.00691   0.18242   0.77122   3.62056   0.45188   0.84890   2.82778  
 74  0.0141  10897.091778  x:  0.00000   0.16830   0.04356   0.01511   0.01061   0.00701   0.00999   0.00199   0.00178   0.01374   0.02049   0.02410   0.04948   0.11030   0.47665   0.65579   0.18197   0.27075   0.09950   0.00246   0.07199   0.28331   0.05018   0.05662   0.17082   0.27210   0.00691   0.18241   0.77120   3.62060   0.45184   0.84925   2.83005  
 75  0.0019  10897.091777  x:  0.00000   0.16830   0.04356   0.01511   0.01061   0.00701   0.00999   0.00199   0.00178   0.01374   0.02049   0.02410   0.04948   0.11030   0.47665   0.65580   0.18197   0.27075   0.09950   0.00246   0.07199   0.28331   0.05018   0.05662   0.17082   0.27210   0.00691   0.18241   0.77121   3.62061   0.45182   0.84919   2.83023  
 76  0.0001  10897.091777  x:  0.00000   0.16830   0.04356   0.01511   0.01061   0.00701   0.00999   0.00199   0.00178   0.01374   0.02049   0.02410   0.04948   0.11030   0.47665   0.65580   0.18197   0.27075   0.09950   0.00246   0.07199   0.28331   0.05018   0.05662   0.17082   0.27210   0.00691   0.18241   0.77121   3.62061   0.45181   0.84915   2.83023  
 77  0.0000  10897.091777  x:  0.00000   0.16830   0.04356   0.01511   0.01061   0.00701   0.00999   0.00199   0.00178   0.01374   0.02049   0.02410   0.04948   0.11030   0.47665   0.65580   0.18197   0.27075   0.09950   0.00246   0.07199   0.28331   0.05018   0.05662   0.17082   0.27210   0.00691   0.18241   0.77121   3.62061   0.45181   0.84915   2.83023  
 78  0.0000  10897.091777  x:  0.00000   0.16830   0.04356   0.01511   0.01061   0.00701   0.00999   0.00199   0.00178   0.01374   0.02049   0.02410   0.04948   0.11030   0.47665   0.65580   0.18197   0.27075   0.09950   0.00246   0.07199   0.28331   0.05018   0.05662   0.17082   0.27210   0.00691   0.18241   0.77121   3.62061   0.45181   0.84915   2.83023  
 79  0.0002  10897.091777  x:  0.00000   0.16830   0.04356   0.01511   0.01061   0.00701   0.00999   0.00199   0.00178   0.01374   0.02049   0.02410   0.04948   0.11030   0.47665   0.65580   0.18197   0.27075   0.09950   0.00246   0.07199   0.28331   0.05018   0.05662   0.17082   0.27210   0.00691   0.18241   0.77121   3.62061   0.45181   0.84915   2.83023  
 80  0.0002  10897.091777  x:  0.00000   0.16830   0.04356   0.01511   0.01061   0.00701   0.00999   0.00199   0.00178   0.01374   0.02049   0.02410   0.04948   0.11030   0.47665   0.65580   0.18197   0.27075   0.09950   0.00246   0.07199   0.28331   0.05018   0.05662   0.17082   0.27210   0.00691   0.18241   0.77121   3.62062   0.45181   0.84915   2.83027  
 81  0.0033  10897.091777  x:  0.00000   0.16830   0.04356   0.01511   0.01061   0.00701   0.00999   0.00199   0.00178   0.01374   0.02049   0.02410   0.04948   0.11030   0.47665   0.65580   0.18197   0.27075   0.09950   0.00246   0.07199   0.28331   0.05018   0.05662   0.17082   0.27210   0.00691   0.18241   0.77121   3.62062   0.45181   0.84915   2.83027  
 82  0.0000  10897.091777  x:  0.00000   0.16830   0.04356   0.01511   0.01061   0.00701   0.00999   0.00199   0.00178   0.01374   0.02049   0.02410   0.04948   0.11030   0.47665   0.65580   0.18197   0.27075   0.09950   0.00246   0.07199   0.28331   0.05018   0.05662   0.17082   0.27210   0.00691   0.18241   0.77121   3.62062   0.45181   0.84915   2.83027  
check convergence!
