     1    855    265


 1

     1      1    -2.8639130959   0.057045100000      48.7736  -----------D----
     2      1    -3.2588674351   0.038431900000      32.8593  -----------F----
     3      1    -2.4858855287   0.083251800000      71.1803  -----------G----
     4      2    -3.0268927578   0.048466000000      41.4384  -----------I----
     5      3    -2.4509806984   0.086209000000      73.7087  -----------L----
     6      5    -3.0842771894   0.045763100000      39.1275  -----------P----
     7      1    -3.3042131493   0.036728100000      31.4025  -----------Q----
     8      1    -3.1242022113   0.043972000000      37.5961  -----------R----
     9      1    -2.6661710056   0.069517900000      59.4378  -----------S----
    10      1    -2.7966732398   0.061012700000      52.1659  -----------T----
    11      1    -3.4799249769   0.030809722386      26.3423  ----Q-Q-QQ------
    12      1    -6.9462045637   0.000962280506       0.8227  --DE---EEEEEE---
    13      1    -6.9786977314   0.000931515497       0.7964  --DE--EEEEEEE---
    14      1   -13.7621261776   0.000001054835       0.0009  --DE--VVVVVVV---
    15      1    -4.4134573442   0.012113226258      10.3568  --MMMMMMMMMMMMMM
    16      1    -2.9263353275   0.053593079799      45.8221  AAA-AAAAAAAAAAAA
    17     36    -2.9856879810   0.050504745290      43.1816  AAAAAAAAAAAAAAAA
    18      1    -8.8925594362   0.000137407522       0.1175  AAAAAAAVAAAAAAAA
    19      1   -15.4544535087   0.000000194185       0.0002  AAAAAAVAAAAAAATA
    20      1    -8.1577979397   0.000286492575       0.2450  AAAAAVAAAAAAAAAA
    21      1    -7.9779943387   0.000342926528       0.2932  AAAGAAAAAAAAAAAA
    22      1    -7.8923990417   0.000373572284       0.3194  AAATAAAAAAAAAAAA
    23      1   -14.7940478291   0.000000375860       0.0003  AAATTAAAAAAAATTT
    24      1    -7.9555219845   0.000350720136       0.2999  AAEEEEEEEEEEEEEE
    25      1   -20.3387690903   0.000000001469       0.0000  AAPQPPPAPPPPPPPP
    26      1   -14.1066373948   0.000000747421       0.0006  AASAATAAAAAAATTA
    27      1   -12.4794445971   0.000003804049       0.0033  AASSSSSSSSSSSSST
    28      1    -7.7986439547   0.000410290975       0.3508  AAT-AAAAAAAAAAAA
    29      1   -20.6707130049   0.000000001054       0.0000  AATA-TT-SSSSSAAA
    30      1   -20.6792659811   0.000000001045       0.0000  AATMTTTTTTTTTTTI
    31      1   -19.7100954288   0.000000002754       0.0000  AATNNNNNNNNNNNNS
    32      1    -9.3937536183   0.000083242409       0.0712  APPPPPPPPPPPPPPP
    33      1    -8.3993156490   0.000225021265       0.1924  ATAAAAAAAAAAAAAA
    34      1   -13.9207279427   0.000000900129       0.0008  ATAAAAAAAAAAAAAS
    35      1    -4.1573337831   0.015649226579      13.3801  CCC-CCCCCCCCCCCC
    36     14    -4.1833308313   0.015247635589      13.0367  CCCCCCCCCCCCCCCC
    37      1   -36.4976761550   0.000000000000       0.0000  CCQQRRQQRQQQQRQR
    38      4    -3.2888155096   0.037298002366      31.8898  DDD-DDDDDDDDDDDD
    39     35    -3.3413083203   0.035390625145      30.2590  DDDDDDDDDDDDDDDD
    40      1   -13.4121220114   0.000001496888       0.0013  DDDDDDNDDDDDDEED
    41      1    -7.5970360019   0.000501936971       0.4292  DDDDDEDDDDDDDDDD
    42      1   -13.1739670368   0.000001899410       0.0016  DDDDDENNNNNNNDDD
    43      1   -17.5739456082   0.000000023320       0.0000  DDDE-EEEEEEEEGG-
    44      1    -7.0219808592   0.000892056703       0.7627  DDEEEEEEEEEEEEEE
    45      1   -12.8986422626   0.000002501444       0.0021  DDEGEEEEEEEEEEEE
    46      1    -8.7846081660   0.000153071080       0.1309  DDGDDDDDDDDDDDDD
    47      1    -7.7468037500   0.000432121504       0.3695  DDNDDDDDDDDDDDDD
    48      1   -15.0415967086   0.000000293439       0.0003  DEDYDDDDDDDDDDDD
    49      1   -12.2947250908   0.000004575818       0.0039  DEEDEEEEEEEEEEEE
    50      1   -12.7672704819   0.000002852626       0.0024  DSNNNNNNNNNNNNNN
    51      1    -6.9454119988   0.000963043478       0.8234  EEDDDDDDDDDDDDDD
    52      1   -12.2196157299   0.000004932741       0.0042  EEDEAEEEEEEEEEEE
    53      1   -11.2889063948   0.000012510949       0.0107  EEDEDEEEEEEEEEEE
    54      2    -7.3248958030   0.000658928318       0.5634  EEDEEEEEEEEEEEEE
    55      1   -11.8092869822   0.000007435186       0.0064  EEDQEEEEEEEEEEEE
    56      1    -3.3775063549   0.034132462949      29.1833  EEE-EEEEEEEEEEEE
    57      1    -9.2691567139   0.000094287992       0.0806  EEEDDDEEEEEEEDDD
    58      1    -8.3378602638   0.000239283800       0.2046  EEEEAEEEEEEEEEEE
    59      2    -7.4071524652   0.000606896395       0.5189  EEEEDEEEEEEEEEEE
    60      2    -7.7071226740   0.000449613302       0.3844  EEEEEDEEEEEEEEEE
    61      1   -14.3102283739   0.000000609743       0.0005  EEEEEEDNNNNNNEEE
    62     28    -3.4431403233   0.031964149789      27.3293  EEEEEEEEEEEEEEEE
    63      1    -8.8245994234   0.000147070363       0.1257  EEEEEEEEEEEEEQQE
    64      1   -18.8997927559   0.000000006193       0.0000  EEEKEAEQEEEEEEEE
    65      1   -14.1101165816   0.000000744825       0.0006  EEEKEEAAAAAAAEEE
    66      1   -13.6982516424   0.000001124411       0.0010  EEGEEEDDDDDDDEEE
    67      1    -8.7144607895   0.000164194183       0.1404  EEGGGGGGGGGGGGGG
    68      1    -8.1028111498   0.000302687042       0.2588  EEKEEEEEEEEEEEEE
    69      1    -7.8933434712   0.000373219637       0.3191  EEQEEEEEEEEEEEEE
    70      1   -23.2897047396   0.000000000077       0.0000  ENTDNDNNNNNNNDDN
    71      1    -9.0304647423   0.000119706847       0.1023  EQQQQQQQQQQQQQQQ
    72      1    -3.5659050318   0.028271387397      24.1720  FFF-FFFFFFFFFFFF
    73      1   -24.0171258201   0.000000000037       0.0000  FFFCCLFFFFFFFFFF
    74     34    -3.6038683880   0.027218227867      23.2716  FFFFFFFFFFFFFFFF
    75      1   -14.4881381382   0.000000510366       0.0004  FFLVVVLLLLLLLVVV
    76      1   -17.4824528309   0.000000025554       0.0000  FFSSSSSFSSSSSSSS
    77      1   -14.0254761293   0.000000810612       0.0007  GAGGGGAGGGGGGGGG
    78      1   -19.5667739956   0.000000003179       0.0000  GGCGGMGGGGGGGGGG
    79      1   -21.6092961578   0.000000000412       0.0000  GGEEGEGEEEEEEEEE
    80      2    -2.7001261995   0.067197031970      57.4535  GGG-GGGGGGGGGGGG
    81      1   -36.8410868180   0.000000000000       0.0000  GGGGAGGRRKRRRRQG
    82      1    -9.3545810824   0.000086567934       0.0740  GGGGGEGGGGGGGGGG
    83      1    -8.5398852151   0.000195512701       0.1672  GGGGGGAGGGGGGGGG
    84     34    -2.7266235463   0.065439871765      55.9511  GGGGGGGGGGGGGGGG
    85      1   -11.1573809526   0.000014269574       0.0122  GGGGGGGGGGGGGGRG
    86      1   -35.8115391145   0.000000000000       0.0000  GGGGGGNSRRRRRTAG
    87      1    -9.3089755979   0.000090607316       0.0775  GGGGRGGGGGGGGGGG
    88      1   -17.3556320081   0.000000029010       0.0000  GGGQGGRGGGGGGGGG
    89      1   -26.8776148037   0.000000000002       0.0000  GGGRGGGGGGRGGGGV
    90      1    -7.9539920762   0.000351257117       0.3003  GGSGGGGGGGGGGGGG
    91      1    -7.9914883450   0.000338330156       0.2893  GGSSSSSSSSSSSSSS
    92      1   -10.5450946709   0.000026322284       0.0225  GRRRRRRRRRRRRRRR
    93      1   -25.1435572472   0.000000000012       0.0000  HHCRRRRRRRRRRRRC
    94      2    -4.1393011124   0.015933983678      13.6236  HHH-HHHHHHHHHHHH
    95      1   -17.6067703867   0.000000022567       0.0000  HHH-LHHHHQHHHHHH
    96     13    -4.1921721566   0.015113420477      12.9220  HHHHHHHHHHHHHHHH
    97      1    -9.8462306356   0.000052946392       0.0453  HHHHHHHHHHHHHNNH
    98      1   -11.2463917348   0.000013054316       0.0112  HHHHHHHHYHHHHHHH
    99      1   -20.4169077941   0.000000001358       0.0000  HHQQRRQQQQQQQRRQ
   100      1   -19.7268401113   0.000000002709       0.0000  HQLLFLLLLLLLLLLL
   101      1    -9.5613710052   0.000070396219       0.0602  HYHHHHHHHHHHHHHH
   102      1   -21.6718985422   0.000000000387       0.0000  IIAAAGAAAAAAAPPA
   103      1    -8.9594268023   0.000128519900       0.1099  III-MIIIIIIIIIII
   104     33    -3.6214940805   0.026742690897      22.8650  IIIIIIIIIIIIIIII
   105      1    -8.9814433576   0.000125721256       0.1075  IIIIIIIIIIIIIIIL
   106      1    -9.6473310436   0.000064597746       0.0552  IIIIIIIIIIIIILII
   107      1    -7.9791099141   0.000342544181       0.2929  IIIIIIIIIIIIIVVI
   108      1    -9.7883071784   0.000056103791       0.0480  IIIIIIIIIVIIIIII
   109      1    -8.6194400670   0.000180561329       0.1544  IIIIIILIIIIIIIII
   110      1   -11.9801262654   0.000006267542       0.0054  IIIIIVIVIIIIIIII
   111      1    -7.1340806346   0.000797458602       0.6818  IIIIVIIIIIIIIIII
   112      1   -12.4111865197   0.000004072773       0.0035  IIIVTIIIIIIIIIII
   113      1   -13.3211767023   0.000001639406       0.0014  IILLLLVVVVVVVLLL
   114      1    -8.6844945134   0.000169188934       0.1447  IIMMMMMMMMMMMMMM
   115      1   -10.4991750579   0.000027559175       0.0236  IIV-VIIIIIIIIIII
   116      1   -12.8976025697   0.000002504046       0.0021  IIVLIIVVVVVVVIII
   117      1   -25.1944637398   0.000000000011       0.0000  IIVLSTVVVVVVVIII
   118      1    -6.7087850661   0.001220145621       1.0432  IIVVVVVVVVVVVVVV
   119      1   -15.5316992971   0.000000179750       0.0002  IMMMAMMMMMMMMMMM
   120      1   -25.4619773439   0.000000000009       0.0000  IVAAAEEAAAAAAEEA
   121      2    -7.5797772179   0.000510674980       0.4366  IVIIIIIIIIIIIIII
   122     30    -3.3231975080   0.036037417403      30.8120  KKKKKKKKKKKKKKKK
   123      1   -10.5237223999   0.000026890906       0.0230  KKKKKKKKKKKKKTKK
   124      1   -10.1537829724   0.000038928537       0.0333  KKMKKKKKKKKKKKKK
   125      1   -12.4155750355   0.000004054939       0.0035  KKR-QKKKKKKKKKKK
   126      1    -8.1397437501   0.000291711940       0.2494  KRKKKKKKKKKKKKKK
   127      1    -7.8597864381   0.000385956288       0.3300  LLFFFFFFFFFFFFFF
   128      1   -14.2101426459   0.000000673928       0.0006  LLILLILLLLLLLIIL
   129      5    -2.7629234190   0.063107010197      53.9565  LLL-LLLLLLLLLLLL
   130      1    -9.0828955904   0.000113592214       0.0971  LLL-LLLMLLLLLLLL
   131      1    -8.1864143078   0.000278410391       0.2380  LLLFLLLLLLLLLLLL
   132    102    -2.8014729621   0.060720557644      51.9161  LLLLLLLLLLLLLLLL
   133      1   -11.4375051858   0.000010783373       0.0092  LLLLLLLRRRRRRLLL
   134      1    -9.1931060328   0.000101738371       0.0870  LLLLLLMMMMMMMLLL
   135      1    -7.5304831347   0.000536479002       0.4587  LLVVVVVVVVVVVVVV
   136      1    -8.5360532567   0.000196263335       0.1678  LMLLLLLLLLLLLLLL
   137      1    -9.9042961797   0.000049959585       0.0427  LSLLLLLLLLLLLLLL
   138      1    -8.2333422007   0.000265646999       0.2271  LVLLLLLLLLLLLLLL
   139      1    -9.5728225088   0.000069594675       0.0595  MMAAAAAAAAAAAAAA
   140      1    -7.7642392799   0.000424652539       0.3631  MMLLLLLLLLLLLLLL
   141      1    -4.5066538053   0.011035324808       9.4352  MMM-MMMMMMMMMMMM
   142     13    -4.5770958841   0.010284720990       8.7934  MMMMMMMMMMMMMMMM
   143      1   -18.3853837064   0.000000010359       0.0000  MMVVVVVVVVVVVDVV
   144      1   -20.2402332902   0.000000001621       0.0000  NHKKKKKKKKKKKKQK
   145      1    -7.9461162592   0.000354034476       0.3027  NNDNNNNNNNNNNNNN
   146      1    -9.1071898311   0.000110865829       0.0948  NNHNNNNNNNNNNNNN
   147      1    -8.8775584773   0.000139484304       0.1193  NNNNNNNNNNNNNDDN
   148     13    -3.9439224056   0.019372080371      16.5631  NNNNNNNNNNNNNNNN
   149      1   -11.2116077869   0.000013516387       0.0116  NNNNNNNNNSSSSNNN
   150      1    -8.1473297161   0.000289507395       0.2475  NNNNSNNNNNNNNNNN
   151      1   -15.8580104492   0.000000129704       0.0001  NTNKKKNNNNNNNKKK
   152      1    -8.1318282402   0.000294030151       0.2514  PA--------------
   153      1   -10.2515146147   0.000035303988       0.0302  PP-PPPLLLLLLLPPP
   154      1    -9.2918618442   0.000092171292       0.0788  PPLLLLLLLLLLLLLL
   155      2    -3.3451877325   0.035253596291      30.1418  PPP-PPPPPPPPPPPP
   156      1   -18.6025195199   0.000000008337       0.0000  PPPHPFPPPPPPPPPP
   157      1    -8.3885145952   0.000227464905       0.1945  PPPPAPPPPPPPPPPP
   158      1   -23.8107483085   0.000000000046       0.0000  PPPPASPPPPPLPPPP
   159      1   -16.1878861099   0.000000093259       0.0001  PPPPPLPPPPPPPVVP
   160      1   -15.1549981332   0.000000261980       0.0002  PPPPPPAPPPPPPSSP
   161     28    -3.3774664825   0.034133823921      29.1844  PPPPPPPPPPPPPPPP
   162      1    -9.6383055466   0.000065183411       0.0557  PPPPPPPPPPPPPPPS
   163      1   -10.5946993502   0.000025048431       0.0214  PPPPPPRPPPPPPPPP
   164      1   -17.6728309199   0.000000021125       0.0000  PPPPPPSPLPPPPPPP
   165      1    -9.8022106363   0.000055329152       0.0473  PPPPRPPPPPPPPPPP
   166      1   -16.1576356693   0.000000096123       0.0001  PPQQQQQQQQQQQNNQ
   167      1   -35.1996274923   0.000000000000       0.0000  PPRQKRRKEKKKKKKK
   168      1   -13.7300047500   0.000001089268       0.0009  PPSPPAPPPPPPPPPP
   169      1   -13.0773051138   0.000002092178       0.0018  PPTAAAAAAAAAAAAA
   170      1   -14.8586222882   0.000000352357       0.0003  PSPPPPSPPPPPPPPP
   171      1   -31.3751476044   0.000000000000       0.0000  PSSSPPPSPPPPPPPA
   172      1   -10.5862548417   0.000025260849       0.0216  PTTTTTTTTTTTTTTT
   173      1    -8.4926249709   0.000204974501       0.1753  QEQQQQQQQQQQQQQQ
   174      1   -17.0661605851   0.000000038749       0.0000  QHEDEEEEEEEEEEEE
   175      1    -7.6135565277   0.000493712829       0.4221  QQEEEEEEEEEEEEEE
   176      1    -3.8978581944   0.020285312146      17.3439  QQQ-QQQQQQQQQQQQ
   177      1   -10.0095213352   0.000044969713       0.0384  QQQQPQQQQQQQQQQQ
   178      1    -9.4412513575   0.000079381012       0.0679  QQQQQHQQQQQQQQQQ
   179      1   -10.9916672078   0.000016841454       0.0144  QQQQQQQQQQQQQQHQ
   180     20    -3.9712600879   0.018849665927      16.1165  QQQQQQQQQQQQQQQQ
   181      1   -10.7146573348   0.000022216899       0.0190  QQQQQQQQQQQQQRQQ
   182      1    -8.8868754666   0.000138190766       0.1182  QQQQRQQQQQQQQQQQ
   183      1   -36.2235724936   0.000000000000       0.0000  QQRRKTKKKKKKKAIK
   184      1   -20.6280827117   0.000000001100       0.0000  QQRRRLQQQQQQQRRR
   185      1    -8.3620842590   0.000233557033       0.1997  QQRRRRRRRRRRRRRR
   186      1   -19.2764959952   0.000000004249       0.0000  QQVAAAVAAAAAAAAA
   187      1   -27.2380466843   0.000000000001       0.0000  QRRQRQRRRRRRRRQQ
   188      1    -8.0069881022   0.000333126553       0.2848  R-G-------------
   189      1   -11.5511074330   0.000009625378       0.0082  RCRRRRRRRRRRRRRR
   190      1   -17.5578183376   0.000000023699       0.0000  RKQQQRQQQQQQQQQQ
   191      1   -14.2027674818   0.000000678917       0.0006  RQQRRRRRRRRRRRRR
   192      1   -20.7573372780   0.000000000967       0.0000  RREEEAKKKKKKKEEE
   193      1   -15.2398322450   0.000000240672       0.0002  RRGEGGGGGGGGGGGG
   194      1   -21.3866244937   0.000000000515       0.0000  RRGRGGGGGGGGGAAG
   195      1   -19.9734509400   0.000000002117       0.0000  RRHQHQHHHHHHHQQQ
   196      1    -7.3126027795   0.000667078532       0.5704  RRKKKKKKKKKKKKKK
   197      1    -3.5433440180   0.028916468032      24.7236  RRR-RRRRRRRRRRRR
   198      1    -9.4157152247   0.000081434200       0.0696  RRRHRRRRRRRRRRRR
   199      1    -9.5150403345   0.000073734457       0.0630  RRRRGRRRRRRRRRRR
   200      1   -11.8812714858   0.000006918777       0.0059  RRRRRRCRRRRRRRRR
   201      1    -9.7459779015   0.000058529603       0.0500  RRRRRRRQRRRRRRRR
   202      1   -12.1219078452   0.000005439041       0.0047  RRRRRRRRRRHRRRRR
   203     30    -3.5951667009   0.027456105836      23.4750  RRRRRRRRRRRRRRRR
   204      1   -14.8471837786   0.000000356410       0.0003  RRRSGRRRRRRRRRRR
   205      1    -7.1886823527   0.000755083399       0.6456  S-P-------------
   206      1   -18.6973218198   0.000000007583       0.0000  SPAAAAAAAAAAAAAT
   207      1    -9.7546137422   0.000058026327       0.0496  SSCSSSSSSSSSSSSS
   208      2    -7.7153765999   0.000445917500       0.3813  SSGGGGGGGGGGGGGG
   209      1   -21.4908771107   0.000000000464       0.0000  SSGT-SRGGGGGGSSS
   210      1   -20.5435451609   0.000000001197       0.0000  SSGTTMTTTTTTTTTT
   211      1   -18.1079787850   0.000000013671       0.0000  SSH-GNNNNNNNNNNN
   212      1   -21.7824671601   0.000000000347       0.0000  SSLLSPSSSSSSSSSS
   213      1    -8.1749197460   0.000281629059       0.2408  SSPPPPPPPPPPPPPP
   214      2    -7.4080586791   0.000606346666       0.5184  SSS-ASSSSSSSSSSS
   215      1    -8.6554026035   0.000174183258       0.1489  SSS-SGSSSSSSSSSS
   216      1    -3.2643709807   0.038220969250      32.6789  SSS-SSSSSSSSSSSS
   217      1   -28.2286794657   0.000000000001       0.0000  SSSKNNKKKKKKKRRN
   218      1   -12.9338052988   0.000002415014       0.0021  SSSPASSSSSSSSSSS
   219      1    -9.8382333041   0.000053371519       0.0456  SSSSCSSSSSSSSSSS
   220      1   -17.4487105367   0.000000026431       0.0000  SSSSSCCSSSSSSSSS
   221      1    -9.1966911722   0.000101374278       0.0867  SSSSSSNNNNNNNSSS
   222      1   -21.2986124218   0.000000000563       0.0000  SSSSSSNSNNSNNSSS
   223      1    -9.4756080654   0.000076700060       0.0656  SSSSSSSGSSSSSSSS
   224      1   -10.5485913826   0.000026230403       0.0224  SSSSSSSSSAAAASSS
   225      1    -9.5888891317   0.000068485458       0.0586  SSSSSSSSSSSSSSSG
   226     42    -3.3382956470   0.035497406306      30.3503  SSSSSSSSSSSSSSSS
   227      1    -8.7251687251   0.000162445382       0.1389  SSSSSSSSSSSSSSST
   228      1    -8.4236372687   0.000219614402       0.1878  SSSSSSSSSSSSSTTS
   229      2    -7.5258824726   0.000538952847       0.4608  SSSTSSSSSSSSSSSS
   230      1    -7.1143659934   0.000813336208       0.6954  SSTTTTTTTTTTTTTT
   231      1   -19.0703125033   0.000000005222       0.0000  TATAATAAAAAAAAAA
   232      1    -9.7152004694   0.000060359001       0.0516  TKKKKKKKKKKKKKKK
   233      1   -10.2509120356   0.000035325268       0.0302  TMTTTTTTTTTTTTTT
   234      1   -24.8487205178   0.000000000016       0.0000  TMVVLVVLVVVVVVVV
   235      1   -22.4336639491   0.000000000181       0.0000  TSSNNSNNNNNNNSSN
   236      1   -13.2421505018   0.000001774219       0.0015  TTAAAATTTTTTTAAA
   237      1    -7.8957624681   0.000372317911       0.3183  TTT-ATTTTTTTTTTT
   238      1    -3.2933719940   0.037128441196      31.7448  TTT-TTTTTTTTTTTT
   239      1   -24.9310184007   0.000000000015       0.0000  TTTATASSNSSSSTTT
   240      1   -17.0847663951   0.000000038035       0.0000  TTTTMTTTTTTTTMMT
   241      1   -10.6997928799   0.000022549608       0.0193  TTTTTTTNNNNNNTTT
   242      1    -8.5031199879   0.000202834539       0.1734  TTTTTTTSTTTTTTTT
   243      1   -11.1195645317   0.000014819532       0.0127  TTTTTTTTTTTTTTTR
   244     22    -3.3547757254   0.034917200319      29.8542  TTTTTTTTTTTTTTTT
   245      1    -9.3750036020   0.000084817930       0.0725  TTTTTTVTTTTTTTTT
   246      1    -8.5774228385   0.000188309657       0.1610  TTTTVTTTTTTTTTTT
   247      1   -15.9715477297   0.000000115783       0.0001  VIIIVIIIIIIIIVVI
   248      1    -7.4846136290   0.000561660137       0.4802  VVAAAAAAAAAAAAAA
   249      1   -11.6131636776   0.000009046219       0.0077  VVIAVVVVVVVVVVVV
   250      1    -7.4200185245   0.000599138047       0.5123  VVLLLLLLLLLLLLLL
   251      1    -3.1121475876   0.044505273662      38.0520  VVV-VVVVVVVVVVVV
   252      2    -7.0228184316   0.000891309854       0.7621  VVVIVVVVVVVVVVVV
   253      2    -7.8808696061   0.000377904286       0.3231  VVVLVVVVVVVVVVVV
   254      1    -8.4978692501   0.000203902371       0.1743  VVVTVVVVVVVVVVVV
   255      1    -8.8766991450   0.000139604219       0.1194  VVVVVVVAVVVVVVVV
   256      1   -11.1907727731   0.000013800955       0.0118  VVVVVVVMMMMMMVVV
   257     40    -3.1696464644   0.042018450295      35.9258  VVVVVVVVVVVVVVVV
   258      1    -4.4426897136   0.011764253455      10.0584  WWW-WWWWWWWWWWWW
   259      1   -11.4019995464   0.000011173121       0.0096  WWWWWWWRWWWWWWWW
   260      3    -4.4675849995   0.011474994533       9.8111  WWWWWWWWWWWWWWWW
   261      1   -25.7999011009   0.000000000006       0.0000  YHYHHYYYYYYYYHHY
   262      1   -20.9500023879   0.000000000797       0.0000  YYF-CHYYYYYYYYYY
   263      1    -7.9366218563   0.000357411830       0.3056  YYFYYYYYYYYYYYYY
   264      2    -3.6570815336   0.025807721894      22.0656  YYY-YYYYYYYYYYYY
   265     13    -3.6957184407   0.024829608651      21.2293  YYYYYYYYYYYYYYYY