

TREE # 1

  0  0.0000   5079.171921  x:  0.00424   0.01751   0.01059   0.00371   0.00801   0.00528   0.00349   0.00310   0.02502   0.00389   0.00791   0.00730   0.01654   0.02180   0.04632   0.05630   0.02439   0.02843   0.00716   0.00000   0.01156   0.02218   0.00794   0.00894   0.03173   0.09046   0.00317   0.02214   0.04946  
  1 99.0000   5064.318205  x:  0.00653   0.01758   0.00969   0.00168   0.00584   0.00219   0.00040   0.00000   0.02209   0.00367   0.00622   0.00676   0.01669   0.02198   0.04687   0.05714   0.02387   0.02871   0.00770   0.00798   0.01096   0.02213   0.00809   0.00866   0.03227   0.08935   0.00030   0.02132   0.04955  
  2 3079.4367   5062.940857  x:  0.00664   0.01758   0.00962   0.00151   0.00565   0.00187   0.00008   0.00000   0.02179   0.00366   0.00608   0.00672   0.01671   0.02200   0.04692   0.05722   0.02382   0.02873   0.00772   0.00794   0.01088   0.02213   0.00810   0.00864   0.03232   0.08923   0.00000   0.02125   0.04956  
  3 3214.5409   5062.748041  x:  0.00663   0.01758   0.00962   0.00152   0.00564   0.00180   0.00000   0.00000   0.02172   0.00366   0.00608   0.00672   0.01671   0.02200   0.04693   0.05724   0.02381   0.02874   0.00771   0.00794   0.01087   0.02212   0.00810   0.00864   0.03232   0.08921   0.00000   0.02124   0.04956  
  4 5442.2350   5059.854718  x:  0.00667   0.01758   0.00962   0.00147   0.00581   0.00000   0.00000   0.00000   0.02014   0.00345   0.00622   0.00670   0.01669   0.02202   0.04707   0.05748   0.02369   0.02880   0.00774   0.00794   0.01090   0.02212   0.00810   0.00866   0.03240   0.08866   0.00000   0.02113   0.04959  
  5 12696.0913   5047.272443  x:  0.00752   0.01770   0.00955   0.00000   0.00874   0.00000   0.00000   0.00000   0.00208   0.00639   0.00720   0.00626   0.01574   0.02196   0.04795   0.05920   0.02302   0.02908   0.00826   0.00787   0.01199   0.02218   0.00825   0.00863   0.03247   0.08282   0.00000   0.02116   0.04980  
  6 8362.6724   5046.375338  x:  0.00804   0.01782   0.00957   0.00000   0.00868   0.00000   0.00000   0.00000   0.00097   0.00548   0.00462   0.00639   0.01576   0.02162   0.04709   0.05818   0.02401   0.02850   0.00809   0.00781   0.01246   0.02229   0.00838   0.00815   0.03135   0.08062   0.00000   0.02278   0.04973  
  7 311.3783   5045.645845  x:  0.01046   0.01809   0.00852   0.00000   0.00836   0.00000   0.00000   0.00000   0.00186   0.00526   0.00384   0.00527   0.01510   0.02139   0.04659   0.05786   0.02468   0.02807   0.00876   0.00749   0.01274   0.02239   0.00872   0.00785   0.03051   0.07540   0.00000   0.02411   0.04971  
  8 375.1648   5045.207232  x:  0.01129   0.01811   0.00828   0.00000   0.00703   0.00000   0.00000   0.00000   0.00182   0.00518   0.00512   0.00663   0.01501   0.02125   0.04562   0.05673   0.02570   0.02751   0.00855   0.00746   0.01263   0.02244   0.00872   0.00792   0.02972   0.07057   0.00000   0.02551   0.04960  
  9 313.5023   5044.925280  x:  0.01018   0.01790   0.00909   0.00000   0.00673   0.00000   0.00000   0.00000   0.00176   0.00525   0.00538   0.00548   0.01523   0.02135   0.04497   0.05578   0.02632   0.02727   0.00808   0.00765   0.01249   0.02238   0.00846   0.00834   0.02973   0.06638   0.00000   0.02607   0.04948  
 10 236.4070   5044.804690  x:  0.00930   0.01784   0.00910   0.00000   0.00746   0.00000   0.00000   0.00000   0.00195   0.00541   0.00480   0.00608   0.01526   0.02146   0.04495   0.05556   0.02632   0.02738   0.00840   0.00775   0.01250   0.02231   0.00847   0.00822   0.03022   0.06393   0.00000   0.02582   0.04942  
 11 158.7736   5044.793102  x:  0.00917   0.01797   0.00886   0.00000   0.00749   0.00000   0.00000   0.00000   0.00194   0.00541   0.00488   0.00600   0.01553   0.02135   0.04499   0.05532   0.02632   0.02740   0.00840   0.00776   0.01256   0.02231   0.00859   0.00792   0.03018   0.06381   0.00000   0.02565   0.04935  
 12 19.8558   5044.748519  x:  0.00929   0.01850   0.00876   0.00000   0.00744   0.00000   0.00000   0.00000   0.00191   0.00540   0.00481   0.00603   0.01569   0.02110   0.04535   0.05431   0.02627   0.02752   0.00850   0.00774   0.01274   0.02231   0.00864   0.00849   0.02999   0.06364   0.00000   0.02475   0.04907  
 13 18.1461   5044.650574  x:  0.00961   0.01851   0.00931   0.00000   0.00723   0.00000   0.00000   0.00000   0.00190   0.00537   0.00482   0.00605   0.01496   0.02121   0.04586   0.05316   0.02610   0.02766   0.00844   0.00771   0.01270   0.02231   0.00814   0.00781   0.02991   0.06342   0.00000   0.02365   0.04871  
 14 39.1990   5044.024635  x:  0.01000   0.01534   0.00876   0.00000   0.00663   0.00000   0.00000   0.00000   0.00175   0.00529   0.00479   0.00594   0.01410   0.02266   0.04690   0.05141   0.02541   0.02788   0.00812   0.00777   0.01155   0.02247   0.01054   0.00788   0.03052   0.06264   0.00000   0.02230   0.04800  
 15 36.8727   5040.979355  x:  0.01214   0.01208   0.00702   0.00000   0.00425   0.00000   0.00000   0.00000   0.00127   0.00540   0.00456   0.00579   0.01815   0.02529   0.04986   0.05278   0.02251   0.02880   0.01017   0.00784   0.00897   0.02258   0.00641   0.00853   0.03353   0.05850   0.00000   0.02148   0.04730  
 16 107.2870   5038.332610  x:  0.01289   0.01497   0.00834   0.00000   0.00146   0.00000   0.00000   0.00000   0.00112   0.00546   0.00434   0.00591   0.01847   0.02555   0.05194   0.05685   0.02044   0.02972   0.00958   0.00801   0.00836   0.02236   0.00814   0.00800   0.03553   0.05478   0.00000   0.02062   0.04769  
 17 400.9100   5037.580217  x:  0.01388   0.01582   0.00796   0.00000   0.00201   0.00000   0.00000   0.00000   0.00118   0.00560   0.00403   0.00610   0.01867   0.02489   0.05242   0.05876   0.02023   0.02991   0.00653   0.00814   0.00638   0.02209   0.00806   0.00800   0.03535   0.05336   0.00000   0.01941   0.04811  
 18 384.0728   5037.412609  x:  0.01379   0.01528   0.00740   0.00000   0.00176   0.00000   0.00000   0.00000   0.00121   0.00560   0.00391   0.00613   0.01833   0.02427   0.05230   0.05970   0.02055   0.02996   0.00565   0.00817   0.00718   0.02200   0.00772   0.00811   0.03489   0.05296   0.00000   0.01847   0.04845  
 19 177.3260   5037.342451  x:  0.01369   0.01485   0.00763   0.00000   0.00171   0.00000   0.00000   0.00000   0.00119   0.00562   0.00391   0.00612   0.01836   0.02361   0.05191   0.06035   0.02109   0.02989   0.00616   0.00818   0.00686   0.02192   0.00779   0.00809   0.03401   0.05280   0.00000   0.01759   0.04881  
 20 94.6227   5037.340383  x:  0.01376   0.01484   0.00770   0.00000   0.00173   0.00000   0.00000   0.00000   0.00120   0.00562   0.00390   0.00613   0.01848   0.02376   0.05185   0.06039   0.02103   0.02987   0.00613   0.00817   0.00693   0.02196   0.00782   0.00807   0.03391   0.05278   0.00000   0.01750   0.04890  
 21 12.4288   5037.339290  x:  0.01370   0.01489   0.00764   0.00000   0.00172   0.00000   0.00000   0.00000   0.00119   0.00562   0.00390   0.00612   0.01842   0.02388   0.05176   0.06037   0.02096   0.02988   0.00615   0.00817   0.00691   0.02200   0.00780   0.00808   0.03382   0.05278   0.00000   0.01747   0.04900  
 22  6.8367   5037.332715  x:  0.01377   0.01482   0.00768   0.00000   0.00173   0.00000   0.00000   0.00000   0.00119   0.00562   0.00390   0.00613   0.01842   0.02365   0.05156   0.06018   0.02065   0.03018   0.00614   0.00816   0.00691   0.02192   0.00781   0.00807   0.03391   0.05276   0.00000   0.01752   0.04954  
 23  2.1525   5037.222158  x:  0.01396   0.01520   0.00753   0.00000   0.00180   0.00000   0.00000   0.00000   0.00112   0.00561   0.00397   0.00606   0.01833   0.02407   0.05155   0.06008   0.02233   0.03040   0.00626   0.00799   0.00701   0.02223   0.00784   0.00808   0.03541   0.05272   0.00000   0.01703   0.05121  
 24  3.4583   5035.867254  x:  0.01280   0.01589   0.00690   0.00000   0.00256   0.00000   0.00000   0.00000   0.00081   0.00589   0.00422   0.00565   0.01667   0.02261   0.05703   0.06399   0.01948   0.02672   0.00768   0.00646   0.00841   0.02099   0.00813   0.00815   0.03591   0.04960   0.00000   0.01657   0.05345  
 25 18.9923   5035.228735  x:  0.01235   0.01629   0.00662   0.00000   0.00292   0.00000   0.00000   0.00000   0.00066   0.00603   0.00436   0.00545   0.01596   0.02265   0.05771   0.06671   0.01909   0.03220   0.00816   0.00572   0.00900   0.02219   0.00829   0.00816   0.03490   0.04809   0.00000   0.01676   0.05087  
 26 122.8056   5035.179740  x:  0.01253   0.01645   0.00656   0.00000   0.00296   0.00000   0.00000   0.00000   0.00062   0.00602   0.00438   0.00542   0.01586   0.02262   0.05609   0.06692   0.01876   0.03211   0.00821   0.00564   0.00907   0.02162   0.00831   0.00817   0.03561   0.04811   0.00000   0.01628   0.04988  
 27 41.3207   5035.178231  x:  0.01253   0.01645   0.00656   0.00009   0.00296   0.00000   0.00000   0.00000   0.00062   0.00602   0.00438   0.00542   0.01586   0.02261   0.05608   0.06692   0.01876   0.03211   0.00821   0.00564   0.00907   0.02163   0.00831   0.00817   0.03561   0.04811   0.00000   0.01627   0.04988  
 28 37.1259   5035.176798  x:  0.01254   0.01644   0.00657   0.00008   0.00296   0.00000   0.00000   0.00000   0.00062   0.00602   0.00438   0.00542   0.01585   0.02253   0.05600   0.06693   0.01870   0.03204   0.00821   0.00564   0.00906   0.02188   0.00831   0.00817   0.03568   0.04810   0.00000   0.01625   0.04984  
 29  7.1940   5032.106863  x:  0.01075   0.01737   0.00688   0.00003   0.00303   0.00000   0.00000   0.00000   0.00123   0.00439   0.00365   0.00563   0.01616   0.02249   0.05607   0.07007   0.01786   0.03285   0.00855   0.00102   0.00915   0.02160   0.00837   0.00812   0.03711   0.05155   0.00000   0.01545   0.04989  
 30  0.0474   5031.980478  x:  0.01054   0.01739   0.00698   0.00000   0.00298   0.00000   0.00000   0.00000   0.00122   0.00424   0.00360   0.00567   0.01632   0.02256   0.05602   0.07028   0.01792   0.03279   0.00845   0.00112   0.00905   0.02162   0.00837   0.00811   0.03715   0.05185   0.00000   0.01553   0.04999  
 31  0.0068   5031.702833  x:  0.00989   0.01736   0.00751   0.00000   0.00271   0.00000   0.00000   0.00000   0.00106   0.00369   0.00363   0.00581   0.01728   0.02299   0.05583   0.07151   0.01833   0.03229   0.00781   0.00068   0.00841   0.02179   0.00840   0.00806   0.03727   0.05269   0.00000   0.01606   0.05072  
 32  0.0096   5031.485341  x:  0.00919   0.01740   0.00786   0.00000   0.00243   0.00000   0.00000   0.00000   0.00118   0.00358   0.00379   0.00597   0.01813   0.02334   0.05519   0.07312   0.01845   0.03208   0.00722   0.00121   0.00778   0.02176   0.00839   0.00805   0.03775   0.05305   0.00000   0.01622   0.05092  
 33  0.0050   5031.478441  x:  0.00921   0.01737   0.00779   0.00000   0.00242   0.00000   0.00000   0.00000   0.00119   0.00360   0.00358   0.00602   0.01818   0.02326   0.05516   0.07326   0.01848   0.03212   0.00729   0.00123   0.00784   0.02174   0.00837   0.00805   0.03776   0.05333   0.00000   0.01626   0.05090  
 34  0.0006   5031.478047  x:  0.00924   0.01735   0.00776   0.00000   0.00241   0.00000   0.00000   0.00000   0.00120   0.00362   0.00361   0.00602   0.01818   0.02324   0.05517   0.07334   0.01848   0.03213   0.00731   0.00124   0.00787   0.02174   0.00836   0.00806   0.03774   0.05341   0.00000   0.01625   0.05090  
 35  0.0002   5031.478000  x:  0.00923   0.01735   0.00776   0.00000   0.00241   0.00000   0.00000   0.00000   0.00121   0.00361   0.00360   0.00602   0.01818   0.02323   0.05516   0.07336   0.01848   0.03213   0.00731   0.00124   0.00787   0.02173   0.00835   0.00806   0.03774   0.05337   0.00000   0.01625   0.05091  
 36  0.0001   5031.477995  x:  0.00923   0.01735   0.00776   0.00000   0.00240   0.00000   0.00000   0.00000   0.00120   0.00361   0.00360   0.00602   0.01817   0.02323   0.05517   0.07337   0.01848   0.03213   0.00731   0.00124   0.00787   0.02174   0.00835   0.00806   0.03773   0.05336   0.00000   0.01625   0.05091  
 37  0.0000   5031.477995  x:  0.00923   0.01735   0.00776   0.00000   0.00240   0.00000   0.00000   0.00000   0.00120   0.00361   0.00360   0.00602   0.01817   0.02323   0.05517   0.07337   0.01848   0.03213   0.00731   0.00124   0.00787   0.02174   0.00835   0.00806   0.03773   0.05337   0.00000   0.01625   0.05091  