     1   1548   1076


 1

     1      1    -2.8462972665   0.058058900000      89.8752  -------------E--
     2      1    -3.3446034605   0.035274200000      54.6045  -------------Y--
     3      1    -5.9493172502   0.002607620263       4.0366  -----------A---T
     4      1    -2.8639130959   0.057045100000      88.3058  ----------D-----
     5      1    -3.0268927578   0.048466000000      75.0254  ----------I-----
     6      1    -3.0682675730   0.046501645821      71.9845  ---EEE-EEE------
     7      1    -3.4861250763   0.030619290006      47.3987  ---F------F-----
     8      1    -7.1982778431   0.000747872654       1.1577  ---KEE-EEE------
     9      1    -7.3418979451   0.000647819827       1.0028  ---VIVVVVV------
    10      1    -2.8495395966   0.057870958728      89.5842  ---VVVVVVV------
    11      1   -15.8487427055   0.000000130912       0.0002  --ATTTTTTTATTITT
    12      1    -3.5702252116   0.028149513370      43.5754  --DDDDDDDD---D-D
    13      1    -3.9787775454   0.018708495652      28.9608  --DDDDDDDDDDDDDD
    14      1   -12.3243443210   0.000004442273       0.0069  --DDDDDDDDDDDDNG
    15      1    -9.2249415527   0.000098550490       0.1526  --EEEEEEEEEEEE-G
    16      1    -4.2406062673   0.014398859639      22.2894  --EEEEEEEEEEEEEE
    17      1    -8.3242612818   0.000242560042       0.3755  --EEEEEEEEEKKEEE
    18      1    -9.0778488576   0.000114166933       0.1767  --EEEEEEEEKKKKKK
    19      1   -15.5462425941   0.000000177155       0.0003  --EKEEEEKK-E-E-E
    20      1    -4.0671688624   0.017125805449      26.5107  --FFFFFFFFFFFFFF
    21      2    -2.4858855287   0.083251800000     128.8738  --G-------------
    22      1   -27.6601608714   0.000000000001       0.0000  --GAAAAAAARNS-EG
    23      1   -13.6563188776   0.000001172563       0.0018  --GDDDDDDDGGGDGG
    24      1   -18.2765004954   0.000000011551       0.0000  --GGGGGGGGKRRGRR
    25      1   -13.8761598328   0.000000941153       0.0015  --GGGGGGGGVGGSGG
    26      1   -22.8555880208   0.000000000119       0.0000  --GRRCCCCC-G-G-S
    27      1   -15.2049983952   0.000000249203       0.0004  --GRRRRRRRRGGGGG
    28      1    -4.8391489924   0.007913785878      12.2505  --HHHHHHHHHHHHHH
    29      1   -19.5760516892   0.000000003149       0.0000  --HHHHHHHHHPP-YL
    30      1   -21.6735105217   0.000000000387       0.0000  --HHHNHHHHHHHCHN
    31      1   -27.7952183013   0.000000000001       0.0000  --KEENNNNNEKKKEN
    32      1   -11.3371676650   0.000011921493       0.0185  --KKKKKKKKKKKREK
    33      1   -11.0378129805   0.000016081951       0.0249  --KQQQQQQQQQQQEQ
    34      1    -7.9795128788   0.000342406175       0.5300  --KRRRRRRRKKKKKK
    35      1    -9.4151712668   0.000081478509       0.1261  --LSLLLLLL-L-L-L
    36      1   -23.1054202724   0.000000000092       0.0000  --LSLSLLLLSSSSSS
    37      1    -4.5110289074   0.010987149598      17.0081  --NNNNNNNN-N-N-N
    38      1    -4.8860717923   0.007551026292      11.6890  --NNNNNNNNNNNNNN
    39      1    -7.8107000136   0.000405374181       0.6275  --P-------SSSSSS
    40      1    -4.2274713240   0.014589235394      22.5841  --RRRRRRRRRRRRRR
    41      1   -14.5939150968   0.000000459138       0.0007  --SLLLLLLLSSSPSS
    42      1    -4.0563183808   0.017312640478      26.8000  --SSSSSSSSSSS-SS
    43      1    -4.2374090223   0.014444969994      22.3608  --SSSSSSSSSSSSSS
    44      1   -14.9624866356   0.000000317596       0.0005  --STTTTTTTDNNNNN
    45      1   -12.6290109078   0.000003275595       0.0051  --T-------AAATTA
    46      1   -21.5806331445   0.000000000424       0.0000  --TIVVVVVVAAA-GT
    47      1   -15.3383282354   0.000000218096       0.0003  --TTTTTITTTTTTTA
    48      1    -7.4977224383   0.000554345490       0.8581  --TTTTTTTTSTTTTT
    49      1   -13.7054000068   0.000001116401       0.0017  --TTTTTTTTTSSSST
    50      1    -4.1033386388   0.016517437486      25.5690  --TTTTTTTTTTTTTT
    51      1    -7.0836506974   0.000838705692       1.2983  --VIIIIIII-V-V-V
    52      1    -3.7257508155   0.024095002731      37.2991  --VVVVVVVVVVV-VV
    53      1    -3.9769951930   0.018741870517      29.0124  --Y-------YYYYYY
    54      1   -22.8497478289   0.000000000119       0.0000  --YYDDDDDDYYYYSD
    55      1    -4.0724024085   0.017036410887      26.3724  --YYYYYYYYYYY-YY
    56      1    -3.9472461196   0.019307800000      29.8885  -C--------------
    57      1    -7.3936425705   0.000615151136       0.9523  -DDDDDDDDDDDDEDD
    58      1    -2.4858855287   0.083251800000     128.8738  -G--------------
    59      1    -7.3999588383   0.000611277922       0.9463  -L-----------E--
    60      1    -3.1242022113   0.043972000000      68.0687  -R--------------
    61      1    -3.6778787041   0.025276537019      39.1281  -R-----------R--
    62      1   -11.9799271523   0.000006268790       0.0097  -REEEEEEEEEEEEED
    63      1   -20.8750247443   0.000000000859       0.0000  -RQQQQQQQQHHHQYH
    64      1    -2.6661710056   0.069517900000     107.6137  -S--------------
    65      1   -10.6686550092   0.000023262801       0.0360  -TTTKKKKKKTTTTTT
    66      1   -12.6886490626   0.000003085956       0.0048  -VVLVVVVVVVVVVVA
    67      1    -2.6573608949   0.070133066261     108.5660  AA--------------
    68      1   -22.1016443847   0.000000000252       0.0000  AA-SSTPPPPSSSASS
    69      2    -4.1252876084   0.016158846499      25.0139  AAAAAAAAAAAAA-AA
    70     21    -4.2708048195   0.013970534869      21.6264  AAAAAAAAAAAAAAAA
    71      1    -8.3605426265   0.000233917370       0.3621  AAAAAAAAAAAAAAGA
    72      1    -8.3198216295   0.000243639318       0.3772  AAAAAAAAAAAAAGAA
    73      1    -8.4276691714   0.000218730721       0.3386  AAAAAAAAAAATT-AA
    74      1   -12.4811184823   0.000003797687       0.0059  AAAAAAAAAATAA-AT
    75      2    -8.4872826973   0.000206072461       0.3190  AAAAAAAAAATAAAAA
    76      1   -19.1789019891   0.000000004685       0.0000  AAADDDDDDDAAAADT
    77      1   -28.9394270924   0.000000000000       0.0000  AAAIEQEEEEVVVVIV
    78      1    -8.9209994534   0.000133554696       0.2067  AAATAAAAAAAAAAAA
    79      1   -20.8247405495   0.000000000904       0.0000  AAATTTTTTTDAAVAV
    80      1   -15.6385580230   0.000000161533       0.0003  AAAYAAAAAAAAAGAA
    81      1   -13.8034095316   0.000001012175       0.0016  AADDDDDDDDDDDDHD
    82      1    -7.7696493181   0.000422361355       0.6538  AAEEEEEEEEEEEEEE
    83      1   -11.3669983835   0.000011571118       0.0179  AAGAGGGGGGGGGGGG
    84      1   -13.6675264020   0.000001159495       0.0018  AAIIIIIIIIIIIMII
    85      1    -7.7735903266   0.000420700101       0.6512  AAL-------LLLLLL
    86      1    -7.3337477789   0.000653121241       1.0110  AAPPPPPPPPPPPPPP
    87      1    -8.8263496591   0.000146813181       0.2273  AAQQQQ-QQQQQQQQQ
    88      1   -30.6452580304   0.000000000000       0.0000  AARMMVMMMMTTPTTT
    89      1   -29.9916243736   0.000000000000       0.0000  AASCCCCCCCYCCCGG
    90      1    -7.0886585122   0.000834516108       1.2918  AASSSSSSSSSSSSSS
    91      1   -10.1850513690   0.000037730138       0.0584  AASTTTTTTTTTTTTT
    92      2    -7.9359921010   0.000357636983       0.5536  AATAAAAAAAAAAAAA
    93      1   -15.8019663855   0.000000137181       0.0002  AATTTTTTTTITTTAT
    94      1   -15.2748588438   0.000000232388       0.0004  AATTTTTTTTTSSNTT
    95      1   -14.6579965202   0.000000430639       0.0007  AATTTTTTTTTSSTTA
    96      3    -7.3220045390   0.000660836211       1.0230  AATTTTTTTTTTTTTT
    97      1    -7.8771215175   0.000379323362       0.5872  AAVAAAAAAAAAAAAA
    98      1   -19.1449408797   0.000000004847       0.0000  AAVVVVVVVVDVVVMV
    99      1    -7.2020311103   0.000745070949       1.1534  AAVVVVVVVVVVVVVV
   100      1   -24.3726011528   0.000000000026       0.0000  AAYNNNNNNNYYYNYH
   101      1    -8.7901997859   0.000152217554       0.2356  AEAAAAAAAAAAAAAA
   102      1   -12.3713446693   0.000004238315       0.0066  AEEEEEEEEEEEEEED
   103      1    -9.1486191864   0.000106366574       0.1647  AEEEEEEEEEEEEEEE
   104      1   -16.8474785168   0.000000048221       0.0001  AGGGGGGGGGGGGADG
   105      1   -11.4086758367   0.000011098775       0.0172  APSSSSSSSSSSSSSS
   106      1   -15.5786502186   0.000000171506       0.0003  ASSSSSSSSSFFFSSS
   107      1   -14.0286993352   0.000000808004       0.0013  ASSSSSSSSSLSSSSS
   108      1   -21.3851025220   0.000000000516       0.0000  ATKKKNKKKKKKKNKK
   109      1   -40.9425383858   0.000000000000       0.0000  ATMTIIIIIIIMTMTR
   110      1   -17.1986281156   0.000000033941       0.0001  ATTAAAAAAAAKKAAA
   111      1   -26.7587274980   0.000000000002       0.0000  ATTTAAAAAATAAPTA
   112      1   -24.0028785635   0.000000000038       0.0000  AV-KKNNNNNAAAATA
   113      1   -23.4297826207   0.000000000067       0.0000  AVAIVVVVVAVVVVVV
   114      1   -15.7108647955   0.000000150265       0.0002  AVVAAAAAAAVVVIVV
   115      1   -27.3666828056   0.000000000001       0.0000  AVVIIIIIII-TTTDI
   116      1    -3.9472461196   0.019307800000      29.8885  C---------------
   117      1   -19.1873672146   0.000000004645       0.0000  CCCCCC-CCCYYYHYH
   118      1    -4.6881505718   0.009203691993      14.2473  CCCCCCCCCCCCC-CC
   119     11    -4.7522358156   0.008632373216      13.3629  CCCCCCCCCCCCCCCC
   120      1   -10.8858246354   0.000018721749       0.0290  CCCCCCCCCCCCCCCY
   121      1   -10.7595638089   0.000021241286       0.0329  CCCCCCCCCCCSCCCC
   122      1   -22.4039466853   0.000000000186       0.0000  CCCCCCCCCCCYYRCG
   123      2    -9.3139578805   0.000090157007       0.1396  CCCCCCCCCCSCCCCC
   124      1   -11.9915177137   0.000006196551       0.0096  CCCCCCCCCCSSSCSC
   125      1   -21.8379975184   0.000000000328       0.0000  CCCCCCCCCCYCCSSS
   126      1   -19.5467622491   0.000000003243       0.0000  CCCCCHRRRRCCCCCC
   127      1   -11.5040408419   0.000010089242       0.0156  CCCFFF-FFFCCCCCC
   128      1   -28.2024712342   0.000000000001       0.0000  CCCFFFFFFFFTTIFF
   129      1   -17.8880882851   0.000000017033       0.0000  CCCGEGGGGGCCCCCC
   130      1   -23.6954416198   0.000000000051       0.0000  CCCGGSSSSSCGGCCC
   131      1    -9.8204526047   0.000054328989       0.0841  CCCSSSSSSSCCCCCC
   132      1   -28.8115753604   0.000000000000       0.0000  CCCYYYYYYYYHHCWC
   133      1   -29.4454661471   0.000000000000       0.0000  CCHHHHHHHHNHHCYC
   134      1   -21.3115847724   0.000000000555       0.0000  CCLCCCCCCCCCCYGC
   135      1   -20.7234378593   0.000000001000       0.0000  CCNNNHNNNNDNNNNN
   136      1   -15.0119358402   0.000000302273       0.0005  CCRWWWWWWWWWWWWW
   137      1   -22.3499628011   0.000000000197       0.0000  CCSSSS-SSSCYYCCS
   138      1    -9.2384318257   0.000097229944       0.1505  CCSSSSSSSSSSSSSS
   139      1   -15.5712542919   0.000000172779       0.0003  CCYSSSSSSSYYYYYY
   140      1   -19.4847941985   0.000000003450       0.0000  CCYYYYYYYYSYYYHY
   141      1   -15.2216184275   0.000000245095       0.0004  CCYYYYYYYYYSSYYY
   142      1    -9.9950769154   0.000045623989       0.0706  CCYYYYYYYYYYYYYY
   143      1   -23.8940064964   0.000000000042       0.0000  CHDDTTTTTTDDDDDD
   144      1   -19.2694125583   0.000000004280       0.0000  CHILLLLLLLLLLLLL
   145      1   -18.0927741650   0.000000013881       0.0000  CRCCCCCCCCCHHCCC
   146      1   -28.2979496989   0.000000000001       0.0000  CRRCCCCCCCCYYCYC
   147      1   -40.1299293711   0.000000000000       0.0000  CRRRRRRCRRHHHCCR
   148      1   -21.3761088803   0.000000000521       0.0000  CRYYYYYYYYYHYYYY
   149      1   -24.0867535748   0.000000000035       0.0000  DAEEEEEEEEEKKKKR
   150      1    -7.5258925604   0.000538947411       0.8343  DD-DDD-DDDDDDDDE
   151      1   -22.4737855351   0.000000000174       0.0000  DDAAVVVVVVSAADAA
   152      1   -10.9770401847   0.000017089605       0.0265  DDDDDADDDDDDDDDD
   153      2    -4.4659171824   0.011494148694      17.7929  DDDDDD-DDDDDDDDD
   154      3    -4.3452785212   0.012967895911      20.0743  DDDDDDDDDDDDD-DD
   155     27    -4.4737165438   0.011404850361      17.6547  DDDDDDDDDDDDDDDD
   156      1    -9.7752277436   0.000056842416       0.0880  DDDDDDDDDDDDDDKD
   157      1    -9.5437509953   0.000071647593       0.1109  DDDDDDDDDDDND-DD
   158      1   -13.2177766941   0.000001817994       0.0028  DDDDDDDDDDDNDNDD
   159      1   -14.4991377245   0.000000504783       0.0008  DDDDDDDDDDDNQDDD
   160      1   -15.2125294879   0.000000247333       0.0004  DDDDDDDDDDNNNHDD
   161      1   -14.4311588910   0.000000540290       0.0008  DDDEEEEEEEEEEGEE
   162      1    -9.5223352017   0.000073198531       0.1133  DDDGGGGGGGDDDDDD
   163      1   -16.1825542322   0.000000093757       0.0001  DDDGGGGGGGDYYDDD
   164      1    -8.6611984278   0.000173176643       0.2681  DDDNDDDDDDDDDDDD
   165      1   -16.6023552616   0.000000061615       0.0001  DDDNNNNNNNNNN-DS
   166      1    -7.1974110120   0.000748521214       1.1587  DDEDDDDDDDDDDDDD
   167      1   -11.4281136695   0.000010885122       0.0169  DDGEEEEEEEEEEEEE
   168      1   -10.9969764734   0.000016752275       0.0259  DDGGGGGGGGDDDDDD
   169      2    -7.4361477819   0.000589551911       0.9126  DDGGGGGGGGGGGGGG
   170      1   -12.0200442212   0.000006022282       0.0093  DDGGGGGGGGGGGGGS
   171      1   -24.8202752075   0.000000000017       0.0000  DDHDDDDDDDDEDAHD
   172      1   -12.7846838338   0.000002803383       0.0043  DDKKKKKKKKKKKKKE
   173      1   -12.6576571975   0.000003183093       0.0049  DDKRRRRRRRKKKKKK
   174      1   -10.9727030188   0.000017163886       0.0266  DDNDDDDDDDEDDDDD
   175      1   -14.1302836065   0.000000729955       0.0011  DDNNNNNNNNLNNNNN
   176      3    -7.6734805589   0.000464996556       0.7198  DDNNNNNNNNNNNNNN
   177      1   -14.3788820142   0.000000569287       0.0009  DDNNNNNNNNSNNSNN
   178      1   -22.2347299503   0.000000000221       0.0000  DDPAVAAAAATAAAAA
   179      1    -8.6566059158   0.000173973788       0.2693  DDSDDDDDDDDDDDDD
   180      1   -20.1612093013   0.000000001754       0.0000  DDSSSSSSSSNRRSNS
   181      1   -19.2606453336   0.000000004317       0.0000  DDSTNNNNNNNNNTNN
   182      1   -11.3348022241   0.000011949726       0.0185  DDTNNNNNNNNNNNNN
   183      1   -15.2033449743   0.000000249615       0.0004  DDTSSSSSSSSSSNSS
   184      1   -15.5886883959   0.000000169793       0.0003  DDVVVVVVVVVFFVVV
   185      1    -7.6252816656   0.000487957783       0.7554  DEDDDDDDDDDDDDDD
   186      1   -11.7866222128   0.000007605627       0.0118  DEEDEEEEEEEEEEEE
   187      1    -8.1288583434   0.000294904689       0.4565  DEEEEEEEEEEEEEEE
   188      1   -11.4102446236   0.000011081377       0.0172  DEQEEEEEEEEEEEEE
   189      1   -13.8903770761   0.000000927867       0.0014  DGDDDDDDDDDEDDDD
   190      1   -13.6702722611   0.000001156315       0.0018  DGDDDDDDDDEEEDDD
   191      1   -18.3609951602   0.000000010615       0.0000  DGDDDDDDHHDDDDDD
   192      1   -18.7809607633   0.000000006975       0.0000  DHDEDDDDDDDDDDDG
   193      1   -23.1947529348   0.000000000084       0.0000  DIDGGGGGGGDDDHDD
   194      1   -17.4012060415   0.000000027717       0.0000  DKITTTTTTTTTTTTT
   195      1    -8.1689205377   0.000283323689       0.4386  DNDDDDDDDDDDDDDD
   196      1   -12.8339925251   0.000002668504       0.0041  DNNDNNNNNNNNNNNN
   197      1   -15.8008922120   0.000000137328       0.0002  DNNNNNNNNN-SS-TN
   198      1   -12.0277026448   0.000005976337       0.0093  DNYYYYYYYYYYYYYY
   199      1   -18.9576667239   0.000000005845       0.0000  DSDDNNNNNNDDDDGD
   200      1   -16.8658970922   0.000000047341       0.0001  E-DEEEEEEEENNEEK
   201      1   -22.4340183387   0.000000000181       0.0000  E-NNNNNNNNSINDNN
   202      1   -20.6339045561   0.000000001093       0.0000  EAVVVVVVVVAGGVVV
   203      1    -7.7647398931   0.000424440005       0.6570  EDDDDDDDDDDDDDDD
   204      1    -7.9901692643   0.000338776736       0.5244  EDEEEEEEEEEEEEEE
   205      1   -14.5174574767   0.000000495619       0.0008  EDEEEEEEEEEEGEEE
   206      1   -23.5490967446   0.000000000059       0.0000  EDLLLLLLLLSSSLSS
   207      1    -4.5163221696   0.010929145386      16.9183  EE-EEEEEEEEEEEE-
   208      1    -7.4530753344   0.000579656232       0.8973  EE-QQQQQQQQQQQQQ
   209      1   -11.8458995800   0.000007167887       0.0111  EEAAAAAAAAATTAA-
   210      2    -6.6455196345   0.001299832805       2.0121  EEDDDDDDDDDDDDDD
   211      1   -11.6996057153   0.000008297090       0.0128  EEDEEEEEEEEEEEEA
   212      1    -7.5578707957   0.000521985475       0.8080  EEDEEEEEEEEEEEEE
   213      1   -11.3208005966   0.000012118218       0.0188  EEDEEEEEEEEEEKEE
   214      1    -4.2482322564   0.014289471718      22.1201  EEE--------EE-EE
   215      1    -9.3480568733   0.000087134568       0.1349  EEEAAAAAAAEEEEEE
   216      1   -11.8162862025   0.000007383327       0.0114  EEEDEEEEEEEDDEEE
   217      1    -9.4367671099   0.000079737776       0.1234  EEEEDEEEEEEEEEEE
   218      1   -13.4039805799   0.000001509125       0.0023  EEEEEDDDDDEEEEDE
   219      1    -4.8500152091   0.007828258487      12.1181  EEEEEE-EEEEEEEEE
   220      1    -8.6129469660   0.000181737546       0.2813  EEEEEE-EEEEEEKEE
   221      1   -12.0397709194   0.000005904647       0.0091  EEEEEEEEEEDEEEAE
   222      1    -8.0912856960   0.000306195829       0.4740  EEEEEEEEEEDEEEEE
   223      1    -4.6991078317   0.009103395240      14.0921  EEEEEEEEEEEEE-EE
   224      3    -7.8582210650   0.000386560927       0.5984  EEEEEEEEEEEEEDEE
   225     37    -4.8597633951   0.007752317910      12.0006  EEEEEEEEEEEEEEEE
   226      1    -8.6573497192   0.000173844433       0.2691  EEEEEEEEEEEEEEEQ
   227      1   -11.3870516084   0.000011341391       0.0176  EEEEEEEEEEEEGEEE
   228      1   -16.7982484592   0.000000050654       0.0001  EEEEEEEEEEGGGGGR
   229      1   -11.4817866119   0.000010316287       0.0160  EEEEEEKEEEEEEEEE
   230      1   -19.4169084114   0.000000003693       0.0000  EEEEEEQQQQEEQEDE
   231      1   -18.4186487218   0.000000010020       0.0000  EEEEEKKKKKDKKEEE
   232      1   -10.2244319033   0.000036273181       0.0562  EEEEEQ-EEEEEEEEE
   233      1   -11.4752173699   0.000010384281       0.0161  EEEEGGGGGGEEEEEE
   234      1   -10.3056911126   0.000033442229       0.0518  EEEEKKKKKKEEEEEE
   235      1   -17.1813695784   0.000000034532       0.0001  EEEEVAVVVVEEEEEE
   236      1   -10.4735004611   0.000028275907       0.0438  EEEGEEEEEEEEEEEE
   237      1   -10.2490075117   0.000035392610       0.0548  EEEGGG-GGGEEEEEE
   238      1   -24.0820623568   0.000000000035       0.0000  EEEGGGGGGGGAAEEG
   239      1   -16.8441308798   0.000000048382       0.0001  EEEKKK-KKKEQQKEE
   240      1    -9.1953060615   0.000101514789       0.1571  EEEKKKKKKKEEEEEE
   241      1   -11.0428342701   0.000016001401       0.0248  EEEKKKKKKKKKKKKK
   242      1    -9.0891228447   0.000112887045       0.1747  EEEQEEEEEEEEEEEE
   243      1   -16.9265764182   0.000000044553       0.0001  EEGGGGGGGGEGGEEE
   244      1   -13.4325058774   0.000001466685       0.0023  EEGGGGGGGGGGAGGG
   245      1    -7.7663980340   0.000423736807       0.6559  EEGGGGGGGGGGG-GG
   246      1   -15.3577434504   0.000000213903       0.0003  EEK-------KKKEKN
   247      1   -15.2707540822   0.000000233344       0.0004  EEKDEEEEEEEDDEEE
   248      1   -11.3528347467   0.000011736173       0.0182  EEKEEEEEEEEEEEDE
   249      1    -8.3147724960   0.000244872597       0.3791  EEKEEEEEEEEEEEEE
   250      1   -11.8093388892   0.000007434800       0.0115  EEKEEEEEEEKKKKKK
   251      1    -7.3882288214   0.000618490441       0.9574  EEKKKKKKKKKKK-KK
   252      1    -7.5346301028   0.000534258848       0.8270  EEKKKKKKKKKKKKKK
   253      1   -20.1837879805   0.000000001715       0.0000  EEKKKKKKKKKNNKEN
   254      1   -17.9632621776   0.000000015800       0.0000  EEMKKKKKKKKKKKKS
   255      1    -8.1412234060   0.000291280626       0.4509  EEQEEEEEEEEEEEEE
   256      1    -7.6951845544   0.000455013006       0.7044  EEQQQQQQQQQQQQQQ
   257      1   -14.4440338642   0.000000533379       0.0008  EETEEEEEEEKKKKKK
   258      1   -24.0974518609   0.000000000034       0.0000  EEVEEKEEEEKKKKKE
   259      1   -13.5063484341   0.000001362283       0.0021  EGEDDDDDDDEEEEEE
   260      1   -13.1345895911   0.000001975696       0.0031  EGGGGG-GGGGGGAGG
   261      1   -19.6097541617   0.000000003045       0.0000  EGKKKKKKKKRKKKKR
   262      1   -12.6167164278   0.000003316116       0.0051  EGQQQQQQQQQQQQQQ
   263      1    -8.8062596353   0.000149792488       0.2319  EKKKKKKKKKKKKKKK
   264      1   -15.0272317898   0.000000297684       0.0005  EKNNNNNNNNKKKKKK
   265      1   -11.8042767899   0.000007472531       0.0116  EQEEEEEEEEEEEEED
   266      1   -12.1578245080   0.000005247155       0.0081  EQEEEEEEEEEEEQEE
   267      1   -16.9187976292   0.000000044901       0.0001  EQKKKKKKKKEEEKEK
   268      1   -15.8003183416   0.000000137407       0.0002  EQQQQQRQQQQQQQQQ
   269      1   -10.7596494595   0.000021239467       0.0329  EREEEEEEEEEEEEEE
   270      1   -10.0159463756   0.000044681707       0.0692  ETTTTTTTTTTTTTTT
   271      1   -17.8335240069   0.000000017989       0.0000  FCVIII-IIIIIIIII
   272      1   -24.1155487173   0.000000000034       0.0000  FEYYYYYYYYYYHHYY
   273      1    -9.8941836046   0.000050467368       0.0781  FFCCCCCCCC-CCCCC
   274      1   -17.4514097204   0.000000026360       0.0000  FFCFFFFFFFFFVFFF
   275      1    -7.7963593201   0.000411229412       0.6366  FFF--------LL-FF
   276      1    -4.3355502263   0.013094667060      20.2705  FFFFFFFFFFFFF-FF
   277     26    -4.4287899858   0.011928915100      18.4660  FFFFFFFFFFFFFFFF
   278      2    -8.0939010609   0.000305396062       0.4728  FFFFFFFFFFFFFLFF
   279      1    -9.6302481007   0.000065710745       0.1017  FFFFFFFFFFFFLFFF
   280      1   -11.2047838281   0.000013608937       0.0211  FFFFFFFFFFFFSFFF
   281      1   -10.0214331159   0.000044437222       0.0688  FFFFFFFFFFFSSFFF
   282      1   -19.7090672865   0.000000002757       0.0000  FFFFFFFFFFLTTFLL
   283      1   -13.5721866994   0.000001275482       0.0020  FFFFLFFFFFLFFFFF
   284      1    -9.7797169553   0.000056587811       0.0876  FFFFLLLLLLFFFFFF
   285      1   -34.1491917087   0.000000000000       0.0000  FFFFSLSLLLSFFFLF
   286      1   -10.0113580611   0.000044887192       0.0695  FFFIFFFFFFFFFFFF
   287      1   -24.9466965708   0.000000000015       0.0000  FFIIIIIIIITIIMTT
   288      1   -26.1166097835   0.000000000005       0.0000  FFILLFFFFFLFFFFL
   289      1   -19.6840041778   0.000000002827       0.0000  FFILLLLLLLSSSFFF
   290      1    -7.7962779513   0.000411262874       0.6366  FFLFFFFFFFFFFFFF
   291      1   -12.9576798612   0.000002358040       0.0037  FFLFLLLLLLFFF-FF
   292      1   -13.3044908822   0.000001666990       0.0026  FFLLFFFFFFLLLLLL
   293      1   -11.6960686594   0.000008326489       0.0129  FFLLLLLLLLLLLLFL
   294      1    -7.1858670520   0.000757212181       1.1722  FFLLLLLLLLLLLLLL
   295      1   -11.8573211281   0.000007086485       0.0110  FFLVLLLLLLLLLLLL
   296      2    -9.3629775760   0.000085844110       0.1329  FFSFFFFFFFFFFFFF
   297      1   -22.7109386987   0.000000000137       0.0000  FFSIII-IIIIVVISI
   298      1   -26.4281122338   0.000000000003       0.0000  FFSLFFFFFFFLFLLF
   299      1    -9.0960231605   0.000112110770       0.1735  FFVFFFFFFFFFFFFF
   300      1   -11.3794678165   0.000011427729       0.0177  FFYYYYYYYYYYYYHY
   301      1   -19.7517349149   0.000000002642       0.0000  FLCYYYYYYYCCCCCC
   302      1   -12.3331919853   0.000004403143       0.0068  FLLLLLLLLLLLLLIL
   303      1   -31.2572262046   0.000000000000       0.0000  FLPFLLLLLLLPPPLL
   304      1   -11.5865299205   0.000009290391       0.0144  GADDDDDDDDDDDDDD
   305      1   -21.3863469406   0.000000000515       0.0000  GDDDDDDDDDEDEEED
   306      1   -24.4097244673   0.000000000025       0.0000  GDSNNNNSNNDNNNNN
   307      1   -27.7758876390   0.000000000001       0.0000  GDSSRRRRRRNHHNNN
   308      1   -13.3955712959   0.000001521869       0.0024  GEEEEEEEEEEEEEED
   309      2   -10.1728478210   0.000038193400       0.0591  GEEEEEEEEEEEEEEE
   310      1    -2.5807940555   0.075713859138     117.2051  GG--------------
   311      1   -30.3992121810   0.000000000000       0.0000  GGAGGGGGGGVEDEVV
   312      1   -15.2888712902   0.000000229154       0.0004  GGCCCCCCCCCCCCYC
   313      1    -7.8944972173   0.000372789285       0.5771  GGDDDDDDDDDDDDDD
   314      1   -12.6566874555   0.000003186181       0.0049  GGDDDDDDDDDDDDDG
   315      1   -23.2613649009   0.000000000079       0.0000  GGEAAAAAAAASSATG
   316      5    -8.5231783719   0.000198806539       0.3078  GGEEEEEEEEEEEEEE
   317      1   -22.5377191970   0.000000000163       0.0000  GGEEEEEEEEGEEGRG
   318      1    -8.3437013172   0.000237890204       0.3683  GGEGGGGGGGGGGGGG
   319      1   -13.0518351041   0.000002146150       0.0033  GGGEEEEEEEEEEEEE
   320      1   -14.7749706029   0.000000383100       0.0006  GGGEEEEEEEGGGGEG
   321      1    -7.6253315147   0.000487933460       0.7553  GGGGGGGGGGAGGGGG
   322      1    -8.5097768186   0.000201488788       0.3119  GGGGGGGGGGDGGGGG
   323      8    -3.3039278291   0.036738580764      56.8713  GGGGGGGGGGGGGGGG
   324      1    -8.9229838516   0.000133289933       0.2063  GGGGGGGGGGGGGRGG
   325      1    -9.1633135408   0.000104815013       0.1623  GGGGGGGGGGRGGGGG
   326      1    -9.5893685150   0.000068452635       0.1060  GGGRGGGGGGGGGGGG
   327      1    -9.6024467718   0.000067563222       0.1046  GGGRRRRRRRGGGGGG
   328      1   -16.4943256771   0.000000068644       0.0001  GGKEEEEEEEEEDEEE
   329      1   -11.9767623966   0.000006288661       0.0097  GGKEEEEEEEEEEEEE
   330      1   -20.2394561710   0.000000001622       0.0000  GGNDNNNNNNNNNDDD
   331      1   -13.8809649715   0.000000936642       0.0014  GGNNKKKKKKNNNNNN
   332      1   -15.3469979390   0.000000216214       0.0003  GGQGGGGGGGGGGTGG
   333      1   -18.7859878623   0.000000006940       0.0000  GGRRRRRRRRSSSSSR
   334      1   -12.1072759965   0.000005519209       0.0085  GGSGGGGGGGGSSGGG
   335      1    -7.7981372606   0.000410498920       0.6355  GGSSSSSSSSSSSSSS
   336      1    -8.9854912984   0.000125213372       0.1938  GGTTTTTTTTTTTTTT
   337      1   -17.7725626147   0.000000019119       0.0000  GGVVVVVVVVTVVVVL
   338      1   -16.4727820445   0.000000070139       0.0001  GGWWWWWWWWEWWWWW
   339      2    -9.1419033698   0.000107083316       0.1658  GRGGGGGGGGGGGGGG
   340      1   -20.5242010071   0.000000001220       0.0000  GRRRRKRRRRRTTRRR
   341      1   -21.3801681426   0.000000000518       0.0000  GSHSRRRRRRSSSSSS
   342      1    -9.3903563445   0.000083525687       0.1293  GSSSSSSSSSSSSSSS
   343      1   -10.8121849618   0.000020152445       0.0312  GTTTTTTTTTTTTTTT
   344      1    -3.7118901819   0.024431300000      37.8197  H---------------
   345      1    -9.3464106221   0.000087278132       0.1351  HH-HHH-HHHYHHHHH
   346      1   -21.4999589613   0.000000000460       0.0000  HH-NNNTNNNNV-NNN
   347      1   -19.5528165577   0.000000003223       0.0000  HHHHHHHHHHHHCHPH
   348      5    -5.3456182298   0.004769001955       7.3824  HHHHHHHHHHHHHHHH
   349      1    -9.1984540494   0.000101195725       0.1567  HHHHHHHHHHHHHNHH
   350      1   -14.5938722769   0.000000459158       0.0007  HHHHHHHHHHHNNHHD
   351      1   -16.0960820423   0.000000102226       0.0002  HHHHHHHHHHHPPHLH
   352      1   -17.9319243686   0.000000016303       0.0000  HHHHHHHHHHRHHHQY
   353      1   -12.0069594957   0.000006101600       0.0094  HHHHHHNHHHHHHHHH
   354      1   -27.7618765766   0.000000000001       0.0000  HHHQPPPLPPHHHYHH
   355      1   -34.3779886837   0.000000000000       0.0000  HHHYHHHRHHYYHQQH
   356      1   -16.4732249887   0.000000070108       0.0001  HHLLLLLLLLPPPLLL
   357      1   -12.4278419188   0.000004005501       0.0062  HHNDDDDDDDNNNNNN
   358      1   -13.3325611634   0.000001620848       0.0025  HHNNNNNNNNHNNNNN
   359      1    -8.8254122339   0.000146950872       0.2275  HHNNNNNNNNNNNNNN
   360      1   -21.3905545434   0.000000000513       0.0000  HHPHHHHHHHHPPPHH
   361      1   -22.6251802908   0.000000000149       0.0000  HHPPPPPPPPHRRPHP
   362      1    -9.2458243351   0.000096513821       0.1494  HHPPPPPPPPPPPPPP
   363      1   -19.3421366639   0.000000003979       0.0000  HHQHHHHHHHQQQYQH
   364      1   -22.1687091086   0.000000000236       0.0000  HHRHHHHHHHHHHHPC
   365      1   -18.1833311377   0.000000012679       0.0000  HHYHHHHHHHDYYHHH
   366      1   -26.5842286558   0.000000000003       0.0000  HHYLHRHHHHHHHHGH
   367      1    -7.9712224097   0.000345256683       0.5345  HHYYYYYYYY-YYYYY
   368      1   -13.9205378970   0.000000900300       0.0014  HHYYYYYYYYFFFYFY
   369      1   -20.9671948220   0.000000000784       0.0000  HHYYYYYYYYYYCSYY
   370      1   -10.2355466306   0.000035872247       0.0555  HNNNNNNNNNNNNNNN
   371      1   -13.9280287403   0.000000893581       0.0014  HQHHHHHHHHRHHHHH
   372      1   -20.4926422451   0.000000001259       0.0000  HQSSSSSSSSS-NSNS
   373      1   -13.4073004981   0.000001504123       0.0023  HRDDDDDDDDDDDDDD
   374      1   -25.3505064551   0.000000000010       0.0000  HRPCCCCCCCYYYYYY
   375      1   -22.3390207173   0.000000000199       0.0000  HYCCCRRRRRCCCCCC
   376      1   -12.8102062456   0.000002732739       0.0042  HYQQQQQQQQQQQQQQ
   377      1   -28.9599786701   0.000000000000       0.0000  HYWCCCCYCCCCCCCC
   378      1    -3.0268927578   0.048466000000      75.0254  I---------------
   379      1   -36.0475219555   0.000000000000       0.0000  IAIFFFFFLFVVVSLI
   380      1   -18.1270315256   0.000000013413       0.0000  IFLFFFFFFFFFFFVF
   381      1    -9.9292902883   0.000048726365       0.0754  II-IIIIIIIIIIIFI
   382      1   -11.8408863421   0.000007203912       0.0112  IIIIII-IIIIIIIIR
   383      1    -4.8689352955   0.007681539505      11.8910  IIIIIIIIIIIII-II
   384      1   -10.1001130762   0.000041074910       0.0636  IIIIIIIIIIIIIFII
   385     22    -5.0287312748   0.006547111789      10.1349  IIIIIIIIIIIIIIII
   386      1    -7.8026233037   0.000408661528       0.6326  IIIIIIIIIIIIIIIV
   387      1    -9.4583047555   0.000078038774       0.1208  IIIIIIIIIIIIIMII
   388      1   -10.1684615341   0.000038361296       0.0594  IIIIIIIIIIIIIVVI
   389      1    -9.7861837545   0.000056223049       0.0870  IIIIIIIIIIIMMIII
   390      1    -9.2508455623   0.000096030418       0.1487  IIIIIIIIIIIVIIII
   391      1    -9.6978758807   0.000061413807       0.0951  IIIIIIIIIIMIIIII
   392      1   -15.6836480691   0.000000154411       0.0002  IIIIIIIIIIMIIIIN
   393      1   -15.3492203957   0.000000215734       0.0003  IIIIIIIIIIMIIISI
   394      1    -7.8109852247   0.000405258580       0.6273  IIIIIIIIIIVIIIII
   395      1   -12.7373302945   0.000002939326       0.0046  IIIIIIIIIIVVVVAV
   396      1    -8.9876695748   0.000124940920       0.1934  IIIIIIIIIIVVVVVV
   397      1    -9.1529645089   0.000105905379       0.1639  IIIIVIIIIIIIIIII
   398      1   -13.0031565079   0.000002253206       0.0035  IIIIVIIIIIVVVIII
   399      1   -16.2150221521   0.000000090762       0.0001  IIILLLLLLLIVIILI
   400      1   -17.7054747757   0.000000020446       0.0000  IIILVIIIIIITTIII
   401      1   -16.0359635698   0.000000108560       0.0002  IIISIIIIIIIIIIIM
   402      1   -12.6010986408   0.000003368313       0.0052  IIITIIIIIIIIIVII
   403      1   -10.8959803146   0.000018532580       0.0287  IIIVVVVVVVVIIIII
   404      1   -13.4217947643   0.000001482479       0.0023  IILVVVVVVVIIIVII
   405      1    -8.9937415564   0.000124184579       0.1922  IIMIIIIIIIIII-II
   406      1   -17.5611364535   0.000000023621       0.0000  IIMIIIIIIIIIIMMM
   407      1   -12.6674169272   0.000003152178       0.0049  IIMIIIIIIIILLIII
   408      1    -8.6225406351   0.000180002353       0.2786  IIMMMMMMMMMMMMMM
   409      1   -15.5863376411   0.000000170192       0.0003  IISVVVVVVVVVVAVV
   410      1    -9.0521566148   0.000117138142       0.1813  IITIIIIIIIIIIIII
   411      1   -17.2458574906   0.000000032376       0.0001  IITSSSSSSSTTTPTT
   412      1   -11.3307724246   0.000011997978       0.0186  IITTTTTTTTIII-II
   413      1    -7.2817338495   0.000687991655       1.0650  IIVIIIIIIIIIIIII
   414      1   -24.3181208362   0.000000000027       0.0000  IIVVVVVVVVMMTVVM
   415      1   -13.2472871590   0.000001765128       0.0027  IIVVVVVVVVNVV-VV
   416      1    -6.3483486461   0.001749634017       2.7084  IIVVVVVVVVVVV-VV
   417      1   -20.3576805015   0.000000001441       0.0000  IKIIIIIIIIVIIRII
   418      1   -14.0917106551   0.000000758661       0.0012  IL-RLL-LLLLLLLLL
   419      1   -14.5220084457   0.000000493369       0.0008  ILIIIIIIIIVLLIII
   420      1    -9.6308668384   0.000065670100       0.1017  IMIIIIIIIIIIIIII
   421      1   -21.5099575245   0.000000000455       0.0000  IMIIIMIIIIIVVIIV
   422      1   -12.8609630546   0.000002597495       0.0040  IRLLLLLLLLLLLLLL
   423      1   -38.0299728135   0.000000000000       0.0000  ISHDFFFFFFHDDHHL
   424      1   -13.7378923879   0.000001080710       0.0017  ISNNNNNNNNNNNNNN
   425      1   -12.3515378357   0.000004323100       0.0067  ITIIIIIIIIIIIIIV
   426      1    -9.6439595980   0.000064815901       0.1003  ITTTTTTTTTTTTTTT
   427      1   -10.4593593834   0.000028678599       0.0444  ITVVVVVVVV-VV-VV
   428      1    -7.7074738803   0.000449455423       0.6958  IVIIIIIIIIIIIIII
   429      1   -20.0468730737   0.000000001967       0.0000  IVIIIVIIIIIVVIVV
   430      1   -20.4521687349   0.000000001311       0.0000  IVIKKKKKKKI--RII
   431      1   -15.2883858086   0.000000229265       0.0004  IVMIIIIIIILIIIII
   432      1   -11.6473620423   0.000008742083       0.0135  IVTVVVVVVVVVVVVV
   433      1   -10.5394743026   0.000026470642       0.0410  IVVVVVVVVVVVV-VI
   434      1   -10.5547601656   0.000026069092       0.0404  IVVVVVVVVVVVVVIV
   435      1    -7.5659173448   0.000517802147       0.8016  IVVVVVVVVVVVVVVV
   436      1    -2.7801597100   0.062028600000      96.0203  K---------------
   437      1   -14.9363169889   0.000000326017       0.0005  KDDDDDDDDDGDDDDD
   438      1   -12.9802590494   0.000002305394       0.0036  KEEEEEEEEEKEEEEE
   439      1   -18.2054101625   0.000000012402       0.0000  KEEEEEEEEEKNNKKK
   440      1   -12.4275472726   0.000004006681       0.0062  KEKEEEEEEEEEEEEE
   441      1   -19.2330118851   0.000000004438       0.0000  KIIVVVVVVVIIIVVV
   442      1   -10.5868879102   0.000025244862       0.0391  KK-KKK-KKKMKKKKK
   443      1   -16.8997495398   0.000000045765       0.0001  KK-RRRRRRRNNNNTN
   444      1   -24.5825878360   0.000000000021       0.0000  KKDSSSSSSSNSSSGN
   445      1   -19.3847397879   0.000000003813       0.0000  KKEAEEEEEEAEEDEE
   446      1   -11.2962320213   0.000012419633       0.0192  KKEDEEEEEEEEEEEE
   447      1   -10.8697471514   0.000019025181       0.0295  KKEEEEEEEEDEEEEE
   448      5    -7.6382251102   0.000481682627       0.7456  KKEEEEEEEEEEEEEE
   449      1   -25.7347851737   0.000000000007       0.0000  KKEKKKKKEEKRREKE
   450      1   -15.8122727580   0.000000135774       0.0002  KKEKKKKKKKKEEEEE
   451      1   -17.0020553631   0.000000041314       0.0001  KKEKKKKKKKKEEKKA
   452      1   -12.3275037946   0.000004428260       0.0069  KKEKKKKKKKKEEKKK
   453      2    -8.1556658417   0.000287104057       0.4444  KKEKKKKKKKKKKKKK
   454      1   -12.3035368683   0.000004535674       0.0070  KKEKKKKKKKKKKKNK
   455      1   -25.8061855660   0.000000000006       0.0000  KKEMMMVMMMKKKKTK
   456      1   -16.0090441191   0.000000111522       0.0002  KKEQEEEEEEEEEEEA
   457      1   -20.1485117393   0.000000001777       0.0000  KKIKEKKKKKKKKKTK
   458      1   -17.0525593737   0.000000039280       0.0001  KKKEEEEEEEEKKQKK
   459      1    -8.6988609940   0.000166775661       0.2582  KKKKKKKKKKEKKKKK
   460      1   -14.4253646127   0.000000543430       0.0008  KKKKKKKKKKKENKK-
   461      1    -4.4693447008   0.011454819726      17.7321  KKKKKKKKKKKKK-KK
   462     27    -4.6157440651   0.009894818278      15.3172  KKKKKKKKKKKKKKKK
   463      2    -8.7422553036   0.000159693325       0.2472  KKKKKKKKKKKKKKKQ
   464      1   -13.1164636849   0.000002011834       0.0031  KKKKKKKKKKKKKKTE
   465      1    -8.0199919096   0.000328822683       0.5090  KKKKKKKKKKKKKRKK
   466      1   -12.6920122273   0.000003075595       0.0048  KKKKKKKKKKKQQEKK
   467      1   -10.2803758699   0.000034299634       0.0531  KKKKKKKKKKNNNKKK
   468      1   -10.4962085731   0.000027641050       0.0428  KKKKKKKKKKNNNNNN
   469      1    -8.2532667484   0.000260406484       0.4031  KKKKKKKKKKRKKKKK
   470      1   -16.6804214141   0.000000056988       0.0001  KKKKKKKRKKNNNNNN
   471      1   -13.8579408496   0.000000958457       0.0015  KKKKNNNNNNKKKKRK
   472      1   -13.9388574540   0.000000883957       0.0014  KKKKQKKKKKKKKEKK
   473      1    -9.3822595178   0.000084204725       0.1303  KKKNKKKKKKKKKKKK
   474      1    -9.3641773912   0.000085741175       0.1327  KKKNNNNNNNKKKKKK
   475      1    -9.6882712561   0.000062006505       0.0960  KKKRRRRRRRRRRRRR
   476      1    -9.6891250834   0.000061953585       0.0959  KKKTKKKKKKKKKKKK
   477      1   -17.9476763462   0.000000016048       0.0000  KKKTTTTTTTKKKTTT
   478      1   -26.4579590569   0.000000000003       0.0000  KKMNKKKKKKNNNSSS
   479      1   -15.2376784156   0.000000241191       0.0004  KKNDNNNNNNNNNNSN
   480      1   -11.5212866982   0.000009916736       0.0154  KKNNNNNNNNNNNNND
   481      1   -19.6555653215   0.000000002909       0.0000  KKNNNNNSNNNYYNNN
   482      1   -12.6877133634   0.000003088845       0.0048  KKQKKKKKKKKKK-KA
   483      3    -7.8822219252   0.000377393584       0.5842  KKQQQQQQQQQQQQQQ
   484      1   -15.9970616808   0.000000112866       0.0002  KKRKKKKKKKRKRKKK
   485      1   -11.1883640167   0.000013834238       0.0214  KKRRRRRRRRQRR-RR
   486      1    -6.9237187033   0.000984163316       1.5235  KKRRRRRRRRRRRRRR
   487      1   -14.3973911225   0.000000558846       0.0009  KKSSSSSSSSSSSISS
   488      1    -8.6941197314   0.000167568266       0.2594  KKTKKKKKKKKKKKKK
   489      1   -17.9728514355   0.000000015649       0.0000  KKVEAAAAAAEEEEEE
   490      1   -18.5094371130   0.000000009151       0.0000  KNKKEEEEEEKKKKKE
   491      1   -35.5839026335   0.000000000000       0.0000  KNKRRRGGGGRRRSQN
   492      1   -30.7735429178   0.000000000000       0.0000  KNQQQQQQQQRWWRWQ
   493      1   -28.5589644570   0.000000000000       0.0000  KNTAAAAAAARRRTTM
   494      1   -12.8540861499   0.000002615419       0.0040  KQKKKKKKKKKEEKKK
   495      1   -20.4998755766   0.000000001250       0.0000  KQNNNNNNNNSSSTNN
   496      1   -24.0160440623   0.000000000037       0.0000  KREEEEEEEEEDD-GG
   497      1   -15.3305449966   0.000000219801       0.0003  KRRKKKKKKKNKK-K-
   498      1   -18.9417841189   0.000000005939       0.0000  KRRTRKRRRRRRRRRR
   499      1    -9.3997053889   0.000082748441       0.1281  KSKKKK-KKKKKKKKK
   500      1   -19.7869621463   0.000000002551       0.0000  KTKKKKEEEEKKKEKK
   501      1   -22.7299696161   0.000000000134       0.0000  KTNKKKKKKKKEKKNK
   502      1   -10.7798375290   0.000020814982       0.0322  L-LLLLLLLLLLSLLL
   503      1   -26.9059702698   0.000000000002       0.0000  LALQLLLLLLLQQLPL
   504      1    -2.5880097675   0.075169496087     116.3624  LL--------------
   505      1   -14.0137701933   0.000000820157       0.0013  LLCLLLLLLLLLLLIL
   506      1   -17.3431569842   0.000000029374       0.0000  LLDDDDDDDDDDDGDG
   507      1    -7.1734084243   0.000766705017       1.1869  LLFFFFFFFFFFFFFF
   508      1   -11.0663840851   0.000015628974       0.0242  LLFFFFFFFFFLL-FF
   509      1   -11.1596266770   0.000014237565       0.0220  LLFFFFFFFFFLLFFF
   510      1   -11.0769213331   0.000015465152       0.0239  LLFFFFFFFFLFFFFF
   511      1   -18.5578071093   0.000000008719       0.0000  LLFLLFLLLLLLLFLL
   512      1   -12.5159197706   0.000003667795       0.0057  LLFLLLLLLLFLLLLL
   513      1   -12.5977205584   0.000003379710       0.0052  LLFLLLLLLLLFFLLL
   514      1   -12.3483987026   0.000004336692       0.0067  LLFLLLLLLLLLL-LF
   515      3    -7.8084865293   0.000406272464       0.6289  LLFLLLLLLLLLLLLL
   516      1   -11.6224214474   0.000008962858       0.0139  LLIIIIIIIIIIIIMI
   517      1   -35.7333100370   0.000000000000       0.0000  LLITMTTMTTMMMMRM
   518      1   -14.5235311470   0.000000492618       0.0008  LLLFLLLLLLLLLRLL
   519      1   -29.3824397600   0.000000000000       0.0000  LLLFSCLLLLFLLLLL
   520      1    -9.6816634577   0.000062417588       0.0966  LLLLFLLLLLLLLLLL
   521      1   -13.9100938228   0.000000909752       0.0014  LLLLFLLLLLLLLLLV
   522      2    -9.9134084424   0.000049506408       0.0766  LLLLLFLLLLLLLLLL
   523      1   -18.7121257086   0.000000007472       0.0000  LLLLLL-LSLLMLLLL
   524      1   -16.8492752172   0.000000048134       0.0001  LLLLLLFFFFLLLLLS
   525      1   -12.3315403977   0.000004410421       0.0068  LLLLLLLLLLLIILFL
   526      1    -9.6355533837   0.000065363054       0.1012  LLLLLLLLLLLLFLLL
   527      1    -8.9950199771   0.000124025921       0.1920  LLLLLLLLLLLLILLL
   528      5    -3.5408115315   0.028989791404      44.8762  LLLLLLLLLLLLL-LL
   529      2    -8.1065398586   0.000301560512       0.4668  LLLLLLLLLLLLLFLL
   530      1   -12.8369134485   0.000002660721       0.0041  LLLLLLLLLLLLLLFF
   531     76    -3.6352636980   0.026376977913      40.8316  LLLLLLLLLLLLLLLL
   532      1    -9.5125553318   0.000073917915       0.1144  LLLLLLLLLLLLLLLS
   533      1    -7.8636940637   0.000384451058       0.5951  LLLLLLLLLLLLLLLV
   534      2    -7.9925190265   0.000337981625       0.5232  LLLLLLLLLLLLLMLL
   535      1    -9.5241686356   0.000073064450       0.1131  LLLLLLLLLLLLLPLL
   536      1    -9.1818640258   0.000102888567       0.1593  LLLLLLLLLLLLVLLL
   537      1    -9.7711199111   0.000057076396       0.0884  LLLLLLLLLLPLLLLL
   538      1   -22.2735453694   0.000000000212       0.0000  LLLLLLLLLLSSLSLL
   539      1    -9.4589867128   0.000077985573       0.1207  LLLLLVLLLLLLLLLL
   540      1    -8.6297156338   0.000178715459       0.2767  LLLMLLLLLLLLLLLL
   541      1    -9.7132942348   0.000060474169       0.0936  LLLQLLLLLLLLLLLL
   542      1    -8.3067468106   0.000246845775       0.3821  LLLVLLLLLLLLLLLL
   543      1    -7.7070410350   0.000449650009       0.6961  LLMLLLLLLLLLLLLL
   544      1    -7.8045909056   0.000407858236       0.6314  LLMMMMMMMMMMMMMM
   545      1   -20.8520888450   0.000000000879       0.0000  LLMMMMMMMMVLLVMV
   546      1    -9.2143219904   0.000099602630       0.1542  LLPLLLLLLLLLLLLL
   547      1   -15.1431367151   0.000000265106       0.0004  LLPLLLLLLLLLLLPL
   548      1   -16.8428866576   0.000000048443       0.0001  LLPLLLLLLLLPLLLL
   549      1    -8.4227471333   0.000219809975       0.3403  LLPPPPPPPPPPPPPP
   550      1   -18.0513778130   0.000000014467       0.0000  LLPPPPPPPPPPPSPL
   551      1   -23.9185122271   0.000000000041       0.0000  LLPSSSSSSSSSSLLS
   552      1   -13.1158622990   0.000002013045       0.0031  LLQQQQ-QQQQQQQHQ
   553      1   -22.1534127620   0.000000000239       0.0000  LLSATTTTTTTNTTTT
   554      1   -26.2578084451   0.000000000004       0.0000  LLSFFFFFFFSSSFYS
   555      1   -14.9633689769   0.000000317316       0.0005  LLSLLLLLLLLLFLLL
   556      1    -8.9630792924   0.000128051339       0.1982  LLSLLLLLLLLLLLLL
   557      1   -15.1785107665   0.000000255892       0.0004  LLSLLLLLLLLPPLLL
   558      1   -25.0467152674   0.000000000013       0.0000  LLTLSSSSSSSSLSSS
   559      1   -21.0500814165   0.000000000721       0.0000  LLTMIIIIIILLLMMM
   560      1   -19.4063489325   0.000000003732       0.0000  LLVFFFFFFFLFFLFF
   561      1   -18.6940571660   0.000000007608       0.0000  LLVIVVVVVVVLLVVA
   562      1   -10.0791511147   0.000041945009       0.0649  LLVVVVVVVVVVVVIV
   563      1    -9.9000887565   0.000050170229       0.0777  LLWLLLLLLLLLLLLL
   564      1   -12.9574278875   0.000002358634       0.0037  LLYHHHHHHHHHHHHH
   565      1   -19.3956809755   0.000000003772       0.0000  LPEEEEEEEEGEEEEE
   566      1   -18.6425125383   0.000000008011       0.0000  LPHHHHHHHHHHHHHY
   567      1   -16.0302567664   0.000000109181       0.0002  LPLIIIIIIIIIIIII
   568      1    -9.7631842522   0.000057531137       0.0891  LPPPPPPPPPPPPPPP
   569      1   -25.2447311995   0.000000000011       0.0000  LQKEDEEEEEKKKQKK
   570      1   -12.9708608227   0.000002327163       0.0036  LQPPPPPPPPPPPPPP
   571      1    -9.5073606578   0.000074302894       0.1150  LSLLLLLLLLLLLLLL
   572      1   -10.7106417625   0.000022306292       0.0345  LSSSSSSSSSSSSSSS
   573      1    -7.8226442710   0.000400561089       0.6201  LVLLLLLLLLLLLLLL
   574      1   -33.0012301382   0.000000000000       0.0000  MAVATTTTITTAATTT
   575      1   -27.2565548848   0.000000000001       0.0000  MIIMMMMMMMTEKMMM
   576      1   -24.1461560689   0.000000000033       0.0000  MLIFFFFFFFVIIVVI
   577      1   -29.4100984332   0.000000000000       0.0000  MLVFFSSSSSFLLLLL
   578      1    -4.1898459788   0.015148617901      23.4501  MM--------------
   579      1   -21.1565269536   0.000000000648       0.0000  MMAVVVVVVVLVVVMV
   580      1    -8.5318378321   0.000197092414       0.3051  MMIIIIIIIIIIIIII
   581      1   -14.1862551407   0.000000690220       0.0011  MMIIIIIIIIIIIISI
   582      1   -14.3790419759   0.000000569195       0.0009  MMIIIIIIIITTTIII
   583      1   -15.4299375515   0.000000199005       0.0003  MMIIVIIIIIIIIIIV
   584      1   -16.7958182368   0.000000050777       0.0001  MMIVILIIIIIIIIII
   585      1    -7.2444727900   0.000714110540       1.1054  MMLLLLLLLLLLLLLL
   586      1   -11.8136052057   0.000007403148       0.0115  MMM-------MTMMMM
   587      1    -9.5895374276   0.000068441073       0.1059  MMMLMMMMMMMMMMMM
   588      1    -5.9402752124   0.002631305383       4.0733  MMMMMMMMMMMMM-MM
   589      1    -8.9474963380   0.000130062385       0.2013  MMMMMMMMMMMMMMLM
   590      6    -6.1136403704   0.002212481881       3.4249  MMMMMMMMMMMMMMMM
   591      1   -10.6421530167   0.000023887553       0.0370  MMMMMMMMMMMMMMMT
   592      1   -10.4080787656   0.000030187617       0.0467  MMMMMMMMMMMMMTMM
   593      1   -15.0300588686   0.000000296844       0.0005  MMMMMMMMMMMTTTMM
   594      1   -28.5099581353   0.000000000000       0.0000  MMQKKKKKKKVIIVTI
   595      1   -25.1770557006   0.000000000012       0.0000  MMRRRRRRRRGRRRGG
   596      1   -17.0542638128   0.000000039213       0.0001  MMTVVVVVVVVVVTVV
   597      1   -16.0498568117   0.000000107062       0.0002  MMVAAAAAAAIVVVVV
   598      1   -19.0582428275   0.000000005286       0.0000  MMVMMMMMMMV--VEV
   599      1   -11.3499697999   0.000011769845       0.0182  MVIIIIIIIIIIIIII
   600      1   -13.2790169608   0.000001710000       0.0026  MVKKKKKKKKKKKKKK
   601      1   -15.0220440310   0.000000299233       0.0005  MVLLLLLLLLVLLLLL
   602      1   -10.5566855180   0.000026018948       0.0403  NDEEEEEEEEEEEEEE
   603      1   -15.9683380161   0.000000116155       0.0002  NDNDDDDDDDSNNNNN
   604      1   -13.1620342513   0.000001922211       0.0030  NDNNNNNNNNNNNHNN
   605      1    -8.7822937762   0.000153425757       0.2375  NGGGGGGGGGGGGGGG
   606      1   -23.4977783530   0.000000000062       0.0000  NGNSSSSSSSSNNSGS
   607      1   -14.0555811094   0.000000786572       0.0012  NHNNNNNNNNNNNTNN
   608      1   -12.0907281342   0.000005611300       0.0087  NHSSSSSSSSSSSSSS
   609      1   -23.9294940707   0.000000000041       0.0000  NIASSSSSSSSSSTTT
   610      1   -16.5739798090   0.000000063389       0.0001  NINNKNNNNNNNNNNN
   611      1   -16.3218975577   0.000000081562       0.0001  NKNSSSSSSSNNN-ND
   612      1    -3.5175335531   0.029672530708      45.9331  NN--------------
   613      1   -20.4718940203   0.000000001286       0.0000  NN-NHNNNNNSNNSNS
   614      1   -13.4838067687   0.000001393340       0.0022  NNANNNNNNNNDDNNN
   615      1    -7.2346029583   0.000721193587       1.1164  NNDDDDDDDDDDDDDD
   616      1   -25.2268188894   0.000000000011       0.0000  NNDHHLHHHHDDDNDN
   617      1   -13.3249899743   0.000001633166       0.0025  NNDNSSSSSSNNNNNN
   618      1   -14.0319635049   0.000000805370       0.0012  NNDNTNNNNNNNNNNN
   619      1   -25.2017554848   0.000000000011       0.0000  NNHHHPPPPPQHHDHH
   620      1    -9.8294142542   0.000053844287       0.0834  NNIIII-IIIIIIIII
   621      1    -7.8758534625   0.000379804670       0.5879  NNKKKKKKKKKKKKKK
   622      1   -18.2753341265   0.000000011564       0.0000  NNKKKKKKKKKKKKNI
   623      1   -12.0236966574   0.000006000327       0.0093  NNKKKKKKKKKKKKNK
   624      1   -13.3983067342   0.000001517712       0.0023  NNKKKKKKKKKKKPKK
   625      1    -9.2270205514   0.000098345816       0.1522  NNNDDDDDDDNNNNNN
   626      1   -25.4423614931   0.000000000009       0.0000  NNNDNDDDDDSNNQND
   627      1   -16.8911483855   0.000000046160       0.0001  NNNKKKKKKKNNNDTN
   628      1   -12.8657927070   0.000002584980       0.0040  NNNNIIIIIINNNNNN
   629      1   -15.6608781158   0.000000157967       0.0002  NNNNKKKKKKSSSSSS
   630      1   -23.1706100867   0.000000000087       0.0000  NNNNNNKKKKDNNSNH
   631      1   -14.3179084370   0.000000605078       0.0009  NNNNNNNNNNHNNNHN
   632      1   -12.6439385836   0.000003227062       0.0050  NNNNNNNNNNNKKDNN
   633      2    -8.7674605995   0.000155718511       0.2411  NNNNNNNNNNNNNNDN
   634      1   -10.0936909756   0.000041339546       0.0640  NNNNNNNNNNNNNNNG
   635     12    -5.6206205405   0.003622392570       5.6075  NNNNNNNNNNNNNNNN
   636      1   -13.6680588648   0.000001158877       0.0018  NNNNNNNNNNNNSNSN
   637      1    -9.9269304714   0.000048841487       0.0756  NNNNNNNNNNNTTNNN
   638      1   -11.7323345491   0.000008029932       0.0124  NNNNNNSSSSNNNNNN
   639      1   -11.2946135408   0.000012439750       0.0193  NNNSSSSSSSSSSSSS
   640      1    -9.9785249645   0.000046385439       0.0718  NNNTTTTTTTNNNN-N
   641      1   -14.4739253569   0.000000517671       0.0008  NNRYYYYYYYYYY-YY
   642      1   -16.0582231485   0.000000106170       0.0002  NNSNNNNNNNNKKNKN
   643      1   -11.6491442273   0.000008726517       0.0135  NNSSSSSSSSSSSNSS
   644      1    -7.8330384894   0.000396419133       0.6137  NNSSSSSSSSSSSSSS
   645      1   -27.2528330316   0.000000000001       0.0000  NNTIIIIIIIISILIV
   646      1   -22.3602669771   0.000000000195       0.0000  NNTIVIIIIITNNTTT
   647      1   -21.1134523516   0.000000000677       0.0000  NNTTTTTTTTTIISTI
   648      1   -14.0774809509   0.000000769534       0.0012  NNYNNNNNNNNNNNKN
   649      1   -17.3779494287   0.000000028370       0.0000  NNYNSSSSSSSSSSSS
   650      1   -12.2108801363   0.000004976020       0.0077  NPNNNNNNNNNNNNNN
   651      1   -26.7425491296   0.000000000002       0.0000  NQSPPPPPPPPPPLPS
   652      1   -19.0866851955   0.000000005138       0.0000  NRENNNNNNNNNNKNN
   653      1   -19.2222951185   0.000000004486       0.0000  NSDNNNNNNNDDDDDG
   654      1   -19.2927283510   0.000000004181       0.0000  NSKNNNNNNNKNNDNN
   655      1   -25.5639736902   0.000000000008       0.0000  NSSCSSSSSSSNSRSS
   656      1   -12.8598819765   0.000002600305       0.0040  NSSSSS-SSSSSSNSS
   657      1    -3.0842771894   0.045763100000      70.8413  P---------------
   658      1    -7.9088889404   0.000367462627       0.5688  P-SPPPPPPPPPPPPP
   659      1   -17.2256018552   0.000000033038       0.0001  PFFFFFFFFFFSSFFF
   660      1    -9.9294029920   0.000048720874       0.0754  PLLLLLLLLLLLLLLL
   661      1    -9.5838816071   0.000068829260       0.1065  PLPPPPPPPPPPPPPP
   662      1   -13.8007050795   0.000001014916       0.0016  PLPPPPPPPPPPPPSP
   663      1   -20.4958170766   0.000000001255       0.0000  PLSSLLLLLLSSSSSS
   664      1   -13.6858863708   0.000001138400       0.0018  PLTTTTTTTTTTTTTT
   665      1   -14.0187438544   0.000000816088       0.0013  PPFFFFFFFFLFFFFF
   666      1   -24.7345075523   0.000000000018       0.0000  PPHPLPPLPPPPPPPP
   667      1   -31.7856702748   0.000000000000       0.0000  PPINIIIIIIITLIIM
   668      1   -13.0418947481   0.000002167590       0.0034  PPLIIIIIIILLLLLL
   669      5    -8.5327015543   0.000196922255       0.3048  PPLLLLLLLLLLLLLL
   670      1   -13.9924023348   0.000000837870       0.0013  PPLLLLLLLLLLLLQL
   671      1   -12.5337193602   0.000003603088       0.0056  PPLLLLLLLLLLLVLL
   672      1   -15.8509015296   0.000000130629       0.0002  PPLLLLLLLLLLRLLL
   673      1   -22.4391029671   0.000000000180       0.0000  PPLPPPLPPPPPPLPP
   674      1    -9.0478827461   0.000117639847       0.1821  PPLPPPPPPPPPPPPP
   675      1   -24.7986209216   0.000000000017       0.0000  PPLPPPPPPPVLLLPL
   676      1   -10.4361013076   0.000029353425       0.0454  PPNNNNNNNNNNNNNN
   677      1   -12.4418619170   0.000003949736       0.0061  PPPASSSSSSPPPPPP
   678      1   -14.0539693562   0.000000787841       0.0012  PPPLLLLLLLLLLLLL
   679      1   -24.0760032093   0.000000000035       0.0000  PPPLLLLLLLPLLPSA
   680      1   -23.0120497456   0.000000000101       0.0000  PPPLPPPPPPPSSPSA
   681      1    -4.0776634957   0.016947016206      26.2340  PPPPPP-PPPPPPPPP
   682      1   -10.7707826515   0.000021004315       0.0325  PPPPPP-PPPPTPPPP
   683      1    -9.8377090803   0.000053399505       0.0827  PPPPPPPPPPPAPPPP
   684      1   -17.8603716137   0.000000017512       0.0000  PPPPPPPPPPPLLPPC
   685      2    -4.0029502688   0.018261682463      28.2691  PPPPPPPPPPPPP-PP
   686     24    -4.0824383892   0.016866288893      26.1090  PPPPPPPPPPPPPPPP
   687      1    -9.8676640487   0.000051823645       0.0802  PPPPPPPPPPPV-PPP
   688      1    -8.4946318513   0.000204563554       0.3167  PPPPPPPPPPSPPPPP
   689      1   -18.0114549706   0.000000015057       0.0000  PPPPPPPPPPSPPQSP
   690      1   -15.1072606029   0.000000274789       0.0004  PPPPPPPSPPPPPPAP
   691      1   -18.2193473162   0.000000012230       0.0000  PPPPPPRPPPSSSPPP
   692      1   -19.0929199834   0.000000005106       0.0000  PPPQQQQQQQQQQQPQ
   693      1   -32.5048909821   0.000000000000       0.0000  PPPSPPHHHHSSSASL
   694      1   -13.1983696531   0.000001853621       0.0029  PPPSSSSSSSPPPPSP
   695      1   -17.9748180144   0.000000015618       0.0000  PPQQQQQQQQEQQQQP
   696      1   -14.7032402067   0.000000411589       0.0006  PPQQQQQQQQQPPQQQ
   697      1    -9.3764654548   0.000084694029       0.1311  PPQQQQQQQQQQQQQQ
   698      1   -25.1497479010   0.000000000012       0.0000  PPRQQQQQEEQRQQQQ
   699      1   -29.9673978259   0.000000000000       0.0000  PPRSTTTTTKTTTATT
   700      1   -20.9863377147   0.000000000769       0.0000  PPSFFFFFFFPPPPPR
   701      1   -20.8702187317   0.000000000863       0.0000  PPSHLLLLLLLLLLLL
   702      1   -27.9298284708   0.000000000001       0.0000  PPSLPPPPPPLPPPSA
   703      2    -7.9729206623   0.000344670847       0.5336  PPSPPPPPPPPPPPPP
   704      1   -14.1186965929   0.000000738462       0.0011  PPSSSSSSSSPPPSSS
   705      1   -12.7482689477   0.000002907349       0.0045  PPSSSSSSSSSSS-SP
   706      3    -8.2616546461   0.000258231356       0.3997  PPSSSSSSSSSSSSSS
   707      1   -15.2544360482   0.000000237182       0.0004  PPTPPPPPPPPPTPPP
   708      1   -11.2173148037   0.000013439468       0.0208  PPTSSSSSSSSSSSSS
   709      1   -13.2752406474   0.000001716470       0.0027  PPTTTTTTTTTTTITT
   710      1   -16.3681522065   0.000000077876       0.0001  PPTTTTTTTTTTTSNT
   711      1   -11.0047839457   0.000016621992       0.0257  PQQQQQQQQQQQQQQQ
   712      1   -31.7496985618   0.000000000000       0.0000  PSLHLLLLLLLHHLSL
   713      1   -17.2989745055   0.000000030701       0.0000  PSQQQQQQQQQQQQHQ
   714      1   -15.4808306930   0.000000189130       0.0003  PSSSSSSSSSPPP-SS
   715      1    -9.8050516690   0.000055172183       0.0854  PSSSSSSSSSSSSSSS
   716      1   -23.8017710837   0.000000000046       0.0000  PSTIIIIIIITTTIII
   717      1   -38.5524425593   0.000000000000       0.0000  PSVVAAAAAADCCDSD
   718      1   -21.1430885888   0.000000000657       0.0000  PTKKKKKKKKKKKNKE
   719      1    -9.2664756356   0.000094541125       0.1463  PTPPPPPPPPPPPPPP
   720      1   -16.3458471614   0.000000079632       0.0001  QEQQQQQQQQQQQEQH
   721      1    -8.8407777814   0.000144710150       0.2240  QEQQQQQQQQQQQQQQ
   722      1    -9.4124732998   0.000081698632       0.1265  QHHHHHHHHHHHH-HH
   723      1   -14.2409759082   0.000000653466       0.0010  QKKKKKKKKKEEEEEE
   724      1    -9.1036234155   0.000111261929       0.1722  QKQQQQQQQQQQQQQQ
   725      1   -33.4068333504   0.000000000000       0.0000  QLPLPPPPPPWWW-WG
   726      1   -10.8196061052   0.000020003444       0.0310  QPQQQQQQQQQQQQQQ
   727      1   -22.4251149935   0.000000000182       0.0000  QPTITTTTTTTTTTAT
   728      1   -17.3052576590   0.000000030509       0.0000  QQ-KQQQQQQQS-QKQ
   729      1   -18.3493652676   0.000000010739       0.0000  QQEEEEDDDDEEEEGE
   730      2    -7.5579928012   0.000521921794       0.8079  QQEEEEEEEEEEEEEE
   731      1   -20.4358694241   0.000000001333       0.0000  QQEEGEEEEEGGGEEE
   732      1   -19.5356675506   0.000000003279       0.0000  QQEKKKKKKKKEEEKE
   733      1    -8.3635453768   0.000233216028       0.3610  QQEQQQQQQQQQQQQQ
   734      1   -16.6514671291   0.000000058662       0.0001  QQHEEEEEEEKQQQQQ
   735      1    -9.4471882949   0.000078911128       0.1222  QQHQQQQQQQQQQQQQ
   736      1   -17.1536729210   0.000000035502       0.0001  QQKEKEEEEEKKKKKK
   737      1   -14.3024674937   0.000000614493       0.0010  QQKIIIIIIIKKKKKK
   738      1   -20.5309370914   0.000000001212       0.0000  QQKKKKKKKK-PPEKR
   739      1   -12.7558398693   0.000002885421       0.0045  QQKQQQQQQQQQQQQR
   740      1    -8.2810136233   0.000253280339       0.3921  QQLLLLLLLLLLLLLL
   741      1   -15.5046288978   0.000000184682       0.0003  QQLLLLLLLLLLSLLL
   742      1    -8.9400261655   0.000131037611       0.2028  QQQ--------Q--QR
   743      1    -9.3304526535   0.000088682086       0.1373  QQQEQQQQQQQQQQQQ
   744      1   -12.2852207895   0.000004619515       0.0072  QQQQPPPPPPQQQQQQ
   745      1   -12.4718236054   0.000003833150       0.0059  QQQQQPQQQQQQQQQQ
   746      2   -10.1292439255   0.000039895624       0.0618  QQQQQQQQQQEEEEEE
   747      1   -10.0500707463   0.000043182694       0.0668  QQQQQQQQQQEEEQQQ
   748      1   -16.2064468452   0.000000091544       0.0001  QQQQQQQQQQLLLQLL
   749      1   -12.0637799858   0.000005764570       0.0089  QQQQQQQQQQQEEQEQ
   750      1    -5.3855885982   0.004582142488       7.0932  QQQQQQQQQQQQQ-QQ
   751      1   -12.8939183499   0.000002513289       0.0039  QQQQQQQQQQQQQEHQ
   752      1    -9.7546996656   0.000058021341       0.0898  QQQQQQQQQQQQQHQQ
   753      1    -8.7045173528   0.000165834981       0.2567  QQQQQQQQQQQQQQEQ
   754      1   -10.8271675385   0.000019852760       0.0307  QQQQQQQQQQQQQQQP
   755     21    -5.5658618679   0.003826281375       5.9231  QQQQQQQQQQQQQQQQ
   756      1   -11.0639823243   0.000015666556       0.0243  QQQQQQQQQQQQRQQQ
   757      1    -9.8007110219   0.000055412186       0.0858  QQQQQQQQQQQRRQQQ
   758      1   -18.1122742478   0.000000013613       0.0000  QQQQQQQQQQRHHHQQ
   759      1    -9.7362522326   0.000059101619       0.0915  QQQQQQQQQQRQQQQQ
   760      2   -11.1056949785   0.000015026504       0.0233  QQQQRQQQQQQQQQQQ
   761      1   -25.0129450089   0.000000000014       0.0000  QQQRQKQQQQQQRQQR
   762      1   -14.9566421999   0.000000319457       0.0005  QQRQHQQQQQQQQQQQ
   763      1   -12.5155265041   0.000003669238       0.0057  QQRQQQQQQQQQQKQQ
   764      1    -9.1707750513   0.000104035845       0.1610  QQRQQQQQQQQQQQQQ
   765      1    -7.9006780532   0.000370492242       0.5735  QQRRRRRRRRRRR-RR
   766      1   -20.5187405306   0.000000001227       0.0000  QQSNNNNNNNDDDDSD
   767      1   -11.5521932308   0.000009614932       0.0149  QREEEEEEEEEEEEEE
   768      1   -16.9582424260   0.000000043165       0.0001  QYYYYYYYYYYNN-YY
   769      1   -15.0617195839   0.000000287593       0.0004  RGRKKKKKKKKKKKKK
   770      1   -10.0472942833   0.000043302756       0.0670  RHHHHHHHHHHHHHHH
   771      1   -11.7051961969   0.000008250835       0.0128  RKKKKKKKKKKKKRKK
   772      1   -11.5031495450   0.000010098239       0.0156  RKQ-------KKKKKK
   773      1    -9.7904102930   0.000055985922       0.0867  RLLLLLLLLLLLLLLL
   774      1    -3.3092440556   0.036543788387      56.5698  RR--------------
   775      1   -13.0116362131   0.000002234180       0.0035  RREEEEEEEEEEEKEE
   776      1   -16.9938268499   0.000000041656       0.0001  RREEEEEEEEKEEEKE
   777      1   -14.0540947174   0.000000787742       0.0012  RRGGGGGGGGGRRGGG
   778      1   -12.5264767662   0.000003629278       0.0056  RRHHHHHHHHHHHQHH
   779      1   -13.5639855540   0.000001285985       0.0020  RRIVIIIIIIIIIIII
   780      1   -14.7766062752   0.000000382474       0.0006  RRKKKKKKKKEKKKKR
   781      1   -12.6179570468   0.000003312004       0.0051  RRKKKKKKKKKEKKKK
   782      1    -6.9193514485   0.000988470807       1.5302  RRKKKKKKKKKKK-KK
   783      4    -7.0657588671   0.000853846718       1.3218  RRKKKKKKKKKKKKKK
   784      1   -11.7029978495   0.000008268993       0.0128  RRKKKKKKKKTKKKKK
   785      1   -16.2461224104   0.000000087983       0.0001  RRNRRRRRRRGGGRRR
   786      1    -8.4099195914   0.000222647759       0.3447  RRQQQQQQQQQQQQQQ
   787      1   -17.9026680349   0.000000016787       0.0000  RRRKRRRRRRRKKKKR
   788      1   -20.2029852326   0.000000001682       0.0000  RRRRKKRKKKKKKRRR
   789      1   -14.6630504031   0.000000428468       0.0007  RRRRRRRRCRRRRRRR
   790      1    -7.9924670669   0.000337999187       0.5232  RRRRRRRRRRRKK-RR
   791      1    -9.2164910390   0.000099386821       0.1539  RRRRRRRRRRRQQRRR
   792      1   -10.4091931713   0.000030153994       0.0467  RRRRRRRRRRRRQRRR
   793      1    -4.5936016285   0.010116357320      15.6601  RRRRRRRRRRRRR-RR
   794      1    -9.6806771235   0.000062479183       0.0967  RRRRRRRRRRRRRRGR
   795      1    -7.8392243580   0.000393974505       0.6099  RRRRRRRRRRRRRRKR
   796     12    -4.7208597353   0.008907517149      13.7888  RRRRRRRRRRRRRRRR
   797      1   -11.5837108621   0.000009316618       0.0144  RRRRRRRRRRRRTRRR
   798      1    -9.2446056833   0.000096631510       0.1496  RRRRRRRRRRSRR-RR
   799      1   -10.9872043196   0.000016916784       0.0262  RRRRRRRRRRWRRRRR
   800      1   -11.8555501112   0.000007099046       0.0110  RRRRRTRRRRRRRRRR
   801      1    -8.8237788185   0.000147191100       0.2279  RRSRRRRRRRRRRRRR
   802      1    -8.6449018458   0.000176021952       0.2725  RRSSSSSSSSSSSSSS
   803      1   -18.4703874981   0.000000009515       0.0000  RRSSSSSSSSTTTSIS
   804      1   -29.4191109469   0.000000000000       0.0000  RRSWCCCCCCDNNNNN
   805      1   -24.4573906470   0.000000000024       0.0000  RRTIIIIIIITTTIMI
   806      1   -23.7051512790   0.000000000051       0.0000  RRTKKKKKKKKKKTNN
   807      1   -19.1501855551   0.000000004821       0.0000  RRTTTITTTTTTTTAT
   808      1   -14.1728760591   0.000000699517       0.0011  RRWWWWWWWWWWWRWW
   809      1   -28.5482735272   0.000000000000       0.0000  RSCHHHHHRRCCCCCC
   810      1   -14.8253444965   0.000000364279       0.0006  RTRRRRRRRRRRRRRS
   811      1   -28.5327880705   0.000000000000       0.0000  RYLYHYYYYYYCCYYY
   812      2    -2.6661710056   0.069517900000     107.6137  S---------------
   813      1   -15.4404634143   0.000000196921       0.0003  S-NNNNNNNNNTTNKN
   814      1   -13.6769328695   0.000001148639       0.0018  SAFSSSSSSSSSSSSS
   815      1   -25.5522619317   0.000000000008       0.0000  SASPLPPPPPPSSPPP
   816      1    -8.2669881535   0.000256857744       0.3976  SASSSSSSSSSSSSSS
   817      1   -30.7366658873   0.000000000000       0.0000  SCFFFYFFFFFPSFFF
   818      1   -13.1238838441   0.000001996961       0.0031  SCPPPPPPPPPPPPPP
   819      1   -30.8366671152   0.000000000000       0.0000  SDRSSS-SSSGSRHSS
   820      1   -21.3028582362   0.000000000560       0.0000  SFFSFFFFFFFVVFFF
   821      1   -16.3137038021   0.000000082233       0.0001  SFIIIIIIII-LL---
   822      1   -17.0072050280   0.000000041102       0.0001  SGDDDNDDDDDDDDDD
   823      1   -18.9899973978   0.000000005659       0.0000  SGHGGGGGGGGGGGGA
   824      1   -13.2682294379   0.000001728547       0.0027  SGSSSSSSSSNSSSSS
   825      1   -14.3594509683   0.000000580457       0.0009  SGTTTTTTTTTTTTST
   826      1   -16.9177998614   0.000000044946       0.0001  SNCCCCCCCCCSSCCC
   827      1   -32.9690460317   0.000000000000       0.0000  SNDISNKKKKNNNNNS
   828      1   -19.3707036532   0.000000003867       0.0000  SNHSSSSSSSSDDSSS
   829      1   -17.1684040533   0.000000034983       0.0001  SNTNNNNNNNNNNNHN
   830      1   -20.3481661220   0.000000001455       0.0000  SNTNNNNNNNNNNNTS
   831      1   -11.8617208956   0.000007055374       0.0109  SNYYYYYYYYYYYYYY
   832      1   -20.3002027944   0.000000001527       0.0000  SPSSSSSSSSFPPSSS
   833      1   -36.1023540384   0.000000000000       0.0000  SQYHYYYYYYRYYYND
   834      1   -21.6530748132   0.000000000395       0.0000  SRNRSSSSSSNNNNNN
   835      1    -9.5214491230   0.000073263420       0.1134  SRRRRRRRRRRRRRRR
   836      1   -19.4832554743   0.000000003456       0.0000  SRSSNS-SSSSNNSSS
   837      1   -13.4502945588   0.000001440825       0.0022  SRSSSSSSSSSSSSST
   838      1   -24.1098186005   0.000000000034       0.0000  SRSTTTTTTTTIIITT
   839      1   -19.9420283333   0.000000002184       0.0000  SS-NNN-NNNTIITAT
   840      1   -19.7996469492   0.000000002518       0.0000  SS-SSSSSSLSSSSLS
   841      2    -7.7952342174   0.000411692347       0.6373  SSASSSSSSSSSSSSS
   842      1   -13.1304518920   0.000001983888       0.0031  SSCSSSSSSS-SSASS
   843      1   -14.7728969263   0.000000383895       0.0006  SSCYYYYYYYYYYYYY
   844      1    -8.8623497336   0.000141621899       0.2192  SSFFFFFFFFFFFFFF
   845      1   -16.3422110752   0.000000079922       0.0001  SSFSSSSSSSFSSSSS
   846      1   -18.2715722065   0.000000011608       0.0000  SSGNNNNNNNNNNSSN
   847      1   -18.7977641485   0.000000006859       0.0000  SSLLLLLLLLLLLLFS
   848      1   -12.2994515956   0.000004554241       0.0070  SSLLLLLLLLLLLLIL
   849      1   -20.1045611150   0.000000001857       0.0000  SSLLLLLLLLLPPPP-
   850      1   -12.7535064342   0.000002892161       0.0045  SSLLLLLLLLLVVLLL
   851      1   -18.9693763394   0.000000005777       0.0000  SSLLLLLPPPLLLLLL
   852      1   -23.0370579953   0.000000000099       0.0000  SSNDEDDDDDNNNNDK
   853      1   -26.5089051401   0.000000000003       0.0000  SSNNNKKNKKNNNNNR
   854      2    -7.8902479861   0.000374376723       0.5795  SSNNNNNNNNNNNNNN
   855      1   -11.1623827162   0.000014198380       0.0220  SSNNNNNNNNNNNNSN
   856      1   -16.5501696581   0.000000064916       0.0001  SSNSNSSSSSNNNNNN
   857      1   -11.7538296639   0.000007859169       0.0122  SSNSSSSSSSSSSSTS
   858      1   -22.4742053753   0.000000000174       0.0000  SSNYHHHHHHNNNNRN
   859      1   -26.4939605654   0.000000000003       0.0000  SSPPPRPPPPSPPASS
   860      1   -22.2178568260   0.000000000224       0.0000  SSPSPPPPPPSSSSPP
   861      2    -9.1092555458   0.000110637049       0.1713  SSPSSSSSSSSSSSSS
   862      1   -18.1029292215   0.000000013740       0.0000  SSPSSTTTTTSSSSAS
   863      1   -12.1577608461   0.000005247489       0.0081  SSQQQQQQQQQQQQEQ
   864      1   -14.4160524053   0.000000548514       0.0008  SSRSSSSSSSSKKSSS
   865      1   -24.7626358709   0.000000000018       0.0000  SSSASSSSSSPSSFYS
   866      1   -13.5687580984   0.000001279862       0.0020  SSSASSSSSSSPPSSS
   867      1   -17.6763309621   0.000000021051       0.0000  SSSFFFFFFFFLL-FF
   868      1   -22.8672666114   0.000000000117       0.0000  SSSFFFFFFFFSSFYF
   869      1   -11.1740758044   0.000014033324       0.0217  SSSFFFFFFFSSSSSS
   870      1   -19.3476438437   0.000000003958       0.0000  SSSLLLLLLLLLLSLL
   871      1   -25.6942263483   0.000000000007       0.0000  SSSNSSSSNNNSNSSS
   872      1   -22.5473383790   0.000000000161       0.0000  SSSPAAAAAAPPPPPL
   873      1   -15.6380466963   0.000000161615       0.0003  SSSPPPPPPPSSSFSS
   874      1    -9.8999571441   0.000050176832       0.0777  SSSPPPPPPPSSSSSS
   875      1   -10.1287392381   0.000039915763       0.0618  SSSPSSSSSSSSSSSS
   876      1   -10.2869795856   0.000034073875       0.0527  SSSRRRRRRRSSSSSS
   877      1   -11.0929984161   0.000015218505       0.0236  SSSSPPPPPPSSSSSS
   878      1    -4.9250967744   0.007262023468      11.2416  SSSSSS-SSSSSSSSS
   879      1   -13.2370949149   0.000001783211       0.0028  SSSSSSLSSSSSSSSS
   880      1   -17.3567834332   0.000000028976       0.0000  SSSSSSSGGG---SSN
   881      1    -9.4757646020   0.000076688055       0.1187  SSSSSSSSSSAAASSS
   882      1    -8.3424589713   0.000238185930       0.3687  SSSSSSSSSSASSSSS
   883      1   -11.6046641790   0.000009123435       0.0141  SSSSSSSSSSASSTSS
   884      1   -18.6250343739   0.000000008152       0.0000  SSSSSSSSSSGGGDSG
   885      1   -10.0649772332   0.000042543766       0.0659  SSSSSSSSSSGGGGGG
   886      1   -15.0810523685   0.000000282086       0.0004  SSSSSSSSSSLSSSPS
   887      2    -9.6841273130   0.000062263990       0.0964  SSSSSSSSSSPSSSSS
   888      1    -8.4102689091   0.000222569998       0.3445  SSSSSSSSSSSAASSS
   889      1   -10.6025663878   0.000024852148       0.0385  SSSSSSSSSSSLLSSS
   890      1    -9.0728716081   0.000114736587       0.1776  SSSSSSSSSSSNNSSS
   891      1   -11.5114338491   0.000010014927       0.0155  SSSSSSSSSSSRSSSS
   892      1    -4.7549805666   0.008608711988      13.3263  SSSSSSSSSSSSS-SS
   893      1   -10.6741605389   0.000023135079       0.0358  SSSSSSSSSSSSSFSS
   894      1    -8.7918689868   0.000151963684       0.2352  SSSSSSSSSSSSSSNS
   895      2    -9.4730879350   0.000076893598       0.1190  SSSSSSSSSSSSSSPS
   896      1    -8.3309685658   0.000240938567       0.3730  SSSSSSSSSSSSSSSA
   897      1    -9.6697370331   0.000063166464       0.0978  SSSSSSSSSSSSSSSP
   898     36    -4.9360699903   0.007182771337      11.1189  SSSSSSSSSSSSSSSS
   899      1   -10.4385901130   0.000029280461       0.0453  SSSSSSSSSSSSSSYS
   900      1   -10.6535527772   0.000023616787       0.0366  SSSSSSSSSSYSSSSS
   901      2    -9.7874886146   0.000056149734       0.0869  SSSSTSSSSSSSSSSS
   902      1   -15.8353948747   0.000000132671       0.0002  SSSYSSSSSSSSSSSP
   903      1   -10.4913951695   0.000027774418       0.0430  SSTAAAAAAAAAAAAA
   904      1   -12.3891420060   0.000004163552       0.0064  SSTSSSSSSSSSSPSS
   905      1    -7.8936534588   0.000373103962       0.5776  SSTSSSSSSSSSSSSS
   906      1   -12.2060155105   0.000005000286       0.0077  SSTTATTTTTTTTTTT
   907      1   -22.7464397984   0.000000000132       0.0000  SSTTTPTTTTAAAATT
   908      1   -17.8691221235   0.000000017360       0.0000  SSVIIIVIIIVVVVVV
   909      1   -19.8407631242   0.000000002417       0.0000  SSYHHHHHHHCCCCCC
   910      1   -12.9880384577   0.000002287529       0.0035  SSYYYYYYYYYYYYHY
   911      1   -11.5498761375   0.000009637237       0.0149  STSSSSSSSSSSSSAS
   912      1   -14.4658888728   0.000000521848       0.0008  STTTTTTTTTTITTTT
   913      1   -29.1387690058   0.000000000000       0.0000  SWLHHHHHHHHHHQDH
   914      1    -6.2316115699   0.001966280543       3.0438  TA--------------
   915      1    -8.5824743993   0.000187360798       0.2900  TAAAAAAAAAAAAAAA
   916      1   -24.3713970516   0.000000000026       0.0000  TATTAAAAAATAASAA
   917      1   -14.6812995540   0.000000420719       0.0007  TATTITTTTTTTTTTT
   918      1   -13.4103717697   0.000001499511       0.0023  TATTTTTTTTAAAAAA
   919      1   -12.3511325772   0.000004324852       0.0067  TATTTTTTTTTTTTTA
   920      2    -8.5014006053   0.000203183590       0.3145  TATTTTTTTTTTTTTT
   921      1   -10.8461668810   0.000019479131       0.0302  TAVVVVVVVVVVVVVV
   922      1    -9.8352925456   0.000053528703       0.0829  TETTTTTTTTTTTTTT
   923      1   -17.9024246173   0.000000016791       0.0000  TIVVVVVVVVIIVIII
   924      1    -9.3885256960   0.000083678733       0.1295  TKKKKKKKKKKKKKKK
   925      1   -26.5040556164   0.000000000003       0.0000  TMTFSSSSSSFFFFFF
   926      1   -10.3521958903   0.000031922614       0.0494  TMTTTTTTTTTTTTTT
   927      1   -17.2523670038   0.000000032166       0.0000  TNADDDDDDDAAAAAA
   928      1   -20.9917042322   0.000000000765       0.0000  TPASPSSSSSSSSSSS
   929      1   -29.1944321735   0.000000000000       0.0000  TPMMIIIIIIRMMVMM
   930      1   -12.6045212048   0.000003356804       0.0052  TS-TTT-TTTTTTTTI
   931      1   -11.2432481392   0.000013095418       0.0203  TSRRRRRRRRRRR-RR
   932      1   -17.0738854741   0.000000038451       0.0001  TSTTTTTTTTMSSTTT
   933      1   -16.4487845251   0.000000071843       0.0001  TSTTTTTTTTTTTPTS
   934      1   -25.2998650281   0.000000000010       0.0000  TSVSSSSSSSATTAAT
   935      1    -7.2866814715   0.000684596139       1.0598  TTAAAAAAAAAAAAAA
   936      1   -15.6917412787   0.000000153166       0.0002  TTAAAAAAAASSSATA
   937      2    -7.9947799470   0.000337218339       0.5220  TTATTTTTTTTTTTTT
   938      1   -13.5935511214   0.000001248521       0.0019  TTEEEEEEEEEEEEGE
   939      1   -19.5510404390   0.000000003229       0.0000  TTIATT-TTTTITTTT
   940      1    -8.3688545513   0.000231981124       0.3591  TTIIIIIIIIIIIIII
   941      1   -16.3662741393   0.000000078022       0.0001  TTITTTTTTTIIILII
   942      1   -12.3463779566   0.000004345464       0.0067  TTITTTTTTTSTTTTT
   943      1   -12.1114074427   0.000005496454       0.0085  TTKEEEEEEEEEEEEE
   944      1   -16.4210481097   0.000000073863       0.0001  TTKSTTTTTTATTTTT
   945      1   -11.9331772862   0.000006568814       0.0102  TTNNNNNNNNNDDNNN
   946      1   -11.3766391144   0.000011460100       0.0177  TTPSSSSSSSSSSSSS
   947      2    -7.2047737041   0.000743030322       1.1502  TTSSSSSSSSSSSSSS
   948      1    -8.2482558451   0.000261714630       0.4051  TTT-------ATTTTT
   949      1   -17.7357874073   0.000000019836       0.0000  TTTATT-TTTAAATAA
   950      1   -15.8725751166   0.000000127829       0.0002  TTTIII-IIIILLIII
   951      1    -9.8776630370   0.000051308043       0.0794  TTTIIIIIIITTTTTT
   952      1   -29.1450624831   0.000000000000       0.0000  TTTISITTTTVIIIII
   953      1    -9.8295714719   0.000053835822       0.0833  TTTNTTTTTTTTTTTT
   954      1   -20.4735126255   0.000000001284       0.0000  TTTPPPPPPPTIIPTT
   955      1    -8.4617319493   0.000211405610       0.3273  TTTSSSSSSSTTTTTT
   956      1    -9.5083198564   0.000074231657       0.1149  TTTTSSSSSSTTTTTT
   957      1   -20.5273676435   0.000000001216       0.0000  TTTTTTAAAAATTMTT
   958      1   -18.3030944480   0.000000011248       0.0000  TTTTTTTTIITTTTTL
   959      1    -4.5672417998   0.010386568481      16.0784  TTTTTTTTTT-TTTTT
   960      1   -14.9657374454   0.000000316565       0.0005  TTTTTTTTTTITTMTT
   961      1   -15.5460423573   0.000000177190       0.0003  TTTTTTTTTTMTT-MT
   962      1   -11.3173341513   0.000012160298       0.0188  TTTTTTTTTTPPPTTT
   963      1   -20.2054050723   0.000000001678       0.0000  TTTTTTTTTTRRRPTS
   964      1    -9.5974496239   0.000067901691       0.1051  TTTTTTTTTTTIITTT
   965      1    -9.5247499828   0.000073021986       0.1130  TTTTTTTTTTTSTTTT
   966      1    -9.8672989924   0.000051842567       0.0803  TTTTTTTTTTTTATTT
   967      1    -8.3455137086   0.000237459445       0.3676  TTTTTTTTTTTTTTAT
   968      1    -9.9031428011   0.000050017241       0.0774  TTTTTTTTTTTTTTPT
   969      1    -8.5364877191   0.000196178084       0.3037  TTTTTTTTTTTTTTTA
   970      1   -10.4711787159   0.000028341633       0.0439  TTTTTTTTTTTTTTTR
   971     15    -4.6867534644   0.009216559526      14.2672  TTTTTTTTTTTTTTTT
   972      1    -2.6465469066   0.070895600000     109.7464  V---------------
   973      1   -23.8774879827   0.000000000043       0.0000  VADDDAAAAADDDGDD
   974      1   -30.1128394397   0.000000000000       0.0000  VALRVLLLLLLPLLLL
   975      1   -14.0088042329   0.000000824240       0.0013  VGEEEEEEEEEEEEEE
   976      1   -10.6233082298   0.000024341977       0.0377  VGVVVVVVVVVVVVVV
   977      1    -7.8442196084   0.000392011411       0.6068  VIIIIIIIIIIIIIII
   978      1   -24.3305446365   0.000000000027       0.0000  VIVLPPPPPPVVVSVV
   979      1   -10.3942351569   0.000030608428       0.0474  VIVVVVVVVVVVVIVV
   980      1   -30.0529726210   0.000000000000       0.0000  VLEAAAAAAATIIVEV
   981      1   -16.3485811187   0.000000079415       0.0001  VLFFFFFFFFFFLFFF
   982      1   -13.8230103991   0.000000992528       0.0015  VLVVVVVVVVVMMVVV
   983      1   -16.9797332229   0.000000042247       0.0001  VMKKKKKKKKKKKKKR
   984      2   -14.7050645737   0.000000410839       0.0006  VRMMMMMMMMMMMMMM
   985      1   -18.8063301330   0.000000006800       0.0000  VVEDDDDDDDAVVVVV
   986      1    -8.4825466760   0.000207050740       0.3205  VVFFFFFFFFFFFFFF
   987      1   -12.8526255127   0.000002619242       0.0041  VVFFFFFFFFLLLLLL
   988      1   -19.8854571345   0.000000002311       0.0000  VVFLLLLLLLFFFLLF
   989      1   -16.7042236137   0.000000055648       0.0001  VVFLLLLLLLFLLFFF
   990      1   -10.0248551782   0.000044285415       0.0686  VVGVVVVVVVVVVVVV
   991      1   -15.8974372814   0.000000124690       0.0002  VVIIIIIIIIAVVIVV
   992      1    -9.3982207208   0.000082871386       0.1283  VVIIIIIIIIIIIIIV
   993      1    -9.4769565050   0.000076596704       0.1186  VVIIIIIIIIIVVIII
   994      1   -13.2996154875   0.000001675137       0.0026  VVIIVIIIIIIIIVII
   995      1   -14.7726326722   0.000000383996       0.0006  VVILLLLLLLLLLFLL
   996      1   -14.2994526128   0.000000616349       0.0010  VVIVIIIIIIIIIIMI
   997      1   -12.9621958717   0.000002347415       0.0036  VVIVVVVVVVVVVIIV
   998      1   -10.0515960755   0.000043116876       0.0667  VVIVVVVVVVVVVVIV
   999      1   -11.0587342058   0.000015748992       0.0244  VVIVVVVVVVVVVVVL
  1000      1    -7.0629604764   0.000856239461       1.3255  VVIVVVVVVVVVVVVV
  1001      1   -32.6307746679   0.000000000000       0.0000  VVLIVVVVIVVVVGEA
  1002      1    -6.7561657946   0.001163682429       1.8014  VVLLLLLLLLLLLLLL
  1003      1   -10.7967841395   0.000020465211       0.0317  VVLLLLLLLLLLLLVL
  1004      1   -13.6066490915   0.000001232274       0.0019  VVLLLLVLLLLLLLLL
  1005      1   -29.3616904355   0.000000000000       0.0000  VVLRSSSSSSISSVII
  1006      1   -15.6366444897   0.000000161842       0.0003  VVLVVVVVVVVVVVLL
  1007      1    -8.8111524082   0.000149061377       0.2307  VVMMMMMMMMMMMMMM
  1008      1   -10.2636232063   0.000034879085       0.0540  VVNNNNNNNNNNNNNN
  1009      1   -23.5394421745   0.000000000060       0.0000  VVSLLLLLVLLLLLVL
  1010      1   -23.7668807580   0.000000000048       0.0000  VVSNNNNNNNDNNTNS
  1011      1   -10.6456101215   0.000023805114       0.0369  VVTIIIIIIIIIIIII
  1012      1   -16.2088456943   0.000000091325       0.0001  VVVGGGGGGGVVVEVV
  1013      1   -25.2596541141   0.000000000011       0.0000  VVVGVVVVVVLLLEAV
  1014      1   -23.3104610638   0.000000000075       0.0000  VVVGVVVVVVLVVIVM
  1015      1   -26.7072714596   0.000000000003       0.0000  VVVIIIIIIILVVTNL
  1016      1   -13.5164667735   0.000001348569       0.0021  VVVIVAVVVVVVVVVV
  1017      1   -13.5374143801   0.000001320613       0.0020  VVVIVVVVVVEVVVVV
  1018      1   -22.9253546118   0.000000000111       0.0000  VVVVVAVVVVVAAEAV
  1019      1   -12.8868059693   0.000002531228       0.0039  VVVVVGGGGGVVV-VV
  1020      1   -16.9241934419   0.000000044660       0.0001  VVVVVVVVAVVAVVVV
  1021      1    -8.3539916817   0.000235454780       0.3645  VVVVVVVVVVAVVVVV
  1022      1   -11.7354385723   0.000008005045       0.0124  VVVVVVVVVVIVVIII
  1023      1    -7.5785781142   0.000511287699       0.7915  VVVVVVVVVVIVVVVV
  1024      1   -16.3991801542   0.000000075496       0.0001  VVVVVVVVVVLLLAAA
  1025      1   -13.2530060239   0.000001755063       0.0027  VVVVVVVVVVVII-VF
  1026      1    -9.8714806355   0.000051626232       0.0799  VVVVVVVVVVVMMVVV
  1027      1    -8.8394479189   0.000144902723       0.2243  VVVVVVVVVVVVIVVV
  1028      1   -15.6726030044   0.000000156126       0.0002  VVVVVVVVVVVVVGVM
  1029      1   -10.3385709869   0.000032360533       0.0501  VVVVVVVVVVVVVIIV
  1030      1    -7.3551696790   0.000639278936       0.9896  VVVVVVVVVVVVVIVV
  1031      1    -7.3941663392   0.000614829024       0.9518  VVVVVVVVVVVVVVIV
  1032      1    -8.3407197954   0.000238600538       0.3694  VVVVVVVVVVVVVVVA
  1033      1   -10.6270294650   0.000024251564       0.0375  VVVVVVVVVVVVVVVG
  1034      1    -7.5737362229   0.000513769302       0.7953  VVVVVVVVVVVVVVVI
  1035      1    -9.0290945388   0.000119870983       0.1856  VVVVVVVVVVVVVVVT
  1036     14    -4.4052877613   0.012212591598      18.9051  VVVVVVVVVVVVVVVV
  1037      1   -28.0050678174   0.000000000001       0.0000  WPWHHHHHHHQQQQQQ
  1038      1   -13.5804451636   0.000001264991       0.0020  WQQQQQQQQQQQQQQQ
  1039      1   -24.6300344204   0.000000000020       0.0000  WRSYYYYYYYGGGGGG
  1040      1   -15.6594954813   0.000000158186       0.0002  WRWLLLLLLLWWWWWW
  1041      1   -38.8376296983   0.000000000000       0.0000  WWCYCCCCCCWWRWSQ
  1042      1    -9.1929581308   0.000101753419       0.1575  WWLLLLLLLLLLLLLL
  1043      1   -14.6144897891   0.000000449788       0.0007  WWLLLLLLLLLLLQLL
  1044      1   -10.4644621035   0.000028532633       0.0442  WWSSSSSSSSSSSSSS
  1045      1   -13.4212417064   0.000001483299       0.0023  WWTSSSSSSSSSSSSS
  1046      1   -11.8790158708   0.000006934401       0.0107  WWWWWWWWWWEWWWWW
  1047      1   -17.9836615508   0.000000015481       0.0000  WWWWWWWWWWWWCWWR
  1048      1    -4.9510302127   0.007076115269      10.9538  WWWWWWWWWWWWW-WW
  1049     12    -5.0124008663   0.006654906570      10.3018  WWWWWWWWWWWWWWWW
  1050      1   -18.9734767477   0.000000005753       0.0000  Y-HCYYYYYYY--YFY
  1051      1   -14.5499524139   0.000000479773       0.0007  YAKKKKKKKKKKKKKK
  1052      1   -18.1279064682   0.000000013401       0.0000  YCCCCCCCCCCCCCHC
  1053      1   -34.0379706469   0.000000000000       0.0000  YCGCCCCCCCCCCYYR
  1054      1   -17.2107879272   0.000000033531       0.0001  YSHHHHHHHHYHHHHH
  1055      1   -33.3940709956   0.000000000000       0.0000  YYCCCCCCCCHVLHPH
  1056      1   -17.4260095867   0.000000027038       0.0000  YYCHHHHHHHCCC-CC
  1057      1   -14.8375113554   0.000000359874       0.0006  YYCSSSSSSSCCCCCC
  1058      1   -22.9313394456   0.000000000110       0.0000  YYDYYYYYYYCYYYYD
  1059      1   -23.2454591709   0.000000000080       0.0000  YYHCCCCCCCWCCCCC
  1060      1   -40.4815213962   0.000000000000       0.0000  YYHCYYYYYYCWC-HS
  1061      1   -15.8930606782   0.000000125237       0.0002  YYHFFFFFFFYYYYFY
  1062      1   -27.8383019871   0.000000000001       0.0000  YYHFYYYYYYSYYYFC
  1063      1   -18.2107941093   0.000000012335       0.0000  YYKKKKKKKKKNNRKK
  1064      1    -8.6818097323   0.000169643780       0.2626  YYLLLLLLLLLLLLLL
  1065      1   -20.3409849558   0.000000001466       0.0000  YYSFFFFFFFFFYYFF
  1066      1    -9.2298828522   0.000098064724       0.1518  YYSSSSSSSSSSSSSS
  1067      1   -22.2314124341   0.000000000221       0.0000  YYSYYYYYYYCYYYCY
  1068      1   -37.5538178408   0.000000000000       0.0000  YYYCYCCCCCHRCCCC
  1069      1   -15.6738663643   0.000000155929       0.0002  YYYDYYYYYYYYYYYH
  1070      1   -10.0183857701   0.000044572844       0.0690  YYYFFFFFFFFFF-FF
  1071      1   -27.6161734264   0.000000000001       0.0000  YYYYYYYCYYCCSCCC
  1072      1    -9.6438678909   0.000064821845       0.1003  YYYYYYYYYYSYYYYY
  1073      2    -4.4405635366   0.011789292949      18.2498  YYYYYYYYYYYYY-YY
  1074      1   -11.0147590004   0.000016457011       0.0255  YYYYYYYYYYYYYCYY
  1075      1   -10.4111737692   0.000030094330       0.0466  YYYYYYYYYYYYYDYY
  1076     12    -4.5354681534   0.010721886564      16.5975  YYYYYYYYYYYYYYYY