

TREE # 1

  0  0.0000  17808.799077  x:  0.00277   0.06622   0.02464   0.00795   0.00551   0.00472   0.00542   0.00406   0.00240   0.00750   0.02707   0.02159   0.02749   0.05990   0.15182   0.20331   0.08995   0.09157   0.01221   0.00451   0.01306   0.07971   0.02759   0.03055   0.10440   0.10916   0.00187   0.10064   0.14549  
  1 99.0000  17768.957462  x:  0.01416   0.06717   0.02474   0.00961   0.00768   0.00039   0.00440   0.00468   0.00120   0.00816   0.02294   0.02170   0.02756   0.06064   0.15278   0.20590   0.09011   0.09226   0.01890   0.01026   0.01861   0.08089   0.02690   0.03015   0.10452   0.11014   0.00701   0.10105   0.14510  
  2 4669.9125  17763.628337  x:  0.01782   0.06770   0.02477   0.01031   0.00831   0.00484   0.00415   0.00476   0.00241   0.00841   0.02005   0.02176   0.02759   0.06115   0.15341   0.20773   0.09021   0.09274   0.02172   0.01215   0.02134   0.08168   0.02645   0.02989   0.10457   0.11080   0.00851   0.10126   0.14478  
  3 5054.7931  17745.745415  x:  0.01559   0.06949   0.02462   0.01075   0.00632   0.00441   0.00593   0.00334   0.00223   0.00827   0.00592   0.02195   0.02761   0.06367   0.15640   0.21711   0.09070   0.09518   0.02570   0.01045   0.02774   0.08531   0.02454   0.02871   0.10466   0.11390   0.00557   0.10198   0.14293  
  4 1717.2160  17740.942669  x:  0.01337   0.07085   0.02448   0.01060   0.00783   0.00400   0.00327   0.00744   0.00281   0.00832   0.00497   0.02212   0.02757   0.06553   0.15896   0.22528   0.09101   0.09717   0.02784   0.00919   0.03058   0.08808   0.02362   0.02814   0.10465   0.11642   0.00439   0.10266   0.14134  
  5 1387.4810  17731.256870  x:  0.00910   0.07446   0.02407   0.01027   0.00951   0.00396   0.00562   0.00719   0.00151   0.00848   0.01072   0.02240   0.02748   0.07028   0.16609   0.24818   0.09175   0.10256   0.03330   0.00724   0.03684   0.09537   0.02185   0.02704   0.10452   0.12323   0.00372   0.10463   0.13697  
  6 2475.8060  17728.506660  x:  0.00825   0.07550   0.02392   0.01009   0.00879   0.00308   0.00417   0.00506   0.00450   0.00838   0.01202   0.02233   0.02747   0.07152   0.16867   0.25685   0.09184   0.10435   0.03393   0.00718   0.03697   0.09754   0.02211   0.02717   0.10439   0.12550   0.00461   0.10533   0.13539  
  7 2249.5936  17725.346924  x:  0.00869   0.07612   0.02378   0.01000   0.00737   0.00357   0.00219   0.00411   0.00289   0.00823   0.01185   0.02210   0.02751   0.07203   0.17121   0.26596   0.09165   0.10583   0.03268   0.00781   0.03421   0.09897   0.02339   0.02794   0.10413   0.12742   0.00591   0.10595   0.13384  
  8 1506.8625  17720.174982  x:  0.01074   0.07703   0.02356   0.00996   0.00581   0.00382   0.00398   0.00594   0.00288   0.00805   0.01052   0.02159   0.02761   0.07245   0.17641   0.28522   0.09101   0.10862   0.02887   0.00954   0.02654   0.10130   0.02647   0.02982   0.10354   0.13105   0.00865   0.10712   0.13068  
  9 3613.2229  17718.748066  x:  0.01182   0.07682   0.02365   0.01033   0.00894   0.00388   0.00408   0.00490   0.00281   0.00840   0.00974   0.02167   0.02762   0.07189   0.17781   0.29150   0.09052   0.10904   0.02700   0.00977   0.02406   0.10127   0.02664   0.02999   0.10339   0.13168   0.00803   0.10723   0.12986  
 10 1160.9160  17717.455449  x:  0.01441   0.07516   0.02417   0.01066   0.00805   0.00388   0.00393   0.00491   0.00309   0.00852   0.01032   0.02202   0.02760   0.06930   0.17847   0.29871   0.08915   0.10802   0.02452   0.01015   0.02416   0.09899   0.02432   0.02880   0.10346   0.13070   0.00502   0.10663   0.12969  
 11 426.4801  17716.639422  x:  0.01374   0.07294   0.02455   0.00987   0.00839   0.00390   0.00401   0.00499   0.00296   0.00796   0.01013   0.02202   0.02751   0.06642   0.17820   0.30482   0.08762   0.10613   0.02293   0.01016   0.02594   0.09577   0.02327   0.02822   0.10364   0.12861   0.00705   0.10599   0.13030  
 12 376.8645  17716.383145  x:  0.01331   0.07217   0.02454   0.01066   0.00829   0.00387   0.00401   0.00503   0.00296   0.00907   0.01017   0.02184   0.02758   0.06565   0.17769   0.30723   0.08705   0.10505   0.02365   0.00992   0.02632   0.09424   0.02424   0.02867   0.10375   0.12732   0.00709   0.10562   0.13082  
 13 261.2691  17716.225151  x:  0.01322   0.07184   0.02446   0.01062   0.00835   0.00386   0.00401   0.00500   0.00299   0.00822   0.01021   0.02175   0.02760   0.06553   0.17708   0.30888   0.08675   0.10416   0.02477   0.00980   0.02623   0.09317   0.02514   0.02911   0.10383   0.12622   0.00661   0.10531   0.13134  
 14 243.3513  17716.180541  x:  0.01318   0.07197   0.02440   0.01003   0.00833   0.00387   0.00401   0.00498   0.00298   0.00847   0.01018   0.02184   0.02757   0.06594   0.17659   0.30948   0.08679   0.10376   0.02518   0.00991   0.02592   0.09290   0.02500   0.02906   0.10386   0.12566   0.00654   0.10521   0.13168  
 15 93.0978  17716.140119  x:  0.01305   0.07233   0.02436   0.01040   0.00830   0.00387   0.00400   0.00499   0.00297   0.00839   0.01016   0.02196   0.02758   0.06672   0.17578   0.31015   0.08699   0.10326   0.02530   0.01001   0.02556   0.09279   0.02452   0.02885   0.10389   0.12494   0.00670   0.10512   0.13219  
 16 88.3688  17716.122336  x:  0.01325   0.07266   0.02434   0.01036   0.00832   0.00387   0.00401   0.00499   0.00298   0.00840   0.01019   0.02178   0.02757   0.06712   0.17503   0.31055   0.08730   0.10300   0.02483   0.00990   0.02585   0.09303   0.02472   0.02893   0.10392   0.12456   0.00667   0.10510   0.13255  
 17 39.5518  17716.119037  x:  0.01320   0.07269   0.02434   0.01036   0.00832   0.00387   0.00401   0.00499   0.00298   0.00840   0.01019   0.02195   0.02758   0.06694   0.17468   0.31065   0.08747   0.10297   0.02481   0.01004   0.02587   0.09322   0.02477   0.02896   0.10391   0.12457   0.00664   0.10513   0.13264  
 18 15.2312  17716.116932  x:  0.01322   0.07268   0.02436   0.01036   0.00831   0.00387   0.00401   0.00499   0.00298   0.00840   0.01018   0.02188   0.02758   0.06674   0.17436   0.31073   0.08761   0.10297   0.02488   0.00994   0.02581   0.09338   0.02473   0.02894   0.10390   0.12464   0.00666   0.10517   0.13269  
 19 16.1762  17716.116600  x:  0.01320   0.07264   0.02436   0.01036   0.00832   0.00387   0.00401   0.00499   0.00298   0.00840   0.01018   0.02182   0.02757   0.06675   0.17427   0.31074   0.08760   0.10298   0.02488   0.00999   0.02581   0.09336   0.02472   0.02894   0.10389   0.12471   0.00665   0.10518   0.13266  
 20  3.4338  17716.115950  x:  0.01323   0.07256   0.02436   0.01036   0.00831   0.00387   0.00401   0.00499   0.00298   0.00840   0.01018   0.02187   0.02757   0.06683   0.17409   0.31076   0.08756   0.10299   0.02488   0.00995   0.02581   0.09328   0.02473   0.02894   0.10388   0.12487   0.00666   0.10519   0.13259  
 21  5.4763  17716.113057  x:  0.01321   0.07291   0.02425   0.01035   0.00832   0.00387   0.00401   0.00499   0.00298   0.00840   0.01018   0.02185   0.02771   0.06674   0.17388   0.31078   0.08731   0.10308   0.02488   0.00995   0.02583   0.09315   0.02471   0.02894   0.10392   0.12493   0.00666   0.10514   0.13239  
 22  1.1302  17716.107645  x:  0.01319   0.07322   0.02448   0.01036   0.00831   0.00386   0.00401   0.00499   0.00297   0.00840   0.01017   0.02188   0.02742   0.06667   0.17372   0.31080   0.08706   0.10321   0.02490   0.00995   0.02583   0.09309   0.02473   0.02894   0.10397   0.12490   0.00667   0.10507   0.13220  
 23  7.9293  17715.947078  x:  0.01314   0.07188   0.02434   0.01037   0.00824   0.00381   0.00405   0.00487   0.00288   0.00839   0.00997   0.02187   0.02764   0.06714   0.17270   0.31161   0.08523   0.10613   0.02513   0.00994   0.02599   0.09476   0.02474   0.02868   0.10457   0.12246   0.00663   0.10452   0.13057  
 24  5.1368  17715.065081  x:  0.01266   0.07267   0.02365   0.01049   0.00789   0.00348   0.00425   0.00422   0.00238   0.00839   0.00884   0.02192   0.02692   0.06762   0.17396   0.31612   0.08637   0.10840   0.02597   0.00954   0.02759   0.09423   0.02247   0.03220   0.10312   0.12344   0.00599   0.10620   0.13189  
 25 15.1477  17714.269168  x:  0.01219   0.07376   0.02463   0.01046   0.00759   0.00320   0.00444   0.00366   0.00193   0.00836   0.00784   0.02196   0.02786   0.06810   0.17547   0.32007   0.08754   0.10850   0.02675   0.00927   0.02868   0.09397   0.02386   0.02854   0.10230   0.12540   0.00553   0.10721   0.13315  
 26 159.7763  17714.161023  x:  0.01216   0.07364   0.02360   0.01053   0.00754   0.00316   0.00447   0.00359   0.00187   0.00836   0.00770   0.02196   0.02705   0.06815   0.17582   0.32054   0.08718   0.10651   0.02684   0.00921   0.02873   0.09513   0.02387   0.02827   0.10335   0.12617   0.00555   0.10617   0.13253  
 27 59.6502  17714.122020  x:  0.01212   0.07355   0.02424   0.01050   0.00752   0.00315   0.00448   0.00356   0.00184   0.00836   0.00765   0.02197   0.02754   0.06826   0.17597   0.32070   0.08704   0.10540   0.02690   0.00918   0.02874   0.09576   0.02369   0.02865   0.10393   0.12650   0.00557   0.10555   0.13204  
 28 65.3071  17714.119907  x:  0.01212   0.07356   0.02423   0.01050   0.00752   0.00314   0.00448   0.00356   0.00184   0.00836   0.00765   0.02197   0.02754   0.06826   0.17598   0.32070   0.08741   0.10528   0.02690   0.00919   0.02876   0.09566   0.02369   0.02864   0.10386   0.12636   0.00558   0.10551   0.13157  
 29  6.4950  17714.119416  x:  0.01212   0.07356   0.02423   0.01050   0.00752   0.00314   0.00448   0.00356   0.00184   0.00836   0.00765   0.02197   0.02754   0.06826   0.17598   0.32070   0.08733   0.10518   0.02690   0.00919   0.02877   0.09571   0.02369   0.02864   0.10380   0.12632   0.00557   0.10574   0.13150  
 30  0.6045  17713.485260  x:  0.01216   0.07388   0.02428   0.01048   0.00735   0.00219   0.00454   0.00449   0.00218   0.00832   0.00732   0.02196   0.02761   0.06857   0.17682   0.32377   0.08874   0.10533   0.02718   0.00908   0.02923   0.09520   0.02381   0.02820   0.10900   0.12727   0.00533   0.10805   0.13136  
 31  0.0563  17713.172045  x:  0.01212   0.07404   0.02428   0.01047   0.00726   0.00174   0.00457   0.00494   0.00235   0.00831   0.00717   0.02196   0.02763   0.06874   0.17720   0.32521   0.08784   0.10448   0.02741   0.00904   0.02961   0.09650   0.02385   0.02800   0.10414   0.12778   0.00533   0.10578   0.13135  
 32 51.0539  17712.816544  x:  0.01296   0.07375   0.02423   0.01045   0.00741   0.00114   0.00450   0.00485   0.00199   0.00830   0.00784   0.02191   0.02759   0.06844   0.17676   0.32441   0.08785   0.10496   0.02692   0.00934   0.02911   0.09579   0.02400   0.02851   0.10445   0.12721   0.00575   0.10591   0.13156  
 33  0.0021  17712.740020  x:  0.01355   0.07353   0.02424   0.01043   0.00755   0.00137   0.00447   0.00464   0.00186   0.00832   0.00806   0.02191   0.02757   0.06823   0.17637   0.32263   0.08767   0.10478   0.02671   0.00953   0.02871   0.09556   0.02404   0.02857   0.10391   0.12679   0.00598   0.10559   0.13165  
 34  0.0033  17712.722255  x:  0.01379   0.07348   0.02425   0.01045   0.00760   0.00131   0.00450   0.00444   0.00196   0.00833   0.00799   0.02192   0.02758   0.06820   0.17628   0.32198   0.08764   0.10465   0.02681   0.00959   0.02870   0.09555   0.02401   0.02850   0.10386   0.12670   0.00601   0.10554   0.13163  
 35  0.0011  17712.718318  x:  0.01390   0.07348   0.02425   0.01047   0.00759   0.00128   0.00450   0.00446   0.00191   0.00834   0.00788   0.02192   0.02758   0.06821   0.17629   0.32190   0.08763   0.10465   0.02690   0.00962   0.02876   0.09558   0.02400   0.02848   0.10382   0.12671   0.00600   0.10552   0.13163  
 36  0.0003  17712.717739  x:  0.01395   0.07349   0.02425   0.01048   0.00757   0.00129   0.00449   0.00449   0.00192   0.00833   0.00788   0.02192   0.02759   0.06822   0.17631   0.32193   0.08764   0.10460   0.02695   0.00963   0.02883   0.09560   0.02401   0.02848   0.10385   0.12675   0.00600   0.10552   0.13163  
 37  0.0001  17712.717700  x:  0.01397   0.07348   0.02425   0.01048   0.00758   0.00129   0.00449   0.00448   0.00192   0.00834   0.00789   0.02192   0.02758   0.06822   0.17630   0.32197   0.08764   0.10463   0.02695   0.00963   0.02884   0.09559   0.02401   0.02849   0.10386   0.12674   0.00601   0.10553   0.13163  
 38  0.0000  17712.717697  x:  0.01397   0.07348   0.02425   0.01048   0.00758   0.00129   0.00449   0.00448   0.00192   0.00834   0.00789   0.02192   0.02758   0.06822   0.17630   0.32199   0.08764   0.10463   0.02695   0.00963   0.02883   0.09559   0.02401   0.02848   0.10385   0.12674   0.00601   0.10553   0.13163  
 39  0.0000  17712.717696  x:  0.01397   0.07348   0.02425   0.01048   0.00758   0.00129   0.00449   0.00448   0.00192   0.00834   0.00789   0.02192   0.02758   0.06822   0.17630   0.32198   0.08764   0.10463   0.02695   0.00963   0.02883   0.09559   0.02401   0.02849   0.10385   0.12674   0.00601   0.10553   0.13163  
 40  0.0000  17712.717696  x:  0.01397   0.07348   0.02425   0.01048   0.00758   0.00129   0.00449   0.00448   0.00192   0.00834   0.00789   0.02192   0.02758   0.06822   0.17630   0.32198   0.08764   0.10463   0.02695   0.00963   0.02883   0.09559   0.02401   0.02849   0.10385   0.12674   0.00601   0.10553   0.13163  
 41  0.0000  17712.717696  x:  0.01397   0.07348   0.02425   0.01048   0.00758   0.00129   0.00449   0.00448   0.00192   0.00834   0.00789   0.02192   0.02758   0.06822   0.17630   0.32198   0.08764   0.10463   0.02695   0.00963   0.02883   0.09559   0.02401   0.02849   0.10385   0.12674   0.00601   0.10553   0.13163  
 42  0.0000  17712.717696  x:  0.01397   0.07348   0.02425   0.01048   0.00758   0.00129   0.00449   0.00448   0.00192   0.00834   0.00789   0.02192   0.02758   0.06822   0.17630   0.32198   0.08764   0.10463   0.02695   0.00963   0.02883   0.09559   0.02401   0.02849   0.10385   0.12674   0.00601   0.10553   0.13163  
 43  0.0000  17712.717696  x:  0.01397   0.07348   0.02425   0.01048   0.00758   0.00129   0.00449   0.00448   0.00192   0.00834   0.00789   0.02192   0.02758   0.06822   0.17630   0.32198   0.08764   0.10463   0.02695   0.00963   0.02883   0.09559   0.02401   0.02849   0.10385   0.12674   0.00601   0.10553   0.13163  
 44  0.0000  17712.717696  x:  0.01397   0.07348   0.02425   0.01048   0.00758   0.00129   0.00449   0.00448   0.00192   0.00834   0.00789   0.02192   0.02758   0.06822   0.17630   0.32198   0.08764   0.10463   0.02695   0.00963   0.02883   0.09559   0.02401   0.02849   0.10385   0.12674   0.00601   0.10553   0.13163  