

TREE # 1

  0  0.0000  12045.294337  x:  0.01342   0.12022   0.02526   0.01350   0.01317   0.00000   0.01342   0.01262   0.01579   0.02452   0.04629   0.10335   0.25990   0.44705   0.17889   0.15878   0.01118   0.02112   0.03881   0.14785   0.03214   0.05088   0.18496   0.23345   0.01233   0.11204   0.56178   2.00000   0.90000   0.60884   1.99821  
  1 99.0000  12045.292290  x:  0.01342   0.12022   0.02526   0.01350   0.01317   0.00000   0.01342   0.01262   0.01579   0.02452   0.04629   0.10335   0.25990   0.44705   0.17889   0.15878   0.01118   0.02112   0.03881   0.14785   0.03214   0.05088   0.18496   0.23345   0.01233   0.11204   0.56178   2.00000   0.90000   0.60884   1.99821  
  2 1347.3255  12039.175223  x:  0.00795   0.12185   0.02603   0.01882   0.01128   0.00000   0.01433   0.00663   0.01417   0.02109   0.04322   0.10294   0.26116   0.45179   0.17800   0.16186   0.01161   0.00343   0.04595   0.14882   0.03271   0.04788   0.18742   0.23600   0.00984   0.11071   0.56381   2.00538   0.89557   0.60864   1.99843  
  3 499.2750  12038.046459  x:  0.00729   0.12238   0.02612   0.01862   0.01156   0.00000   0.01447   0.00878   0.01454   0.02098   0.04259   0.10280   0.26153   0.45318   0.17773   0.16270   0.01194   0.00000   0.04759   0.14908   0.03273   0.04734   0.18807   0.23680   0.00986   0.11045   0.56444   2.00704   0.89432   0.60851   1.99853  
  4 627.5304  12038.046459  x:  0.00729   0.12238   0.02612   0.01862   0.01156   0.00000   0.01447   0.00878   0.01454   0.02098   0.04259   0.10280   0.26153   0.45318   0.17773   0.16270   0.01194   0.00000   0.04759   0.14908   0.03273   0.04734   0.18807   0.23680   0.00986   0.11045   0.56444   2.00704   0.89432   0.60851   1.99853  
  5 322.4088  12023.982199  x:  0.01610   0.12410   0.02626   0.01579   0.01205   0.00000   0.01388   0.00940   0.01324   0.02236   0.04229   0.10263   0.26240   0.45539   0.17721   0.16394   0.04357   0.00287   0.04992   0.14944   0.03237   0.04720   0.18893   0.23815   0.01174   0.11054   0.56538   2.00992   0.89262   0.60856   1.99846  
  6 1236.1247  12022.449465  x:  0.01251   0.12428   0.02627   0.01620   0.01201   0.00000   0.01406   0.00909   0.01369   0.02267   0.04224   0.10257   0.26287   0.45735   0.17692   0.16505   0.04565   0.00000   0.05097   0.14977   0.03253   0.04712   0.18973   0.23931   0.01186   0.11027   0.56635   2.01272   0.89077   0.60884   1.99833  
  7 268.7419  12020.387075  x:  0.00485   0.12555   0.02686   0.01379   0.01184   0.00000   0.01316   0.01358   0.00956   0.02112   0.04221   0.10243   0.26470   0.46467   0.17609   0.16853   0.04939   0.00000   0.05517   0.15103   0.03109   0.04817   0.19257   0.24422   0.01506   0.10998   0.57021   2.02403   0.88433   0.60961   1.99793  
  8 671.1074  12017.467708  x:  0.00534   0.12978   0.02850   0.01172   0.01483   0.00000   0.01055   0.01429   0.01555   0.01832   0.04331   0.10246   0.26901   0.48022   0.17497   0.17431   0.05085   0.00000   0.06123   0.15336   0.02701   0.05193   0.19782   0.25508   0.02167   0.10999   0.57889   2.05018   0.87185   0.61066   1.99725  
  9 476.8339  12011.717491  x:  0.01374   0.13887   0.03101   0.01831   0.01382   0.00000   0.01726   0.00929   0.01251   0.02065   0.04556   0.10311   0.27844   0.51354   0.17310   0.18562   0.05169   0.00000   0.06960   0.15797   0.02417   0.05874   0.20813   0.27758   0.02999   0.10950   0.59786   2.10836   0.84595   0.61265   1.99590  
 10 1263.6669  12006.708699  x:  0.02202   0.14466   0.02873   0.01494   0.00879   0.00000   0.01255   0.01100   0.01257   0.02724   0.04541   0.10497   0.28647   0.54231   0.17242   0.19387   0.05163   0.00000   0.06789   0.16127   0.03509   0.05934   0.21515   0.29422   0.02493   0.10823   0.61506   2.16319   0.82471   0.61406   1.99486  
 11 966.9365  12004.062634  x:  0.02616   0.14647   0.02640   0.01364   0.01697   0.00000   0.01383   0.01310   0.01096   0.02684   0.04506   0.10690   0.29100   0.55932   0.17254   0.19776   0.05219   0.00000   0.06297   0.16277   0.03938   0.05622   0.21807   0.30211   0.01752   0.10809   0.62585   2.19918   0.81304   0.61453   1.99438  
 12 1154.2364  12001.211564  x:  0.02861   0.14531   0.02586   0.01516   0.01372   0.00000   0.01401   0.01431   0.01113   0.01890   0.04499   0.10974   0.29425   0.57336   0.17353   0.19911   0.05382   0.00000   0.05510   0.16342   0.03568   0.04986   0.21845   0.30526   0.01011   0.11068   0.63600   2.23603   0.80519   0.61404   1.99427  
 13 692.4477  11998.301782  x:  0.02830   0.13977   0.02776   0.01186   0.01344   0.00000   0.01306   0.01273   0.01028   0.02468   0.04463   0.11328   0.29595   0.58572   0.17580   0.19671   0.05473   0.00000   0.04647   0.16334   0.02796   0.04442   0.21545   0.30197   0.01051   0.11849   0.64739   2.28329   0.80207   0.61160   1.99481  
 14 530.0926  11993.378618  x:  0.02732   0.12654   0.02867   0.01908   0.01428   0.00000   0.01296   0.01950   0.01267   0.02582   0.04513   0.11788   0.29646   0.60362   0.18107   0.18739   0.05722   0.00000   0.04084   0.16294   0.03216   0.04793   0.20679   0.28792   0.01673   0.13402   0.66796   2.37939   0.80375   0.60446   1.99671  
 15 819.4351  11987.863688  x:  0.02605   0.11560   0.02747   0.01270   0.01401   0.00000   0.01462   0.01124   0.01053   0.01973   0.04513   0.11942   0.29551   0.61757   0.18655   0.17668   0.05830   0.00000   0.04685   0.16282   0.03767   0.05439   0.19848   0.27108   0.01595   0.14403   0.68691   2.47831   0.80827   0.59661   1.99892  
 16 1416.9951  11982.799813  x:  0.02659   0.11511   0.02671   0.01492   0.01389   0.00000   0.01263   0.01457   0.01098   0.02405   0.04510   0.11478   0.29229   0.62330   0.19134   0.16607   0.05759   0.00000   0.06385   0.16235   0.03094   0.05564   0.19324   0.25423   0.00384   0.14088   0.70105   2.57750   0.81594   0.58846   2.00142  
 17 880.9289  11977.392841  x:  0.02347   0.13263   0.02736   0.01267   0.01233   0.00000   0.01833   0.01603   0.01358   0.02317   0.04261   0.10247   0.28458   0.61411   0.19465   0.15802   0.05554   0.00000   0.06417   0.15869   0.03369   0.04338   0.19330   0.24077   0.01335   0.12113   0.70804   2.69857   0.82711   0.57977   2.00453  
 18 554.0451  11974.913339  x:  0.02140   0.13979   0.02796   0.01582   0.01402   0.00000   0.01188   0.01264   0.01059   0.02185   0.04266   0.09857   0.28093   0.60759   0.19541   0.15590   0.05496   0.00000   0.06133   0.15689   0.03398   0.04209   0.19409   0.23717   0.01682   0.11227   0.70893   2.75025   0.83139   0.57658   2.00580  
 19 1387.8978  11970.968153  x:  0.01625   0.14722   0.02782   0.01394   0.01307   0.00000   0.01332   0.01291   0.01112   0.02227   0.04546   0.09976   0.27354   0.58604   0.19396   0.15739   0.05415   0.00000   0.04915   0.15363   0.02939   0.05820   0.19780   0.23986   0.01490   0.09874   0.70201   2.84270   0.83646   0.57314   2.00774  
 20 647.4015  11962.304709  x:  0.01448   0.14235   0.02102   0.01515   0.01294   0.00000   0.01331   0.01158   0.01173   0.02236   0.03788   0.11700   0.25978   0.51282   0.18204   0.17311   0.04518   0.00000   0.05514   0.15375   0.03030   0.05170   0.21043   0.26837   0.01427   0.10760   0.66187   3.04865   0.83539   0.57370   2.01076  
 21 488.4860  11960.951109  x:  0.01442   0.13986   0.02934   0.01452   0.01325   0.00000   0.01355   0.01173   0.01177   0.02217   0.04438   0.11471   0.25997   0.50010   0.17925   0.17600   0.04350   0.00000   0.05604   0.15427   0.03258   0.04954   0.21069   0.27198   0.01244   0.10986   0.65230   3.08363   0.83235   0.57529   2.01100  
 22 531.5901  11959.732004  x:  0.01492   0.13515   0.02559   0.01447   0.01302   0.00000   0.01355   0.01177   0.01172   0.02234   0.04692   0.10117   0.26614   0.49051   0.17603   0.17840   0.04165   0.00000   0.05466   0.15542   0.03165   0.04996   0.20651   0.27134   0.01265   0.11217   0.63881   3.11267   0.82383   0.57990   2.01067  
 23 212.3970  11959.407180  x:  0.01520   0.13446   0.02821   0.01463   0.01312   0.00000   0.01356   0.01183   0.01176   0.02214   0.04221   0.09972   0.26972   0.48920   0.17525   0.17875   0.04098   0.00000   0.05438   0.15573   0.03164   0.05095   0.20418   0.26936   0.01254   0.11137   0.63266   3.12048   0.82041   0.58196   2.01054  
 24 120.3084  11959.060128  x:  0.01534   0.13576   0.02714   0.01464   0.01309   0.00000   0.01351   0.01190   0.01173   0.02221   0.04384   0.10550   0.27630   0.49102   0.17505   0.17839   0.03997   0.00000   0.05525   0.15588   0.03154   0.05051   0.20046   0.26396   0.01401   0.10818   0.62046   3.12931   0.81617   0.58529   2.01061  
 25 71.3913  11958.907503  x:  0.01487   0.13827   0.02713   0.01456   0.01310   0.00000   0.01350   0.01187   0.01169   0.02213   0.04380   0.10473   0.27635   0.49799   0.17718   0.17784   0.03955   0.00000   0.05484   0.15526   0.03160   0.05088   0.20356   0.26308   0.01340   0.11121   0.60840   3.13354   0.81932   0.58631   2.01180  
 26 25.6371  11958.865601  x:  0.01512   0.13559   0.02719   0.01458   0.01308   0.00000   0.01350   0.01187   0.01171   0.02213   0.04374   0.10437   0.27465   0.50117   0.17688   0.17710   0.03947   0.00000   0.05489   0.15562   0.03155   0.05048   0.20343   0.26450   0.01384   0.10915   0.60449   3.13481   0.82093   0.58700   2.01265  
 27 17.2219  11958.852321  x:  0.01500   0.13639   0.02715   0.01457   0.01308   0.00000   0.01350   0.01185   0.01171   0.02212   0.04373   0.10434   0.27329   0.50203   0.17536   0.17698   0.03954   0.00000   0.05497   0.15523   0.03157   0.05050   0.20149   0.26514   0.01372   0.10952   0.60383   3.13534   0.82133   0.58818   2.01383  
 28  4.7971  11958.729212  x:  0.01571   0.13569   0.02721   0.01456   0.01307   0.00000   0.01349   0.01189   0.01170   0.02211   0.04376   0.10439   0.27167   0.50354   0.17288   0.18449   0.04025   0.00000   0.05511   0.15537   0.03152   0.05051   0.20221   0.26150   0.01391   0.10937   0.60504   3.14081   0.82544   0.60364   2.03319  
 29  4.1651  11958.371148  x:  0.01418   0.13624   0.02739   0.01464   0.01306   0.00000   0.01355   0.01167   0.01186   0.02217   0.04388   0.10484   0.27770   0.50422   0.17132   0.17646   0.04279   0.00000   0.05511   0.15692   0.03157   0.05070   0.20658   0.26446   0.01380   0.11008   0.60973   3.15528   0.83171   0.64222   2.09285  
 30 37.6688  11958.017694  x:  0.01269   0.13701   0.02758   0.01479   0.01305   0.00000   0.01365   0.01143   0.01205   0.02230   0.04403   0.10483   0.27782   0.50569   0.18569   0.17605   0.04401   0.00000   0.05615   0.15456   0.03178   0.05070   0.20172   0.26972   0.01380   0.11012   0.61333   3.16749   0.82985   0.66688   2.15521  
 31 65.3290  11955.692459  x:  0.00841   0.13994   0.02776   0.01530   0.01288   0.00000   0.01409   0.01013   0.01280   0.02260   0.04445   0.10677   0.26161   0.52792   0.19185   0.17130   0.04296   0.00000   0.05472   0.17181   0.03228   0.05130   0.20921   0.26327   0.01277   0.11334   0.63129   3.23454   0.78124   0.73432   2.56982  
 32 86.0901  11952.544550  x:  0.00116   0.13616   0.02792   0.01575   0.01246   0.00000   0.01450   0.00819   0.01373   0.02288   0.04457   0.10666   0.28086   0.55927   0.18171   0.18063   0.04273   0.00000   0.05657   0.15231   0.03331   0.05008   0.21220   0.26912   0.01102   0.11427   0.65430   3.32608   0.74217   0.79730   3.12924  
 33 591.8730  11952.092528  x:  0.00000   0.13705   0.02792   0.01578   0.01242   0.00000   0.01453   0.00796   0.01381   0.02288   0.04457   0.10651   0.28522   0.56122   0.18150   0.18313   0.04369   0.00000   0.05618   0.15830   0.03335   0.05001   0.20956   0.27118   0.01071   0.11455   0.65515   3.33602   0.74136   0.80036   3.18364  
 34 265.2538  11952.092528  x:  0.00000   0.13705   0.02792   0.01578   0.01242   0.00000   0.01453   0.00796   0.01381   0.02288   0.04457   0.10651   0.28522   0.56122   0.18150   0.18313   0.04369   0.00000   0.05618   0.15830   0.03335   0.05001   0.20956   0.27118   0.01071   0.11455   0.65515   3.33602   0.74136   0.80036   3.18364  
 35 55.2746  11951.607603  x:  0.00210   0.13714   0.02786   0.01667   0.01240   0.00000   0.01487   0.01102   0.01434   0.02339   0.04451   0.10664   0.28546   0.56143   0.18139   0.18340   0.04644   0.00000   0.05630   0.15854   0.03361   0.04987   0.20957   0.27118   0.01070   0.11472   0.65511   3.33623   0.74191   0.80004   3.18370  
 36 217.7142  11951.310848  x:  0.00377   0.13710   0.02771   0.01742   0.01252   0.00000   0.01449   0.00932   0.01434   0.02399   0.04435   0.10692   0.28592   0.56189   0.18114   0.18404   0.05095   0.00000   0.05654   0.15907   0.03408   0.04962   0.20961   0.27122   0.01067   0.11507   0.65502   3.33672   0.74303   0.79934   3.18383  
 37 141.7292  11951.106957  x:  0.00074   0.13638   0.02748   0.01622   0.01204   0.00000   0.01513   0.00960   0.01382   0.02356   0.04409   0.10743   0.28669   0.56291   0.18060   0.18541   0.05544   0.00000   0.05686   0.16013   0.03445   0.04928   0.20972   0.27130   0.01045   0.11568   0.65488   3.33782   0.74517   0.79787   3.18409  
 38 81.8699  11951.065970  x:  0.00000   0.13616   0.02755   0.01662   0.01246   0.00000   0.01478   0.00969   0.01424   0.02355   0.04414   0.10753   0.28694   0.56326   0.18043   0.18581   0.05594   0.00000   0.05686   0.16040   0.03438   0.04925   0.20974   0.27131   0.01037   0.11580   0.65483   3.33823   0.74581   0.79737   3.18418  
 39 70.2886  11951.065970  x:  0.00000   0.13616   0.02755   0.01662   0.01246   0.00000   0.01478   0.00969   0.01424   0.02355   0.04414   0.10753   0.28694   0.56326   0.18043   0.18581   0.05594   0.00000   0.05686   0.16040   0.03438   0.04925   0.20974   0.27131   0.01037   0.11580   0.65483   3.33823   0.74581   0.79737   3.18418  
 40 40.7596  11951.038554  x:  0.00075   0.13603   0.02776   0.01725   0.01232   0.00000   0.01448   0.00925   0.01416   0.02372   0.04426   0.10751   0.28725   0.56374   0.18024   0.18619   0.05554   0.00000   0.05674   0.16060   0.03413   0.04933   0.20975   0.27133   0.01033   0.11584   0.65477   3.33879   0.74650   0.79671   3.18428  
 41 29.9475  11950.992587  x:  0.00160   0.13564   0.02803   0.01748   0.01233   0.00000   0.01468   0.01009   0.01422   0.02388   0.04440   0.10744   0.28802   0.56501   0.17972   0.18720   0.05441   0.00000   0.05646   0.16109   0.03370   0.04952   0.20978   0.27136   0.01024   0.11594   0.65462   3.34033   0.74826   0.79495   3.18457  
 42 63.8509  11950.912239  x:  0.00163   0.13484   0.02801   0.01643   0.01260   0.00000   0.01489   0.00949   0.01425   0.02368   0.04441   0.10729   0.28942   0.56752   0.17864   0.18913   0.05237   0.00000   0.05604   0.16198   0.03341   0.04976   0.20982   0.27140   0.01016   0.11612   0.65430   3.34347   0.75154   0.79143   3.18515  
 43 118.3550  11950.873893  x:  0.00088   0.13457   0.02757   0.01677   0.01202   0.00000   0.01439   0.00965   0.01410   0.02340   0.04422   0.10721   0.29004   0.56899   0.17792   0.19003   0.05228   0.00000   0.05603   0.16223   0.03391   0.04960   0.20981   0.27138   0.01018   0.11614   0.65410   3.34552   0.75305   0.78931   3.18548  
 44 67.7010  11950.829312  x:  0.00051   0.13455   0.02714   0.01732   0.01274   0.00000   0.01467   0.00958   0.01423   0.02349   0.04394   0.10712   0.29065   0.57098   0.17689   0.19095   0.05351   0.00000   0.05620   0.16225   0.03456   0.04913   0.20973   0.27127   0.01019   0.11605   0.65378   3.34856   0.75458   0.78635   3.18593  
 45 78.9780  11950.788984  x:  0.00074   0.13476   0.02734   0.01672   0.01220   0.00000   0.01482   0.00953   0.01412   0.02369   0.04380   0.10708   0.29101   0.57287   0.17593   0.19152   0.05517   0.00000   0.05642   0.16201   0.03458   0.04872   0.20961   0.27112   0.01014   0.11587   0.65344   3.35178   0.75545   0.78343   3.18635  
 46 90.4998  11950.752688  x:  0.00020   0.13505   0.02803   0.01659   0.01254   0.00000   0.01414   0.00966   0.01429   0.02351   0.04417   0.10709   0.29090   0.57463   0.17514   0.19157   0.05589   0.00000   0.05652   0.16140   0.03368   0.04885   0.20940   0.27089   0.01008   0.11560   0.65307   3.35552   0.75515   0.78045   3.18675  
 47 55.7430  11950.727409  x:  0.00000   0.13517   0.02813   0.01672   0.01246   0.00000   0.01438   0.00961   0.01419   0.02345   0.04429   0.10708   0.29076   0.57534   0.17488   0.19148   0.05591   0.00000   0.05652   0.16111   0.03345   0.04902   0.20930   0.27078   0.01009   0.11549   0.65291   3.35725   0.75476   0.77915   3.18692  
 48 104.4416  11950.573991  x:  0.00084   0.13624   0.02671   0.01649   0.01235   0.00000   0.01413   0.00963   0.01493   0.02390   0.04424   0.10688   0.28887   0.58242   0.17295   0.18996   0.05466   0.00000   0.05633   0.15836   0.03415   0.05068   0.20835   0.26971   0.01056   0.11468   0.65123   3.37648   0.74905   0.76534   3.18865  
 49 162.0348  11950.515778  x:  0.00123   0.13635   0.02689   0.01635   0.01277   0.00000   0.01388   0.00980   0.01374   0.02373   0.04380   0.10693   0.28819   0.58467   0.17283   0.18948   0.05399   0.00000   0.05639   0.15802   0.03461   0.04994   0.20818   0.26947   0.01051   0.11466   0.65068   3.38407   0.74661   0.76018   3.18929  
 50 169.5086  11950.436905  x:  0.00132   0.13604   0.02775   0.01654   0.01254   0.00000   0.01411   0.00969   0.01454   0.02342   0.04325   0.10713   0.28738   0.58714   0.17350   0.18902   0.05308   0.00000   0.05664   0.15855   0.03497   0.04773   0.20824   0.26938   0.01024   0.11503   0.65004   3.39513   0.74303   0.75306   3.19015  
 51 179.4445  11950.319669  x:  0.00086   0.13454   0.02693   0.01646   0.01251   0.00000   0.01404   0.00972   0.01432   0.02479   0.04455   0.10743   0.28701   0.58858   0.17680   0.18915   0.05386   0.00000   0.05706   0.16206   0.03433   0.04764   0.20915   0.27016   0.01028   0.11666   0.64968   3.41354   0.73779   0.74249   3.19140  
 52 92.3550  11950.254212  x:  0.00122   0.13398   0.02708   0.01648   0.01260   0.00000   0.01410   0.00973   0.01445   0.02335   0.04453   0.10760   0.28723   0.58866   0.17880   0.18934   0.05476   0.00000   0.05692   0.16395   0.03455   0.04883   0.20978   0.27082   0.01001   0.11731   0.64975   3.42411   0.73516   0.73689   3.19206  
 53 168.9041  11950.214826  x:  0.00079   0.13423   0.02795   0.01657   0.01257   0.00000   0.01409   0.00972   0.01446   0.02401   0.04337   0.10765   0.28800   0.58761   0.17979   0.18949   0.05496   0.00000   0.05626   0.16432   0.03485   0.04972   0.21026   0.27148   0.00979   0.11706   0.65032   3.43134   0.73402   0.73390   3.19240  
 54 68.5788  11950.103241  x:  0.00074   0.13636   0.02698   0.01661   0.01258   0.00000   0.01408   0.00972   0.01445   0.02369   0.04301   0.10729   0.29161   0.58201   0.18129   0.18973   0.05488   0.00000   0.05467   0.16305   0.03387   0.04882   0.21160   0.27372   0.01081   0.11537   0.65328   3.45382   0.73206   0.72680   3.19316  
 55 77.0782  11950.038159  x:  0.00071   0.13710   0.02750   0.01647   0.01257   0.00000   0.01409   0.00972   0.01443   0.02382   0.04468   0.10726   0.29343   0.57817   0.18121   0.18963   0.05445   0.00000   0.05564   0.16208   0.03506   0.04872   0.21202   0.27455   0.01007   0.11469   0.65530   3.46779   0.73140   0.72335   3.19350  
 56 117.2413  11949.969177  x:  0.00090   0.13627   0.02751   0.01653   0.01257   0.00000   0.01409   0.00972   0.01445   0.02376   0.04376   0.10753   0.29410   0.57385   0.17946   0.18927   0.05408   0.00000   0.05833   0.16133   0.03461   0.04908   0.21145   0.27420   0.01051   0.11603   0.65771   3.48378   0.73130   0.72130   3.19363  
 57 71.3056  11949.904367  x:  0.00104   0.13470   0.02692   0.01653   0.01254   0.00000   0.01406   0.00971   0.01441   0.02374   0.04349   0.10762   0.29326   0.57032   0.17728   0.18917   0.05431   0.00000   0.05719   0.16112   0.03417   0.04887   0.21004   0.27285   0.00869   0.11721   0.65980   3.49947   0.73154   0.72106   3.19351  
 58 74.5409  11949.857718  x:  0.00107   0.13373   0.02750   0.01648   0.01254   0.00000   0.01406   0.00970   0.01441   0.02373   0.04401   0.10752   0.29200   0.56815   0.17590   0.18932   0.05454   0.00000   0.05568   0.16129   0.03471   0.04874   0.20895   0.27159   0.00976   0.11799   0.66113   3.51148   0.73203   0.72164   3.19331  
 59 115.0174  11949.755505  x:  0.00120   0.13473   0.02741   0.01648   0.01252   0.00000   0.01404   0.00969   0.01439   0.02369   0.04374   0.10610   0.28701   0.56667   0.17610   0.19115   0.05430   0.00000   0.05636   0.16334   0.03449   0.04875   0.20830   0.26870   0.01020   0.11445   0.66211   3.53968   0.73444   0.72708   3.19228  
 60 48.4934  11949.620285  x:  0.00115   0.13661   0.02715   0.01648   0.01252   0.00000   0.01405   0.00969   0.01439   0.02370   0.04384   0.10947   0.28492   0.57007   0.17890   0.19136   0.05414   0.00000   0.05628   0.16108   0.03455   0.04879   0.21075   0.26965   0.00981   0.11675   0.65947   3.57977   0.73821   0.73974   3.19009  
 61 46.4384  11949.523317  x:  0.00109   0.13510   0.02748   0.01651   0.01253   0.00000   0.01406   0.00969   0.01440   0.02371   0.04385   0.10589   0.28773   0.57427   0.17922   0.18943   0.05441   0.00000   0.05641   0.16077   0.03460   0.04880   0.21140   0.27205   0.00976   0.11719   0.65673   3.60875   0.73891   0.75064   3.18819  
 62 69.5084  11949.499935  x:  0.00108   0.13472   0.02741   0.01651   0.01254   0.00000   0.01407   0.00970   0.01441   0.02373   0.04389   0.10747   0.28978   0.57564   0.17848   0.18883   0.05446   0.00000   0.05645   0.16199   0.03463   0.04883   0.21044   0.27242   0.01006   0.11593   0.65616   3.61584   0.73830   0.75370   3.18764  
 63 28.0614  11949.496999  x:  0.00104   0.13547   0.02741   0.01651   0.01254   0.00000   0.01408   0.00970   0.01442   0.02374   0.04391   0.10737   0.29042   0.57601   0.17834   0.18948   0.05441   0.00000   0.05649   0.16227   0.03465   0.04885   0.21005   0.27204   0.00999   0.11638   0.65642   3.61673   0.73777   0.75425   3.18752  
 64  4.5813  11949.496218  x:  0.00106   0.13524   0.02743   0.01651   0.01255   0.00000   0.01408   0.00970   0.01442   0.02374   0.04392   0.10743   0.29058   0.57633   0.17829   0.19001   0.05444   0.00000   0.05651   0.16210   0.03466   0.04886   0.21030   0.27192   0.01001   0.11632   0.65699   3.61696   0.73742   0.75447   3.18744  
 65  1.8291  11949.495775  x:  0.00106   0.13536   0.02743   0.01652   0.01255   0.00000   0.01408   0.00970   0.01442   0.02375   0.04393   0.10745   0.29049   0.57670   0.17814   0.18995   0.05444   0.00000   0.05650   0.16226   0.03466   0.04887   0.21050   0.27218   0.00999   0.11638   0.65782   3.61709   0.73732   0.75459   3.18736  
 66  1.1644  11949.495647  x:  0.00105   0.13534   0.02743   0.01652   0.01255   0.00000   0.01408   0.00970   0.01442   0.02375   0.04393   0.10745   0.29050   0.57685   0.17832   0.18989   0.05445   0.00000   0.05652   0.16221   0.03467   0.04887   0.21032   0.27220   0.00998   0.11638   0.65814   3.61713   0.73737   0.75460   3.18731  
 67  0.6800  11949.495542  x:  0.00104   0.13534   0.02743   0.01652   0.01255   0.00000   0.01409   0.00970   0.01442   0.02374   0.04393   0.10744   0.29059   0.57691   0.17839   0.18973   0.05445   0.00000   0.05651   0.16222   0.03466   0.04887   0.21042   0.27198   0.00998   0.11639   0.65823   3.61718   0.73741   0.75456   3.18719  
 68  0.1778  11949.464805  x:  0.00062   0.13551   0.02765   0.01682   0.01235   0.00000   0.01466   0.00956   0.01417   0.02360   0.04417   0.10739   0.29011   0.57930   0.17762   0.18975   0.05449   0.00000   0.05647   0.16153   0.03408   0.04926   0.20999   0.27176   0.01000   0.11609   0.65755   3.63090   0.73681   0.74198   3.14275  
 69  0.2507  11949.464310  x:  0.00061   0.13561   0.02765   0.01680   0.01237   0.00000   0.01465   0.00957   0.01418   0.02357   0.04418   0.10739   0.29014   0.57901   0.17759   0.18973   0.05449   0.00000   0.05648   0.16156   0.03411   0.04927   0.21014   0.27185   0.01000   0.11610   0.65774   3.63189   0.73715   0.73690   3.11042  
 70  0.0182  11949.464269  x:  0.00062   0.13558   0.02765   0.01681   0.01236   0.00000   0.01465   0.00956   0.01418   0.02358   0.04418   0.10739   0.29012   0.57905   0.17759   0.18973   0.05449   0.00000   0.05647   0.16157   0.03410   0.04926   0.21011   0.27183   0.01000   0.11610   0.65767   3.63117   0.73744   0.73585   3.10199  
 71  0.0073  11949.464269  x:  0.00062   0.13558   0.02765   0.01681   0.01236   0.00000   0.01465   0.00956   0.01418   0.02358   0.04418   0.10739   0.29012   0.57904   0.17759   0.18973   0.05449   0.00000   0.05647   0.16157   0.03410   0.04927   0.21011   0.27183   0.01000   0.11610   0.65767   3.63107   0.73744   0.73591   3.10224  
 72  0.0003  11949.464269  x:  0.00062   0.13558   0.02765   0.01681   0.01236   0.00000   0.01465   0.00956   0.01418   0.02358   0.04418   0.10739   0.29012   0.57904   0.17759   0.18973   0.05449   0.00000   0.05647   0.16157   0.03410   0.04927   0.21011   0.27183   0.01000   0.11610   0.65767   3.63107   0.73744   0.73591   3.10224  