

Model 0: one-ratio

TREE # 1

  0  0.0000  12810.311634  x:  0.00000   0.05741   0.05809   0.02389   0.05947   0.05288   0.02923   0.03127   0.05252   0.02067   0.04143   0.02811   0.02604   0.06716   0.09962   0.20407   0.06973   0.05654   0.05931   0.02699   0.06512   0.07354   0.02427   0.02719   0.06870   0.11456   0.03371   0.07731   0.14657   2.00000   0.40000  
  1 99.0000  12634.263974  x:  0.08837   0.07406   0.04698   0.01052   0.03485   0.02056   0.00523   0.00000   0.02054   0.00501   0.01445   0.01617   0.02120   0.08573   0.12677   0.22588   0.06703   0.06456   0.05077   0.00613   0.05006   0.08330   0.03080   0.02646   0.09656   0.11863   0.01319   0.08499   0.15610   2.00245   0.39195  
  2 3856.9330  12626.259115  x:  0.09748   0.07579   0.04582   0.00915   0.03228   0.01716   0.00279   0.00061   0.01718   0.00345   0.01163   0.01495   0.02071   0.08766   0.12960   0.22816   0.06674   0.06540   0.04987   0.00396   0.04848   0.08432   0.03148   0.02638   0.09946   0.11906   0.01105   0.08580   0.15710   2.00271   0.39110  
  3 47608.0781  12591.213653  x:  0.10832   0.07983   0.04233   0.00967   0.02431   0.00506   0.01192   0.00088   0.00548   0.01621   0.00430   0.01431   0.02071   0.09258   0.13678   0.23533   0.06587   0.06746   0.04627   0.00000   0.04371   0.08694   0.03218   0.02620   0.10644   0.12052   0.00658   0.08813   0.16026   2.00365   0.38806  
  4 4617.0525  12583.264356  x:  0.11036   0.08105   0.04118   0.01024   0.02173   0.00087   0.01323   0.00093   0.00163   0.01840   0.00351   0.01450   0.02085   0.09412   0.13904   0.23780   0.06557   0.06809   0.04497   0.00394   0.04217   0.08777   0.03225   0.02614   0.10858   0.12105   0.00597   0.08892   0.16136   2.00399   0.38695  
  5 6036.8875  12580.045003  x:  0.11000   0.08163   0.04052   0.01085   0.02033   0.00015   0.01307   0.00093   0.00112   0.01854   0.00510   0.01496   0.02107   0.09494   0.14026   0.23938   0.06539   0.06840   0.04408   0.00369   0.04124   0.08821   0.03214   0.02613   0.10966   0.12139   0.00604   0.08940   0.16206   2.00423   0.38618  
  6 1833.3025  12576.247695  x:  0.10968   0.08255   0.03951   0.01173   0.01821   0.00055   0.01297   0.00094   0.00030   0.01892   0.00698   0.01560   0.02137   0.09620   0.14213   0.24177   0.06511   0.06889   0.04273   0.00368   0.03983   0.08888   0.03200   0.02610   0.11134   0.12189   0.00608   0.09011   0.16312   2.00458   0.38503  
  7 15564.6408  12563.531669  x:  0.10885   0.08698   0.03467   0.01563   0.00804   0.00153   0.01299   0.00098   0.00218   0.02133   0.01397   0.01844   0.02273   0.10229   0.15115   0.25321   0.06379   0.07126   0.03633   0.00473   0.03308   0.09213   0.03138   0.02596   0.11946   0.12430   0.00605   0.09354   0.16817   2.00629   0.37952  
  8 20968.9991  12528.856888  x:  0.08841   0.09795   0.02291   0.01886   0.01144   0.00083   0.00660   0.00079   0.00137   0.01758   0.00444   0.02376   0.02473   0.11871   0.17601   0.28929   0.05996   0.07709   0.01687   0.00245   0.01580   0.10078   0.02833   0.02605   0.14064   0.13157   0.00990   0.10307   0.18369   2.01213   0.36086  
  9 2078.3737  12512.713447  x:  0.07703   0.10515   0.02398   0.00984   0.01649   0.00109   0.01430   0.00075   0.00174   0.01074   0.00769   0.01681   0.02178   0.12941   0.19302   0.31724   0.05790   0.08014   0.01370   0.00314   0.02159   0.10660   0.02886   0.02678   0.15474   0.13639   0.00405   0.10801   0.19443   2.01725   0.34520  
 10 1571.5417  12503.318503  x:  0.06828   0.10877   0.03077   0.01119   0.01212   0.00078   0.01025   0.00068   0.00131   0.01112   0.00423   0.01212   0.02046   0.13492   0.20341   0.33881   0.05737   0.08084   0.02322   0.00212   0.03122   0.10925   0.03063   0.02707   0.16238   0.13901   0.00643   0.10984   0.20153   2.02197   0.33172  
 11 1308.4294  12500.776172  x:  0.06821   0.10894   0.03296   0.01136   0.01506   0.00090   0.00767   0.00069   0.00152   0.01390   0.00522   0.01636   0.02065   0.13558   0.20634   0.34715   0.05771   0.08035   0.02756   0.00239   0.03314   0.10904   0.03163   0.02674   0.16381   0.13925   0.00428   0.10922   0.20343   2.02438   0.32565  
 12 780.8307  12498.323995  x:  0.07045   0.10542   0.03346   0.01193   0.01563   0.00090   0.01145   0.00071   0.00152   0.01094   0.00504   0.01933   0.02277   0.13230   0.20733   0.35979   0.05940   0.07764   0.03162   0.00230   0.03057   0.10539   0.03234   0.02546   0.16133   0.13768   0.00676   0.10552   0.20428   2.02979   0.31424  
 13 402.8895  12495.288992  x:  0.07095   0.09907   0.03216   0.01048   0.01467   0.00091   0.01009   0.00070   0.00151   0.01227   0.00548   0.01548   0.02307   0.12603   0.20653   0.37605   0.06166   0.07365   0.03199   0.00262   0.02629   0.09970   0.03198   0.02500   0.15558   0.13494   0.00415   0.09983   0.20417   2.03803   0.29881  
 14 751.1983  12494.264542  x:  0.07311   0.09681   0.03160   0.01138   0.01503   0.00094   0.00967   0.00072   0.00156   0.01338   0.00583   0.01570   0.02029   0.12305   0.20520   0.38310   0.06202   0.07295   0.02743   0.00262   0.02944   0.09847   0.03156   0.02670   0.15257   0.13382   0.00629   0.09876   0.20339   2.04305   0.29319  
 15 332.7550  12493.914180  x:  0.07323   0.09628   0.03191   0.01207   0.01410   0.00088   0.00972   0.00071   0.00148   0.01276   0.00512   0.01675   0.02067   0.12188   0.20408   0.38576   0.06193   0.07307   0.02540   0.00252   0.03114   0.09849   0.03130   0.02699   0.15102   0.13350   0.00506   0.09884   0.20275   2.04568   0.29176  
 16 295.0838  12493.520016  x:  0.07400   0.09689   0.03311   0.01089   0.01397   0.00089   0.00931   0.00072   0.00148   0.01339   0.00522   0.01668   0.02340   0.12067   0.20152   0.38991   0.06124   0.07432   0.02362   0.00253   0.03192   0.09977   0.03115   0.02601   0.14854   0.13349   0.00578   0.10050   0.20134   2.05145   0.29163  
 17 170.1728  12492.991530  x:  0.07502   0.09872   0.03406   0.01298   0.01498   0.00093   0.00965   0.00073   0.00155   0.01329   0.00557   0.01550   0.02317   0.11941   0.19717   0.39611   0.06005   0.07639   0.02347   0.00262   0.03089   0.10206   0.03137   0.02526   0.14503   0.13380   0.00524   0.10330   0.19902   2.06181   0.29303  
 18 271.9912  12492.448131  x:  0.07492   0.10053   0.03386   0.01148   0.01401   0.00090   0.00978   0.00072   0.00149   0.01310   0.00535   0.01656   0.02074   0.11847   0.19253   0.40210   0.05903   0.07803   0.02442   0.00259   0.02946   0.10401   0.03162   0.02573   0.14179   0.13423   0.00519   0.10560   0.19670   2.07371   0.29530  
 19 457.8157  12491.697541  x:  0.07514   0.10186   0.02927   0.01155   0.01433   0.00090   0.00975   0.00072   0.00150   0.01315   0.00539   0.01618   0.02268   0.11981   0.18773   0.40836   0.05939   0.07688   0.02589   0.00258   0.03080   0.10361   0.03140   0.02909   0.14185   0.13489   0.00519   0.10422   0.19475   2.09703   0.30123  
 20 181.9144  12489.925687  x:  0.07515   0.10259   0.02980   0.01176   0.01407   0.00090   0.00950   0.00072   0.00149   0.01335   0.00528   0.01638   0.02125   0.12443   0.18035   0.41800   0.06161   0.07206   0.02379   0.00255   0.03190   0.09938   0.02958   0.02378   0.14581   0.13556   0.00549   0.09783   0.19224   2.15732   0.31507  
 21 439.9437  12488.619417  x:  0.07489   0.10111   0.03591   0.01181   0.01397   0.00090   0.00957   0.00072   0.00149   0.01335   0.00537   0.01628   0.02165   0.12584   0.17892   0.42033   0.06264   0.07066   0.02132   0.00262   0.02942   0.09673   0.03311   0.02814   0.14847   0.13481   0.00553   0.09573   0.19193   2.20858   0.32252  
 22 578.9447  12480.225244  x:  0.07324   0.08305   0.03439   0.01165   0.01418   0.00091   0.00966   0.00072   0.00150   0.01314   0.00535   0.01620   0.02125   0.11431   0.19604   0.40315   0.06061   0.08055   0.02537   0.00263   0.03008   0.09545   0.02780   0.02742   0.15502   0.12454   0.00462   0.10808   0.19909   2.55401   0.34196  
 23 680.4826  12477.431941  x:  0.07161   0.09126   0.03029   0.01165   0.01394   0.00089   0.00935   0.00071   0.00147   0.01315   0.00519   0.01611   0.02113   0.11321   0.20128   0.39080   0.05753   0.07694   0.02457   0.00250   0.03150   0.09910   0.03774   0.02361   0.14998   0.12788   0.00474   0.10502   0.20039   2.67251   0.33949  
 24 953.0833  12475.655022  x:  0.07189   0.10101   0.03231   0.01159   0.01404   0.00090   0.00952   0.00072   0.00148   0.01311   0.00526   0.01616   0.02138   0.11626   0.20324   0.38109   0.05766   0.07396   0.02476   0.00249   0.03054   0.10239   0.03074   0.02618   0.14479   0.13303   0.00491   0.10101   0.20038   2.74457   0.33396  
 25 861.6073  12475.447593  x:  0.07180   0.10074   0.03191   0.01160   0.01402   0.00090   0.00951   0.00071   0.00148   0.01310   0.00525   0.01615   0.02133   0.11998   0.20087   0.37902   0.06104   0.07631   0.02478   0.00247   0.03064   0.10184   0.03125   0.02598   0.14479   0.13441   0.00490   0.10179   0.19964   2.75305   0.33107  
 26 88.5160  12475.380467  x:  0.07184   0.09980   0.03186   0.01161   0.01402   0.00090   0.00953   0.00072   0.00148   0.01309   0.00526   0.01616   0.02134   0.12200   0.19872   0.37807   0.05911   0.07586   0.02493   0.00247   0.03059   0.10148   0.03124   0.02598   0.14589   0.13461   0.00487   0.10275   0.19921   2.75547   0.32923  
 27 35.7482  12475.313934  x:  0.07155   0.10070   0.03190   0.01159   0.01403   0.00090   0.00953   0.00071   0.00148   0.01307   0.00526   0.01616   0.02135   0.12042   0.19622   0.37747   0.05955   0.07601   0.02495   0.00248   0.03041   0.10306   0.03120   0.02602   0.14888   0.13334   0.00487   0.10221   0.19966   2.75623   0.32790  
 28  7.3975  12473.998993  x:  0.06809   0.10695   0.03188   0.01159   0.01397   0.00090   0.00946   0.00071   0.00148   0.01303   0.00529   0.01621   0.02145   0.11342   0.19110   0.37700   0.05956   0.07648   0.02494   0.00247   0.03077   0.09196   0.03080   0.02613   0.15194   0.13962   0.00448   0.10794   0.20847   2.75884   0.32736  
 29  4.3992  12450.537718  x:  0.01229   0.09026   0.03175   0.01233   0.01341   0.00096   0.00851   0.00066   0.00155   0.01190   0.00593   0.01656   0.02148   0.11847   0.17546   0.38268   0.05989   0.07345   0.02865   0.00238   0.02838   0.10996   0.03065   0.02606   0.13663   0.15340   0.00408   0.10279   0.26594   2.79218   0.33609  
 30 42.0496  12447.278837  x:  0.00331   0.09428   0.03150   0.01234   0.01344   0.00096   0.00830   0.00065   0.00156   0.01162   0.00598   0.01659   0.02150   0.11941   0.17871   0.38337   0.05916   0.07492   0.02944   0.00239   0.02846   0.10627   0.03045   0.02610   0.13784   0.14751   0.00419   0.10330   0.25788   2.79662   0.33557  
 31 189.4268  12447.202131  x:  0.00306   0.09310   0.03160   0.01234   0.01344   0.00096   0.00830   0.00065   0.00157   0.01160   0.00598   0.01658   0.02149   0.11809   0.17935   0.38342   0.06009   0.07330   0.02948   0.00237   0.02833   0.10728   0.03048   0.02609   0.13911   0.15052   0.00418   0.10430   0.25537   2.79676   0.33545  
 32 28.7576  12447.194839  x:  0.00303   0.09288   0.03162   0.01234   0.01344   0.00096   0.00830   0.00065   0.00157   0.01160   0.00598   0.01659   0.02150   0.11783   0.17941   0.38343   0.05965   0.07407   0.02951   0.00237   0.02832   0.10724   0.03048   0.02609   0.13935   0.15123   0.00421   0.10363   0.25503   2.79678   0.33544  
 33  6.6782  12440.224050  x:  0.00664   0.09840   0.03194   0.01309   0.01385   0.00102   0.00840   0.00066   0.00167   0.01140   0.00656   0.01736   0.02213   0.11403   0.19121   0.39057   0.05958   0.07426   0.02996   0.00268   0.02828   0.09792   0.02909   0.02623   0.14307   0.14131   0.00567   0.10462   0.20055   2.82631   0.33212  
 34  0.2066  12439.197211  x:  0.00485   0.09495   0.03324   0.01385   0.01439   0.00109   0.00891   0.00071   0.00180   0.01196   0.00713   0.01835   0.02267   0.11454   0.18821   0.39055   0.05924   0.07388   0.03224   0.00356   0.02844   0.09745   0.02874   0.02624   0.13320   0.13276   0.00616   0.10172   0.19872   2.86153   0.33522  
 35  0.0397  12438.994878  x:  0.00559   0.09321   0.03370   0.01407   0.01445   0.00112   0.00856   0.00074   0.00189   0.01199   0.00735   0.01861   0.02237   0.11300   0.18474   0.38948   0.05952   0.07343   0.03232   0.00423   0.02909   0.09905   0.02882   0.02648   0.13365   0.13619   0.00620   0.10118   0.20032   2.88666   0.33773  
 36  0.0163  12438.820375  x:  0.00500   0.09477   0.03358   0.01399   0.01431   0.00112   0.00799   0.00078   0.00199   0.01122   0.00740   0.01851   0.02209   0.11377   0.18608   0.38874   0.05939   0.07394   0.03220   0.00515   0.02912   0.09737   0.02887   0.02657   0.13535   0.13375   0.00621   0.10183   0.19903   2.89807   0.33856  
 37  0.0053  12438.725050  x:  0.00532   0.09408   0.03340   0.01382   0.01436   0.00108   0.00825   0.00085   0.00204   0.01087   0.00725   0.01840   0.02251   0.11365   0.18761   0.38971   0.05946   0.07360   0.03201   0.00578   0.02828   0.09802   0.02866   0.02634   0.13336   0.13492   0.00626   0.10173   0.20037   2.88161   0.33654  
 38  0.0081  12438.631132  x:  0.00531   0.09440   0.03331   0.01378   0.01434   0.00100   0.00809   0.00098   0.00207   0.01160   0.00707   0.01838   0.02265   0.11357   0.18534   0.39047   0.05929   0.07377   0.03166   0.00630   0.02853   0.09842   0.02893   0.02639   0.13492   0.13455   0.00625   0.10159   0.19917   2.86022   0.33543  
 39  0.0069  12438.432219  x:  0.00500   0.09478   0.03365   0.01415   0.01406   0.00082   0.00859   0.00128   0.00208   0.01117   0.00711   0.01867   0.02196   0.11437   0.18794   0.38651   0.05949   0.07395   0.03285   0.00608   0.02914   0.09753   0.02858   0.02665   0.13461   0.13405   0.00614   0.10161   0.20083   2.86566   0.33843  
 40  0.0017  12438.246388  x:  0.00528   0.09418   0.03364   0.01404   0.01439   0.00072   0.00801   0.00154   0.00208   0.01116   0.00721   0.01825   0.02221   0.11342   0.18664   0.38982   0.05949   0.07353   0.03212   0.00507   0.02871   0.09796   0.02889   0.02639   0.13323   0.13501   0.00622   0.10169   0.19839   2.88224   0.33683  
 41  0.0074  12438.189134  x:  0.00526   0.09437   0.03335   0.01378   0.01441   0.00078   0.00817   0.00171   0.00214   0.01110   0.00743   0.01837   0.02258   0.11377   0.18592   0.39009   0.05932   0.07378   0.03195   0.00491   0.02868   0.09824   0.02877   0.02638   0.13515   0.13433   0.00621   0.10168   0.20107   2.88144   0.33658  
 42  0.0018  12438.145137  x:  0.00517   0.09431   0.03330   0.01372   0.01430   0.00089   0.00813   0.00192   0.00224   0.01119   0.00748   0.01854   0.02245   0.11384   0.18730   0.38961   0.05939   0.07391   0.03203   0.00513   0.02863   0.09801   0.02876   0.02648   0.13438   0.13489   0.00618   0.10169   0.19910   2.87918   0.33712  
 43  0.0014  12438.128417  x:  0.00525   0.09447   0.03351   0.01388   0.01438   0.00096   0.00809   0.00201   0.00222   0.01117   0.00724   0.01844   0.02233   0.11363   0.18641   0.38962   0.05943   0.07362   0.03209   0.00502   0.02860   0.09805   0.02885   0.02640   0.13410   0.13456   0.00616   0.10174   0.20011   2.87806   0.33674  
 44  0.0010  12438.123099  x:  0.00524   0.09429   0.03341   0.01388   0.01427   0.00100   0.00816   0.00201   0.00216   0.01112   0.00713   0.01839   0.02240   0.11380   0.18651   0.38958   0.05938   0.07376   0.03207   0.00502   0.02878   0.09808   0.02876   0.02642   0.13446   0.13470   0.00619   0.10165   0.19956   2.87786   0.33680  
 45  0.0004  12438.118652  x:  0.00519   0.09434   0.03344   0.01381   0.01428   0.00102   0.00810   0.00199   0.00207   0.01119   0.00716   0.01835   0.02241   0.11369   0.18688   0.38961   0.05941   0.07382   0.03211   0.00507   0.02869   0.09805   0.02885   0.02645   0.13429   0.13466   0.00624   0.10169   0.19987   2.88020   0.33705  
 46  0.0008  12438.116408  x:  0.00522   0.09440   0.03346   0.01383   0.01434   0.00102   0.00814   0.00200   0.00202   0.01114   0.00723   0.01840   0.02238   0.11369   0.18654   0.38974   0.05941   0.07371   0.03207   0.00508   0.02867   0.09805   0.02878   0.02642   0.13431   0.13465   0.00620   0.10171   0.19972   2.88038   0.33687  
 47  0.0003  12438.115983  x:  0.00524   0.09434   0.03343   0.01386   0.01434   0.00101   0.00812   0.00203   0.00201   0.01114   0.00724   0.01842   0.02239   0.11375   0.18661   0.38964   0.05940   0.07373   0.03207   0.00508   0.02869   0.09806   0.02880   0.02642   0.13434   0.13465   0.00618   0.10168   0.19978   2.87867   0.33683  
 48  0.0012  12438.115946  x:  0.00522   0.09437   0.03344   0.01386   0.01433   0.00101   0.00812   0.00203   0.00201   0.01114   0.00723   0.01841   0.02239   0.11372   0.18661   0.38963   0.05940   0.07375   0.03208   0.00508   0.02868   0.09806   0.02880   0.02643   0.13433   0.13466   0.00619   0.10169   0.19976   2.87863   0.33685  
 49  0.0001  12438.115942  x:  0.00523   0.09435   0.03344   0.01385   0.01433   0.00101   0.00812   0.00203   0.00201   0.01114   0.00723   0.01841   0.02239   0.11373   0.18661   0.38964   0.05940   0.07374   0.03207   0.00508   0.02869   0.09806   0.02880   0.02642   0.13433   0.13466   0.00619   0.10169   0.19976   2.87882   0.33686  
 50  0.0001  12438.115942  x:  0.00523   0.09436   0.03344   0.01385   0.01433   0.00101   0.00812   0.00203   0.00201   0.01114   0.00723   0.01841   0.02239   0.11373   0.18661   0.38964   0.05940   0.07374   0.03208   0.00508   0.02869   0.09806   0.02880   0.02642   0.13433   0.13466   0.00619   0.10169   0.19976   2.87882   0.33685  
 51  0.0000  12438.115942  x:  0.00523   0.09436   0.03344   0.01385   0.01433   0.00101   0.00812   0.00203   0.00201   0.01114   0.00723   0.01841   0.02239   0.11373   0.18661   0.38964   0.05940   0.07374   0.03208   0.00508   0.02869   0.09806   0.02880   0.02642   0.13433   0.13466   0.00619   0.10169   0.19976   2.87882   0.33685  

Model 1: NearlyNeutral

TREE # 1

  0  0.0000  12536.085287  x:  0.00000   0.07327   0.02601   0.04449   0.01539   0.02444   0.02044   0.01874   0.03354   0.04024   0.04247   0.01540   0.01700   0.08921   0.12560   0.23443   0.05164   0.08254   0.04947   0.02477   0.04649   0.07588   0.05773   0.05229   0.11765   0.12073   0.01892   0.07905   0.13797   2.87882   0.50913   0.13125  
  1 99.0000  12425.165286  x:  0.02030   0.08044   0.03444   0.03194   0.01563   0.00452   0.00829   0.00000   0.01376   0.02560   0.02577   0.02147   0.02408   0.09638   0.13803   0.24727   0.05624   0.08292   0.04755   0.01274   0.04127   0.08278   0.04831   0.04298   0.12251   0.12453   0.01089   0.08627   0.14818   2.87930   0.51647   0.12498  
  2 2561.5026  12408.312044  x:  0.02482   0.08207   0.03634   0.02909   0.01568   0.00000   0.00558   0.00024   0.00928   0.02227   0.02198   0.02283   0.02567   0.09801   0.14085   0.25018   0.05728   0.08300   0.04711   0.01002   0.04009   0.08434   0.04618   0.04087   0.12361   0.12539   0.00907   0.08790   0.15050   2.87941   0.51815   0.12355  
  3 22875.2831  12393.372052  x:  0.03125   0.08445   0.03908   0.02487   0.01577   0.00085   0.00183   0.00057   0.00262   0.01737   0.01636   0.02477   0.02794   0.10041   0.14501   0.25452   0.05881   0.08313   0.04643   0.00602   0.03834   0.08665   0.04301   0.03775   0.12524   0.12667   0.00643   0.09032   0.15393   2.87958   0.52064   0.12143  
  4 14721.9611  12386.281900  x:  0.03278   0.08528   0.03986   0.02332   0.01578   0.00097   0.00381   0.00062   0.00051   0.01566   0.01428   0.02520   0.02851   0.10127   0.14652   0.25619   0.05934   0.08315   0.04608   0.00477   0.03773   0.08749   0.04185   0.03662   0.12585   0.12716   0.00572   0.09120   0.15523   2.87964   0.52166   0.12059  
  5 6884.0103  12373.403192  x:  0.03711   0.08824   0.04233   0.01768   0.01574   0.00139   0.00832   0.00078   0.00443   0.00975   0.00678   0.02630   0.03015   0.10441   0.15202   0.26247   0.06119   0.08322   0.04466   0.00086   0.03553   0.09052   0.03763   0.03257   0.12809   0.12901   0.00371   0.09442   0.16006   2.87990   0.52556   0.11742  
  6 5797.5614  12361.740348  x:  0.03560   0.09167   0.04320   0.01172   0.01549   0.00147   0.00902   0.00081   0.00495   0.00752   0.00251   0.02496   0.02965   0.10836   0.15915   0.27183   0.06317   0.08310   0.04193   0.00908   0.03343   0.09442   0.03267   0.02806   0.13116   0.13184   0.00708   0.09868   0.16695   2.88033   0.53192   0.11257  
  7 2063.8881  12349.071211  x:  0.03288   0.09665   0.04432   0.00528   0.01526   0.00155   0.00994   0.00084   0.00566   0.00692   0.00961   0.02304   0.02894   0.11409   0.16963   0.28586   0.06599   0.08290   0.03782   0.01268   0.03022   0.10005   0.02597   0.02226   0.13569   0.13587   0.00885   0.10472   0.17706   2.88099   0.54151   0.10540  
  8 4040.2179  12325.554745  x:  0.02154   0.10689   0.04490   0.01721   0.01543   0.00148   0.00983   0.00078   0.00571   0.01564   0.01026   0.01829   0.02669   0.12608   0.19224   0.31802   0.07137   0.08227   0.02861   0.01210   0.02413   0.11178   0.01651   0.01579   0.14556   0.14460   0.00867   0.11701   0.19929   2.88255   0.56394   0.08970  
  9 3251.9534  12304.991332  x:  0.00358   0.11461   0.04181   0.01568   0.01565   0.00112   0.00752   0.00059   0.00439   0.01424   0.00876   0.01640   0.02255   0.13558   0.21172   0.34960   0.07448   0.08136   0.02268   0.00792   0.02270   0.12096   0.02793   0.02856   0.15414   0.15221   0.00619   0.12619   0.21917   2.88422   0.58614   0.07836  
 10 2295.1505  12296.004087  x:  0.00000   0.11642   0.03138   0.01913   0.01570   0.00116   0.00799   0.00060   0.00472   0.01235   0.01029   0.02692   0.02236   0.13696   0.22304   0.38153   0.07028   0.07958   0.04181   0.00934   0.03459   0.12168   0.03115   0.02775   0.15829   0.15626   0.00587   0.12596   0.23243   2.88647   0.60679   0.09125  
 11 631.7689  12291.147410  x:  0.00295   0.11440   0.02999   0.01601   0.01523   0.00118   0.00798   0.00062   0.00468   0.01783   0.00895   0.01747   0.02230   0.13484   0.22627   0.40204   0.06623   0.07938   0.04597   0.00779   0.03599   0.11796   0.03221   0.02882   0.15858   0.15703   0.00577   0.12215   0.23763   2.88826   0.62040   0.10545  
 12 591.6779  12288.137926  x:  0.00000   0.11161   0.03259   0.01669   0.01630   0.00110   0.00747   0.00058   0.00438   0.01504   0.00900   0.01666   0.02356   0.13222   0.22558   0.41343   0.06414   0.08002   0.04345   0.00730   0.03403   0.11409   0.03079   0.02820   0.15744   0.15644   0.00598   0.11850   0.23852   2.88952   0.62915   0.11358  
 13 561.2008  12285.802826  x:  0.00468   0.10771   0.03536   0.01862   0.01533   0.00123   0.00835   0.00064   0.00490   0.01412   0.01018   0.02097   0.02213   0.12811   0.22300   0.42831   0.06256   0.08134   0.03711   0.00952   0.03060   0.10891   0.03165   0.03029   0.15517   0.15500   0.00688   0.11368   0.23809   2.89150   0.64308   0.11935  
 14 663.0535  12284.286952  x:  0.00390   0.10455   0.03258   0.01583   0.01392   0.00115   0.00775   0.00061   0.00453   0.01632   0.00876   0.02327   0.02103   0.12407   0.21697   0.43773   0.06323   0.08240   0.03359   0.00804   0.03225   0.10593   0.03050   0.02750   0.15207   0.15234   0.00522   0.11040   0.23382   2.89356   0.65639   0.11754  
 15 300.8549  12283.157118  x:  0.00548   0.10314   0.03083   0.01647   0.01597   0.00113   0.00755   0.00060   0.00438   0.01381   0.00889   0.02060   0.02236   0.12115   0.21059   0.44488   0.06425   0.08250   0.03362   0.00730   0.03420   0.10481   0.03031   0.02656   0.14911   0.14965   0.00673   0.10913   0.22870   2.89570   0.66930   0.11354  
 16 391.1778  12282.757098  x:  0.00513   0.10403   0.03287   0.01662   0.01370   0.00113   0.00755   0.00060   0.00439   0.01342   0.00897   0.01992   0.02273   0.12106   0.20732   0.44691   0.06435   0.08130   0.03566   0.00775   0.03357   0.10576   0.02969   0.02718   0.14786   0.14843   0.00576   0.10996   0.22539   2.89704   0.67522   0.11302  
 17 175.3760  12282.524899  x:  0.00484   0.10519   0.03415   0.01607   0.01526   0.00113   0.00756   0.00060   0.00440   0.01434   0.00878   0.02052   0.02216   0.12161   0.20507   0.44770   0.06428   0.07998   0.03683   0.00772   0.03236   0.10700   0.02941   0.02753   0.14719   0.14765   0.00561   0.11123   0.22275   2.89824   0.67939   0.11375  
 18 187.7521  12282.356287  x:  0.00490   0.10659   0.03267   0.01618   0.01468   0.00112   0.00743   0.00059   0.00431   0.01396   0.00872   0.02066   0.02171   0.12290   0.20352   0.44735   0.06428   0.07856   0.03590   0.00714   0.03131   0.10865   0.02986   0.02688   0.14716   0.14729   0.00659   0.11305   0.22022   2.89987   0.68311   0.11614  
 19 95.3792  12282.299875  x:  0.00507   0.10707   0.03208   0.01630   0.01491   0.00112   0.00750   0.00060   0.00436   0.01384   0.00882   0.02057   0.02221   0.12356   0.20326   0.44681   0.06442   0.07825   0.03511   0.00764   0.03158   0.10921   0.02992   0.02690   0.14738   0.14735   0.00564   0.11353   0.21931   2.90080   0.68472   0.11719  
 20 80.9268  12282.253455  x:  0.00509   0.10728   0.03257   0.01623   0.01483   0.00113   0.00751   0.00060   0.00436   0.01400   0.00880   0.02069   0.02238   0.12431   0.20368   0.44531   0.06480   0.07858   0.03454   0.00744   0.03284   0.10918   0.02948   0.02736   0.14800   0.14775   0.00611   0.11346   0.21874   2.90259   0.68696   0.11809  
 21 39.8862  12282.204953  x:  0.00509   0.10719   0.03274   0.01633   0.01488   0.00112   0.00745   0.00059   0.00433   0.01368   0.00880   0.02044   0.02142   0.12482   0.20467   0.44300   0.06500   0.07911   0.03478   0.00744   0.03277   0.10860   0.02968   0.02694   0.14867   0.14834   0.00583   0.11284   0.21854   2.90541   0.68982   0.11865  
 22 51.4554  12282.160505  x:  0.00500   0.10692   0.03249   0.01620   0.01482   0.00112   0.00746   0.00060   0.00434   0.01392   0.00876   0.02057   0.02220   0.12498   0.20579   0.44064   0.06485   0.07935   0.03520   0.00741   0.03186   0.10797   0.02997   0.02677   0.14911   0.14877   0.00596   0.11227   0.21870   2.90862   0.69260   0.11889  
 23 86.7393  12282.132747  x:  0.00502   0.10659   0.03203   0.01615   0.01481   0.00111   0.00741   0.00059   0.00430   0.01376   0.00872   0.02056   0.02203   0.12439   0.20645   0.43922   0.06417   0.07874   0.03518   0.00733   0.03164   0.10799   0.02917   0.02735   0.14882   0.14854   0.00587   0.11229   0.21942   2.91165   0.69396   0.11897  
 24 35.9612  12282.093338  x:  0.00506   0.10622   0.03258   0.01615   0.01480   0.00111   0.00742   0.00059   0.00431   0.01379   0.00872   0.02054   0.02206   0.12323   0.20711   0.43762   0.06353   0.07776   0.03483   0.00734   0.03216   0.10850   0.02971   0.02680   0.14792   0.14775   0.00581   0.11276   0.22092   2.91720   0.69531   0.11918  
 25 48.9839  12282.024005  x:  0.00499   0.10634   0.03243   0.01619   0.01480   0.00111   0.00742   0.00059   0.00431   0.01382   0.00874   0.02054   0.02204   0.12223   0.20689   0.43649   0.06578   0.07876   0.03505   0.00739   0.03191   0.10914   0.02963   0.02706   0.14636   0.14640   0.00571   0.11345   0.22313   2.92984   0.69571   0.12008  
 26 41.9627  12281.420548  x:  0.00522   0.10959   0.03225   0.01610   0.01482   0.00110   0.00732   0.00059   0.00424   0.01363   0.00865   0.02061   0.02219   0.12800   0.19942   0.43731   0.06351   0.07924   0.03458   0.00716   0.03224   0.10674   0.02954   0.02689   0.14598   0.14646   0.00553   0.11163   0.22972   3.05365   0.68879   0.11827  
 27 79.1743  12280.797844  x:  0.00524   0.10488   0.03291   0.01610   0.01486   0.00109   0.00728   0.00058   0.00421   0.01361   0.00862   0.02063   0.02228   0.12362   0.20255   0.44158   0.06486   0.07866   0.03499   0.00703   0.03179   0.10951   0.02957   0.02695   0.15065   0.15018   0.00548   0.11361   0.22298   3.18241   0.67902   0.11656  
 28 275.5272  12280.713263  x:  0.00508   0.10726   0.03279   0.01611   0.01485   0.00109   0.00728   0.00058   0.00422   0.01362   0.00863   0.02062   0.02228   0.12355   0.20620   0.44256   0.06443   0.07904   0.03478   0.00706   0.03200   0.10850   0.02960   0.02696   0.14872   0.14832   0.00560   0.11306   0.22005   3.19984   0.67734   0.11610  
 29 78.7327  12280.711257  x:  0.00509   0.10677   0.03280   0.01612   0.01485   0.00109   0.00728   0.00058   0.00422   0.01362   0.00863   0.02062   0.02227   0.12406   0.20640   0.44261   0.06448   0.07895   0.03481   0.00706   0.03201   0.10861   0.02960   0.02696   0.14839   0.14815   0.00560   0.11300   0.21995   3.20016   0.67729   0.11608  
 30  4.1544  12280.648553  x:  0.00524   0.10659   0.03306   0.01602   0.01490   0.00107   0.00715   0.00058   0.00412   0.01344   0.00852   0.02069   0.02245   0.12426   0.20675   0.44317   0.06345   0.08063   0.03476   0.00677   0.03212   0.10799   0.02957   0.02689   0.14648   0.15034   0.00534   0.11534   0.22010   3.19848   0.67711   0.11625  
 31  0.1697  12280.354115  x:  0.00588   0.10821   0.03423   0.01557   0.01510   0.00098   0.00655   0.00055   0.00370   0.01258   0.00801   0.02100   0.02332   0.12472   0.20862   0.44596   0.06540   0.07886   0.03432   0.00549   0.03174   0.10986   0.02934   0.02664   0.14746   0.15078   0.00492   0.11297   0.22186   3.19044   0.67585   0.11699  
 32 11.4049  12280.328418  x:  0.00594   0.10779   0.03435   0.01553   0.01511   0.00097   0.00650   0.00054   0.00367   0.01251   0.00797   0.02102   0.02338   0.12502   0.20878   0.44623   0.06503   0.07945   0.03437   0.00543   0.03170   0.10923   0.02932   0.02663   0.14902   0.14882   0.00478   0.11410   0.22204   3.18973   0.67577   0.11701  
 33 15.8256  12280.321971  x:  0.00593   0.10779   0.03435   0.01553   0.01512   0.00097   0.00651   0.00055   0.00367   0.01250   0.00797   0.02101   0.02339   0.12495   0.20872   0.44622   0.06443   0.08025   0.03435   0.00542   0.03163   0.11011   0.02933   0.02663   0.14905   0.14864   0.00481   0.11369   0.22200   3.18979   0.67584   0.11704  
 34  0.2853  12279.288290  x:  0.00436   0.10511   0.03662   0.01519   0.01547   0.00114   0.00739   0.00075   0.00349   0.01154   0.00760   0.01884   0.02368   0.12217   0.20487   0.44615   0.06301   0.08012   0.03130   0.00423   0.02936   0.10594   0.03024   0.02830   0.14685   0.14719   0.00489   0.11056   0.21947   3.20163   0.68293   0.12249  
 35  0.7092  12278.681757  x:  0.00322   0.10684   0.03625   0.01500   0.01531   0.00133   0.00844   0.00106   0.00291   0.01229   0.00749   0.01999   0.02384   0.12415   0.20675   0.44356   0.06430   0.07966   0.03452   0.00403   0.03194   0.10789   0.03191   0.02921   0.14841   0.14808   0.00358   0.11247   0.22131   3.19569   0.67702   0.12072  
 36  0.0045  12278.333507  x:  0.00422   0.10650   0.03549   0.01546   0.01537   0.00145   0.00890   0.00131   0.00216   0.01128   0.00776   0.02012   0.02371   0.12373   0.20668   0.44463   0.06421   0.07952   0.03359   0.00398   0.03117   0.10756   0.03173   0.02889   0.14825   0.14799   0.00522   0.11224   0.22033   3.19193   0.67779   0.11965  
 37  0.0030  12278.230029  x:  0.00446   0.10603   0.03562   0.01518   0.01532   0.00149   0.00907   0.00143   0.00193   0.01188   0.00775   0.01979   0.02358   0.12309   0.20612   0.44552   0.06382   0.07969   0.03268   0.00462   0.03038   0.10701   0.03097   0.02848   0.14773   0.14769   0.00451   0.11170   0.22002   3.19476   0.67975   0.12033  
 38  0.0038  12278.188588  x:  0.00409   0.10646   0.03621   0.01513   0.01532   0.00147   0.00902   0.00150   0.00205   0.01218   0.00770   0.01947   0.02362   0.12366   0.20657   0.44545   0.06398   0.07989   0.03317   0.00440   0.03085   0.10739   0.03026   0.02811   0.14792   0.14799   0.00454   0.11210   0.22125   3.19882   0.67896   0.12093  
 39  0.0016  12278.107207  x:  0.00407   0.10673   0.03617   0.01564   0.01538   0.00143   0.00889   0.00182   0.00209   0.01146   0.00791   0.01989   0.02377   0.12393   0.20739   0.44675   0.06426   0.07957   0.03306   0.00453   0.03053   0.10775   0.03017   0.02771   0.14837   0.14812   0.00425   0.11250   0.22125   3.19812   0.67855   0.12024  
 40  0.0006  12278.039513  x:  0.00430   0.10635   0.03565   0.01532   0.01534   0.00137   0.00864   0.00208   0.00214   0.01207   0.00776   0.01985   0.02368   0.12346   0.20693   0.44715   0.06401   0.07959   0.03285   0.00416   0.03047   0.10733   0.03071   0.02809   0.14811   0.14795   0.00472   0.11205   0.22056   3.19566   0.67931   0.12000  
 41  0.0017  12278.022409  x:  0.00430   0.10627   0.03582   0.01530   0.01534   0.00133   0.00851   0.00217   0.00222   0.01196   0.00780   0.01964   0.02361   0.12340   0.20645   0.44581   0.06392   0.07977   0.03291   0.00449   0.03063   0.10720   0.03076   0.02839   0.14790   0.14786   0.00450   0.11191   0.22066   3.19600   0.67925   0.12044  
 42  0.0013  12278.017876  x:  0.00425   0.10629   0.03591   0.01520   0.01532   0.00130   0.00841   0.00221   0.00215   0.01186   0.00773   0.01972   0.02362   0.12342   0.20638   0.44529   0.06397   0.07973   0.03299   0.00441   0.03065   0.10725   0.03072   0.02835   0.14786   0.14787   0.00448   0.11197   0.22059   3.19647   0.67918   0.12054  
 43  0.0005  12278.010076  x:  0.00419   0.10627   0.03588   0.01515   0.01533   0.00121   0.00842   0.00221   0.00214   0.01190   0.00771   0.01988   0.02368   0.12342   0.20647   0.44531   0.06398   0.07961   0.03304   0.00460   0.03054   0.10727   0.03076   0.02820   0.14803   0.14776   0.00471   0.11199   0.22034   3.19613   0.67897   0.12042  
 44  0.0002  12277.997687  x:  0.00428   0.10628   0.03579   0.01518   0.01535   0.00109   0.00856   0.00214   0.00214   0.01190   0.00765   0.01962   0.02367   0.12340   0.20653   0.44604   0.06391   0.07971   0.03294   0.00455   0.03066   0.10724   0.03074   0.02827   0.14790   0.14791   0.00456   0.11194   0.22064   3.19592   0.67936   0.12043  
 45  0.0004  12277.995342  x:  0.00422   0.10629   0.03586   0.01527   0.01532   0.00108   0.00867   0.00215   0.00215   0.01191   0.00771   0.01973   0.02361   0.12343   0.20645   0.44561   0.06395   0.07974   0.03295   0.00446   0.03060   0.10724   0.03073   0.02836   0.14791   0.14787   0.00453   0.11196   0.22064   3.19648   0.67922   0.12047  
 46  0.0005  12277.995092  x:  0.00425   0.10627   0.03585   0.01526   0.01533   0.00108   0.00868   0.00217   0.00215   0.01191   0.00773   0.01972   0.02362   0.12340   0.20641   0.44551   0.06395   0.07971   0.03297   0.00446   0.03063   0.10723   0.03073   0.02832   0.14790   0.14784   0.00454   0.11195   0.22053   3.19629   0.67921   0.12046  
 47  0.0002  12277.995076  x:  0.00425   0.10627   0.03585   0.01524   0.01533   0.00108   0.00869   0.00217   0.00215   0.01191   0.00774   0.01972   0.02363   0.12340   0.20642   0.44553   0.06394   0.07972   0.03296   0.00446   0.03062   0.10723   0.03073   0.02832   0.14790   0.14785   0.00454   0.11194   0.22055   3.19622   0.67922   0.12047  
 48  0.0001  12277.995072  x:  0.00425   0.10627   0.03585   0.01524   0.01533   0.00108   0.00869   0.00217   0.00215   0.01191   0.00774   0.01972   0.02362   0.12340   0.20642   0.44555   0.06395   0.07972   0.03297   0.00446   0.03062   0.10723   0.03073   0.02832   0.14790   0.14785   0.00454   0.11195   0.22056   3.19625   0.67922   0.12046  
 49  0.0000  12277.995072  x:  0.00425   0.10627   0.03585   0.01524   0.01533   0.00108   0.00868   0.00217   0.00215   0.01191   0.00774   0.01972   0.02362   0.12340   0.20642   0.44554   0.06395   0.07972   0.03297   0.00446   0.03062   0.10723   0.03073   0.02832   0.14790   0.14785   0.00454   0.11195   0.22056   3.19626   0.67922   0.12046  
 50  0.0000  12277.995072  x:  0.00425   0.10627   0.03585   0.01524   0.01533   0.00108   0.00868   0.00217   0.00215   0.01191   0.00774   0.01972   0.02362   0.12340   0.20642   0.44554   0.06395   0.07972   0.03297   0.00446   0.03062   0.10723   0.03073   0.02832   0.14790   0.14785   0.00454   0.11195   0.22056   3.19626   0.67922   0.12046  
 51  0.0000  12277.995072  x:  0.00425   0.10627   0.03585   0.01524   0.01533   0.00108   0.00868   0.00217   0.00215   0.01191   0.00774   0.01972   0.02362   0.12340   0.20642   0.44554   0.06395   0.07972   0.03297   0.00446   0.03062   0.10723   0.03073   0.02832   0.14790   0.14785   0.00454   0.11195   0.22055   3.19626   0.67922   0.12046  
 52  0.0000  12277.995072  x:  0.00425   0.10627   0.03585   0.01524   0.01533   0.00108   0.00868   0.00217   0.00215   0.01191   0.00774   0.01972   0.02362   0.12340   0.20642   0.44554   0.06395   0.07972   0.03297   0.00446   0.03062   0.10723   0.03073   0.02832   0.14790   0.14785   0.00454   0.11195   0.22055   3.19625   0.67922   0.12046  
 53  0.0000  12277.995072  x:  0.00425   0.10627   0.03585   0.01524   0.01533   0.00108   0.00868   0.00217   0.00215   0.01191   0.00774   0.01972   0.02362   0.12340   0.20642   0.44554   0.06395   0.07972   0.03297   0.00446   0.03062   0.10723   0.03073   0.02832   0.14790   0.14785   0.00454   0.11195   0.22055   3.19625   0.67922   0.12046  

Model 2: PositiveSelection

TREE # 1

  0  0.0000  12729.608550  x:  0.00000   0.08365   0.04327   0.05493   0.05139   0.02734   0.01412   0.02053   0.02180   0.05384   0.05393   0.05960   0.04444   0.08611   0.13593   0.19064   0.05823   0.08064   0.03137   0.05011   0.01722   0.05468   0.03882   0.03442   0.11254   0.11567   0.05268   0.08109   0.10356   3.19625   0.91827   0.57566   0.25513   2.18071  
  1 99.0000  12570.991780  x:  0.03087   0.08955   0.04179   0.03955   0.03595   0.00552   0.00565   0.00000   0.00109   0.03646   0.03497   0.04483   0.03444   0.09565   0.14838   0.21370   0.06214   0.08213   0.03782   0.03522   0.03230   0.07566   0.03526   0.03183   0.12090   0.12221   0.03804   0.08947   0.12638   3.19681   0.92111   0.57464   0.24653   2.18004  
  2 2999.5657  12566.088484  x:  0.03212   0.08978   0.04174   0.03892   0.03533   0.00464   0.00531   0.00002   0.00026   0.03576   0.03421   0.04424   0.03403   0.09603   0.14888   0.21463   0.06230   0.08219   0.03808   0.03462   0.03291   0.07650   0.03512   0.03172   0.12124   0.12248   0.03744   0.08981   0.12731   3.19684   0.92123   0.57459   0.24619   2.18002  
  3 43513.2012  12542.612451  x:  0.03775   0.09100   0.04141   0.03563   0.03204   0.00000   0.00411   0.00006   0.00238   0.03203   0.03012   0.04109   0.03195   0.09804   0.15149   0.21953   0.06311   0.08250   0.03930   0.03138   0.03581   0.08076   0.03439   0.03120   0.12300   0.12386   0.03428   0.09155   0.13207   3.19696   0.92185   0.57437   0.24432   2.17987  
  4 17046.4728  12489.224247  x:  0.06169   0.09649   0.03992   0.02044   0.01698   0.00573   0.00083   0.00024   0.01102   0.01483   0.01123   0.02657   0.02253   0.10720   0.16344   0.24207   0.06679   0.08388   0.04454   0.01633   0.04841   0.09988   0.03112   0.02884   0.13102   0.13019   0.01962   0.09949   0.15383   3.19753   0.92475   0.57332   0.23561   2.17918  
  5 17374.3984  12473.135715  x:  0.06893   0.09828   0.03943   0.01550   0.01218   0.00700   0.00584   0.00028   0.01314   0.00931   0.00508   0.02185   0.01960   0.11021   0.16739   0.24959   0.06798   0.08433   0.04610   0.01127   0.05227   0.10600   0.03012   0.02812   0.13365   0.13229   0.01474   0.10209   0.16097   3.19773   0.92574   0.57296   0.23262   2.17894  
  6 31283.8880  12448.205764  x:  0.06121   0.10067   0.03855   0.01238   0.01453   0.00692   0.00626   0.00028   0.01289   0.01214   0.01243   0.01770   0.02265   0.11554   0.17483   0.26643   0.06937   0.08487   0.04358   0.00000   0.04954   0.11135   0.03099   0.02908   0.13829   0.13670   0.00541   0.10619   0.17323   3.19837   0.92894   0.57180   0.22325   2.17818  
  7 1423.5093  12415.976011  x:  0.04559   0.10435   0.03729   0.01198   0.01707   0.00647   0.00611   0.00026   0.01190   0.01356   0.01167   0.01524   0.02668   0.12365   0.18647   0.29341   0.07132   0.08568   0.03940   0.00665   0.04479   0.11871   0.03254   0.03044   0.14548   0.14415   0.00000   0.11283   0.19223   3.19948   0.93444   0.56980   0.20722   2.17688  
  8 2840.8690  12363.214161  x:  0.00000   0.11521   0.03422   0.01216   0.02189   0.00514   0.00555   0.00019   0.00899   0.01536   0.00779   0.01170   0.03597   0.14702   0.22042   0.37247   0.07693   0.08814   0.02817   0.01045   0.03128   0.14000   0.03647   0.03396   0.16645   0.16555   0.01666   0.13257   0.24774   3.20279   0.95088   0.56380   0.15927   2.17298  
  9 12523.7017  12363.214161  x:  0.00000   0.11521   0.03422   0.01216   0.02189   0.00514   0.00555   0.00019   0.00899   0.01536   0.00779   0.01170   0.03597   0.14702   0.22042   0.37247   0.07693   0.08814   0.02817   0.01045   0.03128   0.14000   0.03647   0.03396   0.16645   0.16555   0.01666   0.13257   0.24774   3.20279   0.95088   0.56380   0.15927   2.17298  
 10 1442.1255  12359.320680  x:  0.00019   0.11523   0.03426   0.01227   0.02184   0.00492   0.00580   0.00360   0.00878   0.01532   0.00783   0.01196   0.03591   0.14701   0.22043   0.37254   0.07692   0.08815   0.02827   0.01036   0.03129   0.13997   0.03646   0.03395   0.16645   0.16555   0.01655   0.13255   0.24774   3.20280   0.95092   0.56379   0.15918   2.17297  
 11 9232.8403  12348.540585  x:  0.00370   0.11563   0.03517   0.01450   0.02089   0.00045   0.01014   0.00353   0.00442   0.01469   0.00862   0.01698   0.03462   0.14679   0.22082   0.37388   0.07674   0.08827   0.03038   0.00848   0.03148   0.13931   0.03619   0.03372   0.16650   0.16562   0.01434   0.13219   0.24770   3.20294   0.95164   0.56352   0.15737   2.17281  
 12 1510.9376  12345.803257  x:  0.00547   0.11589   0.03581   0.01580   0.02020   0.00247   0.01187   0.00350   0.00166   0.01428   0.00903   0.01971   0.03366   0.14663   0.22111   0.37491   0.07660   0.08837   0.03176   0.00716   0.03164   0.13881   0.03600   0.03355   0.16654   0.16567   0.01272   0.13192   0.24769   3.20306   0.95220   0.56331   0.15598   2.17268  
 13 2225.3832  12342.203326  x:  0.00701   0.11670   0.03803   0.01824   0.01784   0.00340   0.01015   0.00348   0.00584   0.01329   0.00913   0.02388   0.02999   0.14602   0.22218   0.37928   0.07608   0.08878   0.03585   0.00311   0.03242   0.13676   0.03537   0.03297   0.16672   0.16594   0.00677   0.13093   0.24766   3.20354   0.95461   0.56243   0.15015   2.17214  
 14 803.8169  12338.821608  x:  0.00522   0.11747   0.04014   0.01867   0.01618   0.00248   0.00582   0.00352   0.00340   0.01319   0.00847   0.02399   0.02628   0.14528   0.22352   0.38502   0.07546   0.08931   0.03937   0.00329   0.03363   0.13419   0.03487   0.03243   0.16701   0.16639   0.00218   0.12993   0.24775   3.20419   0.95784   0.56125   0.14258   2.17139  
 15 861.5728  12333.478662  x:  0.00000   0.11894   0.04400   0.01827   0.01464   0.00256   0.00945   0.00351   0.00360   0.01353   0.00805   0.02178   0.02029   0.14358   0.22649   0.39815   0.07408   0.09042   0.04574   0.00585   0.03608   0.12843   0.03408   0.03151   0.16764   0.16741   0.00139   0.12821   0.24813   3.20574   0.96542   0.55853   0.12555   2.16961  
 16 1020.5319  12333.478662  x:  0.00000   0.11894   0.04400   0.01827   0.01464   0.00256   0.00945   0.00351   0.00360   0.01353   0.00805   0.02178   0.02029   0.14358   0.22649   0.39815   0.07408   0.09042   0.04574   0.00585   0.03608   0.12843   0.03408   0.03151   0.16764   0.16741   0.00139   0.12821   0.24813   3.20574   0.96542   0.55853   0.12555   2.16961  
 17 1283.2822  12331.839494  x:  0.00077   0.11896   0.04385   0.01827   0.01528   0.00077   0.00964   0.00248   0.00250   0.01357   0.00841   0.02196   0.02129   0.14352   0.22663   0.39873   0.07405   0.09045   0.04564   0.00564   0.03598   0.12827   0.03418   0.03162   0.16766   0.16743   0.00316   0.12826   0.24818   3.20582   0.96580   0.55841   0.12501   2.16950  
 18 782.5414  12331.099843  x:  0.00181   0.11898   0.04359   0.01825   0.01619   0.00187   0.00989   0.00185   0.00177   0.01363   0.00885   0.02222   0.02278   0.14342   0.22686   0.39969   0.07401   0.09049   0.04543   0.00528   0.03582   0.12800   0.03434   0.03179   0.16769   0.16747   0.00497   0.12831   0.24826   3.20596   0.96645   0.55820   0.12413   2.16932  
 19 763.9070  12330.176554  x:  0.00350   0.11902   0.04304   0.01816   0.01777   0.00211   0.01025   0.00317   0.00326   0.01374   0.00943   0.02269   0.02553   0.14321   0.22735   0.40181   0.07392   0.09059   0.04491   0.00460   0.03551   0.12743   0.03466   0.03214   0.16777   0.16755   0.00719   0.12836   0.24839   3.20628   0.96789   0.55775   0.12221   2.16892  
 20 854.3200  12327.747517  x:  0.00513   0.11919   0.04044   0.01717   0.02003   0.00159   0.00972   0.00282   0.00246   0.01394   0.00777   0.02371   0.03261   0.14235   0.22979   0.41280   0.07363   0.09118   0.04149   0.00347   0.03440   0.12487   0.03594   0.03344   0.16828   0.16816   0.00259   0.12803   0.24890   3.20791   0.97536   0.55541   0.11291   2.16683  
 21 389.7169  12325.867688  x:  0.00388   0.11950   0.03863   0.01647   0.01852   0.00163   0.00972   0.00145   0.00369   0.01371   0.00935   0.02328   0.03381   0.14150   0.23230   0.42504   0.07337   0.09178   0.03845   0.00731   0.03412   0.12245   0.03646   0.03381   0.16890   0.16892   0.00260   0.12802   0.24961   3.20980   0.98391   0.55280   0.10378   2.16439  
 22 641.5451  12324.714468  x:  0.00291   0.11976   0.03763   0.01617   0.01721   0.00166   0.00978   0.00315   0.00231   0.01356   0.01005   0.02284   0.03370   0.14091   0.23408   0.43389   0.07319   0.09219   0.03656   0.00925   0.03398   0.12081   0.03666   0.03391   0.16934   0.16944   0.00319   0.12805   0.25014   3.21119   0.99016   0.55090   0.09758   2.16259  
 23 2432.3135  12322.149067  x:  0.00285   0.12081   0.03794   0.01744   0.01545   0.00190   0.01026   0.00265   0.00306   0.01365   0.00704   0.02178   0.02804   0.13983   0.23783   0.45397   0.07281   0.09289   0.03538   0.00489   0.03389   0.11796   0.03579   0.03305   0.17025   0.17033   0.00554   0.12826   0.25136   3.21455   1.00495   0.54659   0.08744   2.15819  
 24 783.9724  12321.018239  x:  0.00383   0.12150   0.03914   0.01816   0.01713   0.00179   0.00985   0.00259   0.00295   0.01372   0.01044   0.02208   0.02493   0.13943   0.23962   0.46505   0.07256   0.09304   0.03641   0.00297   0.03425   0.11713   0.03508   0.03239   0.17061   0.17068   0.00444   0.12827   0.25191   3.21660   1.01370   0.54418   0.08547   2.15547  
 25 681.8748  12318.782301  x:  0.00620   0.12310   0.04314   0.01921   0.02203   0.00174   0.00981   0.00288   0.00269   0.01390   0.00842   0.02394   0.02226   0.13908   0.24299   0.49030   0.07198   0.09291   0.04119   0.00718   0.03609   0.11701   0.03378   0.03120   0.17116   0.17126   0.00353   0.12845   0.25308   3.22182   1.03527   0.53855   0.08943   2.14850  
 26 659.8090  12313.298995  x:  0.00000   0.12555   0.04937   0.01767   0.01826   0.00178   0.01103   0.00277   0.00281   0.01361   0.00920   0.02425   0.02823   0.13950   0.24890   0.54436   0.07149   0.09256   0.04797   0.00498   0.03880   0.11946   0.03403   0.03195   0.17225   0.17211   0.00406   0.12943   0.25574   3.23411   1.08537   0.52579   0.10905   2.13212  
 27 965.4872  12312.227455  x:  0.00272   0.12557   0.04626   0.01794   0.01700   0.00183   0.00778   0.00282   0.00287   0.01456   0.00916   0.02256   0.02723   0.14042   0.24905   0.55332   0.07236   0.09290   0.04619   0.00513   0.03761   0.12153   0.03606   0.03339   0.17252   0.17235   0.00433   0.13011   0.25636   3.23739   1.09870   0.52233   0.11451   2.12789  
 28 400.2899  12311.132390  x:  0.00511   0.12528   0.04114   0.01849   0.01728   0.00178   0.01110   0.00284   0.00280   0.01471   0.00930   0.02132   0.02506   0.14195   0.24842   0.56171   0.07375   0.09342   0.04227   0.00528   0.03563   0.12460   0.03812   0.03466   0.17285   0.17262   0.00383   0.13103   0.25705   3.24154   1.11558   0.51790   0.12072   2.12263  
 29 762.0402  12310.166585  x:  0.00313   0.12474   0.03795   0.01888   0.01982   0.00184   0.00991   0.00282   0.00289   0.01275   0.00892   0.02380   0.02377   0.14398   0.24645   0.56525   0.07506   0.09376   0.03735   0.00485   0.03440   0.12775   0.03699   0.03330   0.17311   0.17283   0.00461   0.13199   0.25759   3.24578   1.13297   0.51319   0.12445   2.11741  
 30 401.6930  12308.202331  x:  0.00483   0.12430   0.03897   0.01916   0.01840   0.00180   0.01016   0.00281   0.00284   0.01806   0.00913   0.02535   0.02479   0.14900   0.23984   0.56469   0.07689   0.09359   0.03204   0.00499   0.03409   0.13401   0.03124   0.02865   0.17337   0.17308   0.00420   0.13353   0.25826   3.25641   1.17683   0.50096   0.12710   2.10462  
 31 422.2825  12303.375468  x:  0.00976   0.12405   0.04522   0.01779   0.01586   0.00170   0.01035   0.00279   0.00272   0.01008   0.00920   0.02251   0.02623   0.15862   0.22429   0.55668   0.07880   0.09194   0.03027   0.00515   0.03488   0.14469   0.02884   0.02906   0.17333   0.17320   0.00299   0.13566   0.25911   3.28162   1.28113   0.47169   0.12877   2.07441  
 32 1147.6087  12298.187920  x:  0.00451   0.12339   0.04898   0.01642   0.02028   0.00172   0.00993   0.00272   0.00276   0.01475   0.00875   0.02123   0.02491   0.16612   0.20746   0.54343   0.07847   0.08896   0.03371   0.00469   0.03532   0.15176   0.03645   0.03592   0.17244   0.17261   0.00368   0.13624   0.25928   3.31258   1.40922   0.43576   0.13024   2.03728  
 33 2249.0101  12292.230291  x:  0.00359   0.12158   0.03682   0.02405   0.01523   0.00163   0.00985   0.00265   0.00261   0.01388   0.00911   0.02802   0.02578   0.16069   0.20052   0.52261   0.07213   0.08487   0.04634   0.00467   0.03137   0.14199   0.03834   0.03090   0.16889   0.16961   0.00329   0.13079   0.25655   3.34860   1.55790   0.39454   0.13776   1.99370  
 34 1175.1048  12286.173342  x:  0.00273   0.11837   0.02854   0.01427   0.01802   0.00161   0.00918   0.00257   0.00258   0.01347   0.00837   0.02044   0.02468   0.14868   0.20154   0.50134   0.06578   0.08240   0.04947   0.00405   0.02989   0.12487   0.03233   0.02525   0.16416   0.16499   0.00378   0.12319   0.25160   3.38187   1.69490   0.35700   0.14925   1.95303  
 35 1927.4177  12281.161863  x:  0.00394   0.11347   0.03445   0.01895   0.01810   0.00155   0.00896   0.00253   0.00248   0.01320   0.00828   0.01931   0.02340   0.13165   0.20883   0.48065   0.06260   0.08240   0.03793   0.00441   0.03163   0.10497   0.02816   0.03107   0.15789   0.15822   0.00396   0.11489   0.24343   3.41174   1.81765   0.32393   0.16280   1.91578  
 36 1572.7722  12280.448685  x:  0.00532   0.11236   0.03643   0.01618   0.01687   0.00156   0.00915   0.00252   0.00249   0.01309   0.00825   0.02233   0.02240   0.12816   0.21133   0.47746   0.06328   0.08267   0.03584   0.00424   0.03229   0.10348   0.03122   0.02952   0.15622   0.15637   0.00406   0.11402   0.24064   3.41609   1.83555   0.31934   0.16445   1.90997  
 37 548.6978  12280.110635  x:  0.00484   0.11136   0.03710   0.01740   0.01739   0.00155   0.00906   0.00252   0.00247   0.01292   0.00823   0.02074   0.02290   0.12551   0.21440   0.47586   0.06491   0.08279   0.03561   0.00426   0.03262   0.10567   0.03311   0.02695   0.15433   0.15434   0.00405   0.11437   0.23675   3.41814   1.84398   0.31761   0.16445   1.90654  
 38 170.8831  12279.830158  x:  0.00461   0.11031   0.03637   0.01686   0.01720   0.00155   0.00905   0.00251   0.00248   0.01303   0.00822   0.02126   0.02278   0.12321   0.21837   0.47449   0.06633   0.08234   0.03679   0.00426   0.03223   0.10953   0.03144   0.02867   0.15201   0.15194   0.00416   0.11525   0.23111   3.41985   1.85103   0.31672   0.16380   1.90278  
 39 139.6804  12279.766446  x:  0.00461   0.11044   0.03661   0.01688   0.01719   0.00155   0.00904   0.00251   0.00248   0.01300   0.00821   0.02120   0.02269   0.12486   0.21947   0.47424   0.06442   0.08097   0.03635   0.00430   0.03145   0.10960   0.03159   0.02854   0.15186   0.15192   0.00423   0.11530   0.22783   3.42017   1.85239   0.31774   0.16379   1.90016  
 40 30.4907  12279.724456  x:  0.00465   0.11066   0.03604   0.01695   0.01717   0.00156   0.00904   0.00251   0.00248   0.01300   0.00821   0.02122   0.02269   0.12633   0.21958   0.47407   0.06476   0.08149   0.03638   0.00418   0.03290   0.10885   0.03161   0.02855   0.15220   0.15229   0.00428   0.11496   0.22521   3.42032   1.85312   0.31967   0.16374   1.89653  
 41 28.9641  12279.670211  x:  0.00452   0.11086   0.03634   0.01687   0.01718   0.00156   0.00903   0.00251   0.00248   0.01299   0.00821   0.02119   0.02270   0.12699   0.21899   0.47386   0.06604   0.08266   0.03674   0.00428   0.03147   0.10783   0.03153   0.02850   0.15258   0.15279   0.00434   0.11454   0.22305   3.42044   1.85384   0.32343   0.16356   1.88999  
 42 41.4497  12278.885329  x:  0.00490   0.10929   0.03564   0.01657   0.01689   0.00153   0.00892   0.00246   0.00244   0.01277   0.00808   0.02092   0.02264   0.11721   0.20723   0.47051   0.06380   0.08067   0.03560   0.00418   0.03128   0.10750   0.03109   0.02807   0.15500   0.15422   0.00439   0.11316   0.21433   3.42142   1.86206   0.38869   0.15872   1.77963  
 43 69.7823  12277.305011  x:  0.00483   0.10578   0.03424   0.01625   0.01655   0.00146   0.00872   0.00239   0.00236   0.01249   0.00793   0.02057   0.02262   0.12200   0.20697   0.45905   0.06361   0.07944   0.03523   0.00436   0.03089   0.10383   0.03068   0.02763   0.14454   0.14382   0.00418   0.11136   0.21926   3.42290   1.87956   0.52599   0.14797   1.54743  
 44 382.8213  12276.984295  x:  0.00456   0.10843   0.03439   0.01623   0.01662   0.00146   0.00872   0.00239   0.00236   0.01252   0.00794   0.02067   0.02286   0.12207   0.21396   0.45444   0.06314   0.08068   0.03530   0.00431   0.03074   0.10607   0.03082   0.02777   0.14889   0.14949   0.00406   0.11222   0.22252   3.42268   1.88391   0.55465   0.14595   1.49904  
 45 197.9776  12276.979839  x:  0.00457   0.10771   0.03442   0.01623   0.01662   0.00146   0.00872   0.00239   0.00236   0.01252   0.00794   0.02067   0.02286   0.12219   0.21414   0.45438   0.06353   0.08014   0.03538   0.00432   0.03073   0.10589   0.03082   0.02778   0.14951   0.14946   0.00405   0.11246   0.22259   3.42215   1.88422   0.55529   0.14593   1.49856  
 46  7.0703  12276.944427  x:  0.00456   0.10736   0.03447   0.01622   0.01661   0.00145   0.00872   0.00239   0.00235   0.01252   0.00794   0.02066   0.02287   0.12234   0.21424   0.45410   0.06271   0.08125   0.03543   0.00436   0.03059   0.10647   0.03082   0.02779   0.15153   0.14750   0.00409   0.11141   0.22263   3.40570   1.89219   0.56599   0.14573   1.49918  
 47  4.1255  12276.649169  x:  0.00453   0.10934   0.03446   0.01608   0.01656   0.00142   0.00871   0.00237   0.00233   0.01248   0.00794   0.02059   0.02307   0.12208   0.21362   0.45182   0.06361   0.08005   0.03510   0.00438   0.03066   0.10563   0.03082   0.02784   0.15047   0.14770   0.00399   0.11399   0.22230   3.26883   1.95858   0.65476   0.14480   1.50559  
 48 108.3623  12276.618048  x:  0.00456   0.10774   0.03455   0.01607   0.01654   0.00142   0.00871   0.00237   0.00233   0.01247   0.00793   0.02057   0.02305   0.12225   0.21367   0.45167   0.06348   0.08010   0.03517   0.00435   0.03066   0.10619   0.03081   0.02784   0.14946   0.14919   0.00407   0.11219   0.22237   3.25427   1.96577   0.66453   0.14460   1.50643  
 49 105.2364  12276.616014  x:  0.00457   0.10735   0.03458   0.01607   0.01654   0.00142   0.00871   0.00237   0.00233   0.01247   0.00793   0.02057   0.02305   0.12226   0.21366   0.45166   0.06319   0.08052   0.03522   0.00435   0.03067   0.10615   0.03082   0.02784   0.14938   0.14931   0.00405   0.11263   0.22236   3.25416   1.96637   0.66585   0.14458   1.50697  
 50  2.9034  12276.159820  x:  0.00414   0.10874   0.03544   0.01584   0.01620   0.00132   0.00875   0.00232   0.00225   0.01237   0.00794   0.02038   0.02352   0.12397   0.21443   0.44861   0.06404   0.08090   0.03452   0.00421   0.03106   0.10717   0.03113   0.02837   0.15099   0.15083   0.00404   0.11369   0.22477   3.29419   2.11128   1.02183   0.13449   1.66617  
 51  8.8081  12275.741225  x:  0.00382   0.10867   0.03728   0.01508   0.01528   0.00103   0.00878   0.00219   0.00208   0.01193   0.00786   0.01954   0.02408   0.12631   0.20958   0.45005   0.06529   0.08080   0.03256   0.00392   0.03157   0.10978   0.03125   0.02908   0.15061   0.15085   0.00439   0.11441   0.22465   3.31291   2.21073   1.09049   0.13504   1.72744  
 52  0.1694  12274.938904  x:  0.00346   0.10941   0.03706   0.01620   0.01485   0.00087   0.00898   0.00202   0.00229   0.01176   0.00766   0.02059   0.02474   0.12804   0.20984   0.45343   0.06566   0.08115   0.03342   0.00392   0.03158   0.11034   0.03144   0.02922   0.15168   0.15221   0.00470   0.11537   0.22647   3.32586   2.76372   1.91169   0.13024   2.13649  
 53  0.4279  12274.342393  x:  0.00340   0.10911   0.03622   0.01638   0.01535   0.00110   0.00901   0.00206   0.00235   0.01196   0.00779   0.02083   0.02458   0.12686   0.21135   0.45120   0.06502   0.08089   0.03520   0.00412   0.03158   0.10884   0.03128   0.02882   0.15121   0.15178   0.00458   0.11459   0.22579   3.35162   3.29743   2.53028   0.13032   2.56729  
 54  0.8670  12274.044395  x:  0.00365   0.10843   0.03570   0.01623   0.01564   0.00116   0.00894   0.00212   0.00231   0.01210   0.00785   0.02068   0.02417   0.12542   0.21111   0.44972   0.06446   0.08048   0.03542   0.00415   0.03137   0.10795   0.03111   0.02852   0.15033   0.15071   0.00438   0.11373   0.22432   3.34223   3.32254   2.46328   0.13202   2.58682  
 55  0.1674  12273.849892  x:  0.00399   0.10818   0.03627   0.01526   0.01570   0.00110   0.00876   0.00222   0.00207   0.01223   0.00790   0.01963   0.02351   0.12484   0.20999   0.45161   0.06437   0.08030   0.03386   0.00363   0.03139   0.10876   0.03106   0.02855   0.15006   0.15005   0.00391   0.11382   0.22359   3.30724   3.53586   2.70636   0.12867   2.75653  
 56  0.3270  12273.773378  x:  0.00368   0.10837   0.03642   0.01579   0.01554   0.00108   0.00877   0.00223   0.00226   0.01202   0.00786   0.02023   0.02384   0.12567   0.20917   0.45168   0.06465   0.08038   0.03379   0.00358   0.03140   0.10930   0.03133   0.02877   0.15033   0.15053   0.00415   0.11425   0.22431   3.30541   3.70026   2.89200   0.12626   2.94342  
 57  0.1969  12273.709516  x:  0.00407   0.10851   0.03641   0.01549   0.01531   0.00107   0.00894   0.00222   0.00211   0.01211   0.00780   0.01990   0.02406   0.12571   0.21064   0.44961   0.06457   0.08045   0.03434   0.00381   0.03153   0.10836   0.03100   0.02857   0.15050   0.15099   0.00417   0.11414   0.22458   3.31614   3.74924   2.94120   0.12637   3.11514  
 58  0.0679  12273.649475  x:  0.00353   0.10865   0.03639   0.01561   0.01573   0.00115   0.00881   0.00217   0.00216   0.01214   0.00789   0.01997   0.02376   0.12579   0.21076   0.45181   0.06461   0.08048   0.03424   0.00354   0.03156   0.10888   0.03124   0.02873   0.15071   0.15105   0.00405   0.11439   0.22478   3.31422   3.71999   2.91366   0.12684   3.25693  
 59  0.0787  12273.640246  x:  0.00387   0.10874   0.03642   0.01570   0.01567   0.00111   0.00884   0.00219   0.00219   0.01214   0.00790   0.02010   0.02388   0.12599   0.21045   0.45256   0.06471   0.08054   0.03416   0.00355   0.03155   0.10939   0.03127   0.02875   0.15082   0.15109   0.00401   0.11460   0.22497   3.31331   3.71843   2.92163   0.12624   3.29241  
 60  0.0412  12273.639529  x:  0.00378   0.10878   0.03648   0.01569   0.01560   0.00110   0.00884   0.00220   0.00219   0.01214   0.00789   0.02010   0.02389   0.12597   0.21057   0.45247   0.06471   0.08056   0.03427   0.00355   0.03158   0.10936   0.03128   0.02875   0.15086   0.15114   0.00404   0.11463   0.22504   3.31421   3.71664   2.92138   0.12609   3.29816  
 61  0.0072  12273.639503  x:  0.00378   0.10879   0.03648   0.01569   0.01561   0.00110   0.00885   0.00221   0.00219   0.01213   0.00789   0.02010   0.02389   0.12599   0.21059   0.45246   0.06472   0.08058   0.03424   0.00355   0.03158   0.10935   0.03129   0.02876   0.15088   0.15116   0.00404   0.11463   0.22506   3.31460   3.71527   2.91980   0.12610   3.29790  
 62  0.0027  12273.639503  x:  0.00378   0.10879   0.03648   0.01569   0.01561   0.00110   0.00885   0.00221   0.00219   0.01213   0.00788   0.02010   0.02389   0.12599   0.21059   0.45246   0.06472   0.08058   0.03424   0.00355   0.03158   0.10935   0.03128   0.02876   0.15088   0.15116   0.00404   0.11463   0.22506   3.31463   3.71524   2.91978   0.12610   3.29784  

Model 7: beta

TREE # 1

  0  0.0000  12399.324228  x:  0.00000   0.09919   0.03431   0.01965   0.01990   0.02153   0.01139   0.00911   0.01162   0.02395   0.01045   0.01692   0.02193   0.10412   0.15227   0.27839   0.05022   0.07884   0.05452   0.00811   0.03472   0.08157   0.04076   0.02414   0.11058   0.11431   0.02319   0.10562   0.16184   3.31463   0.74676   1.92879  
  1 99.0000  12367.551741  x:  0.00607   0.09898   0.03418   0.01688   0.01705   0.01128   0.00817   0.00058   0.00255   0.01820   0.00712   0.01771   0.02203   0.10512   0.15481   0.28193   0.05181   0.07872   0.05189   0.00478   0.03368   0.08358   0.03795   0.02475   0.11289   0.11618   0.01759   0.10517   0.16407   3.31443   0.74724   1.92839  
  2 1934.4927  12362.468279  x:  0.00709   0.09890   0.03413   0.01616   0.01633   0.00828   0.00752   0.00159   0.00055   0.01665   0.00648   0.01790   0.02207   0.10541   0.15553   0.28296   0.05224   0.07868   0.05109   0.00400   0.03340   0.08416   0.03716   0.02491   0.11354   0.11671   0.01602   0.10505   0.16471   3.31437   0.74738   1.92827  
  3 4651.8992  12351.858602  x:  0.00900   0.09870   0.03400   0.01447   0.01465   0.00071   0.00631   0.00265   0.00178   0.01293   0.00532   0.01832   0.02216   0.10612   0.15731   0.28556   0.05332   0.07856   0.04905   0.00233   0.03270   0.08558   0.03523   0.02528   0.11518   0.11806   0.01215   0.10474   0.16634   3.31421   0.74773   1.92797  
  4 5534.0683  12344.504570  x:  0.00684   0.09807   0.03352   0.01231   0.01277   0.00033   0.00956   0.00225   0.00148   0.00742   0.00964   0.01874   0.02241   0.10788   0.16164   0.29234   0.05566   0.07814   0.04359   0.00428   0.03138   0.08896   0.03104   0.02587   0.11918   0.12149   0.00419   0.10409   0.17054   3.31380   0.74859   1.92719  
  5 1136.5900  12343.530820  x:  0.00685   0.09793   0.03344   0.01182   0.01233   0.00129   0.00942   0.00241   0.00167   0.00662   0.00951   0.01886   0.02247   0.10832   0.16276   0.29410   0.05626   0.07803   0.04226   0.00416   0.03102   0.08982   0.03003   0.02604   0.12020   0.12236   0.00252   0.10395   0.17163   3.31369   0.74882   1.92698  
  6 2855.2459  12338.286426  x:  0.00439   0.09723   0.03315   0.01169   0.01243   0.00114   0.00878   0.00219   0.00155   0.01051   0.00817   0.01907   0.02274   0.11042   0.16819   0.30305   0.05884   0.07743   0.03598   0.00549   0.02959   0.09377   0.02609   0.02667   0.12511   0.12656   0.00000   0.10356   0.17718   3.31313   0.74996   1.92591  
  7 1556.2656  12333.002159  x:  0.00174   0.09624   0.03273   0.01105   0.01206   0.00126   0.00824   0.00202   0.00149   0.01254   0.00701   0.01943   0.02311   0.11354   0.17627   0.31633   0.06269   0.07654   0.02688   0.00689   0.02745   0.09963   0.02038   0.02765   0.13238   0.13278   0.00240   0.10300   0.18540   3.31230   0.75167   1.92431  
  8 6362.3735  12327.692407  x:  0.00791   0.09601   0.03322   0.01718   0.01709   0.00147   0.00997   0.00281   0.00197   0.01414   0.00975   0.01855   0.02299   0.11699   0.18633   0.33472   0.06569   0.07523   0.02278   0.00689   0.02637   0.10562   0.02421   0.02853   0.14051   0.13981   0.00283   0.10301   0.19595   3.31106   0.75418   1.92190  
  9 1075.4714  12322.327244  x:  0.00158   0.09700   0.03432   0.01752   0.01725   0.00136   0.00929   0.00219   0.00161   0.01233   0.00762   0.01719   0.02195   0.12010   0.19638   0.35793   0.06592   0.07385   0.02939   0.00536   0.02825   0.10949   0.03503   0.02758   0.14730   0.14587   0.00263   0.10431   0.20751   3.30925   0.75788   1.91834  
 10 766.3077  12320.445647  x:  0.00335   0.09824   0.03478   0.01421   0.01442   0.00151   0.00929   0.00252   0.00183   0.01467   0.00939   0.01863   0.02213   0.12074   0.19989   0.36966   0.06432   0.07374   0.03518   0.00671   0.02974   0.10904   0.03500   0.02586   0.14842   0.14704   0.00295   0.10565   0.21198   3.30811   0.76026   1.91605  
 11 549.4818  12318.706297  x:  0.00258   0.10023   0.03496   0.01623   0.01702   0.00148   0.01092   0.00243   0.00176   0.01394   0.00856   0.01983   0.02392   0.11994   0.20145   0.38477   0.06028   0.07486   0.03972   0.00496   0.03075   0.10468   0.02921   0.02496   0.14601   0.14528   0.00277   0.10806   0.21526   3.30618   0.76437   1.91205  
 12 352.8094  12317.684288  x:  0.00246   0.10135   0.03471   0.01715   0.01713   0.00145   0.00808   0.00244   0.00178   0.01312   0.00952   0.01790   0.02328   0.11873   0.20101   0.39546   0.05784   0.07635   0.03898   0.00676   0.03070   0.10062   0.02822   0.02708   0.14277   0.14274   0.00264   0.10961   0.21615   3.30445   0.76800   1.90843  
 13 362.8491  12316.742006  x:  0.00311   0.10219   0.03437   0.01619   0.01566   0.00147   0.01039   0.00250   0.00180   0.01359   0.00838   0.01707   0.02199   0.11720   0.19951   0.40690   0.05626   0.07824   0.03562   0.00657   0.03010   0.09641   0.02974   0.02909   0.13864   0.13939   0.00267   0.11085   0.21605   3.30225   0.77248   1.90383  
 14 478.6952  12316.307567  x:  0.00281   0.10230   0.03439   0.01552   0.01591   0.00147   0.00968   0.00244   0.00176   0.01384   0.00944   0.01927   0.02247   0.11644   0.19789   0.41254   0.05662   0.07910   0.03327   0.00548   0.03004   0.09527   0.03124   0.02788   0.13651   0.13760   0.00268   0.11091   0.21508   3.30079   0.77529   1.90076  
 15 289.9202  12316.024703  x:  0.00313   0.10215   0.03463   0.01557   0.01615   0.00145   0.00970   0.00249   0.00180   0.01336   0.00852   0.01933   0.02329   0.11606   0.19588   0.41639   0.05796   0.07932   0.03244   0.00702   0.03060   0.09594   0.03179   0.02564   0.13527   0.13656   0.00266   0.11032   0.21337   3.29926   0.77801   1.89757  
 16 191.6445  12315.663043  x:  0.00308   0.10170   0.03500   0.01578   0.01572   0.00146   0.00973   0.00246   0.00178   0.01382   0.00924   0.01731   0.02329   0.11587   0.19238   0.42112   0.06033   0.07880   0.03292   0.00579   0.03117   0.09850   0.03123   0.02488   0.13437   0.13573   0.00274   0.10887   0.20995   3.29650   0.78261   1.89184  
 17 194.6902  12315.321276  x:  0.00306   0.10119   0.03499   0.01590   0.01626   0.00147   0.00983   0.00248   0.00180   0.01381   0.00899   0.01880   0.02243   0.11597   0.18875   0.42516   0.06189   0.07754   0.03430   0.00628   0.03112   0.10137   0.03083   0.02732   0.13426   0.13564   0.00280   0.10738   0.20604   3.29309   0.78795   1.88480  
 18 247.4251  12314.959067  x:  0.00309   0.10090   0.03404   0.01614   0.01565   0.00147   0.00982   0.00248   0.00180   0.01390   0.00900   0.01867   0.02416   0.11698   0.18659   0.42631   0.05885   0.07518   0.03428   0.00638   0.02845   0.10157   0.03138   0.02714   0.13670   0.13780   0.00283   0.10753   0.20235   3.28731   0.79569   1.87304  
 19 104.0465  12314.611763  x:  0.00322   0.10099   0.03423   0.01501   0.01714   0.00147   0.00980   0.00249   0.00180   0.01384   0.00903   0.01831   0.02193   0.11793   0.18600   0.42571   0.05700   0.07480   0.03366   0.00626   0.02934   0.10056   0.03126   0.02602   0.13927   0.13996   0.00282   0.10841   0.20009   3.28068   0.80376   1.85968  
 20 221.7333  12314.031103  x:  0.00304   0.10154   0.03544   0.01717   0.01511   0.00148   0.00988   0.00250   0.00181   0.01390   0.00910   0.01922   0.02189   0.11905   0.18695   0.42286   0.05735   0.07711   0.03318   0.00612   0.03288   0.09825   0.03125   0.02636   0.14256   0.14263   0.00281   0.11015   0.19854   3.26820   0.81780   1.83470  
 21 352.9754  12313.402220  x:  0.00304   0.10224   0.03574   0.01524   0.01688   0.00150   0.01004   0.00253   0.00183   0.01412   0.00920   0.01838   0.02481   0.11945   0.18962   0.41861   0.06022   0.08059   0.03424   0.00625   0.03272   0.09662   0.03166   0.02802   0.14369   0.14356   0.00283   0.11138   0.19958   3.25372   0.83256   1.80598  
 22 455.4672  12312.740448  x:  0.00273   0.10282   0.03444   0.01644   0.01641   0.00151   0.00999   0.00253   0.00184   0.01413   0.00923   0.01889   0.02249   0.11878   0.19342   0.41349   0.06237   0.08205   0.03594   0.00655   0.02868   0.09741   0.03144   0.02662   0.14184   0.14204   0.00283   0.11133   0.20367   3.23788   0.84643   1.77490  
 23 425.9039  12312.156245  x:  0.00279   0.10250   0.03477   0.01616   0.01644   0.00151   0.01004   0.00254   0.00184   0.01416   0.00925   0.01884   0.02323   0.11760   0.19669   0.40865   0.05957   0.07820   0.03496   0.00651   0.03111   0.10148   0.03161   0.02711   0.13779   0.13855   0.00282   0.10977   0.20990   3.22236   0.85579   1.74518  
 24 280.4971  12311.588023  x:  0.00283   0.09990   0.04104   0.01612   0.01633   0.00151   0.01003   0.00254   0.00184   0.01404   0.00924   0.01894   0.02304   0.11893   0.19186   0.40808   0.06059   0.07572   0.03510   0.00668   0.02944   0.09894   0.03135   0.02721   0.13732   0.13968   0.00276   0.10902   0.21510   3.20028   0.84314   1.70734  
 25 65.1118  12309.253398  x:  0.00346   0.09340   0.03301   0.01621   0.01640   0.00150   0.00998   0.00254   0.00184   0.01388   0.00920   0.01882   0.02320   0.12172   0.17552   0.40810   0.06407   0.07285   0.03576   0.00629   0.03209   0.09307   0.03114   0.02721   0.13843   0.14404   0.00265   0.10843   0.22907   3.11210   0.78462   1.55736  
 26 607.4445  12299.735539  x:  0.00340   0.11141   0.03524   0.01567   0.01629   0.00149   0.00992   0.00253   0.00184   0.01363   0.00907   0.01897   0.02369   0.12040   0.15725   0.41330   0.05568   0.08845   0.03374   0.00604   0.02988   0.10656   0.03157   0.02738   0.14478   0.14595   0.00247   0.11576   0.23339   2.77203   0.54167   0.97855  
 27 1142.1123  12295.522318  x:  0.00327   0.10563   0.03501   0.01578   0.01625   0.00147   0.00981   0.00252   0.00183   0.01363   0.00896   0.01894   0.02357   0.12084   0.16999   0.41771   0.05992   0.08102   0.03444   0.00600   0.03062   0.09995   0.03128   0.02741   0.14318   0.14460   0.00254   0.11316   0.22033   2.61983   0.42983   0.71615  
 28 1837.6556  12295.496516  x:  0.00330   0.10377   0.03510   0.01580   0.01625   0.00147   0.00981   0.00252   0.00183   0.01362   0.00896   0.01895   0.02356   0.12157   0.17018   0.41777   0.05930   0.08209   0.03456   0.00599   0.03057   0.10069   0.03127   0.02740   0.14230   0.14506   0.00253   0.11396   0.22011   2.62019   0.42900   0.71386  
 29 17.8055  12295.217068  x:  0.00329   0.10704   0.03478   0.01579   0.01624   0.00146   0.00978   0.00252   0.00183   0.01362   0.00893   0.01895   0.02357   0.12447   0.16939   0.41823   0.05919   0.08242   0.03423   0.00583   0.03077   0.10066   0.03131   0.02742   0.13839   0.14939   0.00255   0.11235   0.22072   2.66240   0.41809   0.67379  
 30  9.9916  12294.881321  x:  0.00335   0.10562   0.03505   0.01573   0.01620   0.00146   0.00976   0.00252   0.00183   0.01351   0.00889   0.01897   0.02360   0.12183   0.16780   0.41897   0.05936   0.08237   0.03430   0.00585   0.03056   0.10126   0.03126   0.02746   0.14255   0.14612   0.00250   0.11487   0.22211   2.71438   0.40495   0.62519  
 31 196.7739  12294.870178  x:  0.00336   0.10536   0.03505   0.01574   0.01620   0.00146   0.00975   0.00252   0.00183   0.01353   0.00889   0.01897   0.02360   0.12229   0.16783   0.41903   0.05891   0.08304   0.03436   0.00586   0.03055   0.10110   0.03126   0.02744   0.14306   0.14556   0.00251   0.11354   0.22219   2.71536   0.40466   0.62437  
 32  6.4421  12293.692849  x:  0.00369   0.10849   0.03423   0.01563   0.01596   0.00141   0.00944   0.00249   0.00182   0.01312   0.00848   0.01906   0.02348   0.13729   0.16992   0.42192   0.06130   0.08008   0.03367   0.00558   0.03042   0.10177   0.03109   0.02763   0.14501   0.13706   0.00247   0.11868   0.22134   2.75542   0.38437   0.60548  
 33  1.8232  12289.297802  x:  0.00478   0.10572   0.03490   0.01471   0.01509   0.00121   0.00831   0.00236   0.00177   0.01186   0.00709   0.01927   0.02354   0.12534   0.17892   0.43303   0.06123   0.08112   0.03264   0.00404   0.03016   0.10327   0.03044   0.02786   0.14658   0.14487   0.00248   0.11370   0.21932   2.89154   0.31542   0.54188  
 34 215.5245  12287.122956  x:  0.00527   0.10308   0.03529   0.01431   0.01461   0.00109   0.00773   0.00229   0.00179   0.01120   0.00648   0.01949   0.02349   0.12171   0.19374   0.43895   0.06283   0.07926   0.03248   0.00353   0.03014   0.10422   0.03010   0.02808   0.14698   0.14625   0.00263   0.11136   0.21532   3.04717   0.37287   0.62510  
 35  0.5477  12286.478688  x:  0.00398   0.10356   0.03548   0.01485   0.01513   0.00120   0.00877   0.00235   0.00193   0.01206   0.00806   0.01948   0.02351   0.12124   0.20017   0.43901   0.06265   0.07894   0.03380   0.00528   0.03047   0.10457   0.03055   0.02789   0.14605   0.14587   0.00288   0.11117   0.21491   3.11615   0.36300   0.60497  
 36  0.1358  12286.290773  x:  0.00392   0.10545   0.03563   0.01500   0.01521   0.00113   0.00869   0.00227   0.00200   0.01190   0.00780   0.01964   0.02357   0.12287   0.20524   0.44055   0.06307   0.07965   0.03383   0.00469   0.03049   0.10679   0.03066   0.02810   0.14634   0.14666   0.00311   0.11158   0.21957   3.13964   0.34825   0.56776  
 37  0.0417  12286.233338  x:  0.00388   0.10400   0.03598   0.01515   0.01537   0.00106   0.00856   0.00214   0.00212   0.01200   0.00750   0.01959   0.02367   0.12209   0.20467   0.44358   0.06340   0.07958   0.03363   0.00452   0.03056   0.10587   0.03074   0.02819   0.14701   0.14652   0.00368   0.11144   0.21919   3.14708   0.34825   0.56957  
 38  0.0027  12286.192983  x:  0.00382   0.10531   0.03554   0.01503   0.01524   0.00104   0.00861   0.00208   0.00223   0.01199   0.00774   0.01959   0.02359   0.12290   0.20401   0.44219   0.06304   0.07972   0.03353   0.00459   0.03046   0.10631   0.03062   0.02811   0.14668   0.14679   0.00429   0.11129   0.21880   3.13555   0.35126   0.57358  
 39  0.0056  12286.185644  x:  0.00389   0.10481   0.03570   0.01504   0.01525   0.00106   0.00868   0.00211   0.00223   0.01183   0.00770   0.01961   0.02358   0.12247   0.20439   0.44114   0.06311   0.07950   0.03358   0.00461   0.03047   0.10636   0.03056   0.02811   0.14641   0.14653   0.00450   0.11094   0.21852   3.13471   0.34950   0.57141  
 40  0.0019  12286.182897  x:  0.00393   0.10480   0.03566   0.01502   0.01524   0.00108   0.00862   0.00214   0.00217   0.01184   0.00774   0.01961   0.02360   0.12258   0.20433   0.44105   0.06312   0.07964   0.03355   0.00452   0.03048   0.10630   0.03063   0.02812   0.14648   0.14650   0.00461   0.11103   0.21857   3.13581   0.35017   0.57290  
 41  0.0009  12286.182166  x:  0.00391   0.10491   0.03564   0.01503   0.01524   0.00108   0.00864   0.00215   0.00214   0.01184   0.00769   0.01961   0.02360   0.12262   0.20432   0.44135   0.06311   0.07961   0.03355   0.00457   0.03048   0.10630   0.03061   0.02811   0.14649   0.14657   0.00463   0.11101   0.21856   3.13596   0.35010   0.57227  
 42  0.0006  12286.182064  x:  0.00388   0.10490   0.03566   0.01504   0.01525   0.00108   0.00864   0.00216   0.00214   0.01185   0.00771   0.01961   0.02359   0.12258   0.20433   0.44144   0.06311   0.07958   0.03354   0.00456   0.03047   0.10632   0.03059   0.02811   0.14650   0.14658   0.00463   0.11098   0.21856   3.13592   0.34995   0.57199  
 43  0.0003  12286.182046  x:  0.00388   0.10489   0.03566   0.01504   0.01525   0.00107   0.00864   0.00216   0.00214   0.01185   0.00770   0.01961   0.02359   0.12259   0.20433   0.44140   0.06311   0.07960   0.03354   0.00456   0.03047   0.10633   0.03059   0.02812   0.14650   0.14657   0.00463   0.11099   0.21858   3.13577   0.35001   0.57218  
 44  0.0002  12286.182044  x:  0.00388   0.10489   0.03565   0.01504   0.01525   0.00107   0.00864   0.00216   0.00214   0.01185   0.00770   0.01961   0.02359   0.12259   0.20434   0.44139   0.06311   0.07959   0.03354   0.00456   0.03047   0.10632   0.03059   0.02812   0.14650   0.14657   0.00463   0.11099   0.21857   3.13577   0.35001   0.57215  
 45  0.0000  12286.182043  x:  0.00388   0.10489   0.03565   0.01504   0.01525   0.00107   0.00864   0.00216   0.00214   0.01185   0.00770   0.01961   0.02359   0.12259   0.20433   0.44139   0.06311   0.07959   0.03354   0.00456   0.03047   0.10632   0.03059   0.02812   0.14650   0.14657   0.00463   0.11099   0.21857   3.13580   0.35000   0.57215  
 46  0.0000  12286.182043  x:  0.00388   0.10489   0.03565   0.01504   0.01525   0.00107   0.00864   0.00216   0.00214   0.01185   0.00770   0.01961   0.02359   0.12259   0.20433   0.44139   0.06311   0.07959   0.03354   0.00456   0.03047   0.10632   0.03059   0.02812   0.14650   0.14657   0.00463   0.11099   0.21857   3.13579   0.35000   0.57215  
 47  0.0000  12286.182043  x:  0.00388   0.10489   0.03565   0.01504   0.01525   0.00107   0.00864   0.00216   0.00214   0.01185   0.00770   0.01961   0.02359   0.12259   0.20433   0.44139   0.06311   0.07959   0.03354   0.00456   0.03047   0.10632   0.03059   0.02812   0.14650   0.14657   0.00463   0.11099   0.21857   3.13579   0.35000   0.57215  
 48  0.0000  12286.182043  x:  0.00388   0.10489   0.03565   0.01504   0.01525   0.00107   0.00864   0.00216   0.00214   0.01185   0.00770   0.01961   0.02359   0.12259   0.20433   0.44139   0.06311   0.07959   0.03354   0.00456   0.03047   0.10632   0.03059   0.02812   0.14650   0.14657   0.00463   0.11099   0.21857   3.13579   0.35000   0.57215  

Model 8: beta&w>1

TREE # 1

  0  0.0000  12338.952743  x:  0.00000   0.09133   0.03045   0.02353   0.01765   0.01181   0.00895   0.01322   0.00694   0.01611   0.00715   0.02298   0.01860   0.10824   0.16619   0.30616   0.05628   0.07093   0.04958   0.00871   0.02251   0.09043   0.03273   0.02589   0.12719   0.11816   0.00952   0.10219   0.17370   3.13579   0.90000   0.76687   1.93569   2.47532  
  1 99.0000  12318.864389  x:  0.00276   0.09220   0.03173   0.02070   0.01629   0.00360   0.00846   0.00556   0.00055   0.01364   0.00768   0.02159   0.02035   0.10919   0.16795   0.30864   0.05727   0.07179   0.04818   0.00617   0.02484   0.09170   0.03207   0.02650   0.12840   0.11992   0.00757   0.10266   0.17540   3.13589   0.90329   0.76690   1.93567   2.47502  
  2 1612.6973  12313.705946  x:  0.00356   0.09252   0.03219   0.01964   0.01581   0.00051   0.00834   0.00273   0.00121   0.01278   0.00782   0.02108   0.02097   0.10955   0.16863   0.30961   0.05764   0.07211   0.04761   0.00528   0.02570   0.09219   0.03181   0.02672   0.12887   0.12061   0.00687   0.10284   0.17607   3.13593   0.90461   0.76692   1.93567   2.47489  
  3 5220.9676  12312.089150  x:  0.00389   0.09280   0.03254   0.01877   0.01548   0.00127   0.00829   0.00108   0.00145   0.01221   0.00785   0.02069   0.02139   0.10986   0.16924   0.31050   0.05795   0.07239   0.04707   0.00468   0.02636   0.09261   0.03160   0.02687   0.12927   0.12122   0.00636   0.10300   0.17667   3.13597   0.90582   0.76693   1.93566   2.47478  
  4 1534.3907  12304.987044  x:  0.00519   0.09494   0.03510   0.01236   0.01330   0.00250   0.00819   0.00349   0.00232   0.00864   0.00770   0.01793   0.02429   0.11233   0.17403   0.31771   0.06033   0.07450   0.04264   0.00097   0.03119   0.09589   0.02996   0.02792   0.13250   0.12611   0.00296   0.10432   0.18156   3.13626   0.91574   0.76701   1.93561   2.47388  
  5 1722.1842  12297.395084  x:  0.00343   0.09834   0.03796   0.00778   0.01307   0.00262   0.00887   0.00381   0.00241   0.01091   0.00684   0.01608   0.02671   0.11619   0.18196   0.33034   0.06369   0.07755   0.03540   0.00840   0.03714   0.10102   0.02801   0.02877   0.13770   0.13430   0.00385   0.10676   0.19001   3.13677   0.93282   0.76717   1.93549   2.47233  
  6 1700.1736  12290.902396  x:  0.00143   0.10179   0.03952   0.01649   0.01534   0.00260   0.00875   0.00384   0.00238   0.01291   0.00770   0.01782   0.02703   0.11983   0.19019   0.34443   0.06627   0.08006   0.02936   0.00637   0.03955   0.10561   0.02727   0.02898   0.14274   0.14218   0.00434   0.10911   0.19896   3.13729   0.94980   0.76744   1.93528   2.47071  
  7 1542.8650  12287.872562  x:  0.00447   0.10369   0.03700   0.01459   0.01635   0.00259   0.00879   0.00377   0.00241   0.01387   0.00576   0.02112   0.02144   0.12138   0.19552   0.35602   0.06563   0.07995   0.03119   0.00445   0.03428   0.10697   0.02956   0.02762   0.14503   0.14607   0.00654   0.11023   0.20506   3.13757   0.95621   0.76797   1.93484   2.46968  
  8 540.9529  12286.527139  x:  0.00269   0.10447   0.03493   0.01344   0.01580   0.00248   0.00873   0.00362   0.00230   0.01324   0.00938   0.02128   0.01957   0.12209   0.19856   0.36404   0.06461   0.07937   0.03260   0.00452   0.03017   0.10732   0.03070   0.02685   0.14607   0.14794   0.00599   0.11059   0.20874   3.13771   0.95760   0.76846   1.93443   2.46904  
  9 650.7010  12285.037576  x:  0.00000   0.10505   0.03286   0.01391   0.01470   0.00228   0.00866   0.00338   0.00211   0.01202   0.00727   0.01985   0.02063   0.12265   0.20183   0.37423   0.06302   0.07835   0.03436   0.00521   0.02606   0.10732   0.03126   0.02644   0.14694   0.14949   0.00405   0.11071   0.21285   3.13786   0.95645   0.76919   1.93379   2.46829  
 10 601.1428  12283.852269  x:  0.00291   0.10551   0.03194   0.01538   0.01459   0.00261   0.00876   0.00379   0.00241   0.01229   0.00782   0.01795   0.02345   0.12299   0.20518   0.38647   0.06121   0.07715   0.03631   0.00662   0.02427   0.10704   0.03082   0.02673   0.14763   0.15050   0.00342   0.11073   0.21718   3.13801   0.95270   0.77017   1.93291   2.46739  
 11 579.4222  12281.727833  x:  0.00108   0.10561   0.03334   0.01436   0.01732   0.00264   0.00904   0.00383   0.00243   0.01420   0.00819   0.01934   0.02556   0.12321   0.21052   0.41194   0.05870   0.07545   0.03764   0.00447   0.02770   0.10613   0.02930   0.02856   0.14849   0.15083   0.00708   0.11086   0.22485   3.13833   0.94103   0.77247   1.93081   2.46545  
 12 547.1261  12280.733585  x:  0.00141   0.10571   0.03535   0.01555   0.01614   0.00276   0.00884   0.00400   0.00253   0.01313   0.00802   0.02155   0.02200   0.12327   0.21215   0.42486   0.05979   0.07635   0.03707   0.00612   0.03104   0.10593   0.03033   0.02882   0.14868   0.15016   0.00488   0.11104   0.22743   3.13856   0.93454   0.77382   1.92951   2.46425  
 13 400.8011  12280.470366  x:  0.00144   0.10588   0.03602   0.01563   0.01574   0.00275   0.00986   0.00398   0.00251   0.01432   0.00799   0.02031   0.02153   0.12341   0.21149   0.42928   0.06237   0.07839   0.03615   0.00564   0.03051   0.10614   0.03172   0.02803   0.14855   0.14920   0.00496   0.11178   0.22690   3.13878   0.93271   0.77451   1.92878   2.46347  
 14 136.6304  12280.340631  x:  0.00150   0.10608   0.03611   0.01557   0.01614   0.00278   0.00865   0.00401   0.00254   0.01400   0.00800   0.02025   0.02188   0.12355   0.21071   0.43170   0.06397   0.07971   0.03573   0.00575   0.02991   0.10640   0.03221   0.02772   0.14846   0.14853   0.00539   0.11240   0.22610   3.13898   0.93202   0.77498   1.92825   2.46287  
 15 165.1391  12280.266253  x:  0.00157   0.10634   0.03583   0.01550   0.01657   0.00278   0.00929   0.00403   0.00255   0.01331   0.00805   0.02099   0.02240   0.12372   0.20977   0.43342   0.06481   0.08047   0.03570   0.00597   0.02947   0.10674   0.03196   0.02790   0.14843   0.14800   0.00548   0.11296   0.22503   3.13920   0.93193   0.77542   1.92772   2.46222  
 16 106.0327  12280.184985  x:  0.00154   0.10686   0.03519   0.01538   0.01615   0.00277   0.00908   0.00401   0.00254   0.01407   0.00806   0.02145   0.02246   0.12405   0.20800   0.43572   0.06491   0.08079   0.03609   0.00585   0.02940   0.10738   0.03097   0.02858   0.14849   0.14734   0.00498   0.11373   0.22290   3.13965   0.93237   0.77622   1.92671   2.46094  
 17 77.7636  12280.113368  x:  0.00149   0.10735   0.03503   0.01559   0.01605   0.00277   0.00912   0.00401   0.00253   0.01358   0.00801   0.02056   0.02189   0.12438   0.20606   0.43796   0.06413   0.08041   0.03644   0.00586   0.02982   0.10792   0.03071   0.02866   0.14861   0.14688   0.00553   0.11432   0.22050   3.14024   0.93312   0.77719   1.92543   2.45929  
 18 88.1192  12280.068359  x:  0.00152   0.10745   0.03543   0.01542   0.01654   0.00276   0.00911   0.00399   0.00253   0.01373   0.00801   0.02062   0.02216   0.12449   0.20477   0.43938   0.06323   0.07975   0.03620   0.00586   0.02998   0.10795   0.03147   0.02804   0.14864   0.14677   0.00511   0.11422   0.21880   3.14081   0.93375   0.77804   1.92423   2.45772  
 19 67.8799  12280.047424  x:  0.00158   0.10724   0.03565   0.01543   0.01591   0.00276   0.00910   0.00400   0.00253   0.01369   0.00802   0.02091   0.02241   0.12437   0.20432   0.43992   0.06299   0.07944   0.03578   0.00583   0.02983   0.10763   0.03166   0.02793   0.14857   0.14690   0.00543   0.11381   0.21812   3.14125   0.93405   0.77863   1.92331   2.45652  
 20 43.4210  12279.996200  x:  0.00176   0.10626   0.03570   0.01533   0.01620   0.00274   0.00908   0.00396   0.00251   0.01360   0.00796   0.02066   0.02204   0.12367   0.20368   0.44086   0.06315   0.07902   0.03472   0.00582   0.02932   0.10628   0.03103   0.02838   0.14819   0.14749   0.00540   0.11208   0.21689   3.14276   0.93468   0.78051   1.92021   2.45244  
 21 52.3275  12279.923525  x:  0.00162   0.10526   0.03483   0.01537   0.01614   0.00273   0.00907   0.00396   0.00251   0.01362   0.00799   0.02061   0.02228   0.12258   0.20361   0.44129   0.06407   0.07920   0.03602   0.00577   0.03038   0.10518   0.03108   0.02767   0.14749   0.14790   0.00546   0.11052   0.21626   3.14553   0.93552   0.78355   1.91464   2.44501  
 22 59.5783  12279.745481  x:  0.00137   0.10482   0.03651   0.01542   0.01620   0.00274   0.00907   0.00398   0.00251   0.01366   0.00804   0.02054   0.02245   0.12142   0.20451   0.44030   0.06420   0.07948   0.03768   0.00588   0.03011   0.10543   0.03223   0.02968   0.14606   0.14727   0.00543   0.11094   0.21672   3.15334   0.93581   0.79121   1.89911   2.42407  
 23 97.7568  12279.388054  x:  0.00147   0.10493   0.03745   0.01542   0.01615   0.00272   0.00908   0.00395   0.00250   0.01364   0.00801   0.02076   0.02208   0.12064   0.20642   0.43756   0.06327   0.07969   0.03696   0.00591   0.02932   0.10703   0.03036   0.02751   0.14452   0.14578   0.00529   0.11333   0.21841   3.16899   0.93429   0.80559   1.86821   2.38219  
 24 426.0466  12279.225493  x:  0.00173   0.10546   0.03484   0.01544   0.01621   0.00272   0.00909   0.00395   0.00251   0.01366   0.00800   0.02076   0.02210   0.12154   0.20682   0.43608   0.06286   0.07963   0.03523   0.00585   0.02986   0.10756   0.03163   0.02819   0.14527   0.14559   0.00536   0.11402   0.21925   3.17634   0.93278   0.81100   1.85410   2.36262  
 25 318.6502  12279.041850  x:  0.00159   0.10785   0.03542   0.01561   0.01630   0.00275   0.00913   0.00398   0.00253   0.01376   0.00804   0.02098   0.02201   0.12592   0.20558   0.43428   0.06393   0.07973   0.03634   0.00588   0.02947   0.10657   0.03162   0.02819   0.14980   0.14752   0.00554   0.11252   0.21991   3.18566   0.93002   0.81251   1.83800   2.33832  
 26 117.7554  12277.948052  x:  0.00179   0.09985   0.03580   0.01592   0.01640   0.00269   0.00913   0.00393   0.00249   0.01384   0.00806   0.02143   0.02146   0.12020   0.19947   0.43317   0.06378   0.08083   0.03768   0.00565   0.02839   0.11051   0.03218   0.02811   0.15494   0.15771   0.00536   0.11711   0.21986   3.24918   0.92005   0.76277   1.74893   2.17797  
 27 69.1932  12275.226659  x:  0.00167   0.10736   0.03492   0.01597   0.01623   0.00246   0.00897   0.00366   0.00233   0.01361   0.00798   0.02162   0.02054   0.11838   0.19894   0.43337   0.06313   0.08034   0.03678   0.00544   0.02783   0.10606   0.03243   0.02766   0.14629   0.15092   0.00554   0.11305   0.21828   3.39759   0.90620   0.63743   1.54321   1.80242  
 28 794.7090  12275.112731  x:  0.00172   0.10350   0.03499   0.01601   0.01620   0.00245   0.00896   0.00364   0.00232   0.01358   0.00797   0.02160   0.02046   0.12124   0.20099   0.43352   0.06348   0.07959   0.03708   0.00547   0.02772   0.10670   0.03239   0.02763   0.14707   0.14828   0.00559   0.11266   0.21702   3.40378   0.90604   0.63160   1.53381   1.78560  
 29 121.0825  12275.104806  x:  0.00168   0.10373   0.03501   0.01601   0.01621   0.00245   0.00896   0.00365   0.00232   0.01359   0.00798   0.02161   0.02046   0.12076   0.20224   0.43348   0.06332   0.07987   0.03710   0.00548   0.02771   0.10645   0.03240   0.02764   0.14782   0.14829   0.00560   0.11286   0.21593   3.40322   0.90587   0.63106   1.53272   1.78459  
 30  7.0820  12275.083797  x:  0.00166   0.10416   0.03498   0.01604   0.01623   0.00245   0.00897   0.00365   0.00232   0.01361   0.00798   0.02164   0.02045   0.12114   0.20325   0.43344   0.06394   0.07920   0.03712   0.00545   0.02764   0.10773   0.03245   0.02765   0.14686   0.14950   0.00570   0.11243   0.21481   3.39734   0.90541   0.62909   1.52788   1.78266  
 31  5.2315  12274.763464  x:  0.00177   0.10309   0.03507   0.01602   0.01618   0.00233   0.00896   0.00351   0.00225   0.01350   0.00797   0.02152   0.02066   0.12409   0.20340   0.43376   0.06225   0.08182   0.03718   0.00531   0.02824   0.10464   0.03239   0.02774   0.14402   0.15233   0.00548   0.11493   0.21447   3.30067   0.90727   0.59833   1.45145   1.75477  
 32 40.7388  12274.471808  x:  0.00188   0.10351   0.03533   0.01588   0.01611   0.00221   0.00894   0.00338   0.00218   0.01336   0.00795   0.02136   0.02093   0.12079   0.20187   0.43421   0.06337   0.08009   0.03692   0.00523   0.02813   0.10694   0.03222   0.02779   0.14744   0.14943   0.00545   0.11278   0.21647   3.21266   0.90967   0.57032   1.38171   1.72968  
 33 373.7759  12274.467385  x:  0.00188   0.10356   0.03533   0.01588   0.01611   0.00221   0.00894   0.00337   0.00218   0.01336   0.00795   0.02136   0.02094   0.12075   0.20190   0.43425   0.06388   0.07934   0.03691   0.00523   0.02818   0.10651   0.03222   0.02779   0.14748   0.14944   0.00540   0.11334   0.21649   3.21261   0.90976   0.56997   1.38063   1.73020  
 34  2.7402  12273.419842  x:  0.00225   0.10544   0.03644   0.01540   0.01573   0.00142   0.00888   0.00249   0.00174   0.01258   0.00786   0.02039   0.02274   0.12310   0.20618   0.44381   0.06403   0.08057   0.03562   0.00428   0.03058   0.10750   0.03137   0.02841   0.14829   0.14989   0.00457   0.11341   0.21975   3.29766   0.91938   0.49581   1.12669   1.92344  
 35  7.2184  12273.024717  x:  0.00259   0.10664   0.03656   0.01536   0.01557   0.00098   0.00883   0.00200   0.00154   0.01218   0.00783   0.02022   0.02321   0.12408   0.20769   0.44599   0.06450   0.08085   0.03497   0.00375   0.03121   0.10846   0.03128   0.02853   0.14961   0.15080   0.00428   0.11382   0.22183   3.29017   0.91346   0.55941   1.31806   1.85571  
 36  1.1068  12272.845425  x:  0.00290   0.10839   0.03644   0.01569   0.01557   0.00126   0.00879   0.00231   0.00200   0.01208   0.00787   0.02011   0.02382   0.12560   0.20999   0.45056   0.06458   0.08095   0.03451   0.00401   0.03153   0.10897   0.03122   0.02866   0.15050   0.15066   0.00425   0.11396   0.22410   3.28793   0.90921   0.58688   1.40397   1.83557  
 37  0.1123  12272.799288  x:  0.00319   0.10873   0.03622   0.01560   0.01554   0.00107   0.00881   0.00215   0.00217   0.01211   0.00785   0.02003   0.02392   0.12578   0.21041   0.45274   0.06436   0.08074   0.03436   0.00383   0.03138   0.10883   0.03117   0.02865   0.15037   0.15065   0.00425   0.11382   0.22432   3.28407   0.90449   0.59284   1.45572   1.78799  
 38  0.0517  12272.776855  x:  0.00332   0.10800   0.03633   0.01547   0.01554   0.00105   0.00882   0.00218   0.00228   0.01208   0.00787   0.02001   0.02386   0.12542   0.20995   0.45240   0.06430   0.08065   0.03443   0.00394   0.03134   0.10857   0.03112   0.02865   0.15009   0.15038   0.00425   0.11369   0.22362   3.28146   0.90091   0.60213   1.49344   1.78613  
 39  0.0198  12272.763121  x:  0.00334   0.10796   0.03638   0.01549   0.01555   0.00109   0.00881   0.00223   0.00229   0.01209   0.00788   0.02006   0.02383   0.12526   0.20960   0.45138   0.06442   0.08077   0.03444   0.00396   0.03139   0.10866   0.03117   0.02866   0.15021   0.15054   0.00429   0.11383   0.22368   3.28506   0.89483   0.61664   1.56548   1.73611  
 40  0.0668  12272.753729  x:  0.00327   0.10835   0.03635   0.01550   0.01553   0.00111   0.00880   0.00222   0.00221   0.01209   0.00784   0.02001   0.02388   0.12548   0.20976   0.45101   0.06442   0.08077   0.03433   0.00391   0.03149   0.10864   0.03116   0.02867   0.15019   0.15026   0.00430   0.11377   0.22391   3.28368   0.89042   0.62890   1.63593   1.71724  
 41  0.0372  12272.752309  x:  0.00328   0.10824   0.03635   0.01550   0.01553   0.00109   0.00880   0.00220   0.00219   0.01207   0.00785   0.02000   0.02390   0.12547   0.20984   0.45150   0.06440   0.08072   0.03428   0.00394   0.03147   0.10860   0.03113   0.02866   0.15016   0.15027   0.00428   0.11373   0.22383   3.28119   0.88897   0.63381   1.65679   1.70647  
 42  0.0243  12272.752149  x:  0.00328   0.10817   0.03635   0.01550   0.01553   0.00109   0.00880   0.00220   0.00218   0.01208   0.00786   0.02000   0.02391   0.12544   0.20984   0.45172   0.06439   0.08071   0.03431   0.00394   0.03145   0.10860   0.03113   0.02866   0.15016   0.15033   0.00428   0.11374   0.22380   3.28165   0.88915   0.63391   1.65650   1.70884  
 43  0.0024  12272.752144  x:  0.00329   0.10818   0.03635   0.01550   0.01553   0.00110   0.00880   0.00220   0.00218   0.01208   0.00786   0.02001   0.02390   0.12543   0.20984   0.45172   0.06439   0.08071   0.03431   0.00394   0.03144   0.10860   0.03113   0.02866   0.15016   0.15032   0.00429   0.11374   0.22381   3.28179   0.88909   0.63420   1.65769   1.70836  
 44  0.0012  12272.752143  x:  0.00329   0.10819   0.03635   0.01550   0.01553   0.00109   0.00880   0.00220   0.00218   0.01208   0.00786   0.02001   0.02390   0.12544   0.20984   0.45171   0.06439   0.08071   0.03430   0.00394   0.03144   0.10860   0.03113   0.02866   0.15016   0.15032   0.00429   0.11374   0.22381   3.28177   0.88909   0.63427   1.65794   1.70837  
 45  0.0002  12272.752143  x:  0.00329   0.10818   0.03635   0.01550   0.01553   0.00109   0.00880   0.00220   0.00218   0.01208   0.00786   0.02001   0.02390   0.12544   0.20984   0.45171   0.06439   0.08071   0.03430   0.00394   0.03144   0.10860   0.03113   0.02866   0.15016   0.15032   0.00429   0.11374   0.22381   3.28176   0.88909   0.63427   1.65794   1.70837  
 46  0.0000  12272.752143  x:  0.00329   0.10818   0.03635   0.01550   0.01553   0.00109   0.00880   0.00220   0.00218   0.01208   0.00786   0.02001   0.02390   0.12544   0.20984   0.45171   0.06439   0.08071   0.03430   0.00394   0.03144   0.10860   0.03113   0.02866   0.15016   0.15032   0.00429   0.11374   0.22381   3.28176   0.88909   0.63426   1.65794   1.70837  
 47  0.0000  12272.752143  x:  0.00329   0.10818   0.03635   0.01550   0.01553   0.00109   0.00880   0.00220   0.00218   0.01208   0.00786   0.02001   0.02390   0.12544   0.20984   0.45171   0.06439   0.08071   0.03430   0.00394   0.03144   0.10860   0.03113   0.02866   0.15016   0.15032   0.00429   0.11374   0.22381   3.28176   0.88909   0.63426   1.65794   1.70837  
 48  0.0000  12272.752143  x:  0.00329   0.10818   0.03635   0.01550   0.01553   0.00109   0.00880   0.00220   0.00218   0.01208   0.00786   0.02001   0.02390   0.12544   0.20984   0.45171   0.06439   0.08071   0.03430   0.00394   0.03144   0.10860   0.03113   0.02866   0.15016   0.15032   0.00429   0.11374   0.22381   3.28176   0.88909   0.63426   1.65794   1.70837  
 49  0.0048  12272.752143  x:  0.00329   0.10818   0.03635   0.01550   0.01553   0.00109   0.00880   0.00220   0.00218   0.01208   0.00786   0.02000   0.02390   0.12544   0.20984   0.45171   0.06439   0.08071   0.03430   0.00394   0.03144   0.10860   0.03113   0.02866   0.15016   0.15032   0.00429   0.11374   0.22381   3.28176   0.88909   0.63426   1.65793   1.70837  
 50  0.0058  12272.752143  x:  0.00329   0.10818   0.03635   0.01550   0.01553   0.00109   0.00880   0.00220   0.00218   0.01208   0.00786   0.02000   0.02390   0.12544   0.20984   0.45171   0.06439   0.08071   0.03430   0.00394   0.03144   0.10860   0.03113   0.02866   0.15016   0.15032   0.00429   0.11374   0.22381   3.28176   0.88909   0.63426   1.65793   1.70837  
 51  0.0062  12272.752143  x:  0.00329   0.10818   0.03635   0.01550   0.01553   0.00109   0.00880   0.00220   0.00218   0.01208   0.00786   0.02000   0.02390   0.12544   0.20984   0.45171   0.06439   0.08071   0.03430   0.00394   0.03144   0.10860   0.03113   0.02866   0.15016   0.15032   0.00429   0.11374   0.22381   3.28176   0.88909   0.63426   1.65793   1.70837  
 52  0.0009  12272.752143  x:  0.00329   0.10818   0.03635   0.01550   0.01553   0.00109   0.00880   0.00220   0.00218   0.01208   0.00786   0.02000   0.02390   0.12544   0.20984   0.45171   0.06439   0.08071   0.03430   0.00394   0.03144   0.10860   0.03113   0.02866   0.15016   0.15032   0.00429   0.11374   0.22381   3.28176   0.88909   0.63426   1.65793   1.70837  
 53  0.0029  12272.752143  x:  0.00329   0.10819   0.03635   0.01550   0.01553   0.00109   0.00880   0.00220   0.00218   0.01208   0.00786   0.02000   0.02390   0.12544   0.20984   0.45171   0.06439   0.08071   0.03430   0.00394   0.03144   0.10860   0.03113   0.02866   0.15016   0.15032   0.00429   0.11374   0.22381   3.28176   0.88909   0.63426   1.65793   1.70837  
 54  0.0074  12272.752143  x:  0.00329   0.10819   0.03635   0.01550   0.01553   0.00109   0.00880   0.00220   0.00218   0.01208   0.00786   0.02000   0.02390   0.12544   0.20984   0.45171   0.06439   0.08071   0.03430   0.00394   0.03144   0.10860   0.03113   0.02866   0.15016   0.15032   0.00429   0.11374   0.22381   3.28176   0.88909   0.63426   1.65793   1.70837  
 55  0.0037  12272.752143  x:  0.00329   0.10819   0.03635   0.01550   0.01553   0.00109   0.00880   0.00220   0.00218   0.01208   0.00786   0.02000   0.02390   0.12544   0.20984   0.45171   0.06439   0.08071   0.03430   0.00394   0.03144   0.10860   0.03113   0.02866   0.15016   0.15032   0.00429   0.11374   0.22381   3.28176   0.88909   0.63426   1.65793   1.70837  
 56  0.2388  12272.752143  x:  0.00329   0.10819   0.03635   0.01550   0.01553   0.00109   0.00880   0.00220   0.00218   0.01208   0.00786   0.02000   0.02390   0.12544   0.20984   0.45171   0.06439   0.08071   0.03430   0.00394   0.03144   0.10860   0.03113   0.02866   0.15016   0.15032   0.00429   0.11374   0.22381   3.28176   0.88909   0.63426   1.65793   1.70837  
 57  0.0035  12272.752143  x:  0.00329   0.10819   0.03635   0.01550   0.01553   0.00109   0.00880   0.00220   0.00218   0.01208   0.00786   0.02000   0.02390   0.12544   0.20984   0.45171   0.06439   0.08071   0.03430   0.00394   0.03144   0.10860   0.03113   0.02866   0.15016   0.15032   0.00429   0.11374   0.22381   3.28176   0.88909   0.63426   1.65793   1.70837  
 58  0.0058  12272.752143  x:  0.00329   0.10819   0.03635   0.01550   0.01553   0.00109   0.00880   0.00220   0.00218   0.01208   0.00786   0.02000   0.02390   0.12544   0.20984   0.45171   0.06439   0.08071   0.03430   0.00394   0.03144   0.10860   0.03113   0.02866   0.15016   0.15032   0.00429   0.11374   0.22381   3.28176   0.88909   0.63426   1.65793   1.70837  
check convergence!
