

Model 0: one-ratio

TREE # 1

  0  0.0000   7733.887682  x:  0.00000   0.07566   0.02962   0.01167   0.03563   0.02873   0.01617   0.02078   0.03455   0.02649   0.05002   0.06572   0.17653   0.24193   0.07831   0.15549   0.04389   0.01406   0.03257   0.09065   0.04677   0.04309   0.11325   0.13283   0.01578   0.14370   0.18108   2.00000   0.40000  
  1 99.0000   7703.754701  x:  0.00998   0.08051   0.02243   0.00332   0.02542   0.01133   0.00133   0.00884   0.02224   0.02395   0.04629   0.06644   0.18289   0.24873   0.08329   0.15740   0.04384   0.00673   0.03192   0.09508   0.03954   0.04055   0.11914   0.13817   0.02375   0.14488   0.18662   2.00214   0.39982  
  2 1101.4834   7696.366930  x:  0.01149   0.08276   0.01920   0.00389   0.02069   0.00246   0.00557   0.00509   0.01625   0.02313   0.04462   0.06684   0.18621   0.25238   0.08582   0.15838   0.04349   0.00400   0.03161   0.09735   0.03594   0.03945   0.12218   0.14103   0.02652   0.14545   0.18953   2.00335   0.39972  
  3 1882.0095   7691.219181  x:  0.00867   0.08597   0.01552   0.00954   0.01469   0.00117   0.00386   0.00983   0.00939   0.02290   0.04245   0.06751   0.19175   0.25871   0.08979   0.15999   0.04246   0.00373   0.03126   0.10102   0.03057   0.03825   0.12715   0.14595   0.02861   0.14631   0.19441   2.00558   0.39954  
  4 883.0406   7689.598695  x:  0.00764   0.08761   0.01389   0.01034   0.01222   0.00367   0.00424   0.00973   0.00700   0.02274   0.04137   0.06783   0.19458   0.26196   0.09178   0.16081   0.04201   0.00334   0.03106   0.10287   0.02800   0.03768   0.12967   0.14844   0.02974   0.14675   0.19691   2.00674   0.39944  
  5 1966.3805   7683.324968  x:  0.00000   0.09350   0.01180   0.00919   0.01027   0.00384   0.00403   0.00908   0.01338   0.02333   0.03817   0.06898   0.20594   0.27531   0.09919   0.16399   0.04013   0.00562   0.03038   0.10982   0.02014   0.03661   0.13945   0.15836   0.03163   0.14840   0.20690   2.01179   0.39896  
  6 967.2327   7683.324968  x:  0.00000   0.09350   0.01180   0.00919   0.01027   0.00384   0.00403   0.00908   0.01338   0.02333   0.03817   0.06898   0.20594   0.27531   0.09919   0.16399   0.04013   0.00562   0.03038   0.10982   0.02014   0.03661   0.13945   0.15836   0.03163   0.14840   0.20690   2.01179   0.39896  
  7 794.8416   7680.393166  x:  0.00370   0.09402   0.01733   0.00574   0.01883   0.00288   0.00432   0.00811   0.01312   0.02405   0.03943   0.06895   0.20823   0.27839   0.09966   0.16445   0.04059   0.00430   0.03006   0.11039   0.02477   0.03807   0.14077   0.15986   0.02975   0.14855   0.20880   2.01345   0.39871  
  8 486.5354   7679.606825  x:  0.00248   0.09431   0.01869   0.00633   0.01974   0.00624   0.00317   0.00885   0.01294   0.02422   0.04042   0.06890   0.21078   0.28200   0.10020   0.16495   0.04064   0.00455   0.02983   0.11105   0.02730   0.03904   0.14228   0.16163   0.02785   0.14876   0.21103   2.01549   0.39835  
  9 298.9602   7677.985422  x:  0.00000   0.09478   0.01941   0.00724   0.01913   0.00520   0.00438   0.00966   0.01267   0.02425   0.04180   0.06877   0.21530   0.28849   0.10113   0.16583   0.04071   0.00505   0.02946   0.11221   0.03027   0.04029   0.14491   0.16473   0.02490   0.14916   0.21501   2.01925   0.39768  
 10 544.6696   7676.725295  x:  0.00053   0.09537   0.01888   0.00697   0.01735   0.00361   0.00199   0.00923   0.01277   0.02412   0.04277   0.06863   0.22037   0.29584   0.10206   0.16679   0.04100   0.00504   0.02910   0.11341   0.03179   0.04100   0.14776   0.16807   0.02266   0.14964   0.21947   2.02373   0.39686  
 11 827.2111   7674.984933  x:  0.00469   0.09653   0.01657   0.00519   0.01383   0.00472   0.00373   0.00746   0.01327   0.02380   0.04377   0.06836   0.22999   0.31002   0.10364   0.16857   0.04169   0.00426   0.02851   0.11555   0.03219   0.04134   0.15299   0.17419   0.02029   0.15065   0.22795   2.03278   0.39520  
 12 1137.4737   7673.358451  x:  0.00590   0.09706   0.01452   0.00846   0.01760   0.00461   0.00381   0.00950   0.01375   0.02414   0.04249   0.06837   0.23943   0.32523   0.10461   0.17007   0.04138   0.00351   0.02853   0.11723   0.02649   0.03911   0.15753   0.17962   0.02405   0.15191   0.23655   2.04432   0.39304  
 13 444.9200   7672.580003  x:  0.00314   0.09680   0.01578   0.00559   0.01839   0.00495   0.00351   0.00835   0.01310   0.02423   0.04088   0.06852   0.24317   0.33236   0.10453   0.17048   0.04048   0.00443   0.02884   0.11753   0.02319   0.03783   0.15888   0.18136   0.02706   0.15243   0.24009   2.05127   0.39174  
 14 382.4147   7672.210809  x:  0.00281   0.09615   0.01785   0.00633   0.01719   0.00492   0.00351   0.00756   0.01312   0.02411   0.03936   0.06880   0.24391   0.33608   0.10349   0.17017   0.03972   0.00238   0.02902   0.11670   0.02380   0.03776   0.15809   0.18061   0.02919   0.15239   0.24091   2.05806   0.39058  
 15 147.0334   7671.548631  x:  0.00427   0.09460   0.01977   0.00663   0.01551   0.00467   0.00366   0.00915   0.01365   0.02378   0.03679   0.06930   0.24433   0.34345   0.10071   0.16917   0.03866   0.00468   0.02977   0.11433   0.02636   0.03824   0.15539   0.17791   0.03270   0.15197   0.24155   2.07468   0.38791  
 16 348.0957   7669.955166  x:  0.00307   0.09112   0.01390   0.00574   0.01776   0.00482   0.00350   0.00764   0.01307   0.02349   0.03677   0.06981   0.24297   0.35858   0.09451   0.16663   0.03714   0.00425   0.03023   0.10861   0.02994   0.03956   0.14799   0.17011   0.03371   0.15018   0.24085   2.11739   0.38196  
 17 416.4998   7668.104106  x:  0.00363   0.08952   0.01690   0.00524   0.01711   0.00483   0.00354   0.00999   0.01295   0.02472   0.04287   0.06972   0.23931   0.37359   0.09002   0.16443   0.03904   0.00347   0.03001   0.10402   0.02415   0.03851   0.14029   0.16134   0.02748   0.14770   0.23786   2.17471   0.37652  
 18 532.2723   7667.560775  x:  0.00382   0.09003   0.01786   0.00710   0.01742   0.00487   0.00364   0.00727   0.01327   0.02470   0.04335   0.06953   0.23780   0.37631   0.09032   0.16434   0.04002   0.00521   0.03029   0.10421   0.02312   0.03821   0.13930   0.15992   0.02620   0.14735   0.23653   2.19295   0.37602  
 19 533.5646   7662.200068  x:  0.00134   0.10298   0.01706   0.00578   0.01858   0.00500   0.00350   0.00846   0.01721   0.02037   0.03390   0.06611   0.21911   0.38768   0.10765   0.16845   0.04955   0.00338   0.03342   0.11943   0.02428   0.03609   0.14145   0.15639   0.02329   0.14782   0.21983   2.39066   0.38184  
 20 621.9749   7659.642468  x:  0.00250   0.10602   0.01649   0.00616   0.01744   0.00487   0.00348   0.00873   0.00937   0.02550   0.03700   0.06632   0.21322   0.38735   0.11289   0.16983   0.04817   0.00360   0.03169   0.12410   0.02543   0.03734   0.14458   0.15842   0.02732   0.14905   0.21446   2.47751   0.38728  
 21 1154.8047   7656.738019  x:  0.00234   0.10584   0.01617   0.00533   0.01651   0.00471   0.00356   0.00813   0.01659   0.03050   0.04601   0.06849   0.20888   0.38073   0.11571   0.17063   0.03996   0.00389   0.02655   0.12664   0.02622   0.04017   0.15042   0.16474   0.03366   0.15126   0.21028   2.59787   0.39779  
 22 1409.8571   7652.614554  x:  0.00415   0.09877   0.01718   0.00598   0.01731   0.00475   0.00362   0.00858   0.01372   0.01813   0.04691   0.07165   0.21204   0.36262   0.11063   0.16930   0.03016   0.00411   0.02449   0.12248   0.02440   0.03998   0.15781   0.17589   0.03078   0.15308   0.21217   2.74478   0.41440  
 23 984.3689   7648.574288  x:  0.00383   0.08854   0.01676   0.00595   0.01767   0.00482   0.00360   0.00864   0.01434   0.02651   0.03800   0.07282   0.22261   0.33615   0.09988   0.16657   0.03454   0.00330   0.02929   0.11375   0.02385   0.03739   0.16384   0.18788   0.02379   0.15401   0.22057   2.90546   0.43446  
 24 1244.5687   7647.505075  x:  0.00237   0.09007   0.01690   0.00570   0.01740   0.00480   0.00352   0.00841   0.01429   0.02364   0.04178   0.06955   0.22982   0.32596   0.09734   0.16648   0.04389   0.00307   0.02944   0.11142   0.02482   0.03842   0.16176   0.18749   0.02837   0.15352   0.22720   2.94931   0.44010  
 25 371.2913   7646.928881  x:  0.00235   0.09676   0.01685   0.00577   0.01741   0.00480   0.00353   0.00845   0.01428   0.02457   0.04065   0.06663   0.23819   0.31782   0.09929   0.16842   0.03999   0.00344   0.02785   0.11258   0.02460   0.03880   0.15572   0.18089   0.02762   0.15156   0.23513   2.97246   0.44257  
 26 123.4268   7646.876766  x:  0.00240   0.09612   0.01678   0.00574   0.01736   0.00479   0.00353   0.00845   0.01430   0.02451   0.04133   0.06876   0.23933   0.31679   0.10043   0.16893   0.03978   0.00339   0.02936   0.11370   0.02486   0.03820   0.15501   0.17936   0.02769   0.15144   0.23630   2.97463   0.44252  
 27 33.8743   7646.866531  x:  0.00241   0.09522   0.01679   0.00574   0.01738   0.00479   0.00353   0.00845   0.01428   0.02450   0.04109   0.06929   0.23962   0.31649   0.10098   0.16912   0.04008   0.00344   0.02857   0.11414   0.02474   0.03852   0.15495   0.17876   0.02764   0.15152   0.23663   2.97508   0.44226  
 28 14.0114   7646.863889  x:  0.00245   0.09467   0.01681   0.00574   0.01737   0.00479   0.00353   0.00845   0.01428   0.02451   0.04117   0.06876   0.23968   0.31631   0.10118   0.16917   0.03999   0.00344   0.02866   0.11436   0.02478   0.03844   0.15520   0.17845   0.02765   0.15168   0.23675   2.97524   0.44186  
 29  4.8009   7646.859460  x:  0.00243   0.09503   0.01680   0.00575   0.01738   0.00479   0.00354   0.00846   0.01428   0.02451   0.04114   0.06892   0.23970   0.31578   0.10101   0.16906   0.04000   0.00342   0.02873   0.11424   0.02471   0.03868   0.15612   0.17816   0.02762   0.15212   0.23694   2.97567   0.44027  
 30  2.0432   7646.856516  x:  0.00241   0.09514   0.01680   0.00574   0.01737   0.00479   0.00353   0.00845   0.01428   0.02451   0.04118   0.06900   0.23971   0.31557   0.10101   0.16906   0.04003   0.00345   0.02847   0.11419   0.02489   0.03814   0.15620   0.17833   0.02762   0.15212   0.23698   2.97597   0.43955  
 31  3.8294   7646.833734  x:  0.00243   0.09491   0.01681   0.00575   0.01737   0.00477   0.00354   0.00846   0.01427   0.02452   0.04118   0.06890   0.23983   0.31485   0.10161   0.16942   0.03996   0.00339   0.02873   0.11443   0.02478   0.03858   0.15469   0.18072   0.02769   0.15099   0.23698   2.97830   0.43633  
 32  4.6908   7645.689585  x:  0.00058   0.09622   0.01693   0.00589   0.01724   0.00370   0.00367   0.00840   0.01350   0.02422   0.04117   0.06875   0.24699   0.33058   0.09364   0.16993   0.04062   0.00346   0.02826   0.12464   0.02559   0.03890   0.14817   0.18170   0.02526   0.16315   0.23388   3.09058   0.43378  
 33  4.6115   7645.077155  x:  0.00000   0.09634   0.01697   0.00593   0.01719   0.00337   0.00371   0.00836   0.01326   0.02413   0.04115   0.06866   0.24766   0.33581   0.09638   0.17052   0.04079   0.00352   0.02856   0.12133   0.02591   0.03901   0.14960   0.18055   0.02500   0.16129   0.23467   3.12526   0.43398  
 34 206.8319   7644.959363  x:  0.00000   0.09640   0.01699   0.00594   0.01717   0.00325   0.00372   0.00835   0.01319   0.02411   0.04113   0.06866   0.24500   0.33754   0.09394   0.16890   0.04084   0.00357   0.02819   0.12452   0.02603   0.03900   0.15185   0.17969   0.02514   0.15545   0.23813   3.13702   0.43428  
 35 41.8073   7644.953586  x:  0.00000   0.09642   0.01699   0.00594   0.01717   0.00325   0.00372   0.00835   0.01318   0.02411   0.04113   0.06866   0.24356   0.33764   0.09412   0.16878   0.04083   0.00357   0.02822   0.12439   0.02604   0.03900   0.15144   0.17993   0.02502   0.15621   0.23974   3.13758   0.43437  
 36  4.6856   7644.917081  x:  0.00000   0.09631   0.01700   0.00596   0.01717   0.00328   0.00373   0.00835   0.01316   0.02408   0.04111   0.06866   0.24269   0.33820   0.09273   0.17395   0.04093   0.00358   0.02827   0.12373   0.02608   0.03900   0.15187   0.17959   0.02501   0.15577   0.24009   3.14462   0.43457  
 37  0.2770   7643.956717  x:  0.00000   0.09681   0.01708   0.00631   0.01697   0.00413   0.00381   0.00858   0.01263   0.02389   0.04104   0.06855   0.24345   0.35245   0.10124   0.16976   0.04121   0.00374   0.02904   0.11422   0.02706   0.03931   0.15474   0.17626   0.02472   0.15051   0.24112   3.33126   0.43989  
 38 15.7927   7643.898978  x:  0.00000   0.09604   0.01699   0.00635   0.01678   0.00349   0.00393   0.00868   0.01287   0.02401   0.04119   0.06861   0.24269   0.35114   0.10159   0.16985   0.04049   0.00377   0.02895   0.11496   0.02693   0.03928   0.15479   0.17674   0.02485   0.15143   0.23974   3.36730   0.44106  
 39  0.0355   7643.895618  x:  0.00000   0.09603   0.01699   0.00630   0.01681   0.00360   0.00393   0.00864   0.01293   0.02394   0.04115   0.06863   0.24226   0.35059   0.10150   0.16976   0.04042   0.00379   0.02892   0.11542   0.02681   0.03924   0.15470   0.17667   0.02485   0.15147   0.23948   3.37635   0.44105  
 40  0.0081   7643.895508  x:  0.00000   0.09610   0.01699   0.00629   0.01681   0.00359   0.00393   0.00863   0.01294   0.02393   0.04115   0.06864   0.24225   0.35047   0.10146   0.16979   0.04047   0.00378   0.02892   0.11532   0.02679   0.03923   0.15465   0.17665   0.02488   0.15147   0.23944   3.37770   0.44113  
 41  0.0014   7643.895506  x:  0.00000   0.09609   0.01698   0.00629   0.01681   0.00359   0.00393   0.00864   0.01294   0.02393   0.04115   0.06863   0.24225   0.35046   0.10145   0.16979   0.04047   0.00378   0.02892   0.11532   0.02679   0.03924   0.15465   0.17664   0.02488   0.15146   0.23944   3.37765   0.44113  
 42  0.0000   7643.895506  x:  0.00000   0.09609   0.01699   0.00629   0.01681   0.00359   0.00393   0.00863   0.01294   0.02393   0.04115   0.06864   0.24225   0.35046   0.10145   0.16979   0.04047   0.00378   0.02892   0.11532   0.02679   0.03924   0.15465   0.17665   0.02488   0.15147   0.23944   3.37767   0.44113  
 43  0.0000   7643.895506  x:  0.00000   0.09609   0.01699   0.00629   0.01681   0.00359   0.00393   0.00863   0.01294   0.02393   0.04115   0.06864   0.24225   0.35046   0.10145   0.16979   0.04047   0.00378   0.02892   0.11532   0.02679   0.03924   0.15465   0.17665   0.02488   0.15147   0.23944   3.37766   0.44113  
 44  0.0000   7643.895506  x:  0.00000   0.09609   0.01699   0.00629   0.01681   0.00359   0.00393   0.00863   0.01294   0.02393   0.04115   0.06864   0.24225   0.35046   0.10145   0.16979   0.04047   0.00378   0.02892   0.11532   0.02679   0.03924   0.15465   0.17665   0.02488   0.15147   0.23944   3.37766   0.44113  
 45  0.0000   7643.895506  x:  0.00000   0.09609   0.01699   0.00629   0.01681   0.00359   0.00393   0.00863   0.01294   0.02393   0.04115   0.06864   0.24225   0.35046   0.10145   0.16979   0.04047   0.00378   0.02892   0.11532   0.02679   0.03924   0.15465   0.17665   0.02488   0.15147   0.23944   3.37766   0.44113  
 46  0.0000   7643.895506  x:  0.00000   0.09609   0.01699   0.00629   0.01681   0.00359   0.00393   0.00863   0.01294   0.02393   0.04115   0.06864   0.24225   0.35046   0.10145   0.16979   0.04047   0.00378   0.02892   0.11532   0.02679   0.03924   0.15465   0.17665   0.02488   0.15147   0.23944   3.37766   0.44113  
 47  0.0000   7643.895506  x:  0.00000   0.09609   0.01699   0.00629   0.01681   0.00359   0.00393   0.00863   0.01294   0.02393   0.04115   0.06864   0.24225   0.35046   0.10145   0.16979   0.04047   0.00378   0.02892   0.11532   0.02679   0.03924   0.15465   0.17665   0.02488   0.15147   0.23944   3.37766   0.44113  
 48  0.0000   7643.895506  x:  0.00000   0.09609   0.01699   0.00629   0.01681   0.00359   0.00393   0.00863   0.01294   0.02393   0.04115   0.06864   0.24225   0.35046   0.10145   0.16979   0.04047   0.00378   0.02892   0.11532   0.02679   0.03924   0.15465   0.17665   0.02488   0.15147   0.23944   3.37766   0.44113  
check convergence!


Model 1: NearlyNeutral

TREE # 1

  0  0.0000   7581.741920  x:  0.00000   0.09577   0.01037   0.00749   0.01369   0.00958   0.00557   0.01152   0.01421   0.02720   0.04475   0.07677   0.21866   0.29861   0.09082   0.17021   0.03070   0.00925   0.02036   0.10429   0.02851   0.04121   0.14284   0.16103   0.02238   0.15491   0.21527   3.37766   0.87929   0.27339  
  1 99.0000   7576.719513  x:  0.00089   0.09582   0.01463   0.00562   0.01533   0.00259   0.00226   0.00838   0.01298   0.02572   0.04374   0.07564   0.21953   0.29999   0.09157   0.17013   0.03290   0.00635   0.02273   0.10519   0.02762   0.04034   0.14346   0.16166   0.02251   0.15457   0.21619   3.37762   0.87510   0.27062  
  2 639.5120   7574.529924  x:  0.00155   0.09577   0.01805   0.00477   0.01705   0.00156   0.00683   0.00641   0.01173   0.02377   0.04233   0.07387   0.22086   0.30217   0.09270   0.17000   0.03578   0.00293   0.02575   0.10654   0.02642   0.03918   0.14439   0.16268   0.02262   0.15405   0.21761   3.37756   0.86856   0.26613  
  3 689.9197   7572.435030  x:  0.00194   0.09567   0.02168   0.00442   0.01870   0.00489   0.00663   0.00526   0.01085   0.02160   0.04064   0.07168   0.22256   0.30496   0.09412   0.16983   0.03916   0.00000   0.02929   0.10822   0.02505   0.03785   0.14558   0.16401   0.02274   0.15341   0.21943   3.37748   0.86017   0.26031  
  4 1452.3329   7565.986933  x:  0.00000   0.09495   0.02644   0.00955   0.02091   0.00494   0.00663   0.01511   0.01219   0.01671   0.03551   0.06409   0.22884   0.31552   0.09921   0.16919   0.04919   0.00174   0.04019   0.11411   0.02155   0.03439   0.15001   0.16936   0.02302   0.15115   0.22619   3.37717   0.82867   0.23763  
  5 1237.8455   7553.894657  x:  0.00000   0.09358   0.01389   0.00380   0.01542   0.00470   0.00637   0.00828   0.01554   0.02625   0.03269   0.05464   0.24115   0.33686   0.10777   0.16826   0.05768   0.00731   0.04691   0.12290   0.02546   0.03589   0.15791   0.17934   0.02206   0.14770   0.23938   3.37654   0.76605   0.18991  
  6 952.4128   7550.000077  x:  0.00000   0.09351   0.01067   0.01265   0.01430   0.00383   0.00546   0.00556   0.01368   0.02887   0.03690   0.05624   0.24635   0.34643   0.11044   0.16817   0.05595   0.00250   0.04324   0.12500   0.02813   0.03838   0.16074   0.18289   0.02132   0.14712   0.24497   3.37626   0.73828   0.16855  
  7 1085.5759   7547.090946  x:  0.00000   0.09380   0.01184   0.01112   0.01433   0.00379   0.00535   0.00821   0.01283   0.02942   0.03971   0.05902   0.24866   0.35096   0.11118   0.16830   0.05308   0.00000   0.03920   0.12526   0.02924   0.03989   0.16182   0.18428   0.02112   0.14735   0.24746   3.37612   0.72518   0.15886  
  8 1079.7245   7544.471558  x:  0.00000   0.09498   0.01576   0.01029   0.01788   0.00421   0.00615   0.00564   0.01390   0.02437   0.04304   0.06583   0.25165   0.35773   0.11107   0.16898   0.04607   0.00609   0.03211   0.12443   0.02735   0.04053   0.16304   0.18610   0.02200   0.14910   0.25074   3.37593   0.70539   0.14689  
  9 654.9978   7543.787841  x:  0.00000   0.09629   0.01260   0.00955   0.01746   0.00390   0.00576   0.00561   0.01363   0.02092   0.04088   0.06789   0.25224   0.36019   0.10985   0.16987   0.04296   0.00498   0.03046   0.12320   0.02464   0.03876   0.16300   0.18595   0.02280   0.15106   0.25145   3.37588   0.69783   0.14697  
 10 196.2181   7543.320352  x:  0.00000   0.09859   0.01421   0.01034   0.01637   0.00396   0.00592   0.00551   0.01390   0.02381   0.03768   0.06936   0.25235   0.36299   0.10727   0.17158   0.04028   0.00503   0.03061   0.12105   0.02433   0.03748   0.16248   0.18507   0.02352   0.15444   0.25165   3.37586   0.68940   0.15060  
 11 132.0576   7543.081656  x:  0.00000   0.10034   0.01354   0.01020   0.01840   0.00402   0.00588   0.00576   0.01348   0.02362   0.03883   0.06937   0.25214   0.36514   0.10500   0.17343   0.04069   0.00529   0.03188   0.11941   0.02677   0.03863   0.16192   0.18411   0.02338   0.15731   0.25145   3.37590   0.68388   0.15413  
 12 101.4169   7543.016412  x:  0.00000   0.10079   0.01384   0.01014   0.01710   0.00402   0.00595   0.00561   0.01405   0.02307   0.04029   0.06918   0.25196   0.36608   0.10421   0.17452   0.04166   0.00528   0.03207   0.11894   0.02660   0.03915   0.16169   0.18368   0.02302   0.15846   0.25126   3.37595   0.68232   0.15516  
 13 59.6319   7542.997912  x:  0.00000   0.10074   0.01377   0.01009   0.01727   0.00402   0.00594   0.00564   0.01358   0.02346   0.04073   0.06907   0.25179   0.36672   0.10391   0.17544   0.04229   0.00540   0.03186   0.11892   0.02575   0.03916   0.16158   0.18346   0.02280   0.15909   0.25108   3.37602   0.68204   0.15519  
 14 24.7957   7542.984831  x:  0.00000   0.10045   0.01376   0.01011   0.01764   0.00399   0.00594   0.00561   0.01414   0.02356   0.04051   0.06900   0.25154   0.36760   0.10365   0.17672   0.04268   0.00514   0.03163   0.11908   0.02561   0.03919   0.16150   0.18320   0.02268   0.15977   0.25083   3.37615   0.68208   0.15485  
 15 20.1266   7542.969054  x:  0.00000   0.10001   0.01392   0.01010   0.01744   0.00398   0.00595   0.00556   0.01375   0.02325   0.03997   0.06893   0.25118   0.36894   0.10333   0.17853   0.04287   0.00515   0.03163   0.11943   0.02603   0.03922   0.16143   0.18291   0.02268   0.16063   0.25049   3.37636   0.68225   0.15425  
 16 32.0195   7542.963932  x:  0.00000   0.09997   0.01393   0.01005   0.01747   0.00398   0.00595   0.00553   0.01377   0.02330   0.04029   0.06892   0.25106   0.36969   0.10322   0.17904   0.04244   0.00503   0.03226   0.11964   0.02598   0.03893   0.16152   0.18293   0.02281   0.16061   0.25040   3.37654   0.68234   0.15408  
 17  8.7483   7542.956836  x:  0.00000   0.10044   0.01405   0.01002   0.01757   0.00396   0.00596   0.00546   0.01371   0.02321   0.04010   0.06886   0.25110   0.37147   0.10313   0.17894   0.04254   0.00484   0.03240   0.11972   0.02581   0.03931   0.16185   0.18339   0.02273   0.15954   0.25045   3.37714   0.68227   0.15437  
 18  4.6528   7542.954627  x:  0.00000   0.10045   0.01408   0.01000   0.01760   0.00395   0.00597   0.00544   0.01370   0.02321   0.04018   0.06889   0.25118   0.37198   0.10319   0.17873   0.04282   0.00479   0.03225   0.11968   0.02595   0.03894   0.16191   0.18351   0.02298   0.15938   0.25053   3.37744   0.68222   0.15448  
 19  5.7933   7542.950608  x:  0.00000   0.09980   0.01416   0.00996   0.01765   0.00393   0.00597   0.00540   0.01367   0.02317   0.04014   0.06897   0.25154   0.37236   0.10362   0.17783   0.04291   0.00468   0.03249   0.11951   0.02592   0.03894   0.16179   0.18344   0.02268   0.16006   0.25080   3.37847   0.68203   0.15455  
 20  2.6853   7542.947465  x:  0.00000   0.10002   0.01420   0.00995   0.01767   0.00393   0.00597   0.00539   0.01365   0.02316   0.04013   0.06875   0.25175   0.37225   0.10380   0.17751   0.04290   0.00460   0.03256   0.11958   0.02579   0.03923   0.16170   0.18332   0.02315   0.16052   0.25098   3.37954   0.68194   0.15440  
 21  3.9687   7542.934526  x:  0.00000   0.10156   0.01432   0.00989   0.01776   0.00390   0.00597   0.00535   0.01360   0.02306   0.04010   0.06834   0.25228   0.37118   0.10404   0.17731   0.04290   0.00447   0.03254   0.12009   0.02589   0.03881   0.16156   0.18297   0.02250   0.16124   0.25138   3.38433   0.68145   0.15380  
 22  8.5982   7542.884430  x:  0.00000   0.10165   0.01431   0.00965   0.01778   0.00387   0.00594   0.00532   0.01356   0.02317   0.03994   0.07063   0.25300   0.36733   0.10390   0.17871   0.04408   0.00406   0.03350   0.12102   0.02583   0.03909   0.16189   0.18304   0.02281   0.16055   0.25212   3.40356   0.67884   0.15325  
 23 19.0182   7542.807752  x:  0.00000   0.09948   0.01486   0.00942   0.01802   0.00381   0.00589   0.00530   0.01338   0.02296   0.04027   0.06852   0.25331   0.36341   0.10359   0.18069   0.04339   0.00362   0.03275   0.12085   0.02581   0.03900   0.16255   0.18388   0.02297   0.15898   0.25258   3.43277   0.67506   0.15333  
 24 74.1048   7542.561209  x:  0.00000   0.10059   0.01482   0.00887   0.01771   0.00381   0.00562   0.00586   0.01338   0.02317   0.04025   0.06896   0.25028   0.36804   0.10277   0.17911   0.04332   0.00327   0.03323   0.11475   0.02592   0.03908   0.16283   0.18615   0.02286   0.15984   0.24971   3.52696   0.67285   0.14909  
 25 49.4161   7542.405831  x:  0.00000   0.10039   0.01478   0.00858   0.01751   0.00383   0.00546   0.00627   0.01346   0.02344   0.04087   0.06978   0.25019   0.37405   0.10401   0.17756   0.04248   0.00352   0.03155   0.12092   0.02615   0.03943   0.16201   0.18456   0.02276   0.16031   0.24963   3.58577   0.67143   0.15058  
 26 114.9399   7542.382623  x:  0.00000   0.10044   0.01474   0.00855   0.01746   0.00384   0.00544   0.00635   0.01349   0.02350   0.04094   0.06989   0.25328   0.37543   0.10425   0.17884   0.04230   0.00366   0.03150   0.12001   0.02621   0.03947   0.16238   0.18326   0.02271   0.15993   0.25252   3.59251   0.67230   0.15094  
 27 12.4082   7542.369760  x:  0.00000   0.10031   0.01475   0.00853   0.01745   0.00384   0.00542   0.00639   0.01349   0.02352   0.04096   0.06991   0.25426   0.37561   0.10246   0.17876   0.04229   0.00359   0.03142   0.12058   0.02622   0.03950   0.16258   0.18507   0.02259   0.16070   0.25363   3.59164   0.67270   0.15090  
 28  2.1847   7542.234757  x:  0.00000   0.10152   0.01491   0.00814   0.01741   0.00382   0.00526   0.00669   0.01349   0.02375   0.04147   0.07072   0.25465   0.37628   0.10793   0.18144   0.04193   0.00318   0.03107   0.12077   0.02642   0.03988   0.16276   0.19187   0.02242   0.16294   0.25555   3.56714   0.67136   0.15173  
 29  5.3379   7541.470560  x:  0.00000   0.10072   0.01607   0.00586   0.01725   0.00361   0.00441   0.00805   0.01315   0.02411   0.04221   0.07144   0.25414   0.37926   0.10549   0.17910   0.04209   0.00177   0.03034   0.12125   0.02683   0.04029   0.16462   0.18563   0.02240   0.16075   0.25699   3.42803   0.66092   0.14375  
 30 55.1947   7541.464648  x:  0.00000   0.10067   0.01607   0.00584   0.01724   0.00361   0.00441   0.00806   0.01315   0.02411   0.04220   0.07143   0.25570   0.37931   0.10545   0.17921   0.04206   0.00176   0.03040   0.12122   0.02682   0.04030   0.16343   0.18586   0.02247   0.16046   0.25551   3.42691   0.66079   0.14362  
 31  5.0688   7541.464371  x:  0.00000   0.10068   0.01607   0.00584   0.01724   0.00361   0.00441   0.00806   0.01315   0.02411   0.04221   0.07144   0.25591   0.37930   0.10548   0.17920   0.04206   0.00176   0.03038   0.12124   0.02682   0.04030   0.16380   0.18585   0.02248   0.16054   0.25525   3.42686   0.66080   0.14365  
 32  0.9179   7541.394156  x:  0.00000   0.10068   0.01657   0.00628   0.01730   0.00368   0.00400   0.00849   0.01315   0.02438   0.04238   0.07176   0.25557   0.37892   0.10489   0.17903   0.04166   0.00305   0.02998   0.12084   0.02702   0.04047   0.16357   0.18504   0.02255   0.16031   0.25490   3.41218   0.66018   0.14329  
 33  0.0242   7541.388824  x:  0.00000   0.10078   0.01678   0.00630   0.01733   0.00367   0.00398   0.00875   0.01328   0.02449   0.04239   0.07188   0.25536   0.37913   0.10472   0.17911   0.04164   0.00284   0.03002   0.12069   0.02705   0.04054   0.16355   0.18508   0.02260   0.16045   0.25484   3.41988   0.66024   0.14365  
 34  0.0060   7541.388469  x:  0.00000   0.10078   0.01677   0.00625   0.01731   0.00368   0.00402   0.00881   0.01323   0.02449   0.04241   0.07188   0.25536   0.37905   0.10476   0.17913   0.04163   0.00286   0.03000   0.12069   0.02706   0.04053   0.16355   0.18513   0.02258   0.16046   0.25484   3.41926   0.66029   0.14358  
 35  0.0006   7541.388433  x:  0.00000   0.10077   0.01674   0.00627   0.01731   0.00367   0.00401   0.00882   0.01322   0.02449   0.04241   0.07187   0.25536   0.37902   0.10477   0.17912   0.04163   0.00286   0.03000   0.12069   0.02706   0.04053   0.16354   0.18513   0.02258   0.16045   0.25483   3.41888   0.66034   0.14358  
 36  0.0003   7541.388431  x:  0.00000   0.10077   0.01673   0.00627   0.01731   0.00367   0.00401   0.00882   0.01323   0.02449   0.04241   0.07187   0.25536   0.37902   0.10477   0.17912   0.04163   0.00286   0.03000   0.12069   0.02706   0.04053   0.16355   0.18513   0.02258   0.16044   0.25483   3.41905   0.66033   0.14358  
 37  0.0002   7541.388431  x:  0.00000   0.10077   0.01673   0.00627   0.01731   0.00367   0.00402   0.00882   0.01323   0.02449   0.04241   0.07187   0.25536   0.37903   0.10477   0.17912   0.04163   0.00286   0.03000   0.12069   0.02706   0.04053   0.16355   0.18513   0.02258   0.16045   0.25483   3.41904   0.66032   0.14358  
 38  0.0000   7541.388431  x:  0.00000   0.10077   0.01673   0.00627   0.01731   0.00367   0.00401   0.00882   0.01323   0.02449   0.04241   0.07187   0.25536   0.37903   0.10477   0.17912   0.04163   0.00286   0.03000   0.12069   0.02706   0.04053   0.16355   0.18513   0.02258   0.16045   0.25483   3.41905   0.66032   0.14358  
 39  0.0000   7541.388431  x:  0.00000   0.10077   0.01673   0.00627   0.01731   0.00367   0.00401   0.00882   0.01323   0.02449   0.04241   0.07187   0.25536   0.37903   0.10477   0.17912   0.04163   0.00286   0.03000   0.12069   0.02706   0.04053   0.16355   0.18513   0.02258   0.16045   0.25483   3.41905   0.66032   0.14358  

Model 2: PositiveSelection

TREE # 1

  0  0.0000   7627.328166  x:  0.00000   0.09017   0.01000   0.00701   0.01279   0.01087   0.01055   0.01661   0.02031   0.02867   0.03948   0.07205   0.20712   0.29545   0.09672   0.17102   0.03510   0.01091   0.02641   0.09875   0.03006   0.04424   0.13293   0.16213   0.01619   0.14339   0.20514   3.41905   1.13559   0.52284   0.46449   2.44668  
  1 99.0000   7617.864870  x:  0.00214   0.09174   0.01695   0.00644   0.01655   0.00231   0.00298   0.01024   0.01613   0.02713   0.04073   0.07227   0.20964   0.29787   0.09774   0.17172   0.03763   0.00802   0.02781   0.10123   0.02918   0.04313   0.13528   0.16353   0.02067   0.14491   0.20778   3.41934   1.13670   0.52245   0.45984   2.44661  
  2 775.2625   7614.594956  x:  0.00322   0.09367   0.02030   0.00621   0.01916   0.00686   0.00438   0.00549   0.01171   0.02524   0.04212   0.07243   0.21335   0.30155   0.09923   0.17278   0.04039   0.00508   0.02950   0.10474   0.02812   0.04179   0.13874   0.16567   0.02499   0.14705   0.21165   3.41978   1.13845   0.52185   0.45254   2.44649  
  3 615.4380   7606.925348  x:  0.00173   0.10067   0.02253   0.00681   0.02240   0.00616   0.00953   0.01728   0.00672   0.01990   0.04635   0.07299   0.22862   0.31706   0.10529   0.17725   0.04897   0.00077   0.03513   0.11850   0.02508   0.03777   0.15280   0.17473   0.03640   0.15550   0.22749   3.42167   1.14600   0.51920   0.42083   2.44597  
  4 796.6589   7599.026685  x:  0.00000   0.10524   0.02201   0.00691   0.02303   0.00705   0.00942   0.01805   0.01272   0.01881   0.04850   0.07350   0.23935   0.32823   0.10941   0.18049   0.05382   0.00400   0.03829   0.12755   0.02418   0.03630   0.16247   0.18124   0.04201   0.16124   0.23855   3.42307   1.15158   0.51721   0.39721   2.44559  
  5 1954.1883   7580.777395  x:  0.00000   0.11533   0.00757   0.00756   0.01416   0.00646   0.00397   0.01374   0.01065   0.03033   0.04964   0.07580   0.26797   0.35971   0.11949   0.18979   0.05869   0.00000   0.03895   0.14750   0.02997   0.04047   0.18630   0.19823   0.04220   0.17518   0.26754   3.42721   1.16824   0.51104   0.32524   2.44451  
  6 1737.2664   7580.777395  x:  0.00000   0.11533   0.00757   0.00756   0.01416   0.00646   0.00397   0.01374   0.01065   0.03033   0.04964   0.07580   0.26797   0.35971   0.11949   0.18979   0.05869   0.00000   0.03895   0.14750   0.02997   0.04047   0.18630   0.19823   0.04220   0.17518   0.26754   3.42721   1.16824   0.51104   0.32524   2.44451  
  7 1809.9801   7576.067761  x:  0.00000   0.11494   0.01814   0.00721   0.01755   0.00213   0.00483   0.01039   0.01466   0.02924   0.04899   0.07656   0.26823   0.36072   0.11919   0.19008   0.05695   0.00321   0.03770   0.14638   0.02992   0.04141   0.18591   0.19843   0.03942   0.17497   0.26771   3.42744   1.16923   0.51061   0.32064   2.44442  
  8 634.6346   7574.655564  x:  0.00000   0.11446   0.02251   0.00688   0.01950   0.00691   0.00460   0.00845   0.01631   0.02822   0.04835   0.07709   0.26851   0.36180   0.11891   0.19040   0.05516   0.00505   0.03629   0.14523   0.02990   0.04225   0.18549   0.19857   0.03660   0.17479   0.26792   3.42768   1.17028   0.51015   0.31577   2.44433  
  9 658.6894   7567.096763  x:  0.00000   0.11058   0.02144   0.00603   0.02315   0.00599   0.00162   0.01171   0.01328   0.02201   0.04396   0.07980   0.27096   0.37053   0.11689   0.19304   0.04193   0.00599   0.02533   0.13659   0.02999   0.04733   0.18223   0.19941   0.01611   0.17368   0.26987   3.42960   1.17884   0.50642   0.27651   2.44356  
 10 426.3053   7565.893903  x:  0.00000   0.10965   0.02080   0.00609   0.02368   0.00596   0.00455   0.01206   0.01269   0.02095   0.04301   0.08042   0.27159   0.37279   0.11638   0.19371   0.03893   0.00617   0.02302   0.13447   0.02996   0.04840   0.18141   0.19962   0.01180   0.17348   0.27040   3.43010   1.18110   0.50545   0.26630   2.44334  
 11 2674.1564   7559.438341  x:  0.00000   0.10656   0.01642   0.00999   0.02011   0.00490   0.00433   0.00429   0.01632   0.02589   0.04203   0.08211   0.27464   0.38367   0.11420   0.19660   0.03320   0.00740   0.02239   0.12660   0.02903   0.04945   0.17800   0.20058   0.01375   0.17423   0.27371   3.43268   1.19279   0.50066   0.21645   2.44188  
 12 643.1975   7554.735467  x:  0.00000   0.10428   0.01736   0.01005   0.01735   0.00555   0.00466   0.01059   0.02006   0.03025   0.04214   0.08347   0.27765   0.39438   0.11224   0.19934   0.03117   0.00903   0.02461   0.11991   0.02820   0.04951   0.17496   0.20155   0.01935   0.17527   0.27708   3.43528   1.20461   0.49594   0.16780   2.44025  
 13 2058.4919   7552.842246  x:  0.00000   0.10463   0.01852   0.00491   0.01902   0.00551   0.00480   0.00893   0.01569   0.02828   0.04347   0.08330   0.27897   0.39895   0.11186   0.20043   0.03550   0.00691   0.02731   0.11912   0.02861   0.04851   0.17435   0.20198   0.02081   0.17580   0.27855   3.43648   1.20997   0.49410   0.15025   2.43919  
 14 526.2808   7552.360977  x:  0.00000   0.10528   0.01939   0.00786   0.02021   0.00565   0.00475   0.00891   0.01387   0.02646   0.04439   0.08294   0.27953   0.40095   0.11188   0.20084   0.03831   0.00573   0.02857   0.11975   0.02896   0.04776   0.17443   0.20217   0.02046   0.17602   0.27916   3.43707   1.21250   0.49342   0.14490   2.43849  
 15 298.5042   7552.073610  x:  0.00000   0.10676   0.01819   0.00783   0.01984   0.00558   0.00469   0.00889   0.01697   0.02477   0.04495   0.08190   0.28028   0.40392   0.11225   0.20136   0.04098   0.00574   0.02920   0.12228   0.02938   0.04663   0.17518   0.20251   0.01825   0.17635   0.27995   3.43810   1.21660   0.49273   0.14268   2.43700  
 16 99.7885   7551.509651  x:  0.00000   0.11097   0.01906   0.00783   0.01771   0.00563   0.00454   0.00888   0.01539   0.02845   0.04458   0.07956   0.28271   0.41424   0.11353   0.20301   0.04139   0.00793   0.02770   0.13049   0.02977   0.04508   0.17806   0.20373   0.01540   0.17797   0.28279   3.44199   1.23164   0.49056   0.14152   2.43119  
 17 98.9347   7550.767251  x:  0.00000   0.11501   0.01877   0.00775   0.02132   0.00570   0.00464   0.00904   0.01630   0.02866   0.04394   0.07834   0.28620   0.42947   0.11502   0.20531   0.03737   0.00501   0.02458   0.13927   0.03001   0.04563   0.18182   0.20534   0.01787   0.18068   0.28717   3.44812   1.25516   0.48728   0.14214   2.42205  
 18 237.3225   7550.189114  x:  0.00000   0.11539   0.01817   0.00788   0.02008   0.00552   0.00476   0.00886   0.01542   0.02418   0.04411   0.08043   0.28896   0.44188   0.11552   0.20691   0.03484   0.00808   0.02591   0.14149   0.02952   0.04835   0.18423   0.20685   0.02003   0.18254   0.29058   3.45391   1.27701   0.48428   0.14460   2.41357  
 19 228.2214   7549.030431  x:  0.00000   0.11138   0.01959   0.00782   0.01716   0.00584   0.00470   0.00879   0.01612   0.02585   0.04553   0.08788   0.29388   0.46494   0.11498   0.20921   0.03661   0.00371   0.02920   0.13580   0.02822   0.05287   0.18672   0.20940   0.01750   0.18447   0.29631   3.46676   1.32501   0.47776   0.15233   2.39502  
 20 268.0994   7548.452941  x:  0.00000   0.10871   0.01767   0.00786   0.02129   0.00558   0.00469   0.00909   0.01616   0.02832   0.04585   0.08994   0.29590   0.47562   0.11418   0.20991   0.03927   0.00631   0.02958   0.13066   0.02815   0.05251   0.18699   0.21052   0.01671   0.18496   0.29860   3.47413   1.35233   0.47403   0.15667   2.38451  
 21 418.5812   7547.618107  x:  0.00000   0.10619   0.01859   0.00784   0.01936   0.00561   0.00470   0.00896   0.01583   0.02620   0.04406   0.08528   0.29626   0.48379   0.11203   0.20921   0.04065   0.00657   0.02467   0.12153   0.03069   0.04453   0.18422   0.21036   0.01844   0.18395   0.29895   3.48542   1.39347   0.46835   0.16215   2.36881  
 22 212.1102   7546.449412  x:  0.00000   0.10591   0.01901   0.00765   0.02013   0.00561   0.00457   0.00883   0.01547   0.02600   0.04362   0.07347   0.29175   0.48341   0.10792   0.20518   0.03492   0.00552   0.03267   0.11552   0.03060   0.04106   0.17710   0.20645   0.01638   0.17885   0.29379   3.50365   1.45898   0.45925   0.16771   2.34380  
 23 218.7619   7543.639875  x:  0.00000   0.10838   0.01897   0.00749   0.01863   0.00541   0.00454   0.00850   0.01527   0.02530   0.04322   0.06378   0.27489   0.46522   0.10003   0.19259   0.03910   0.00607   0.02657   0.11388   0.02643   0.05300   0.15877   0.19318   0.01815   0.16496   0.27491   3.54965   1.62320   0.43648   0.17613   2.28067  
 24 425.2421   7540.851479  x:  0.00000   0.10611   0.01840   0.00710   0.01874   0.00528   0.00436   0.00815   0.01482   0.02404   0.04002   0.07867   0.25661   0.43609   0.09812   0.18141   0.03561   0.00602   0.02620   0.12012   0.02627   0.04254   0.14877   0.18109   0.01754   0.15470   0.25461   3.59686   1.79104   0.41352   0.18214   2.21524  
 25 682.9007   7539.703886  x:  0.00000   0.09816   0.01856   0.00695   0.01834   0.00525   0.00429   0.00801   0.01488   0.02431   0.04405   0.07584   0.25258   0.41324   0.10496   0.18151   0.03428   0.00606   0.02478   0.11931   0.03125   0.04376   0.15993   0.18243   0.01658   0.15967   0.25056   3.61723   1.86245   0.40446   0.18307   2.18568  
 26 238.9764   7539.279349  x:  0.00000   0.09663   0.01865   0.00703   0.01835   0.00525   0.00425   0.00793   0.01483   0.02380   0.04090   0.07427   0.25280   0.40338   0.10700   0.18227   0.03479   0.00569   0.02455   0.11821   0.02559   0.04330   0.16483   0.18419   0.01615   0.16244   0.25109   3.62456   1.88771   0.40154   0.18333   2.17460  
 27 272.0407   7539.132721  x:  0.00000   0.09969   0.01854   0.00713   0.01839   0.00525   0.00426   0.00792   0.01489   0.02391   0.03834   0.07489   0.25564   0.39774   0.10514   0.18296   0.03490   0.00559   0.02517   0.11706   0.02727   0.04407   0.16515   0.18597   0.01596   0.16341   0.25458   3.62739   1.89658   0.40111   0.18354   2.16942  
 28 60.4022   7539.074863  x:  0.00153   0.09989   0.01854   0.00711   0.01838   0.00525   0.00426   0.00792   0.01488   0.02390   0.03890   0.07495   0.25596   0.39736   0.10493   0.18304   0.03477   0.00561   0.02505   0.11703   0.02705   0.04395   0.16500   0.18609   0.01593   0.16341   0.25497   3.62755   1.89700   0.40116   0.18356   2.16903  
 29 76.5676   7539.005538  x:  0.00111   0.10150   0.01850   0.00705   0.01836   0.00525   0.00424   0.00792   0.01488   0.02390   0.04083   0.07543   0.25854   0.39355   0.10323   0.18366   0.03422   0.00570   0.02467   0.11668   0.02648   0.04356   0.16413   0.18725   0.01569   0.16363   0.25829   3.62931   1.90194   0.40134   0.18372   2.16526  
 30 73.9597   7538.969100  x:  0.00121   0.09895   0.01857   0.00705   0.01834   0.00524   0.00424   0.00791   0.01487   0.02387   0.04051   0.07505   0.26033   0.39201   0.10327   0.18435   0.03436   0.00570   0.02468   0.11819   0.02659   0.04355   0.16204   0.18702   0.01568   0.16278   0.26086   3.63025   1.90311   0.40256   0.18369   2.16188  
 31 16.8301   7538.880100  x:  0.00113   0.10053   0.01853   0.00705   0.01832   0.00523   0.00424   0.00790   0.01488   0.02389   0.04053   0.07511   0.26085   0.39082   0.10804   0.18496   0.03413   0.00585   0.02480   0.11634   0.02657   0.04357   0.16097   0.18257   0.01565   0.16119   0.26303   3.63462   1.90125   0.41391   0.18221   2.13916  
 32  9.0395   7538.224287  x:  0.00109   0.09725   0.01851   0.00693   0.01804   0.00514   0.00418   0.00775   0.01478   0.02369   0.03989   0.07370   0.25667   0.38709   0.10082   0.17613   0.03356   0.00573   0.02443   0.11376   0.02642   0.04298   0.16269   0.17650   0.01532   0.16086   0.26224   3.66690   1.88145   0.50239   0.16966   1.96553  
 33 68.8023   7538.012325  x:  0.00106   0.09761   0.01845   0.00691   0.01796   0.00512   0.00417   0.00771   0.01476   0.02367   0.03985   0.07348   0.25475   0.38583   0.10259   0.18013   0.03327   0.00548   0.02456   0.11281   0.02638   0.04300   0.15783   0.18431   0.01553   0.15958   0.25694   3.67752   1.87483   0.53194   0.16585   1.90717  
 34 129.0035   7538.002813  x:  0.00102   0.09755   0.01845   0.00691   0.01796   0.00512   0.00417   0.00772   0.01476   0.02367   0.03984   0.07345   0.25591   0.38566   0.10162   0.18223   0.03330   0.00549   0.02456   0.11282   0.02639   0.04298   0.15817   0.18328   0.01560   0.15946   0.25548   3.67760   1.87466   0.53279   0.16581   1.90489  
 35  5.5612   7537.849099  x:  0.00085   0.09784   0.01838   0.00686   0.01795   0.00507   0.00418   0.00774   0.01466   0.02365   0.04000   0.07331   0.26526   0.38473   0.10444   0.17585   0.03355   0.00534   0.02483   0.11340   0.02642   0.04283   0.15778   0.18401   0.01602   0.15988   0.24995   3.66009   1.87406   0.52503   0.16706   1.88630  
 36  0.9384   7536.349901  x:  0.00040   0.10039   0.01769   0.00642   0.01777   0.00454   0.00436   0.00803   0.01361   0.02353   0.04135   0.07145   0.25494   0.37795   0.10389   0.17810   0.03802   0.00415   0.02725   0.11907   0.02699   0.04049   0.16331   0.18413   0.01922   0.15544   0.25369   3.48876   1.86586   0.44703   0.18115   1.71311  
 37 41.1467   7536.314056  x:  0.00040   0.10048   0.01768   0.00641   0.01777   0.00453   0.00436   0.00804   0.01359   0.02354   0.04141   0.07143   0.25423   0.37781   0.10400   0.17844   0.03817   0.00414   0.02741   0.11928   0.02701   0.04045   0.16122   0.18307   0.01895   0.15987   0.25359   3.48534   1.86559   0.44544   0.18163   1.70928  
 38 19.0454   7536.004818  x:  0.00000   0.10254   0.01736   0.00630   0.01786   0.00435   0.00446   0.00830   0.01327   0.02376   0.04233   0.07163   0.25612   0.37992   0.10537   0.18014   0.04033   0.00366   0.02861   0.12263   0.02737   0.03998   0.16399   0.18485   0.02030   0.16167   0.25596   3.66485   1.84952   0.51736   0.18323   1.78317  
 39  1.9564   7535.718450  x:  0.00000   0.10325   0.01674   0.00625   0.01775   0.00397   0.00447   0.00856   0.01314   0.02435   0.04303   0.07246   0.25754   0.38166   0.10590   0.18252   0.04201   0.00344   0.02973   0.12345   0.02754   0.04021   0.16546   0.18639   0.02161   0.16350   0.25820   3.58270   1.96171   0.85071   0.17298   1.93817  
 40  1.1786   7535.558585  x:  0.00000   0.10204   0.01602   0.00633   0.01729   0.00343   0.00425   0.00893   0.01343   0.02510   0.04308   0.07387   0.26004   0.38808   0.10566   0.18333   0.04275   0.00329   0.03024   0.12203   0.02701   0.04145   0.16657   0.18777   0.02257   0.16406   0.26005   3.57132   2.06693   0.96409   0.17281   1.98570  
 41  0.1371   7535.400566  x:  0.00000   0.10177   0.01650   0.00636   0.01727   0.00350   0.00388   0.00931   0.01333   0.02480   0.04270   0.07325   0.25864   0.38387   0.10539   0.18270   0.04278   0.00326   0.03015   0.12188   0.02708   0.04089   0.16593   0.18704   0.02296   0.16325   0.25847   3.57263   2.29719   1.35368   0.16831   2.13551  
 42  0.3013   7535.345071  x:  0.00000   0.10195   0.01683   0.00627   0.01755   0.00376   0.00379   0.00915   0.01319   0.02443   0.04253   0.07261   0.25749   0.38233   0.10524   0.18189   0.04202   0.00339   0.02978   0.12203   0.02724   0.04040   0.16518   0.18606   0.02249   0.16246   0.25735   3.58058   2.37522   1.40974   0.16832   2.17112  
 43  0.1098   7535.330018  x:  0.00000   0.10219   0.01662   0.00627   0.01760   0.00374   0.00387   0.00896   0.01328   0.02446   0.04265   0.07278   0.25789   0.38441   0.10523   0.18211   0.04178   0.00344   0.02973   0.12216   0.02720   0.04078   0.16525   0.18607   0.02221   0.16259   0.25785   3.58358   2.43941   1.51391   0.16640   2.21547  
 44  0.1246   7535.326801  x:  0.00000   0.10206   0.01649   0.00630   0.01746   0.00369   0.00399   0.00885   0.01332   0.02457   0.04268   0.07288   0.25789   0.38402   0.10519   0.18210   0.04179   0.00341   0.02974   0.12197   0.02715   0.04079   0.16526   0.18613   0.02212   0.16263   0.25784   3.58172   2.44176   1.50957   0.16641   2.21730  
 45  0.0052   7535.326491  x:  0.00000   0.10203   0.01655   0.00631   0.01747   0.00370   0.00403   0.00886   0.01329   0.02456   0.04266   0.07286   0.25790   0.38396   0.10520   0.18213   0.04184   0.00341   0.02975   0.12198   0.02716   0.04073   0.16529   0.18617   0.02212   0.16265   0.25783   3.58076   2.44675   1.51758   0.16637   2.22259  
 46  0.0093   7535.326467  x:  0.00000   0.10205   0.01656   0.00631   0.01749   0.00369   0.00404   0.00887   0.01330   0.02454   0.04266   0.07285   0.25789   0.38397   0.10520   0.18211   0.04184   0.00341   0.02975   0.12200   0.02716   0.04075   0.16529   0.18616   0.02212   0.16264   0.25782   3.58108   2.44574   1.51615   0.16638   2.22225  
 47  0.0017   7535.326466  x:  0.00000   0.10205   0.01656   0.00631   0.01748   0.00369   0.00404   0.00887   0.01330   0.02455   0.04266   0.07285   0.25789   0.38398   0.10520   0.18211   0.04184   0.00341   0.02975   0.12199   0.02716   0.04075   0.16528   0.18615   0.02211   0.16264   0.25782   3.58118   2.44574   1.51620   0.16637   2.22235  
 48  0.0001   7535.326466  x:  0.00000   0.10205   0.01656   0.00631   0.01748   0.00369   0.00404   0.00887   0.01330   0.02455   0.04266   0.07285   0.25789   0.38398   0.10520   0.18212   0.04184   0.00341   0.02975   0.12199   0.02716   0.04075   0.16529   0.18615   0.02211   0.16264   0.25783   3.58118   2.44579   1.51629   0.16637   2.22245  
 49  0.0001   7535.326466  x:  0.00000   0.10205   0.01656   0.00631   0.01748   0.00369   0.00404   0.00887   0.01330   0.02455   0.04266   0.07285   0.25789   0.38398   0.10520   0.18212   0.04184   0.00341   0.02975   0.12199   0.02716   0.04075   0.16529   0.18616   0.02211   0.16264   0.25783   3.58117   2.44580   1.51631   0.16637   2.22249  
 50  0.0000   7535.326466  x:  0.00000   0.10205   0.01656   0.00631   0.01748   0.00369   0.00404   0.00887   0.01330   0.02455   0.04266   0.07285   0.25789   0.38398   0.10520   0.18212   0.04184   0.00341   0.02975   0.12199   0.02716   0.04075   0.16529   0.18615   0.02211   0.16264   0.25783   3.58118   2.44580   1.51631   0.16637   2.22251  
 51  0.0000   7535.326466  x:  0.00000   0.10205   0.01656   0.00631   0.01748   0.00369   0.00404   0.00887   0.01330   0.02455   0.04266   0.07285   0.25789   0.38398   0.10520   0.18212   0.04184   0.00341   0.02975   0.12199   0.02716   0.04075   0.16529   0.18615   0.02211   0.16264   0.25783   3.58118   2.44580   1.51631   0.16637   2.22251  
check convergence!


Model 7: beta

TREE # 1

  0  0.0000   7701.251815  x:  0.00000   0.09480   0.00973   0.00594   0.01295   0.00409   0.00476   0.00786   0.01222   0.02575   0.04165   0.07582   0.22628   0.31850   0.09585   0.17900   0.03064   0.00569   0.01881   0.10513   0.02657   0.03958   0.14645   0.16938   0.01660   0.15872   0.22350   3.58118   0.25988   1.76622  
  1 99.0000   7701.205553  x:  0.00000   0.09480   0.00975   0.00594   0.01295   0.00408   0.00475   0.00786   0.01221   0.02575   0.04164   0.07582   0.22628   0.31850   0.09585   0.17899   0.03065   0.00568   0.01882   0.10513   0.02657   0.03957   0.14645   0.16938   0.01661   0.15871   0.22350   3.58118   0.25992   1.76621  
  2 867.8410   7673.482158  x:  0.00000   0.09279   0.00936   0.00684   0.01508   0.01347   0.01010   0.00966   0.01122   0.02077   0.03811   0.06956   0.22648   0.32067   0.09433   0.17513   0.03393   0.00000   0.02427   0.10576   0.02338   0.03594   0.14589   0.16812   0.01826   0.15501   0.22389   3.58016   0.30669   1.75910  
  3 2755.2655   7659.030519  x:  0.00000   0.09116   0.00295   0.00866   0.00878   0.01265   0.00905   0.00556   0.01691   0.02649   0.03840   0.06514   0.22732   0.32404   0.09351   0.17100   0.03629   0.02414   0.02491   0.10686   0.02655   0.03768   0.14595   0.16820   0.01940   0.15123   0.22476   3.57874   0.35593   1.74955  
  4 1333.5635   7654.275883  x:  0.00000   0.09095   0.01119   0.01024   0.00799   0.01501   0.01218   0.00753   0.01900   0.03080   0.03992   0.06464   0.22794   0.32588   0.09354   0.16934   0.03641   0.03693   0.02255   0.10737   0.02932   0.03977   0.14619   0.16846   0.01948   0.14974   0.22536   3.57799   0.37617   1.74474  
  5 1957.1666   7652.311676  x:  0.00000   0.09151   0.01076   0.00875   0.01574   0.01423   0.01319   0.00970   0.01692   0.03279   0.04208   0.06631   0.22872   0.32741   0.09430   0.16896   0.03479   0.04170   0.01848   0.10768   0.03118   0.04163   0.14675   0.16884   0.01892   0.14942   0.22613   3.57742   0.38410   1.74137  
  6 569.1300   7651.208105  x:  0.00000   0.09293   0.01034   0.00648   0.01366   0.01362   0.01400   0.01046   0.01218   0.03278   0.04457   0.06985   0.23002   0.32951   0.09588   0.16923   0.03197   0.04193   0.01444   0.10819   0.03217   0.04320   0.14786   0.16947   0.01817   0.14976   0.22746   3.57667   0.38815   1.73716  
  7 264.5704   7650.023211  x:  0.00000   0.09703   0.00990   0.01063   0.01332   0.01239   0.01467   0.00920   0.01415   0.03194   0.04948   0.07872   0.23366   0.33523   0.10024   0.17056   0.02667   0.03968   0.01396   0.11002   0.03318   0.04578   0.15123   0.17150   0.01736   0.15145   0.23125   3.57457   0.39246   1.72572  
  8 206.1031   7648.940025  x:  0.00000   0.10131   0.00965   0.00626   0.01315   0.01271   0.01549   0.01037   0.01665   0.03252   0.05158   0.08564   0.23806   0.34213   0.10474   0.17219   0.02758   0.03933   0.01778   0.11215   0.03342   0.04719   0.15508   0.17418   0.01814   0.15381   0.23582   3.57190   0.39425   1.71115  
  9 272.2213   7647.391095  x:  0.00000   0.10669   0.00997   0.00868   0.01406   0.01378   0.01489   0.00797   0.01312   0.03446   0.04932   0.09058   0.24591   0.35487   0.11082   0.17488   0.03593   0.03996   0.01776   0.11486   0.03180   0.04630   0.16088   0.17890   0.01946   0.15810   0.24387   3.56650   0.39448   1.68159  
 10 310.3265   7645.939152  x:  0.00000   0.10886   0.00911   0.01011   0.01303   0.01328   0.01249   0.01342   0.01568   0.03457   0.04461   0.08924   0.25313   0.36777   0.11435   0.17706   0.03810   0.03947   0.01318   0.11633   0.03037   0.04399   0.16531   0.18296   0.01771   0.16177   0.25129   3.56030   0.39357   1.64725  
 11 453.4658   7641.825679  x:  0.00000   0.10758   0.01073   0.00691   0.01448   0.01612   0.01242   0.00781   0.01652   0.03327   0.03644   0.07605   0.26865   0.39917   0.11713   0.18095   0.02845   0.04076   0.01238   0.11820   0.03218   0.04045   0.17315   0.19119   0.01077   0.16911   0.26747   3.54299   0.38757   1.55034  
 12 655.6257   7638.322252  x:  0.00000   0.10307   0.01037   0.01018   0.01417   0.01389   0.01255   0.01264   0.01121   0.03186   0.04024   0.06328   0.27943   0.42501   0.11505   0.18267   0.02287   0.04212   0.01914   0.11838   0.03498   0.04089   0.17674   0.19598   0.01470   0.17407   0.27927   3.52611   0.38063   1.45466  
 13 1130.3575   7630.889736  x:  0.00000   0.08971   0.01075   0.00728   0.01347   0.01152   0.01638   0.00767   0.01762   0.02791   0.05851   0.04908   0.29279   0.46974   0.10187   0.18232   0.02958   0.03600   0.01169   0.11366   0.03705   0.04653   0.17501   0.19830   0.02388   0.17785   0.29468   3.48934   0.36619   1.24262  
 14 1316.6271   7608.654598  x:  0.00000   0.05924   0.00958   0.00856   0.01215   0.00988   0.01531   0.00929   0.01635   0.03781   0.06585   0.06183   0.30549   0.55814   0.05989   0.17727   0.03807   0.02889   0.01856   0.10064   0.03247   0.05103   0.15720   0.19166   0.00583   0.17126   0.31076   3.39584   0.32988   0.69404  
 15 2118.5722   7598.281719  x:  0.00000   0.06249   0.00964   0.00799   0.01257   0.01203   0.01272   0.00844   0.01684   0.03669   0.05957   0.06569   0.30367   0.58972   0.05021   0.17749   0.03366   0.02899   0.01731   0.09837   0.03207   0.04995   0.14713   0.18530   0.01761   0.16650   0.31087   3.35130   0.31218   0.42787  
 16 3485.7116   7596.171848  x:  0.00000   0.06618   0.00948   0.00853   0.01231   0.00997   0.01461   0.00895   0.01660   0.03376   0.06251   0.06079   0.30054   0.59237   0.05684   0.17943   0.03712   0.02876   0.01830   0.10070   0.03440   0.05113   0.14661   0.18381   0.01114   0.16383   0.30759   3.34102   0.30822   0.36668  
 17 777.2972   7595.901813  x:  0.00000   0.06185   0.00954   0.00836   0.01230   0.01111   0.01323   0.00886   0.01665   0.03600   0.06361   0.06049   0.29945   0.58988   0.05995   0.17985   0.03667   0.02803   0.01793   0.10330   0.03331   0.05056   0.15014   0.18544   0.01172   0.16422   0.30615   3.33881   0.30789   0.35823  
 18 81.0672   7595.757443  x:  0.00000   0.06184   0.00949   0.00840   0.01224   0.00992   0.01465   0.00880   0.01672   0.03596   0.06332   0.06040   0.29942   0.58528   0.05721   0.17844   0.03682   0.02772   0.01766   0.10480   0.03343   0.05037   0.15575   0.18927   0.01163   0.16591   0.30531   3.33587   0.30787   0.35388  
 19 37.0185   7595.729262  x:  0.00120   0.06201   0.00951   0.00841   0.01226   0.01040   0.01407   0.00884   0.01669   0.03575   0.06350   0.06036   0.29970   0.58434   0.05698   0.17827   0.03687   0.02776   0.01768   0.10443   0.03357   0.05059   0.15615   0.18988   0.01148   0.16620   0.30542   3.33508   0.30789   0.35345  
 20 33.3185   7595.675008  x:  0.00027   0.06225   0.00956   0.00842   0.01233   0.01143   0.01280   0.00894   0.01661   0.03512   0.06386   0.06030   0.30090   0.58092   0.05670   0.17781   0.03698   0.02790   0.01775   0.10289   0.03377   0.05121   0.15696   0.19185   0.01111   0.16721   0.30611   3.33198   0.30799   0.35215  
 21 36.3325   7595.538660  x:  0.00070   0.06153   0.00954   0.00841   0.01228   0.01035   0.01414   0.00884   0.01669   0.03560   0.06337   0.06039   0.30522   0.57241   0.05862   0.17758   0.03669   0.02778   0.01797   0.09887   0.03294   0.05132   0.15515   0.19492   0.01123   0.16904   0.30940   3.32246   0.30840   0.35045  
 22 44.4823   7595.288204  x:  0.00062   0.06177   0.00946   0.00842   0.01218   0.01057   0.01373   0.00882   0.01678   0.03684   0.06386   0.06011   0.31369   0.55857   0.05798   0.17681   0.03676   0.02696   0.01779   0.10404   0.03483   0.05023   0.15051   0.19528   0.01074   0.16979   0.31710   3.30071   0.30864   0.34913  
 23 48.2127   7595.098146  x:  0.00078   0.06113   0.00969   0.00833   0.01245   0.01061   0.01390   0.00889   0.01659   0.03372   0.06403   0.06039   0.31676   0.55274   0.05798   0.17693   0.03651   0.02901   0.01778   0.10568   0.03118   0.05092   0.15184   0.19195   0.01050   0.16834   0.32093   3.28222   0.30832   0.34976  
 24 51.8133   7594.473836  x:  0.00063   0.06125   0.00949   0.00856   0.01222   0.01038   0.01373   0.00889   0.01670   0.03550   0.06160   0.05971   0.31979   0.54118   0.05909   0.17770   0.03690   0.02762   0.01786   0.10233   0.03439   0.05349   0.16179   0.17976   0.01130   0.16286   0.32801   3.21654   0.30840   0.35408  
 25 109.0257   7593.279937  x:  0.00033   0.06651   0.00953   0.00810   0.01230   0.01096   0.01305   0.00869   0.01671   0.03862   0.06738   0.05881   0.31322   0.53263   0.06014   0.17749   0.03586   0.02806   0.01774   0.09983   0.03210   0.04218   0.16529   0.17877   0.01045   0.16327   0.32725   3.09184   0.30909   0.36504  
 26 156.7419   7590.502567  x:  0.00096   0.06405   0.00955   0.00851   0.01246   0.01008   0.01338   0.00895   0.01655   0.03114   0.06235   0.06195   0.29372   0.51920   0.06684   0.17737   0.03759   0.02856   0.01755   0.10474   0.03758   0.04403   0.16200   0.18987   0.01161   0.17008   0.31782   2.79890   0.31111   0.39256  
 27 670.8084   7590.128151  x:  0.00080   0.06685   0.00942   0.00852   0.01229   0.01016   0.01304   0.00887   0.01660   0.03470   0.06161   0.05978   0.29232   0.51761   0.06689   0.17710   0.03686   0.02696   0.01760   0.10633   0.03355   0.04972   0.16099   0.19209   0.01150   0.17048   0.31479   2.75898   0.31155   0.39636  
 28 300.7212   7589.862403  x:  0.00063   0.06704   0.00941   0.00852   0.01229   0.01013   0.01297   0.00887   0.01660   0.03430   0.06155   0.05994   0.30525   0.51775   0.06737   0.17732   0.03676   0.02683   0.01758   0.10648   0.03382   0.04917   0.16152   0.19401   0.01253   0.16465   0.30066   2.74356   0.31132   0.39858  
 29 20.2054   7589.386549  x:  0.00055   0.06718   0.00941   0.00854   0.01231   0.01006   0.01290   0.00889   0.01659   0.03424   0.06139   0.06000   0.31123   0.51447   0.06801   0.17719   0.03688   0.02698   0.01777   0.10697   0.03375   0.04931   0.16189   0.18472   0.01166   0.18016   0.29052   2.74799   0.31285   0.40015  
 30  7.2215   7577.232134  x:  0.00000   0.07309   0.00918   0.00856   0.01238   0.00916   0.01111   0.00881   0.01650   0.03237   0.05801   0.06087   0.30267   0.47041   0.07657   0.17888   0.03689   0.02396   0.01795   0.11142   0.03328   0.04882   0.16645   0.19026   0.01372   0.17841   0.28400   2.89163   0.32014   0.42173  
 31 19.7002   7577.123902  x:  0.00001   0.07336   0.00917   0.00856   0.01238   0.00915   0.01103   0.00880   0.01648   0.03224   0.05774   0.06084   0.30278   0.47052   0.07940   0.16924   0.03676   0.02387   0.01794   0.11161   0.03323   0.04872   0.16656   0.18978   0.01378   0.17806   0.28423   2.89374   0.31943   0.42207  
 32 18.3001   7576.971487  x:  0.00000   0.07342   0.00916   0.00856   0.01238   0.00912   0.01099   0.00880   0.01648   0.03222   0.05767   0.06088   0.30258   0.47009   0.07947   0.16925   0.03677   0.02379   0.01796   0.11163   0.03321   0.04870   0.16655   0.18975   0.01382   0.17799   0.28409   2.89467   0.31938   0.42197  
 33  0.4591   7576.971487  x:  0.00000   0.07342   0.00916   0.00856   0.01238   0.00912   0.01099   0.00880   0.01648   0.03222   0.05767   0.06088   0.30258   0.47009   0.07947   0.16925   0.03677   0.02379   0.01796   0.11163   0.03321   0.04870   0.16655   0.18975   0.01382   0.17799   0.28409   2.89467   0.31938   0.42197  
 34  0.5199   7568.325604  x:  0.00003   0.07746   0.01794   0.00601   0.01594   0.00183   0.00387   0.00814   0.01466   0.02968   0.05478   0.06323   0.30110   0.46856   0.08192   0.17038   0.03795   0.01749   0.02215   0.11271   0.03139   0.04673   0.16659   0.18937   0.01680   0.17725   0.28332   2.89498   0.31996   0.42193  
 35 779.3425   7567.819129  x:  0.00000   0.07778   0.01827   0.00593   0.01613   0.00222   0.00364   0.00817   0.01454   0.02948   0.05453   0.06341   0.30096   0.46842   0.08213   0.17047   0.03804   0.01694   0.02244   0.11280   0.03125   0.04657   0.16659   0.18933   0.01700   0.17717   0.28325   2.89500   0.32001   0.42193  
 36 879.8547   7563.023943  x:  0.00000   0.08574   0.01809   0.00694   0.01826   0.00227   0.00940   0.01071   0.01231   0.02495   0.04830   0.06765   0.29720   0.46445   0.08763   0.17304   0.04014   0.00285   0.02801   0.11505   0.02799   0.04280   0.16653   0.18846   0.02099   0.17511   0.28113   2.89580   0.32142   0.42188  
 37 914.9118   7561.453728  x:  0.00000   0.09081   0.01285   0.00749   0.01619   0.00177   0.00644   0.00830   0.01457   0.02401   0.04438   0.06995   0.29371   0.46063   0.09175   0.17504   0.04148   0.00050   0.02992   0.11673   0.02693   0.04125   0.16648   0.18804   0.02194   0.17316   0.27901   2.89659   0.32267   0.42191  
 38 329.5540   7560.393747  x:  0.00000   0.09717   0.01159   0.00758   0.01501   0.00167   0.00659   0.00909   0.01471   0.02382   0.04025   0.07273   0.28857   0.45490   0.09715   0.17769   0.04300   0.00521   0.03219   0.11895   0.02620   0.03985   0.16641   0.18763   0.02287   0.17035   0.27585   2.89780   0.32437   0.42206  
 39 367.7060   7558.951793  x:  0.00000   0.10440   0.01431   0.00804   0.01425   0.00195   0.00799   0.00695   0.01527   0.02885   0.04024   0.07461   0.27773   0.44212   0.10521   0.18187   0.04266   0.00501   0.02755   0.12193   0.02964   0.04151   0.16597   0.18674   0.01982   0.16460   0.26903   2.90058   0.32795   0.42259  
 40 236.8225   7558.335703  x:  0.00000   0.10640   0.01327   0.00708   0.01517   0.00172   0.00654   0.01042   0.01498   0.02945   0.04199   0.07443   0.27169   0.43452   0.10838   0.18358   0.04186   0.00449   0.02488   0.12316   0.03068   0.04244   0.16574   0.18633   0.01890   0.16181   0.26528   2.90232   0.32992   0.42305  
 41 356.5625   7557.535398  x:  0.00000   0.10574   0.01197   0.00715   0.01749   0.00167   0.00643   0.00846   0.01254   0.02583   0.04614   0.07230   0.26256   0.42171   0.11043   0.18485   0.04017   0.00527   0.02361   0.12429   0.02951   0.04288   0.16553   0.18591   0.02053   0.15866   0.25974   2.90546   0.33278   0.42424  
 42 237.9155   7556.894023  x:  0.00000   0.10272   0.01372   0.00759   0.01496   0.00176   0.00692   0.00889   0.01550   0.02345   0.04819   0.06984   0.25435   0.40868   0.11016   0.18490   0.03909   0.00513   0.02460   0.12461   0.02769   0.04256   0.16534   0.18560   0.02245   0.15655   0.25474   2.90889   0.33509   0.42596  
 43 277.7579   7556.243550  x:  0.00000   0.09716   0.01327   0.00597   0.01442   0.00173   0.00693   0.00882   0.01389   0.02707   0.04535   0.06795   0.24630   0.39249   0.10688   0.18329   0.03997   0.00437   0.02771   0.12365   0.02696   0.04147   0.16501   0.18528   0.02313   0.15553   0.24965   2.91373   0.33687   0.42919  
 44 197.9594   7556.063203  x:  0.00000   0.09568   0.01333   0.00802   0.01542   0.00170   0.00646   0.00912   0.01387   0.02741   0.04387   0.06803   0.24428   0.38710   0.10546   0.18250   0.04065   0.00433   0.02805   0.12300   0.02731   0.04121   0.16479   0.18513   0.02280   0.15550   0.24827   2.91558   0.33710   0.43065  
 45 227.9898   7555.835429  x:  0.00000   0.09498   0.01347   0.00703   0.01638   0.00172   0.00677   0.00885   0.01463   0.02524   0.04152   0.06956   0.24304   0.37965   0.10314   0.18096   0.04205   0.00447   0.02670   0.12145   0.02861   0.04115   0.16423   0.18478   0.02148   0.15611   0.24710   2.91876   0.33667   0.43360  
 46 130.0250   7555.718398  x:  0.00000   0.09581   0.01363   0.00733   0.01485   0.00169   0.00643   0.00897   0.01331   0.02462   0.04159   0.07078   0.24342   0.37526   0.10200   0.17993   0.04234   0.00438   0.02585   0.12042   0.02855   0.04103   0.16373   0.18438   0.02122   0.15683   0.24698   2.92127   0.33590   0.43615  
 47 92.6924   7555.522839  x:  0.00000   0.09874   0.01336   0.00715   0.01551   0.00168   0.00654   0.00886   0.01410   0.02591   0.04359   0.07244   0.24558   0.36708   0.10073   0.17803   0.04172   0.00453   0.02588   0.11872   0.02715   0.04064   0.16262   0.18337   0.02188   0.15842   0.24750   2.92710   0.33386   0.44219  
 48 107.1615   7555.405905  x:  0.00000   0.09978   0.01329   0.00717   0.01543   0.00166   0.00649   0.00887   0.01399   0.02541   0.04334   0.07027   0.24811   0.36268   0.10206   0.17747   0.04006   0.00445   0.02764   0.11890   0.02873   0.04158   0.16193   0.18261   0.02124   0.15868   0.24848   2.93287   0.33299   0.44745  
 49 53.7344   7555.289762  x:  0.00000   0.09889   0.01363   0.00716   0.01558   0.00166   0.00642   0.00885   0.01387   0.02537   0.04196   0.06772   0.25089   0.35976   0.10473   0.17753   0.04035   0.00446   0.02604   0.11980   0.02710   0.04078   0.16133   0.18206   0.02100   0.15801   0.24974   2.94099   0.33362   0.45378  
 50 56.3649   7555.087955  x:  0.00000   0.09514   0.01364   0.00709   0.01551   0.00163   0.00638   0.00888   0.01394   0.02547   0.04330   0.06994   0.25390   0.35812   0.10822   0.17790   0.04295   0.00437   0.02621   0.12184   0.02878   0.04049   0.16110   0.18173   0.02302   0.15564   0.25135   2.96016   0.33890   0.46648  
 51 59.6327   7554.715527  x:  0.00000   0.09269   0.01390   0.00696   0.01574   0.00158   0.00621   0.00882   0.01380   0.02499   0.04374   0.07398   0.25574   0.35904   0.10906   0.17802   0.04065   0.00428   0.02804   0.12306   0.02636   0.04098   0.16192   0.18209   0.01930   0.15232   0.25242   2.99845   0.35342   0.48931  
 52 129.7165   7553.652705  x:  0.00000   0.09666   0.01457   0.00687   0.01613   0.00144   0.00576   0.00888   0.01374   0.02552   0.04021   0.07330   0.25561   0.36632   0.10396   0.17745   0.03621   0.00433   0.02585   0.12170   0.02728   0.04291   0.16452   0.18422   0.02534   0.14997   0.25335   3.11619   0.40075   0.55693  
 53 325.0663   7553.146206  x:  0.00000   0.10064   0.01497   0.00681   0.01627   0.00139   0.00561   0.00886   0.01372   0.02521   0.04285   0.06909   0.25389   0.37078   0.10174   0.17766   0.04193   0.00411   0.02757   0.12038   0.02806   0.04053   0.16515   0.18506   0.02280   0.15205   0.25265   3.17340   0.42291   0.58922  
 54 442.5417   7553.005315  x:  0.00000   0.09939   0.01508   0.00677   0.01633   0.00137   0.00554   0.00886   0.01369   0.02519   0.04274   0.06975   0.25069   0.37328   0.10439   0.17935   0.04157   0.00409   0.02770   0.12000   0.02782   0.04097   0.16311   0.18413   0.02237   0.15984   0.25088   3.19050   0.42611   0.59774  
 55 56.9945   7552.970485  x:  0.00000   0.09939   0.01509   0.00673   0.01633   0.00136   0.00549   0.00884   0.01365   0.02511   0.04267   0.06979   0.24856   0.37515   0.10346   0.17905   0.04088   0.00410   0.02749   0.12124   0.02823   0.03951   0.16208   0.18350   0.02233   0.15885   0.24972   3.19775   0.42178   0.59760  
 56 10.3319   7552.941002  x:  0.00000   0.09950   0.01509   0.00672   0.01633   0.00136   0.00548   0.00883   0.01360   0.02505   0.04248   0.06966   0.24691   0.37662   0.10289   0.17880   0.04151   0.00402   0.02757   0.12158   0.02757   0.04100   0.16157   0.18307   0.02246   0.15769   0.24876   3.20462   0.41768   0.59657  
 57 41.0554   7552.872814  x:  0.00000   0.09906   0.01510   0.00670   0.01632   0.00135   0.00543   0.00882   0.01357   0.02500   0.04241   0.06965   0.24607   0.37776   0.10452   0.17903   0.04123   0.00399   0.02781   0.11691   0.02770   0.04052   0.16348   0.18354   0.02264   0.15608   0.24768   3.22359   0.41019   0.58750  
 58 20.7771   7552.404397  x:  0.00000   0.09964   0.01521   0.00669   0.01642   0.00140   0.00535   0.00885   0.01360   0.02508   0.04256   0.07030   0.25113   0.37510   0.10439   0.17748   0.04123   0.00388   0.02736   0.12196   0.02767   0.04075   0.16850   0.18532   0.02243   0.15949   0.24771   3.36150   0.37302   0.50356  
 59 53.6402   7552.336864  x:  0.00000   0.09960   0.01521   0.00669   0.01642   0.00141   0.00533   0.00885   0.01360   0.02508   0.04256   0.07029   0.25127   0.37463   0.10389   0.17893   0.04122   0.00396   0.02770   0.12044   0.02768   0.04073   0.16296   0.18413   0.02244   0.15845   0.25032   3.38143   0.36895   0.49065  
 60 53.9959   7552.334211  x:  0.00000   0.09959   0.01520   0.00670   0.01642   0.00141   0.00533   0.00885   0.01361   0.02508   0.04257   0.07029   0.25063   0.37449   0.10367   0.17955   0.04123   0.00396   0.02767   0.12051   0.02769   0.04073   0.16347   0.18403   0.02239   0.15855   0.25164   3.38207   0.36869   0.49055  
 61  1.9633   7552.289794  x:  0.00000   0.09948   0.01478   0.00679   0.01624   0.00157   0.00552   0.00888   0.01366   0.02516   0.04267   0.07020   0.24942   0.37467   0.10457   0.17706   0.04111   0.00389   0.02746   0.12057   0.02772   0.04079   0.16235   0.18760   0.02215   0.15873   0.25299   3.38853   0.37039   0.49461  
 62  0.4144   7552.219546  x:  0.00000   0.09888   0.01414   0.00693   0.01595   0.00183   0.00578   0.00892   0.01374   0.02526   0.04271   0.06993   0.25062   0.37509   0.10350   0.17817   0.04112   0.00401   0.02711   0.12017   0.02779   0.04077   0.16312   0.18289   0.02200   0.15859   0.25111   3.39831   0.37378   0.50076  
 63 10.7872   7552.211804  x:  0.00000   0.09882   0.01412   0.00693   0.01594   0.00185   0.00578   0.00893   0.01373   0.02526   0.04271   0.06994   0.25133   0.37494   0.10274   0.18021   0.04112   0.00396   0.02712   0.12024   0.02778   0.04079   0.16294   0.18412   0.02203   0.15860   0.25036   3.39875   0.37364   0.50135  
 64  2.7550   7551.618701  x:  0.00000   0.10029   0.01622   0.00632   0.01724   0.00248   0.00343   0.00908   0.01292   0.02436   0.04208   0.07131   0.25316   0.37632   0.10354   0.17974   0.04147   0.00330   0.02932   0.12022   0.02707   0.04027   0.16295   0.18289   0.02318   0.15875   0.25151   3.38658   0.37690   0.50972  
 65  0.2326   7551.526984  x:  0.00000   0.10060   0.01711   0.00616   0.01757   0.00284   0.00435   0.00894   0.01286   0.02415   0.04201   0.07173   0.25394   0.37671   0.10389   0.17924   0.04150   0.00302   0.03005   0.12028   0.02691   0.04018   0.16314   0.18325   0.02354   0.15893   0.25248   3.39043   0.37699   0.50953  
 66  0.0063   7551.462616  x:  0.00000   0.09964   0.01717   0.00632   0.01725   0.00338   0.00400   0.00859   0.01357   0.02448   0.04240   0.07130   0.25411   0.37602   0.10374   0.17815   0.04133   0.00291   0.02971   0.12023   0.02714   0.04048   0.16321   0.18454   0.02321   0.15917   0.25352   3.39954   0.37666   0.50834  
 67  0.0071   7551.449532  x:  0.00000   0.09998   0.01696   0.00631   0.01726   0.00361   0.00397   0.00886   0.01311   0.02442   0.04223   0.07134   0.25369   0.37603   0.10380   0.17866   0.04140   0.00303   0.02957   0.12024   0.02710   0.04037   0.16298   0.18399   0.02319   0.15899   0.25292   3.39400   0.37657   0.50890  
 68  0.0041   7551.448829  x:  0.00000   0.09998   0.01689   0.00629   0.01726   0.00366   0.00401   0.00881   0.01321   0.02440   0.04225   0.07135   0.25369   0.37619   0.10377   0.17868   0.04140   0.00308   0.02956   0.12025   0.02709   0.04038   0.16304   0.18398   0.02320   0.15902   0.25290   3.39302   0.37669   0.50883  
 69  0.0009   7551.448812  x:  0.00000   0.09998   0.01689   0.00630   0.01726   0.00366   0.00401   0.00881   0.01320   0.02441   0.04225   0.07135   0.25369   0.37619   0.10378   0.17866   0.04140   0.00307   0.02957   0.12025   0.02709   0.04038   0.16303   0.18400   0.02320   0.15903   0.25292   3.39311   0.37666   0.50875  
 70  0.0001   7551.448812  x:  0.00000   0.09998   0.01689   0.00630   0.01726   0.00367   0.00401   0.00881   0.01320   0.02441   0.04225   0.07135   0.25369   0.37619   0.10377   0.17866   0.04140   0.00306   0.02958   0.12025   0.02709   0.04038   0.16303   0.18400   0.02320   0.15903   0.25292   3.39313   0.37665   0.50876  
 71  0.0000   7551.448812  x:  0.00000   0.09998   0.01689   0.00630   0.01726   0.00367   0.00401   0.00881   0.01320   0.02441   0.04225   0.07135   0.25369   0.37619   0.10377   0.17866   0.04140   0.00306   0.02958   0.12025   0.02709   0.04038   0.16303   0.18400   0.02320   0.15903   0.25292   3.39313   0.37666   0.50876  
 72  0.0000   7551.448812  x:  0.00000   0.09998   0.01689   0.00630   0.01726   0.00367   0.00401   0.00881   0.01320   0.02441   0.04225   0.07135   0.25369   0.37619   0.10377   0.17866   0.04140   0.00306   0.02958   0.12025   0.02709   0.04038   0.16303   0.18400   0.02320   0.15903   0.25292   3.39313   0.37666   0.50876  

Model 8: beta&w>1

TREE # 1

  0  0.0000   7575.150508  x:  0.00000   0.08300   0.01566   0.02286   0.02770   0.01139   0.01475   0.02371   0.02550   0.02798   0.04473   0.07288   0.19612   0.28112   0.08311   0.16669   0.03357   0.01321   0.01910   0.09783   0.02817   0.04120   0.13267   0.15644   0.02285   0.13551   0.20017   3.39313   0.90000   0.72833   1.19168   2.32763  
  1 99.0000   7557.632044  x:  0.00220   0.08548   0.01607   0.01319   0.02190   0.00121   0.00397   0.01413   0.01825   0.02549   0.04334   0.07232   0.19941   0.28441   0.08570   0.16761   0.03631   0.00867   0.02360   0.10049   0.02755   0.04037   0.13511   0.15815   0.02377   0.13738   0.20303   3.39327   0.90350   0.72778   1.19202   2.32740  
  2 938.3871   7554.599782  x:  0.00264   0.08634   0.01615   0.00979   0.01999   0.00315   0.00131   0.01093   0.01582   0.02469   0.04285   0.07211   0.20064   0.28566   0.08664   0.16795   0.03718   0.00715   0.02499   0.10145   0.02732   0.04008   0.13601   0.15878   0.02402   0.13808   0.20411   3.39332   0.90488   0.72756   1.19216   2.32731  
  3 1808.4043   7551.538431  x:  0.00299   0.08768   0.01623   0.00477   0.01725   0.00426   0.00371   0.00649   0.01227   0.02356   0.04212   0.07175   0.20265   0.28773   0.08815   0.16847   0.03845   0.00493   0.02697   0.10297   0.02694   0.03963   0.13746   0.15983   0.02436   0.13919   0.20587   3.39342   0.90719   0.72717   1.19239   2.32717  
  4 1834.2815   7547.934452  x:  0.00000   0.09113   0.01603   0.00595   0.01395   0.00470   0.00415   0.01087   0.01023   0.02251   0.04083   0.07068   0.20913   0.29474   0.09261   0.17001   0.04072   0.00291   0.03009   0.10736   0.02589   0.03863   0.14196   0.16326   0.02442   0.14266   0.21158   3.39376   0.91526   0.72573   1.19325   2.32666  
  5 381.0981   7547.934452  x:  0.00000   0.09113   0.01603   0.00595   0.01395   0.00470   0.00415   0.01087   0.01023   0.02251   0.04083   0.07068   0.20913   0.29474   0.09261   0.17001   0.04072   0.00291   0.03009   0.10736   0.02589   0.03863   0.14196   0.16326   0.02442   0.14266   0.21158   3.39376   0.91526   0.72573   1.19325   2.32666  
  6 814.8868   7546.805535  x:  0.00040   0.09173   0.01600   0.00625   0.01585   0.00230   0.00336   0.00878   0.01262   0.02298   0.04090   0.07056   0.21057   0.29639   0.09334   0.17030   0.04095   0.00446   0.02996   0.10806   0.02597   0.03873   0.14284   0.16402   0.02427   0.14336   0.21282   3.39384   0.91688   0.72536   1.19346   2.32656  
  7 338.7486   7545.841471  x:  0.00107   0.09283   0.01600   0.00645   0.01835   0.00450   0.00382   0.00637   0.01522   0.02369   0.04100   0.07035   0.21329   0.29955   0.09471   0.17087   0.04129   0.00605   0.02963   0.10937   0.02614   0.03890   0.14450   0.16544   0.02399   0.14467   0.21519   3.39400   0.91991   0.72465   1.19386   2.32636  
  8 541.9453   7543.004785  x:  0.00143   0.09782   0.01628   0.00543   0.02240   0.00407   0.00739   0.01213   0.01688   0.02558   0.04136   0.06955   0.22643   0.31507   0.10115   0.17363   0.04218   0.00607   0.02772   0.11550   0.02696   0.03956   0.15238   0.17208   0.02264   0.15095   0.22674   3.39479   0.93374   0.72117   1.19578   2.32543  
  9 475.1245   7540.541917  x:  0.00000   0.10093   0.01657   0.00622   0.02120   0.00453   0.00326   0.01126   0.01405   0.02566   0.04158   0.06929   0.23564   0.32633   0.10533   0.17556   0.04232   0.00389   0.02672   0.11955   0.02732   0.03989   0.15777   0.17665   0.02192   0.15528   0.23494   3.39537   0.94208   0.71862   1.19715   2.32480  
 10 824.3839   7539.835921  x:  0.00000   0.10191   0.01655   0.00612   0.01871   0.00364   0.00541   0.00849   0.01213   0.02485   0.04159   0.06942   0.23966   0.33166   0.10673   0.17633   0.04216   0.00349   0.02684   0.12103   0.02718   0.03988   0.15995   0.17857   0.02186   0.15703   0.23857   3.39565   0.94408   0.71736   1.19777   2.32454  
 11 484.8917   7539.355553  x:  0.00000   0.10188   0.01615   0.00528   0.01514   0.00388   0.00514   0.00882   0.01376   0.02331   0.04151   0.07001   0.24314   0.33728   0.10692   0.17682   0.04162   0.00536   0.02806   0.12158   0.02657   0.03965   0.16141   0.18006   0.02223   0.15821   0.24183   3.39597   0.94197   0.71589   1.19837   2.32435  
 12 189.9221   7538.757646  x:  0.00000   0.10092   0.01579   0.00888   0.01512   0.00395   0.00565   0.00944   0.01485   0.02239   0.04170   0.07147   0.24881   0.34782   0.10607   0.17748   0.04038   0.00457   0.02990   0.12154   0.02586   0.03934   0.16317   0.18210   0.02282   0.15966   0.24731   3.39663   0.93421   0.71291   1.19951   2.32405  
 13 223.1018   7537.837264  x:  0.00000   0.09935   0.01590   0.00586   0.01811   0.00392   0.00529   0.00911   0.01406   0.02306   0.04197   0.07356   0.25677   0.36360   0.10437   0.17847   0.03920   0.00290   0.03184   0.12102   0.02576   0.03946   0.16530   0.18481   0.02344   0.16147   0.25507   3.39769   0.92134   0.70824   1.20127   2.32357  
 14 479.2592   7537.662083  x:  0.00000   0.09933   0.01675   0.00615   0.01822   0.00397   0.00518   0.00930   0.01273   0.02453   0.04230   0.07378   0.25809   0.36725   0.10395   0.17891   0.04018   0.00477   0.03128   0.12077   0.02675   0.04019   0.16544   0.18527   0.02318   0.16167   0.25643   3.39806   0.91844   0.70685   1.20180   2.32336  
 15 152.7934   7537.560738  x:  0.00000   0.09984   0.01710   0.00615   0.01737   0.00396   0.00527   0.00916   0.01354   0.02545   0.04274   0.07355   0.25834   0.36987   0.10376   0.17956   0.04190   0.00409   0.02955   0.12054   0.02791   0.04106   0.16514   0.18528   0.02260   0.16161   0.25686   3.39851   0.91669   0.70543   1.20237   2.32307  
 16 80.0340   7537.507449  x:  0.00000   0.10075   0.01611   0.00615   0.01773   0.00398   0.00523   0.00920   0.01328   0.02439   0.04301   0.07304   0.25766   0.37197   0.10381   0.18053   0.04325   0.00435   0.02849   0.12061   0.02756   0.04111   0.16459   0.18502   0.02238   0.16146   0.25653   3.39915   0.91599   0.70363   1.20312   2.32259  
 17 40.6907   7537.433962  x:  0.00000   0.10245   0.01756   0.00612   0.01788   0.00401   0.00525   0.00919   0.01339   0.02428   0.04283   0.07244   0.25540   0.37584   0.10404   0.18268   0.04363   0.00428   0.02883   0.12118   0.02644   0.04046   0.16345   0.18425   0.02268   0.16115   0.25518   3.40079   0.91582   0.69926   1.20496   2.32131  
 18 41.9024   7537.363164  x:  0.00000   0.10341   0.01639   0.00615   0.01778   0.00403   0.00529   0.00915   0.01348   0.02523   0.04248   0.07228   0.25289   0.37962   0.10412   0.18466   0.04261   0.00427   0.02988   0.12179   0.02726   0.04057   0.16249   0.18352   0.02294   0.16089   0.25359   3.40282   0.91618   0.69408   1.20716   2.31970  
 19 71.4355   7537.326032  x:  0.00000   0.10247   0.01686   0.00611   0.01802   0.00406   0.00532   0.00915   0.01355   0.02428   0.04279   0.07305   0.25179   0.38113   0.10373   0.18489   0.04163   0.00442   0.02939   0.12169   0.02804   0.04110   0.16253   0.18343   0.02265   0.16084   0.25275   3.40453   0.91682   0.69018   1.20880   2.31828  
 20 33.8019   7537.275859  x:  0.00000   0.10031   0.01651   0.00609   0.01790   0.00407   0.00535   0.00910   0.01363   0.02499   0.04293   0.07391   0.25091   0.38230   0.10283   0.18410   0.04159   0.00449   0.02841   0.12114   0.02682   0.04074   0.16314   0.18362   0.02246   0.16089   0.25185   3.40755   0.91779   0.68376   1.21148   2.31571  
 21 44.7769   7537.223139  x:  0.00000   0.09908   0.01663   0.00611   0.01804   0.00409   0.00534   0.00909   0.01365   0.02464   0.04220   0.07292   0.25094   0.38205   0.10200   0.18220   0.04326   0.00428   0.02953   0.12051   0.02742   0.04045   0.16400   0.18387   0.02297   0.16086   0.25140   3.41164   0.91825   0.67592   1.21470   2.31214  
 22 42.8717   7537.160780  x:  0.00000   0.10079   0.01663   0.00608   0.01793   0.00407   0.00532   0.00905   0.01359   0.02472   0.04284   0.07107   0.25226   0.37962   0.10244   0.17990   0.04198   0.00433   0.02941   0.12003   0.02709   0.04070   0.16428   0.18379   0.02187   0.16040   0.25172   3.41772   0.91710   0.66605   1.21867   2.30664  
 23 37.7771   7537.127255  x:  0.00000   0.10194   0.01658   0.00609   0.01791   0.00406   0.00530   0.00906   0.01354   0.02471   0.04222   0.07230   0.25316   0.37757   0.10347   0.17955   0.04177   0.00438   0.02864   0.12031   0.02727   0.04059   0.16375   0.18353   0.02313   0.16033   0.25230   3.42175   0.91614   0.66088   1.22071   2.30279  
 24 39.1160   7537.106428  x:  0.00000   0.10178   0.01654   0.00607   0.01787   0.00404   0.00528   0.00907   0.01348   0.02469   0.04256   0.07351   0.25359   0.37609   0.10430   0.18044   0.04242   0.00428   0.02930   0.12100   0.02727   0.04048   0.16315   0.18335   0.02219   0.16030   0.25281   3.42501   0.91547   0.65828   1.22171   2.29943  
 25 25.3434   7537.072299  x:  0.00000   0.09994   0.01663   0.00607   0.01773   0.00399   0.00524   0.00909   0.01337   0.02469   0.04279   0.07219   0.25366   0.37411   0.10450   0.18327   0.04230   0.00422   0.02911   0.12189   0.02707   0.04101   0.16238   0.18342   0.02268   0.16100   0.25381   3.43208   0.91438   0.65582   1.22260   2.29167  
 26 21.0374   7537.021738  x:  0.00000   0.10012   0.01668   0.00611   0.01755   0.00392   0.00517   0.00911   0.01318   0.02454   0.04135   0.07195   0.25312   0.37283   0.10251   0.18549   0.04189   0.00424   0.02854   0.12119   0.02765   0.03954   0.16271   0.18388   0.02166   0.16153   0.25441   3.44414   0.91337   0.65436   1.22305   2.27794  
 27 33.2389   7536.901138  x:  0.00000   0.10212   0.01655   0.00606   0.01715   0.00377   0.00502   0.00919   0.01281   0.02454   0.04323   0.07305   0.25153   0.37134   0.09811   0.18786   0.04217   0.00387   0.02937   0.11907   0.02733   0.04031   0.16403   0.18456   0.02263   0.16207   0.25488   3.47424   0.91178   0.65232   1.22359   2.24331  
 28 117.9996   7536.646535  x:  0.00000   0.10177   0.01661   0.00612   0.01676   0.00360   0.00483   0.00924   0.01233   0.02430   0.04020   0.07330   0.24952   0.37295   0.10039   0.18509   0.04226   0.00350   0.02964   0.11896   0.02569   0.04388   0.16508   0.18402   0.02186   0.15991   0.25306   3.53909   0.90734   0.65101   1.22371   2.16789  
 29 128.9360   7536.369652  x:  0.00000   0.10035   0.01665   0.00602   0.01635   0.00349   0.00470   0.00922   0.01199   0.02433   0.04257   0.07249   0.24833   0.37550   0.10453   0.18087   0.04205   0.00342   0.02896   0.12010   0.02726   0.04033   0.16502   0.18312   0.02279   0.15804   0.25091   3.60993   0.90258   0.65009   1.22380   2.08519  
 30 502.4528   7536.251443  x:  0.00000   0.10107   0.01665   0.00600   0.01698   0.00374   0.00489   0.00907   0.01255   0.02453   0.04241   0.07246   0.25239   0.37669   0.10272   0.18016   0.04213   0.00370   0.02888   0.12194   0.02715   0.04066   0.16116   0.18323   0.02221   0.16192   0.25175   3.64038   0.90221   0.65022   1.22448   2.04828  
 31 64.7265   7536.219491  x:  0.00000   0.10137   0.01667   0.00599   0.01739   0.00390   0.00502   0.00899   0.01290   0.02468   0.04247   0.07244   0.25353   0.37664   0.10406   0.18224   0.04226   0.00386   0.02894   0.12048   0.02723   0.04071   0.16333   0.18394   0.02231   0.16111   0.25298   3.64822   0.90195   0.65043   1.22529   2.03783  
 32 24.5916   7536.216275  x:  0.00000   0.10152   0.01667   0.00599   0.01744   0.00392   0.00504   0.00898   0.01295   0.02471   0.04248   0.07246   0.25323   0.37653   0.10377   0.18227   0.04230   0.00388   0.02880   0.12152   0.02724   0.04074   0.16410   0.18412   0.02233   0.16081   0.25333   3.64864   0.90168   0.65060   1.22587   2.03650  
 33  4.7971   7536.207176  x:  0.00000   0.10171   0.01668   0.00599   0.01747   0.00393   0.00504   0.00898   0.01296   0.02473   0.04251   0.07250   0.25141   0.37634   0.10448   0.18166   0.04236   0.00387   0.02883   0.12137   0.02725   0.04077   0.16428   0.18474   0.02214   0.16232   0.25472   3.64598   0.90095   0.65275   1.23278   2.02993  
 34  2.3153   7536.065879  x:  0.00000   0.10123   0.01665   0.00599   0.01719   0.00383   0.00484   0.00892   0.01271   0.02461   0.04231   0.07226   0.25079   0.37539   0.10345   0.18094   0.04217   0.00379   0.02883   0.12068   0.02715   0.04074   0.16163   0.18378   0.02219   0.15820   0.25902   3.59914   0.89601   0.68834   1.34696   1.92542  
 35 19.2132   7535.988331  x:  0.00000   0.10158   0.01668   0.00600   0.01703   0.00377   0.00472   0.00892   0.01252   0.02462   0.04234   0.07240   0.25269   0.37427   0.10407   0.18184   0.04231   0.00366   0.02872   0.12131   0.02717   0.04089   0.16427   0.18352   0.02212   0.16117   0.25435   3.57326   0.89106   0.70829   1.41073   1.86783  
 36 127.9968   7535.986377  x:  0.00000   0.10163   0.01669   0.00600   0.01703   0.00377   0.00471   0.00892   0.01252   0.02462   0.04235   0.07242   0.25273   0.37421   0.10414   0.18187   0.04230   0.00363   0.02873   0.12138   0.02717   0.04091   0.16399   0.18471   0.02216   0.16098   0.25398   3.57302   0.89089   0.70901   1.41273   1.86680  
 37  4.5563   7535.826466  x:  0.00000   0.10196   0.01663   0.00605   0.01704   0.00375   0.00442   0.00883   0.01255   0.02461   0.04246   0.07263   0.25479   0.37406   0.10483   0.18189   0.04230   0.00363   0.02870   0.12185   0.02717   0.04092   0.16453   0.18486   0.02211   0.16167   0.25560   3.64564   0.88274   0.81793   1.66843   1.87562  
 38  2.1741   7535.611168  x:  0.00000   0.10194   0.01659   0.00643   0.01729   0.00373   0.00364   0.00873   0.01317   0.02448   0.04273   0.07280   0.25894   0.38440   0.10546   0.18178   0.04185   0.00364   0.02913   0.12268   0.02720   0.04068   0.16611   0.18624   0.02221   0.16302   0.25773   3.57003   0.87843   0.83641   1.77193   1.88203  
 39  0.1312   7535.513135  x:  0.00000   0.10174   0.01662   0.00643   0.01772   0.00356   0.00427   0.00909   0.01368   0.02460   0.04273   0.07279   0.25851   0.38620   0.10535   0.18130   0.04184   0.00378   0.02922   0.12242   0.02716   0.04069   0.16578   0.18618   0.02216   0.16263   0.25824   3.56916   0.86567   0.88483   1.98534   1.79034  
 40  0.1337   7535.450519  x:  0.00000   0.10181   0.01663   0.00621   0.01752   0.00365   0.00407   0.00887   0.01331   0.02458   0.04262   0.07280   0.25777   0.38273   0.10492   0.18176   0.04200   0.00372   0.02923   0.12201   0.02712   0.04083   0.16528   0.18580   0.02214   0.16253   0.25712   3.58211   0.85667   0.93427   2.20320   1.77622  
 41  0.1075   7535.436991  x:  0.00000   0.10182   0.01662   0.00632   0.01747   0.00371   0.00397   0.00882   0.01328   0.02457   0.04268   0.07279   0.25791   0.38300   0.10509   0.18157   0.04197   0.00366   0.02925   0.12211   0.02714   0.04077   0.16532   0.18588   0.02214   0.16250   0.25760   3.57808   0.85166   0.96502   2.32432   1.73518  
 42  0.1283   7535.427606  x:  0.00000   0.10180   0.01660   0.00646   0.01748   0.00375   0.00411   0.00888   0.01336   0.02457   0.04274   0.07279   0.25822   0.38392   0.10533   0.18135   0.04189   0.00362   0.02926   0.12231   0.02718   0.04068   0.16558   0.18604   0.02216   0.16259   0.25786   3.56829   0.84999   0.99457   2.44018   1.72937  
 43  0.0631   7535.423858  x:  0.00000   0.10177   0.01661   0.00628   0.01746   0.00370   0.00404   0.00891   0.01330   0.02456   0.04267   0.07276   0.25792   0.38345   0.10520   0.18133   0.04192   0.00365   0.02924   0.12216   0.02713   0.04075   0.16540   0.18591   0.02211   0.16252   0.25751   3.57356   0.84787   1.02310   2.53875   1.71911  
 44  0.0646   7535.423589  x:  0.00000   0.10180   0.01661   0.00633   0.01746   0.00369   0.00404   0.00888   0.01330   0.02456   0.04268   0.07276   0.25792   0.38331   0.10521   0.18136   0.04194   0.00365   0.02922   0.12217   0.02714   0.04074   0.16540   0.18591   0.02211   0.16253   0.25753   3.57382   0.84793   1.02771   2.55316   1.71990  
 45  0.0129   7535.423578  x:  0.00000   0.10180   0.01661   0.00633   0.01747   0.00369   0.00404   0.00888   0.01331   0.02457   0.04268   0.07276   0.25792   0.38332   0.10522   0.18135   0.04193   0.00365   0.02922   0.12218   0.02714   0.04074   0.16541   0.18591   0.02211   0.16253   0.25753   3.57339   0.84786   1.02902   2.55719   1.71930  
 46  0.0039   7535.423578  x:  0.00000   0.10179   0.01661   0.00633   0.01747   0.00369   0.00404   0.00888   0.01331   0.02457   0.04268   0.07276   0.25792   0.38333   0.10522   0.18135   0.04193   0.00365   0.02922   0.12218   0.02714   0.04074   0.16541   0.18591   0.02211   0.16253   0.25753   3.57343   0.84791   1.02891   2.55644   1.71955  
 47  0.0006   7535.423578  x:  0.00000   0.10179   0.01661   0.00633   0.01747   0.00369   0.00404   0.00888   0.01331   0.02457   0.04268   0.07276   0.25792   0.38332   0.10522   0.18135   0.04193   0.00365   0.02922   0.12218   0.02714   0.04074   0.16541   0.18591   0.02211   0.16253   0.25753   3.57344   0.84791   1.02886   2.55618   1.71956  
 48  0.0002   7535.423578  x:  0.00000   0.10179   0.01661   0.00633   0.01747   0.00369   0.00404   0.00888   0.01331   0.02457   0.04268   0.07276   0.25792   0.38332   0.10522   0.18135   0.04193   0.00365   0.02922   0.12218   0.02714   0.04074   0.16541   0.18591   0.02211   0.16253   0.25753   3.57344   0.84791   1.02883   2.55608   1.71957  
 49  0.0001   7535.423578  x:  0.00000   0.10179   0.01661   0.00633   0.01747   0.00369   0.00404   0.00888   0.01331   0.02457   0.04268   0.07276   0.25792   0.38332   0.10522   0.18135   0.04193   0.00365   0.02922   0.12218   0.02714   0.04074   0.16541   0.18591   0.02211   0.16253   0.25753   3.57344   0.84791   1.02883   2.55609   1.71957  
 50  0.0000   7535.423578  x:  0.00000   0.10179   0.01661   0.00633   0.01747   0.00369   0.00404   0.00888   0.01331   0.02457   0.04268   0.07276   0.25792   0.38332   0.10522   0.18135   0.04193   0.00365   0.02922   0.12218   0.02714   0.04074   0.16541   0.18591   0.02211   0.16253   0.25753   3.57344   0.84791   1.02884   2.55611   1.71957  
 51  0.0000   7535.423578  x:  0.00000   0.10179   0.01661   0.00633   0.01747   0.00369   0.00404   0.00888   0.01331   0.02457   0.04268   0.07276   0.25792   0.38332   0.10522   0.18135   0.04193   0.00365   0.02922   0.12218   0.02714   0.04074   0.16541   0.18591   0.02211   0.16253   0.25753   3.57344   0.84791   1.02884   2.55611   1.71957  