

Model 0: one-ratio

TREE # 1

  0  0.0000  22213.191757  x:  0.00000   0.09130   0.04470   0.01634   0.04534   0.03394   0.02349   0.01874   0.03308   0.01299   0.03572   0.02767   0.04751   0.07678   0.21626   0.26768   0.12793   0.14083   0.06278   0.01229   0.06396   0.11022   0.03281   0.03950   0.12763   0.17893   0.01607   0.12445   0.15275   2.00000   0.40000  
  1 99.0000  22105.850029  x:  0.04372   0.09853   0.04123   0.00998   0.03414   0.01714   0.01339   0.00000   0.01501   0.00245   0.02610   0.02522   0.05046   0.08186   0.22367   0.27407   0.13121   0.14643   0.06420   0.00598   0.06084   0.11375   0.03672   0.04177   0.13456   0.18221   0.01028   0.12911   0.15460   2.00323   0.39809  
  2 4396.7454  22099.992088  x:  0.04867   0.09936   0.04083   0.00926   0.03285   0.01520   0.01224   0.00035   0.01292   0.00133   0.02499   0.02494   0.05080   0.08244   0.22453   0.27481   0.13159   0.14707   0.06436   0.00525   0.06048   0.11416   0.03716   0.04204   0.13536   0.18259   0.00962   0.12965   0.15481   2.00361   0.39787  
  3 33006.0176  22078.709429  x:  0.06102   0.10222   0.03930   0.00759   0.02783   0.00742   0.00896   0.00076   0.00446   0.01129   0.02094   0.02413   0.05208   0.08466   0.22793   0.27783   0.13312   0.14969   0.06450   0.00339   0.05908   0.11579   0.03864   0.04290   0.13860   0.18418   0.00754   0.13185   0.15570   2.00522   0.39691  
  4 8720.2892  22070.079882  x:  0.05976   0.10353   0.03844   0.00937   0.02499   0.00348   0.01051   0.00074   0.00139   0.01077   0.01932   0.02420   0.05279   0.08598   0.23031   0.28011   0.13422   0.15157   0.06387   0.00515   0.05821   0.11691   0.03908   0.04316   0.14092   0.18543   0.00760   0.13347   0.15640   2.00658   0.39611  
  5 1925.1290  22065.583373  x:  0.05935   0.10473   0.03767   0.01023   0.02261   0.00142   0.01116   0.00073   0.00272   0.01075   0.01797   0.02423   0.05340   0.08714   0.23241   0.28211   0.13517   0.15322   0.06336   0.00589   0.05742   0.11789   0.03949   0.04340   0.14294   0.18651   0.00751   0.13488   0.15700   2.00778   0.39540  
  6 3807.8976  22048.786787  x:  0.05760   0.11066   0.03393   0.01349   0.01138   0.00422   0.01346   0.00073   0.00412   0.01076   0.01181   0.02434   0.05632   0.09285   0.24288   0.29209   0.13990   0.16139   0.06087   0.00848   0.05353   0.12274   0.04146   0.04458   0.15296   0.19189   0.00694   0.14185   0.16000   2.01381   0.39186  
  7 5867.2949  22014.807094  x:  0.04708   0.12551   0.02609   0.00842   0.01531   0.00365   0.00762   0.00062   0.00317   0.00888   0.01804   0.02563   0.06164   0.10677   0.27172   0.32035   0.15214   0.18312   0.05392   0.00139   0.04357   0.13522   0.04454   0.04640   0.17921   0.20638   0.00586   0.15997   0.16811   2.03198   0.38149  
  8 2433.2693  22010.086670  x:  0.04775   0.12848   0.02630   0.00652   0.01942   0.00418   0.00858   0.00064   0.00366   0.00927   0.01940   0.02543   0.06188   0.10908   0.27821   0.32706   0.15439   0.18753   0.05321   0.00673   0.04269   0.13755   0.04455   0.04627   0.18445   0.20952   0.00565   0.16343   0.16976   2.03692   0.37892  
  9 2455.7582  22006.361599  x:  0.04969   0.12987   0.03027   0.01060   0.02374   0.00472   0.01250   0.00066   0.00414   0.00981   0.01900   0.02459   0.06022   0.10921   0.28403   0.33389   0.15526   0.19041   0.05378   0.00538   0.04412   0.13853   0.04293   0.04505   0.18766   0.21190   0.00564   0.16515   0.17084   2.04343   0.37601  
 10 1084.1433  22000.099251  x:  0.04774   0.12881   0.03993   0.00809   0.02350   0.00437   0.00982   0.00064   0.00377   0.00938   0.01447   0.02290   0.05363   0.10484   0.29454   0.34832   0.15431   0.19328   0.05645   0.00474   0.05076   0.13784   0.03756   0.04130   0.19022   0.21537   0.00712   0.16531   0.17191   2.06073   0.36928  
 11 876.3495  21995.350803  x:  0.04815   0.12556   0.04171   0.00837   0.01888   0.00429   0.00999   0.00065   0.00377   0.00949   0.02126   0.02443   0.05019   0.09837   0.30315   0.36197   0.15151   0.19371   0.05897   0.00522   0.05503   0.13531   0.03701   0.04115   0.18948   0.21735   0.00356   0.16300   0.17186   2.08113   0.36301  
 12 889.4908  21989.394463  x:  0.04955   0.11915   0.03631   0.00850   0.01865   0.00435   0.01097   0.00067   0.00386   0.00983   0.02216   0.02683   0.05102   0.08884   0.31415   0.38189   0.14588   0.19219   0.06123   0.00488   0.05692   0.13012   0.04111   0.04438   0.18544   0.21884   0.01146   0.15814   0.17128   2.11695   0.35470  
 13 1220.5598  21983.535971  x:  0.04830   0.11348   0.03100   0.00952   0.02254   0.00442   0.00980   0.00065   0.00386   0.00955   0.01643   0.02576   0.05475   0.08415   0.32158   0.39789   0.14069   0.18953   0.06094   0.00512   0.05533   0.12573   0.04361   0.04629   0.18022   0.21882   0.00562   0.15303   0.16991   2.15251   0.34947  
 14 1521.3394  21978.831188  x:  0.04823   0.11103   0.03238   0.00572   0.02155   0.00427   0.01383   0.00065   0.00373   0.00955   0.01672   0.02211   0.05865   0.08906   0.32385   0.40816   0.13721   0.18597   0.05813   0.00394   0.05044   0.12371   0.04206   0.04487   0.17459   0.21689   0.00532   0.14968   0.16845   2.18939   0.34980  
 15 954.7233  21971.740749  x:  0.04899   0.10865   0.03588   0.00908   0.02034   0.00436   0.00985   0.00066   0.00384   0.00966   0.01926   0.01917   0.06363   0.09915   0.32563   0.42270   0.13263   0.18022   0.05332   0.00575   0.04311   0.12175   0.03879   0.04196   0.16596   0.21325   0.00772   0.14537   0.16621   2.25078   0.35253  
 16 3599.8124  21962.650784  x:  0.04949   0.11069   0.03762   0.00840   0.02094   0.00431   0.01025   0.00066   0.00379   0.00972   0.01694   0.03590   0.06153   0.11259   0.32200   0.43683   0.13080   0.17326   0.04888   0.00557   0.04320   0.12425   0.03767   0.04115   0.15749   0.20691   0.00705   0.14364   0.16366   2.34926   0.36329  
 17 1867.5831  21937.926576  x:  0.04732   0.12308   0.02648   0.00942   0.02186   0.00439   0.01039   0.00065   0.00383   0.00956   0.01706   0.02462   0.04503   0.12623   0.30155   0.45270   0.13745   0.16358   0.05028   0.00503   0.06221   0.13682   0.04608   0.04874   0.15155   0.19349   0.00693   0.14941   0.16097   2.59541   0.39728  
 18 2359.5287  21907.979752  x:  0.04643   0.13410   0.03286   0.00852   0.02101   0.00435   0.00985   0.00064   0.00378   0.00949   0.01842   0.02524   0.07147   0.09548   0.26667   0.44004   0.15559   0.16901   0.06448   0.00476   0.06139   0.14233   0.03854   0.04277   0.16927   0.19114   0.00620   0.16236   0.16534   2.92218   0.43502  
 19 2225.3720  21892.144815  x:  0.04807   0.12881   0.03649   0.00866   0.02102   0.00432   0.01024   0.00065   0.00376   0.00959   0.01724   0.02541   0.05281   0.08320   0.25847   0.40989   0.15879   0.17934   0.05567   0.00523   0.03990   0.13382   0.04135   0.04367   0.18233   0.20295   0.00569   0.16334   0.16991   3.08262   0.44019  
 20 1600.1524  21880.165149  x:  0.04964   0.11733   0.03168   0.00892   0.02119   0.00438   0.01038   0.00066   0.00382   0.00970   0.01779   0.02563   0.05637   0.09494   0.26804   0.36086   0.15238   0.19162   0.04974   0.00480   0.05354   0.12430   0.03807   0.04179   0.19324   0.22045   0.00612   0.15850   0.17328   3.21726   0.42876  
 21 1094.9654  21877.854027  x:  0.04811   0.11940   0.03592   0.00867   0.02123   0.00436   0.00988   0.00065   0.00379   0.00955   0.01765   0.02573   0.05742   0.09806   0.27571   0.34698   0.14952   0.19268   0.05875   0.00478   0.05175   0.12743   0.04284   0.04538   0.19110   0.22098   0.00576   0.15804   0.17240   3.24432   0.42358  
 22 484.0467  21876.954654  x:  0.04802   0.12247   0.03289   0.00879   0.02130   0.00437   0.01018   0.00065   0.00380   0.00958   0.01761   0.02577   0.05613   0.09694   0.28142   0.34024   0.14857   0.19224   0.06162   0.00482   0.04979   0.13126   0.03967   0.04291   0.18807   0.21878   0.00598   0.15889   0.17132   3.25457   0.42069  
 23 271.0502  21876.699800  x:  0.04810   0.12386   0.03390   0.00874   0.02121   0.00436   0.01013   0.00065   0.00379   0.00958   0.01768   0.02562   0.05678   0.09486   0.28467   0.33756   0.14930   0.19167   0.05816   0.00486   0.05044   0.13300   0.04017   0.04339   0.18627   0.21629   0.00599   0.16004   0.17081   3.25753   0.41968  
 24 96.2354  21876.666680  x:  0.04810   0.12303   0.03387   0.00875   0.02122   0.00436   0.01013   0.00065   0.00379   0.00958   0.01767   0.02564   0.05670   0.09508   0.28590   0.33713   0.15107   0.19137   0.05846   0.00487   0.05041   0.13178   0.04015   0.04338   0.18623   0.21473   0.00596   0.16064   0.17115   3.25789   0.41993  
 25 18.5549  21876.617258  x:  0.04802   0.12236   0.03389   0.00874   0.02122   0.00436   0.01014   0.00065   0.00379   0.00958   0.01767   0.02563   0.05671   0.09489   0.28749   0.33689   0.15153   0.18959   0.05846   0.00487   0.05030   0.13270   0.04047   0.04293   0.18774   0.21483   0.00600   0.15892   0.17167   3.25825   0.42151  
 26  3.5999  21876.544228  x:  0.04785   0.12242   0.03390   0.00875   0.02121   0.00436   0.01014   0.00065   0.00379   0.00958   0.01767   0.02562   0.05673   0.09476   0.28843   0.33682   0.15146   0.18859   0.05847   0.00488   0.05017   0.13263   0.03915   0.04465   0.18831   0.21529   0.00601   0.15856   0.17161   3.25879   0.42257  
 27 14.2743  21875.069318  x:  0.04395   0.12761   0.03377   0.00874   0.02110   0.00435   0.01019   0.00064   0.00377   0.00946   0.01767   0.02546   0.05702   0.09363   0.29617   0.33742   0.14742   0.18255   0.05885   0.00474   0.05062   0.12448   0.04047   0.04287   0.18749   0.22330   0.00581   0.16488   0.16662   3.27007   0.43231  
 28 23.3007  21860.539915  x:  0.01512   0.11244   0.03333   0.00904   0.02005   0.00426   0.01083   0.00061   0.00360   0.00872   0.01766   0.02479   0.05738   0.09434   0.30875   0.35259   0.14960   0.19821   0.06140   0.00468   0.04991   0.13775   0.04003   0.04321   0.17050   0.23341   0.00573   0.16947   0.16671   3.37096   0.44618  
 29 85.5758  21856.511064  x:  0.00583   0.12380   0.03288   0.00913   0.01980   0.00424   0.01098   0.00059   0.00355   0.00845   0.01765   0.02477   0.05704   0.09593   0.30688   0.35726   0.14756   0.19569   0.06095   0.00478   0.04992   0.13222   0.04019   0.04321   0.17828   0.22473   0.00584   0.16272   0.16956   3.40073   0.43735  
 30 292.2864  21856.360032  x:  0.00566   0.12181   0.03294   0.00914   0.01981   0.00424   0.01100   0.00059   0.00355   0.00845   0.01765   0.02480   0.05695   0.09631   0.30561   0.35751   0.14737   0.19198   0.06097   0.00478   0.04967   0.13355   0.04020   0.04319   0.18044   0.22460   0.00580   0.16579   0.16794   3.40207   0.43452  
 31 44.1631  21856.349763  x:  0.00564   0.12212   0.03293   0.00914   0.01980   0.00424   0.01100   0.00059   0.00355   0.00845   0.01765   0.02480   0.05698   0.09635   0.30533   0.35754   0.14848   0.19114   0.06094   0.00478   0.04969   0.13360   0.04020   0.04319   0.17990   0.22553   0.00580   0.16567   0.16823   3.40222   0.43385  
 32  8.7072  21854.111047  x:  0.00847   0.12533   0.03260   0.00931   0.01960   0.00424   0.01120   0.00059   0.00350   0.00828   0.01775   0.02478   0.05645   0.09800   0.30521   0.36526   0.15436   0.19261   0.05975   0.00485   0.04923   0.13295   0.04019   0.04320   0.18494   0.22181   0.00650   0.15776   0.15302   3.45727   0.42670  
 33  0.3254  21849.949152  x:  0.01411   0.12972   0.03198   0.00966   0.01912   0.00421   0.01159   0.00058   0.00340   0.00796   0.01789   0.02467   0.05572   0.10052   0.30491   0.37956   0.14616   0.18541   0.05759   0.00500   0.04854   0.13219   0.04014   0.04324   0.18861   0.21307   0.00591   0.15991   0.17300   3.56421   0.41484  
 34 291.2588  21846.773777  x:  0.01161   0.12419   0.03194   0.01022   0.01887   0.00434   0.01177   0.00056   0.00336   0.00695   0.01812   0.02503   0.05534   0.10046   0.31080   0.39245   0.14772   0.19435   0.05863   0.00517   0.04862   0.13478   0.03939   0.04319   0.18051   0.21707   0.00648   0.15733   0.17139   3.85331   0.42617  
 35  0.2070  21846.465608  x:  0.01157   0.12510   0.03226   0.01018   0.01939   0.00445   0.01168   0.00057   0.00345   0.00674   0.01793   0.02512   0.05582   0.09944   0.30732   0.38738   0.14589   0.19031   0.05906   0.00524   0.04927   0.13241   0.03965   0.04324   0.18264   0.21588   0.00625   0.16021   0.17048   3.90608   0.42896  
 36  0.0428  21846.396960  x:  0.01122   0.12556   0.03202   0.00995   0.01916   0.00449   0.01171   0.00061   0.00343   0.00650   0.01807   0.02519   0.05530   0.10011   0.30700   0.38543   0.14701   0.18998   0.05830   0.00541   0.04880   0.13322   0.03978   0.04335   0.18206   0.21504   0.00639   0.15901   0.17093   3.92677   0.43001  
 37  0.0052  21846.105669  x:  0.01149   0.12501   0.03199   0.00944   0.01952   0.00469   0.01187   0.00091   0.00342   0.00592   0.01797   0.02514   0.05681   0.10007   0.30755   0.38690   0.14630   0.19059   0.05978   0.00548   0.04964   0.13404   0.03926   0.04301   0.18128   0.21583   0.00599   0.16043   0.17145   3.90077   0.42886  
 38  0.0033  21845.943312  x:  0.01160   0.12508   0.03246   0.00991   0.01935   0.00467   0.01176   0.00109   0.00342   0.00611   0.01805   0.02509   0.05508   0.09949   0.30740   0.38708   0.14598   0.19053   0.05848   0.00541   0.04900   0.13190   0.03982   0.04336   0.18305   0.21593   0.00641   0.15966   0.17043   3.88923   0.42840  
 39  0.0060  21845.874643  x:  0.01143   0.12525   0.03197   0.01025   0.01922   0.00460   0.01171   0.00129   0.00339   0.00619   0.01792   0.02513   0.05591   0.09949   0.30737   0.38712   0.14646   0.19026   0.05890   0.00531   0.04906   0.13295   0.03965   0.04323   0.18224   0.21558   0.00625   0.15957   0.17049   3.90555   0.42913  
 40  0.0072  21845.865075  x:  0.01150   0.12519   0.03227   0.01013   0.01928   0.00455   0.01170   0.00136   0.00340   0.00626   0.01797   0.02515   0.05563   0.09978   0.30738   0.38691   0.14624   0.19045   0.05890   0.00526   0.04914   0.13282   0.03967   0.04326   0.18235   0.21581   0.00630   0.15990   0.17077   3.90377   0.42899  
 41  0.0012  21845.863601  x:  0.01147   0.12523   0.03216   0.01005   0.01929   0.00451   0.01169   0.00137   0.00342   0.00628   0.01796   0.02511   0.05571   0.09971   0.30744   0.38699   0.14628   0.19044   0.05886   0.00527   0.04914   0.13275   0.03967   0.04326   0.18244   0.21569   0.00627   0.15977   0.17070   3.90484   0.42896  
 42  0.0007  21845.863417  x:  0.01147   0.12522   0.03217   0.01004   0.01929   0.00449   0.01169   0.00137   0.00342   0.00627   0.01797   0.02514   0.05571   0.09968   0.30743   0.38705   0.14628   0.19041   0.05888   0.00528   0.04911   0.13281   0.03967   0.04326   0.18239   0.21575   0.00627   0.15981   0.17068   3.90516   0.42900  
 43  0.0002  21845.863368  x:  0.01148   0.12522   0.03217   0.01005   0.01930   0.00448   0.01170   0.00137   0.00343   0.00627   0.01797   0.02512   0.05570   0.09969   0.30742   0.38703   0.14628   0.19043   0.05888   0.00528   0.04912   0.13278   0.03967   0.04326   0.18240   0.21573   0.00627   0.15979   0.17069   3.90499   0.42899  
 44  0.0001  21845.863366  x:  0.01147   0.12522   0.03217   0.01005   0.01930   0.00448   0.01170   0.00137   0.00343   0.00627   0.01797   0.02513   0.05571   0.09970   0.30743   0.38702   0.14628   0.19043   0.05887   0.00528   0.04912   0.13279   0.03967   0.04326   0.18240   0.21573   0.00627   0.15980   0.17069   3.90497   0.42899  
 45  0.0000  21845.863366  x:  0.01147   0.12522   0.03217   0.01005   0.01930   0.00448   0.01170   0.00137   0.00343   0.00627   0.01797   0.02513   0.05571   0.09970   0.30743   0.38702   0.14628   0.19043   0.05887   0.00528   0.04912   0.13279   0.03967   0.04326   0.18240   0.21573   0.00627   0.15980   0.17069   3.90497   0.42899  
 46  0.0000  21845.863366  x:  0.01147   0.12522   0.03217   0.01005   0.01930   0.00448   0.01170   0.00137   0.00343   0.00627   0.01797   0.02513   0.05571   0.09970   0.30743   0.38702   0.14628   0.19043   0.05887   0.00528   0.04912   0.13279   0.03967   0.04326   0.18240   0.21573   0.00627   0.15980   0.17069   3.90497   0.42899  

Model 1: NearlyNeutral

TREE # 1

  0  0.0000  21716.828088  x:  0.00000   0.10565   0.02564   0.02566   0.01992   0.01576   0.01789   0.00997   0.01972   0.02176   0.03522   0.02100   0.04670   0.08996   0.25081   0.29492   0.12905   0.16955   0.05830   0.00849   0.05408   0.11806   0.05172   0.05475   0.16367   0.19376   0.00521   0.13387   0.14940   3.90497   0.50913   0.13125  
  1 99.0000  21664.587033  x:  0.01025   0.10830   0.02803   0.01995   0.01954   0.00810   0.01392   0.00000   0.01021   0.01366   0.02981   0.02292   0.04857   0.09149   0.25348   0.29798   0.13074   0.17115   0.05967   0.00608   0.05371   0.11942   0.04931   0.05253   0.16494   0.19509   0.00641   0.13608   0.15113   3.90504   0.51201   0.12774  
  2 3041.3306  21641.507545  x:  0.01813   0.11037   0.02989   0.01548   0.01924   0.00212   0.01086   0.00038   0.00279   0.00732   0.02557   0.02441   0.05003   0.09269   0.25556   0.30038   0.13206   0.17240   0.06073   0.00420   0.05342   0.12048   0.04742   0.05079   0.16593   0.19613   0.00733   0.13781   0.15249   3.90511   0.51428   0.12497  
  3 14953.8393  21634.098739  x:  0.02048   0.11210   0.03111   0.01154   0.01924   0.00741   0.01025   0.00047   0.00187   0.00380   0.02172   0.02523   0.05139   0.09382   0.25782   0.30314   0.13353   0.17381   0.06115   0.00340   0.05314   0.12166   0.04551   0.04903   0.16704   0.19733   0.00742   0.13967   0.15396   3.90518   0.51707   0.12169  
  4 2104.9352  21626.033939  x:  0.02299   0.11493   0.03286   0.00627   0.01917   0.00816   0.01024   0.00055   0.00674   0.00468   0.01590   0.02625   0.05360   0.09569   0.26178   0.30803   0.13607   0.17626   0.06164   0.00287   0.05268   0.12370   0.04241   0.04614   0.16900   0.19945   0.00730   0.14288   0.15651   3.90532   0.52202   0.11590  
  5 2831.0275  21612.491046  x:  0.02103   0.12036   0.03506   0.00848   0.01927   0.00901   0.01364   0.00054   0.00315   0.01067   0.00977   0.02681   0.05781   0.09933   0.27071   0.31934   0.14166   0.18175   0.06164   0.00479   0.05178   0.12819   0.03678   0.04081   0.17339   0.20429   0.00586   0.14987   0.16211   3.90565   0.53346   0.10279  
  6 2155.5799  21596.300095  x:  0.01443   0.12791   0.03639   0.01128   0.01929   0.00710   0.01416   0.00047   0.00476   0.00646   0.01781   0.02616   0.06246   0.10412   0.28459   0.33728   0.14987   0.19002   0.06095   0.00454   0.05026   0.13474   0.03127   0.03537   0.18000   0.21165   0.00376   0.16015   0.17047   3.90619   0.55088   0.08368  
  7 2783.0089  21590.613407  x:  0.00712   0.13006   0.03362   0.00745   0.01900   0.00574   0.01089   0.00038   0.00293   0.00671   0.01695   0.02452   0.06119   0.10472   0.29134   0.34666   0.15274   0.19337   0.05986   0.00299   0.04944   0.13689   0.03575   0.03894   0.18264   0.21479   0.00435   0.16390   0.17369   3.90651   0.55761   0.07960  
  8 1063.2709  21588.704671  x:  0.00650   0.13105   0.03194   0.00951   0.01896   0.00527   0.01094   0.00037   0.00395   0.00470   0.01476   0.02446   0.05961   0.10443   0.29512   0.35214   0.15369   0.19482   0.05974   0.00395   0.04910   0.13751   0.03834   0.04126   0.18376   0.21626   0.00456   0.16529   0.17494   3.90673   0.56029   0.08046  
  9 793.4885  21585.101074  x:  0.01150   0.13362   0.02840   0.01043   0.01909   0.00685   0.01233   0.00045   0.00419   0.00683   0.01711   0.02581   0.05458   0.10303   0.30570   0.36788   0.15530   0.19818   0.06031   0.00361   0.04820   0.13834   0.04261   0.04558   0.18629   0.21982   0.00385   0.16799   0.17755   3.90740   0.56606   0.08765  
 10 862.8663  21581.729519  x:  0.00814   0.13408   0.02977   0.00847   0.01956   0.00585   0.01384   0.00040   0.00363   0.00580   0.01746   0.02515   0.05202   0.10125   0.31728   0.38690   0.15514   0.20073   0.05957   0.00555   0.04856   0.13790   0.03921   0.04337   0.18826   0.22303   0.00331   0.16886   0.17890   3.90839   0.57005   0.10282  
 11 589.8430  21580.770123  x:  0.00733   0.13393   0.03092   0.00993   0.01953   0.00609   0.01163   0.00041   0.00390   0.00620   0.01714   0.02517   0.05278   0.10095   0.32063   0.39287   0.15467   0.20121   0.05949   0.00358   0.04885   0.13757   0.03828   0.04256   0.18864   0.22375   0.00421   0.16870   0.17901   3.90876   0.57127   0.10724  
 12 733.6469  21580.266334  x:  0.00730   0.13280   0.03223   0.00972   0.01910   0.00617   0.01199   0.00041   0.00389   0.00630   0.01759   0.02553   0.05725   0.10145   0.32242   0.39801   0.15287   0.20053   0.06010   0.00422   0.05010   0.13680   0.03998   0.04319   0.18821   0.22351   0.00512   0.16704   0.17791   3.90932   0.57269   0.10867  
 13 186.1133  21580.140732  x:  0.00726   0.13226   0.03209   0.00972   0.01938   0.00608   0.01232   0.00040   0.00388   0.00617   0.01741   0.02544   0.05797   0.10167   0.32271   0.39969   0.15206   0.20010   0.06029   0.00360   0.05037   0.13649   0.04016   0.04328   0.18791   0.22322   0.00408   0.16619   0.17729   3.90959   0.57318   0.10860  
 14 169.8480  21579.950582  x:  0.00757   0.13098   0.03099   0.00968   0.01994   0.00615   0.01149   0.00041   0.00388   0.00626   0.01732   0.02507   0.05764   0.10217   0.32280   0.40325   0.15005   0.19892   0.06070   0.00425   0.05066   0.13578   0.03952   0.04297   0.18702   0.22234   0.00386   0.16421   0.17579   3.91032   0.57433   0.10745  
 15 147.2491  21579.829550  x:  0.00760   0.13010   0.03048   0.00963   0.01968   0.00609   0.01206   0.00041   0.00386   0.00617   0.01721   0.02500   0.05691   0.10247   0.32266   0.40578   0.14861   0.19803   0.06083   0.00378   0.05062   0.13528   0.03903   0.04275   0.18633   0.22161   0.00477   0.16288   0.17475   3.91093   0.57516   0.10648  
 16 250.7294  21579.789181  x:  0.00757   0.12991   0.03114   0.00964   0.01900   0.00610   0.01196   0.00041   0.00386   0.00618   0.01720   0.02538   0.05632   0.10244   0.32228   0.40684   0.14814   0.19767   0.06059   0.00388   0.05033   0.13515   0.03911   0.04275   0.18598   0.22120   0.00455   0.16250   0.17436   3.91136   0.57550   0.10607  
 17 73.4279  21579.770650  x:  0.00761   0.12999   0.03171   0.00964   0.01949   0.00610   0.01200   0.00041   0.00386   0.00619   0.01721   0.02540   0.05609   0.10221   0.32173   0.40752   0.14801   0.19749   0.06026   0.00390   0.05003   0.13516   0.03928   0.04277   0.18575   0.22085   0.00462   0.16251   0.17423   3.91182   0.57571   0.10591  
 18 43.3299  21579.747038  x:  0.00780   0.13038   0.03158   0.00964   0.01929   0.00612   0.01200   0.00041   0.00387   0.00619   0.01719   0.02488   0.05634   0.10153   0.32029   0.40867   0.14809   0.19726   0.05970   0.00392   0.04973   0.13534   0.03929   0.04267   0.18538   0.22018   0.00459   0.16290   0.17421   3.91302   0.57600   0.10596  
 19 34.0560  21579.733496  x:  0.00771   0.13060   0.03128   0.00962   0.01934   0.00610   0.01198   0.00041   0.00386   0.00618   0.01719   0.02538   0.05650   0.10125   0.31925   0.40936   0.14823   0.19715   0.05958   0.00392   0.04981   0.13547   0.03919   0.04265   0.18521   0.21979   0.00459   0.16319   0.17426   3.91402   0.57619   0.10607  
 20 47.5512  21579.717770  x:  0.00764   0.13075   0.03145   0.00963   0.01934   0.00610   0.01198   0.00041   0.00386   0.00618   0.01720   0.02525   0.05629   0.10170   0.31783   0.41008   0.14855   0.19713   0.06023   0.00389   0.05042   0.13555   0.03912   0.04286   0.18523   0.21960   0.00457   0.16346   0.17446   3.91602   0.57649   0.10633  
 21 25.6785  21579.698402  x:  0.00765   0.13040   0.03127   0.00964   0.01934   0.00610   0.01198   0.00041   0.00386   0.00618   0.01721   0.02527   0.05634   0.10252   0.31672   0.41044   0.14885   0.19726   0.06041   0.00392   0.04969   0.13529   0.03947   0.04243   0.18556   0.22008   0.00456   0.16329   0.17472   3.92003   0.57678   0.10668  
 22 21.6045  21579.647379  x:  0.00791   0.12955   0.03135   0.00962   0.01936   0.00611   0.01199   0.00041   0.00386   0.00619   0.01721   0.02525   0.05652   0.10260   0.31550   0.41052   0.14898   0.19755   0.05947   0.00392   0.04952   0.13489   0.03871   0.04343   0.18649   0.22159   0.00459   0.16258   0.17495   3.93256   0.57751   0.10687  
 23 50.2377  21579.534080  x:  0.00811   0.12900   0.03147   0.00962   0.01938   0.00611   0.01198   0.00041   0.00386   0.00619   0.01716   0.02526   0.05610   0.10102   0.31479   0.41007   0.14855   0.19784   0.05897   0.00381   0.05092   0.13483   0.03960   0.04211   0.18750   0.22352   0.00464   0.16175   0.17478   3.96123   0.57869   0.10683  
 24 156.6454  21579.254282  x:  0.00739   0.13060   0.03164   0.00955   0.01946   0.00603   0.01194   0.00040   0.00381   0.00616   0.01715   0.02531   0.05637   0.09941   0.31653   0.40835   0.14688   0.19770   0.06190   0.00386   0.04896   0.13531   0.03922   0.04248   0.18647   0.22350   0.00467   0.16221   0.17345   4.03517   0.57981   0.10710  
 25 278.1292  21579.071310  x:  0.00754   0.13123   0.03123   0.00958   0.01954   0.00604   0.01196   0.00041   0.00381   0.00618   0.01719   0.02533   0.05623   0.10229   0.31889   0.40756   0.14686   0.19753   0.05968   0.00390   0.04976   0.13558   0.03952   0.04231   0.18491   0.22085   0.00468   0.16331   0.17333   4.08292   0.57893   0.10733  
 26 333.0433  21579.030212  x:  0.00759   0.12994   0.03135   0.00958   0.01957   0.00605   0.01198   0.00041   0.00382   0.00619   0.01719   0.02535   0.05625   0.10174   0.31978   0.40833   0.14852   0.19761   0.06002   0.00394   0.04979   0.13500   0.03954   0.04231   0.18508   0.21936   0.00465   0.16294   0.17465   4.09396   0.57663   0.10641  
 27 57.1631  21579.010255  x:  0.00750   0.13065   0.03134   0.00961   0.01961   0.00607   0.01201   0.00041   0.00382   0.00621   0.01723   0.02539   0.05631   0.10196   0.31993   0.40967   0.14859   0.19717   0.06004   0.00395   0.04980   0.13556   0.03962   0.04236   0.18585   0.22020   0.00466   0.16288   0.17453   4.09937   0.57302   0.10539  
 28 19.0686  21579.008775  x:  0.00751   0.13051   0.03135   0.00961   0.01962   0.00607   0.01201   0.00041   0.00382   0.00621   0.01723   0.02539   0.05631   0.10195   0.31990   0.40981   0.14841   0.19748   0.06005   0.00394   0.04984   0.13534   0.03962   0.04237   0.18559   0.22043   0.00465   0.16321   0.17450   4.09975   0.57265   0.10525  
 29  4.6352  21579.008493  x:  0.00751   0.13053   0.03135   0.00961   0.01962   0.00607   0.01201   0.00041   0.00382   0.00621   0.01723   0.02539   0.05631   0.10196   0.31987   0.40983   0.14831   0.19774   0.06006   0.00395   0.04984   0.13545   0.03962   0.04237   0.18554   0.22040   0.00465   0.16311   0.17456   4.09979   0.57258   0.10524  
 30  1.1332  21579.007315  x:  0.00749   0.13063   0.03134   0.00961   0.01962   0.00606   0.01201   0.00041   0.00382   0.00621   0.01723   0.02539   0.05631   0.10196   0.31984   0.40984   0.14809   0.19799   0.06005   0.00395   0.04983   0.13523   0.03962   0.04237   0.18594   0.22015   0.00465   0.16317   0.17449   4.09983   0.57256   0.10522  
 31  0.3420  21578.937425  x:  0.00743   0.12835   0.03130   0.00972   0.01957   0.00589   0.01198   0.00042   0.00376   0.00624   0.01733   0.02529   0.05621   0.10192   0.32001   0.41047   0.14735   0.19817   0.06021   0.00395   0.04956   0.13758   0.03971   0.04260   0.18725   0.21970   0.00459   0.16475   0.17393   4.10123   0.57277   0.10537  
 32  0.4054  21578.475265  x:  0.00559   0.13076   0.03053   0.01033   0.01920   0.00471   0.01176   0.00046   0.00334   0.00633   0.01790   0.02472   0.05556   0.10163   0.32118   0.41451   0.14813   0.19941   0.05987   0.00396   0.05002   0.13638   0.04016   0.04393   0.18631   0.22096   0.00444   0.16348   0.17555   4.11003   0.57442   0.10524  
 33 11.7769  21578.474957  x:  0.00559   0.13076   0.03053   0.01033   0.01920   0.00471   0.01176   0.00046   0.00334   0.00633   0.01790   0.02472   0.05556   0.10163   0.32119   0.41452   0.14829   0.19951   0.05987   0.00396   0.05002   0.13639   0.04016   0.04393   0.18630   0.22095   0.00445   0.16345   0.17532   4.11003   0.57442   0.10524  
 34  1.8286  21578.392363  x:  0.00692   0.13092   0.03071   0.01027   0.01917   0.00433   0.01156   0.00048   0.00328   0.00621   0.01794   0.02487   0.05569   0.10173   0.32171   0.41525   0.14900   0.19861   0.05983   0.00380   0.05005   0.13567   0.04014   0.04394   0.18706   0.22133   0.00451   0.16444   0.17506   4.10055   0.57411   0.10500  
 35  0.0258  21578.103758  x:  0.00660   0.13125   0.03062   0.01042   0.01929   0.00446   0.01172   0.00069   0.00388   0.00654   0.01846   0.02489   0.05564   0.10148   0.32115   0.41358   0.14924   0.19614   0.05991   0.00389   0.05007   0.13274   0.04033   0.04379   0.18803   0.22086   0.00447   0.16504   0.17374   4.08467   0.57384   0.10452  
 36  0.0151  21577.933596  x:  0.00747   0.13154   0.03081   0.01034   0.01937   0.00435   0.01169   0.00080   0.00400   0.00655   0.01854   0.02508   0.05585   0.10183   0.32082   0.41337   0.14782   0.19929   0.05990   0.00385   0.04999   0.13533   0.04026   0.04356   0.18598   0.22080   0.00459   0.16275   0.17586   4.12075   0.57282   0.10493  
 37  0.0906  21577.664860  x:  0.00676   0.13037   0.03111   0.01004   0.01940   0.00434   0.01186   0.00106   0.00330   0.00637   0.01771   0.02514   0.05603   0.10191   0.32116   0.41274   0.14929   0.19758   0.06008   0.00393   0.04992   0.13638   0.03964   0.04291   0.18588   0.22138   0.00455   0.16417   0.17471   4.11350   0.57363   0.10545  
 38  0.0040  21577.595049  x:  0.00695   0.13112   0.03086   0.01005   0.01927   0.00455   0.01158   0.00125   0.00343   0.00626   0.01773   0.02502   0.05586   0.10180   0.32126   0.41393   0.14876   0.19855   0.05994   0.00377   0.05004   0.13548   0.04009   0.04361   0.18643   0.22115   0.00459   0.16378   0.17517   4.11369   0.57354   0.10521  
 39  0.0014  21577.583723  x:  0.00682   0.13101   0.03090   0.01009   0.01933   0.00442   0.01172   0.00134   0.00343   0.00623   0.01784   0.02505   0.05589   0.10183   0.32125   0.41371   0.14879   0.19827   0.05999   0.00387   0.04999   0.13561   0.04003   0.04346   0.18632   0.22119   0.00454   0.16386   0.17513   4.11132   0.57349   0.10513  
 40  0.0016  21577.582582  x:  0.00688   0.13095   0.03093   0.01010   0.01933   0.00447   0.01169   0.00136   0.00343   0.00626   0.01784   0.02506   0.05591   0.10184   0.32123   0.41359   0.14885   0.19826   0.05999   0.00385   0.04999   0.13570   0.03999   0.04341   0.18627   0.22121   0.00457   0.16386   0.17508   4.10915   0.57346   0.10515  
 41  0.0017  21577.582211  x:  0.00687   0.13097   0.03091   0.01009   0.01932   0.00445   0.01169   0.00137   0.00343   0.00627   0.01783   0.02505   0.05589   0.10183   0.32121   0.41362   0.14878   0.19838   0.05998   0.00384   0.05000   0.13571   0.04000   0.04344   0.18624   0.22118   0.00456   0.16379   0.17515   4.10627   0.57348   0.10512  
 42  0.0011  21577.582114  x:  0.00688   0.13097   0.03092   0.01009   0.01932   0.00446   0.01169   0.00136   0.00343   0.00626   0.01783   0.02505   0.05590   0.10184   0.32121   0.41360   0.14879   0.19837   0.05999   0.00385   0.04999   0.13575   0.04000   0.04343   0.18622   0.22119   0.00456   0.16379   0.17515   4.10507   0.57345   0.10511  
 43  0.0008  21577.582111  x:  0.00687   0.13096   0.03092   0.01010   0.01932   0.00446   0.01169   0.00136   0.00343   0.00626   0.01784   0.02505   0.05590   0.10184   0.32121   0.41360   0.14879   0.19837   0.05999   0.00385   0.04999   0.13575   0.04000   0.04343   0.18622   0.22119   0.00456   0.16378   0.17515   4.10507   0.57346   0.10511  
 44  0.0000  21577.582110  x:  0.00687   0.13097   0.03092   0.01010   0.01932   0.00446   0.01169   0.00136   0.00343   0.00626   0.01784   0.02505   0.05590   0.10184   0.32121   0.41359   0.14879   0.19837   0.05999   0.00385   0.04999   0.13575   0.04000   0.04343   0.18622   0.22119   0.00456   0.16378   0.17515   4.10504   0.57346   0.10511  

Model 2: PositiveSelection

TREE # 1

  0  0.0000  21952.253031  x:  0.00000   0.10782   0.03561   0.03388   0.04010   0.01845   0.01455   0.01203   0.01459   0.03175   0.04267   0.04578   0.05900   0.08809   0.24203   0.26260   0.12374   0.15822   0.04684   0.02499   0.03634   0.10090   0.04154   0.04418   0.15532   0.18226   0.02625   0.12860   0.12826   4.10504   0.91827   0.57566   0.25513   2.18071  
  1 99.0000  21865.565356  x:  0.01482   0.11114   0.03501   0.02569   0.03339   0.00866   0.01210   0.00000   0.00428   0.02103   0.03532   0.03988   0.05828   0.09033   0.24612   0.26821   0.12691   0.16142   0.05099   0.01818   0.04085   0.10537   0.04161   0.04437   0.15794   0.18494   0.02045   0.13179   0.13271   4.10521   0.91973   0.57524   0.25045   2.17996  
  2 3548.5447  21846.344567  x:  0.01989   0.11228   0.03480   0.02286   0.03107   0.00528   0.01126   0.00015   0.00075   0.01733   0.03278   0.03784   0.05803   0.09110   0.24754   0.27015   0.12800   0.16252   0.05242   0.01583   0.04241   0.10692   0.04163   0.04444   0.15884   0.18587   0.01845   0.13289   0.13425   4.10527   0.92023   0.57509   0.24883   2.17970  
  3 25224.0396  21823.280579  x:  0.02594   0.11392   0.03447   0.01853   0.02758   0.00086   0.01035   0.00025   0.00388   0.01163   0.02889   0.03476   0.05767   0.09227   0.24972   0.27320   0.12970   0.16424   0.05438   0.01214   0.04466   0.10928   0.04164   0.04453   0.16025   0.18732   0.01537   0.13461   0.13665   4.10536   0.92105   0.57486   0.24622   2.17927  
  4 10779.1142  21799.008400  x:  0.03298   0.11630   0.03393   0.01194   0.02243   0.00592   0.00972   0.00037   0.00666   0.00315   0.02302   0.03011   0.05715   0.09407   0.25318   0.27811   0.13240   0.16699   0.05710   0.00641   0.04792   0.11296   0.04165   0.04465   0.16249   0.18966   0.01066   0.13734   0.14044   4.10552   0.92241   0.57446   0.24190   2.17857  
  5 9223.2079  21784.143161  x:  0.03287   0.11858   0.03332   0.00683   0.01804   0.00724   0.01243   0.00039   0.00739   0.01042   0.01730   0.02573   0.05684   0.09618   0.25779   0.28497   0.13593   0.17069   0.05901   0.00120   0.05088   0.11742   0.04157   0.04472   0.16550   0.19294   0.00632   0.14105   0.14543   4.10576   0.92453   0.57385   0.23526   2.17748  
  6 2499.1649  21751.606800  x:  0.02004   0.12516   0.03186   0.01116   0.01231   0.00667   0.01754   0.00032   0.00644   0.01043   0.00761   0.01706   0.05693   0.10287   0.27387   0.30933   0.14780   0.18342   0.06331   0.01156   0.05899   0.13164   0.04135   0.04488   0.17591   0.20482   0.00139   0.15404   0.16242   4.10669   0.93249   0.57154   0.21034   2.17335  
  7 2460.4779  21696.923300  x:  0.00000   0.13717   0.02981   0.00995   0.01508   0.00500   0.01950   0.00022   0.00469   0.00774   0.02190   0.01371   0.05729   0.11437   0.30309   0.35339   0.16844   0.20592   0.07072   0.00929   0.07077   0.15578   0.04138   0.04555   0.19422   0.22572   0.00404   0.17690   0.19222   4.10841   0.94726   0.56730   0.16402   2.16560  
  8 5603.9273  21696.923300  x:  0.00000   0.13717   0.02981   0.00995   0.01508   0.00500   0.01950   0.00022   0.00469   0.00774   0.02190   0.01371   0.05729   0.11437   0.30309   0.35339   0.16844   0.20592   0.07072   0.00929   0.07077   0.15578   0.04138   0.04555   0.19422   0.22572   0.00404   0.17690   0.19222   4.10841   0.94726   0.56730   0.16402   2.16560  
  9 3553.6846  21694.331082  x:  0.00017   0.13719   0.02984   0.01000   0.01523   0.00500   0.01937   0.00215   0.00462   0.00769   0.02185   0.01406   0.05731   0.11436   0.30313   0.35345   0.16844   0.20594   0.07072   0.00918   0.07071   0.15576   0.04140   0.04556   0.19423   0.22574   0.00407   0.17690   0.19222   4.10841   0.94729   0.56729   0.16392   2.16558  
 10 6998.9744  21679.720034  x:  0.00665   0.13800   0.03103   0.01161   0.02096   0.00495   0.01420   0.00200   0.00167   0.00600   0.02014   0.02721   0.05815   0.11402   0.30500   0.35600   0.16838   0.20643   0.07058   0.00481   0.06815   0.15496   0.04202   0.04609   0.19453   0.22641   0.00490   0.17692   0.19213   4.10859   0.94858   0.56703   0.16023   2.16474  
 11 1772.7232  21677.317415  x:  0.00829   0.13826   0.03143   0.01185   0.02219   0.00487   0.01277   0.00196   0.00468   0.00602   0.01966   0.03004   0.05845   0.11389   0.30573   0.35703   0.16836   0.20663   0.07046   0.00356   0.06719   0.15465   0.04225   0.04628   0.19467   0.22670   0.00515   0.17694   0.19209   4.10866   0.94911   0.56693   0.15874   2.16439  
 12 2506.8806  21671.047500  x:  0.01250   0.13999   0.03428   0.00899   0.02062   0.00407   0.01025   0.00197   0.00415   0.01366   0.01822   0.02849   0.06089   0.11262   0.31318   0.36784   0.16829   0.20886   0.06828   0.00148   0.05846   0.15175   0.04412   0.04787   0.19633   0.23003   0.00640   0.17720   0.19180   4.10943   0.95469   0.56588   0.14327   2.16064  
 13 649.2960  21661.079436  x:  0.01758   0.14284   0.03815   0.01010   0.01945   0.00748   0.01246   0.00197   0.00437   0.01085   0.01749   0.02650   0.06471   0.11030   0.32702   0.38822   0.16811   0.21298   0.06427   0.00751   0.04430   0.14669   0.04666   0.04998   0.19953   0.23630   0.00716   0.17769   0.19124   4.11092   0.96539   0.56398   0.11457   2.15331  
 14 2136.8364  21657.321274  x:  0.01682   0.14352   0.03826   0.01046   0.01939   0.00362   0.01286   0.00197   0.00428   0.00726   0.01840   0.02512   0.06524   0.10957   0.33206   0.39595   0.16801   0.21446   0.06283   0.00550   0.04167   0.14530   0.04677   0.05002   0.20079   0.23847   0.00610   0.17784   0.19104   4.11152   0.96955   0.56339   0.10490   2.15027  
 15 1601.4645  21655.219367  x:  0.01411   0.14371   0.03711   0.01040   0.02002   0.00582   0.01250   0.00198   0.00416   0.00604   0.01948   0.02462   0.06476   0.10911   0.33594   0.40225   0.16783   0.21554   0.06192   0.00236   0.04259   0.14467   0.04606   0.04932   0.20182   0.24001   0.00483   0.17793   0.19088   4.11207   0.97307   0.56307   0.09854   2.14748  
 16 1085.6716  21651.841886  x:  0.00763   0.14374   0.03360   0.01104   0.02233   0.00521   0.01160   0.00198   0.00422   0.00838   0.02043   0.02716   0.06268   0.10844   0.34349   0.41507   0.16727   0.21748   0.06096   0.00411   0.04841   0.14410   0.04384   0.04717   0.20383   0.24284   0.00398   0.17817   0.19059   4.11328   0.98048   0.56268   0.08840   2.14124  
 17 1137.2040  21650.403347  x:  0.00714   0.14400   0.03274   0.00920   0.02039   0.00520   0.01278   0.00198   0.00427   0.00744   0.01747   0.02818   0.06120   0.10865   0.34781   0.42310   0.16657   0.21827   0.06226   0.00364   0.05207   0.14422   0.04332   0.04665   0.20458   0.24396   0.00711   0.17832   0.19052   4.11422   0.98547   0.56294   0.08764   2.13639  
 18 463.3720  21647.916721  x:  0.00987   0.14488   0.03367   0.01393   0.01713   0.00525   0.01188   0.00198   0.00420   0.00773   0.01698   0.02710   0.05927   0.10993   0.35707   0.44143   0.16460   0.21958   0.06642   0.00301   0.05722   0.14490   0.04380   0.04717   0.20550   0.24565   0.00679   0.17818   0.19012   4.11666   0.99765   0.56420   0.09316   2.12377  
 19 576.2868  21644.530893  x:  0.01248   0.14584   0.03555   0.01026   0.02073   0.00519   0.01304   0.00198   0.00430   0.00744   0.02014   0.02569   0.05830   0.11195   0.36912   0.46651   0.16193   0.22120   0.07095   0.00396   0.06045   0.14602   0.04515   0.04865   0.20631   0.24752   0.00428   0.17800   0.18978   4.12031   1.01549   0.56631   0.10426   2.10494  
 20 1207.2493  21641.972165  x:  0.00577   0.14536   0.03530   0.01178   0.02298   0.00520   0.01236   0.00199   0.00422   0.00748   0.01951   0.02626   0.06240   0.11340   0.37617   0.48462   0.16071   0.22231   0.06931   0.00364   0.05535   0.14742   0.04550   0.04926   0.20634   0.24812   0.00760   0.17874   0.19079   4.12384   1.03219   0.56854   0.11596   2.08698  
 21 615.5007  21641.078219  x:  0.00435   0.14529   0.03412   0.01083   0.02031   0.00522   0.01260   0.00198   0.00429   0.00751   0.01867   0.02842   0.06353   0.11360   0.37701   0.48938   0.16090   0.22255   0.06758   0.00399   0.05315   0.14836   0.04479   0.04858   0.20621   0.24782   0.00468   0.17920   0.19152   4.12544   1.03970   0.56947   0.11942   2.07896  
 22 455.0943  21638.782104  x:  0.00881   0.14609   0.02907   0.01040   0.01878   0.00529   0.01199   0.00198   0.00431   0.00740   0.02226   0.02795   0.06232   0.11275   0.37159   0.49438   0.16370   0.22222   0.06111   0.00435   0.05106   0.15238   0.04113   0.04433   0.20545   0.24463   0.00657   0.18205   0.19549   4.13157   1.06833   0.57254   0.12308   2.04874  
 23 321.5379  21635.048288  x:  0.01219   0.14694   0.02870   0.01222   0.02253   0.00504   0.01515   0.00197   0.00428   0.00851   0.01703   0.02555   0.05971   0.11165   0.36000   0.49852   0.16814   0.22093   0.05331   0.00338   0.05110   0.15789   0.04046   0.04291   0.20404   0.23902   0.00428   0.18574   0.20092   4.14214   1.11767   0.57763   0.12588   1.99672  
 24 1309.5841  21630.167839  x:  0.01141   0.14712   0.03314   0.01056   0.02193   0.00527   0.00948   0.00199   0.00412   0.00644   0.01557   0.02432   0.05774   0.11057   0.34459   0.50072   0.17260   0.21860   0.04895   0.00510   0.05288   0.16257   0.04337   0.04575   0.20218   0.23249   0.00355   0.18895   0.20590   4.15558   1.18044   0.58405   0.12740   1.93039  
 25 2581.8359  21624.738855  x:  0.00897   0.14656   0.03869   0.01076   0.01889   0.00508   0.01333   0.00197   0.00426   0.00760   0.02069   0.02811   0.05753   0.10913   0.32570   0.50101   0.17656   0.21499   0.04962   0.00379   0.05397   0.16549   0.04708   0.05024   0.19965   0.22523   0.00503   0.19113   0.20984   4.17249   1.25928   0.59215   0.12820   1.84673  
 26 4280.2387  21613.053324  x:  0.00708   0.14203   0.03134   0.01017   0.02039   0.00496   0.01148   0.00197   0.00406   0.00731   0.01757   0.02655   0.06512   0.10435   0.29259   0.49069   0.17577   0.20445   0.07472   0.00366   0.04715   0.15655   0.04004   0.04703   0.19364   0.21666   0.00339   0.18541   0.20522   4.20914   1.42904   0.61055   0.13017   1.66370  
 27 2185.5341  21598.215806  x:  0.00693   0.12954   0.03140   0.00999   0.01929   0.00470   0.01072   0.00196   0.00392   0.00707   0.01687   0.02687   0.04958   0.10139   0.28068   0.45931   0.15670   0.18975   0.06473   0.00337   0.04125   0.12726   0.04207   0.03764   0.18620   0.21866   0.00481   0.16283   0.17762   4.25150   1.62245   0.63464   0.14096   1.44701  
 28 1591.9700  21593.981714  x:  0.01013   0.12633   0.02826   0.00962   0.01880   0.00458   0.01090   0.00195   0.00390   0.00679   0.01668   0.02601   0.05834   0.09981   0.28499   0.44389   0.14868   0.18676   0.05673   0.00326   0.04649   0.12346   0.03844   0.04477   0.18366   0.21918   0.00501   0.15638   0.16831   4.26482   1.68302   0.64317   0.14364   1.37652  
 29 1557.7636  21591.119256  x:  0.00913   0.12769   0.03335   0.00937   0.01868   0.00457   0.01082   0.00195   0.00388   0.00674   0.01675   0.02610   0.06060   0.09969   0.30143   0.42449   0.14365   0.19001   0.05810   0.00319   0.04591   0.13354   0.03654   0.03917   0.18139   0.21795   0.00505   0.15743   0.16694   4.27338   1.72166   0.65121   0.14426   1.32550  
 30 518.6216  21589.882153  x:  0.00842   0.12856   0.02906   0.00955   0.01879   0.00458   0.01069   0.00195   0.00387   0.00683   0.01659   0.02622   0.05752   0.09920   0.31040   0.41495   0.14279   0.19269   0.06003   0.00317   0.04380   0.13738   0.03997   0.04179   0.18079   0.21716   0.00490   0.15912   0.16832   4.27686   1.73718   0.65569   0.14472   1.30241  
 31 640.8017  21589.498507  x:  0.00807   0.12881   0.02983   0.00959   0.01881   0.00459   0.01067   0.00195   0.00387   0.00687   0.01660   0.02632   0.05606   0.09992   0.31382   0.41175   0.14532   0.19479   0.06046   0.00318   0.04346   0.13398   0.03716   0.04362   0.18191   0.21686   0.00477   0.16063   0.17146   4.27748   1.73954   0.65931   0.14527   1.29309  
 32 128.8663  21589.194428  x:  0.00830   0.12887   0.02965   0.00955   0.01880   0.00459   0.01072   0.00195   0.00387   0.00684   0.01665   0.02625   0.05784   0.10031   0.31613   0.40958   0.14825   0.19645   0.06043   0.00317   0.04470   0.13009   0.03919   0.04198   0.18339   0.21680   0.00456   0.16177   0.17443   4.27756   1.73934   0.66415   0.14546   1.28375  
 33 145.5337  21585.079828  x:  0.00891   0.12667   0.03130   0.00952   0.01875   0.00462   0.01077   0.00195   0.00389   0.00699   0.01664   0.02625   0.05817   0.09238   0.31456   0.40703   0.16408   0.18845   0.06149   0.00308   0.04267   0.13724   0.03933   0.04263   0.19831   0.22863   0.00478   0.15411   0.17354   4.26604   1.66798   0.79166   0.12872   1.10200  
 34 82.6710  21581.788983  x:  0.00908   0.12866   0.03038   0.00947   0.01871   0.00465   0.01073   0.00195   0.00389   0.00710   0.01655   0.02622   0.05868   0.10254   0.31171   0.40701   0.16186   0.18600   0.06143   0.00311   0.04183   0.13708   0.03960   0.04273   0.19534   0.22817   0.00450   0.15819   0.17256   4.25902   1.62659   0.86419   0.11626   1.00000  
 35 965.4343  21580.270197  x:  0.00880   0.13042   0.03116   0.00941   0.01861   0.00463   0.01067   0.00195   0.00387   0.00709   0.01646   0.02621   0.05873   0.09489   0.30904   0.40819   0.15366   0.19004   0.06126   0.00315   0.04192   0.13347   0.03944   0.04250   0.18643   0.22228   0.00410   0.16276   0.17378   4.25292   1.59400   0.92090   0.10745   1.00000  
 36 492.6819  21580.151391  x:  0.00903   0.12889   0.03111   0.00940   0.01860   0.00463   0.01067   0.00195   0.00387   0.00709   0.01645   0.02617   0.05873   0.09579   0.30792   0.40841   0.15240   0.19466   0.06126   0.00318   0.04179   0.13400   0.03945   0.04248   0.18654   0.22083   0.00419   0.15962   0.17456   4.25164   1.59160   0.92557   0.10652   1.00000  
 37 48.9189  21580.139111  x:  0.00901   0.12943   0.03111   0.00941   0.01861   0.00464   0.01067   0.00195   0.00388   0.00710   0.01645   0.02618   0.05874   0.09578   0.30735   0.40832   0.15174   0.19583   0.06124   0.00317   0.04177   0.13401   0.03946   0.04249   0.18766   0.22131   0.00418   0.16027   0.17402   4.25030   1.59171   0.92621   0.10665   1.00000  
 38  9.9866  21580.081514  x:  0.00919   0.12831   0.03119   0.00942   0.01860   0.00463   0.01069   0.00195   0.00388   0.00710   0.01646   0.02617   0.05874   0.09589   0.30679   0.40794   0.15055   0.19604   0.06128   0.00314   0.04187   0.13427   0.03946   0.04256   0.18677   0.22451   0.00411   0.16066   0.17583   4.23205   1.59548   0.93070   0.10666   1.00000  
 39  7.3362  21579.698947  x:  0.00890   0.13076   0.03105   0.00945   0.01858   0.00462   0.01070   0.00195   0.00387   0.00707   0.01644   0.02619   0.05847   0.09647   0.30766   0.40652   0.15289   0.19514   0.06107   0.00316   0.04197   0.13431   0.03931   0.04274   0.18440   0.22342   0.00435   0.15835   0.17427   4.10714   1.62136   0.96104   0.10629   1.00000  
 40 101.1851  21579.641537  x:  0.00916   0.12820   0.03111   0.00944   0.01857   0.00462   0.01071   0.00195   0.00387   0.00707   0.01643   0.02615   0.05839   0.09648   0.30814   0.40638   0.15224   0.19409   0.06116   0.00318   0.04181   0.13437   0.03929   0.04274   0.18589   0.22163   0.00430   0.15930   0.17414   4.08849   1.62526   0.96570   0.10601   1.00000  
 41 121.6915  21579.639484  x:  0.00913   0.12848   0.03110   0.00944   0.01857   0.00462   0.01070   0.00195   0.00387   0.00707   0.01643   0.02615   0.05839   0.09649   0.30817   0.40636   0.15189   0.19381   0.06115   0.00318   0.04180   0.13433   0.03929   0.04274   0.18620   0.22149   0.00430   0.15907   0.17451   4.08812   1.62544   0.96604   0.10599   1.00000  
 42  3.7525  21578.735536  x:  0.00843   0.12892   0.03136   0.00983   0.01901   0.00453   0.01113   0.00192   0.00382   0.00666   0.01715   0.02595   0.05755   0.09776   0.32053   0.40393   0.15395   0.19486   0.06119   0.00340   0.04543   0.13491   0.03982   0.04351   0.18950   0.22591   0.00465   0.15919   0.17434   4.11140   1.72526   1.20271   0.10035   1.00000  
 43  1.8302  21577.750203  x:  0.00712   0.13065   0.03096   0.01022   0.01954   0.00433   0.01152   0.00186   0.00367   0.00595   0.01785   0.02551   0.05549   0.10117   0.31884   0.41518   0.14948   0.19754   0.06027   0.00370   0.04995   0.13607   0.03997   0.04353   0.18637   0.22112   0.00468   0.16329   0.17538   4.10479   1.61800   1.01041   0.10473   1.00000  
 44  0.9370  21577.659007  x:  0.00690   0.13112   0.03099   0.01006   0.01937   0.00454   0.01169   0.00175   0.00348   0.00646   0.01783   0.02507   0.05583   0.10189   0.32167   0.41397   0.14845   0.19864   0.05985   0.00384   0.05020   0.13570   0.04006   0.04348   0.18622   0.22110   0.00458   0.16392   0.17520   4.10421   1.62918   1.02636   0.10561   1.00000  
 45  0.0200  21577.611009  x:  0.00667   0.13103   0.03077   0.01009   0.01921   0.00441   0.01179   0.00154   0.00333   0.00616   0.01786   0.02491   0.05616   0.10228   0.32217   0.41258   0.14868   0.19865   0.05992   0.00392   0.04999   0.13566   0.03995   0.04331   0.18611   0.22131   0.00447   0.16407   0.17499   4.10640   1.63579   1.03872   0.10473   1.00000  
 46  0.0080  21577.584062  x:  0.00698   0.13095   0.03096   0.01010   0.01930   0.00444   0.01172   0.00134   0.00336   0.00626   0.01785   0.02503   0.05590   0.10189   0.32118   0.41380   0.14898   0.19833   0.06008   0.00388   0.04998   0.13584   0.04001   0.04346   0.18628   0.22122   0.00459   0.16379   0.17523   4.10481   1.63036   1.03055   0.10497   1.00000  
 47  0.0063  21577.582250  x:  0.00687   0.13095   0.03092   0.01010   0.01933   0.00445   0.01169   0.00136   0.00341   0.00626   0.01784   0.02508   0.05588   0.10180   0.32114   0.41355   0.14879   0.19835   0.05999   0.00385   0.04999   0.13574   0.04000   0.04343   0.18623   0.22118   0.00457   0.16374   0.17515   4.10495   1.63042   1.02866   0.10514   1.00000  
 48  0.0020  21577.582124  x:  0.00688   0.13097   0.03091   0.01009   0.01933   0.00446   0.01169   0.00136   0.00343   0.00626   0.01783   0.02506   0.05590   0.10184   0.32121   0.41362   0.14878   0.19838   0.05998   0.00385   0.04999   0.13575   0.04000   0.04343   0.18622   0.22119   0.00456   0.16379   0.17515   4.10511   1.63023   1.02859   0.10510   1.00000  
 49  0.0003  21577.582110  x:  0.00687   0.13097   0.03092   0.01010   0.01932   0.00446   0.01169   0.00136   0.00343   0.00626   0.01784   0.02506   0.05590   0.10184   0.32121   0.41359   0.14878   0.19838   0.05999   0.00385   0.04999   0.13575   0.04000   0.04343   0.18622   0.22119   0.00457   0.16379   0.17515   4.10505   1.63036   1.02877   0.10511   1.00000  
 50  0.0002  21577.582110  x:  0.00687   0.13097   0.03092   0.01010   0.01932   0.00446   0.01169   0.00136   0.00343   0.00626   0.01784   0.02505   0.05590   0.10184   0.32121   0.41359   0.14879   0.19838   0.05999   0.00385   0.04999   0.13575   0.04000   0.04343   0.18622   0.22119   0.00456   0.16379   0.17515   4.10506   1.63035   1.02877   0.10511   1.00000  
 51  0.0000  21577.582110  x:  0.00687   0.13097   0.03092   0.01010   0.01932   0.00446   0.01169   0.00136   0.00343   0.00626   0.01784   0.02505   0.05590   0.10184   0.32121   0.41359   0.14879   0.19838   0.05999   0.00385   0.04999   0.13575   0.04000   0.04343   0.18622   0.22119   0.00456   0.16379   0.17515   4.10506   1.63035   1.02877   0.10511   1.00000  
 52  0.0000  21577.582110  x:  0.00687   0.13097   0.03092   0.01010   0.01932   0.00446   0.01169   0.00136   0.00343   0.00626   0.01784   0.02505   0.05590   0.10184   0.32121   0.41359   0.14879   0.19838   0.05999   0.00385   0.04999   0.13575   0.04000   0.04343   0.18622   0.22119   0.00456   0.16379   0.17515   4.10506   1.63035   1.02877   0.10511   1.00000  
 53  0.0002  21577.582110  x:  0.00687   0.13097   0.03092   0.01010   0.01932   0.00446   0.01169   0.00136   0.00343   0.00626   0.01784   0.02505   0.05590   0.10184   0.32121   0.41359   0.14879   0.19838   0.05999   0.00385   0.04999   0.13575   0.04000   0.04343   0.18622   0.22119   0.00456   0.16379   0.17515   4.10506   1.63035   1.02877   0.10511   1.00000  
 54  0.0000  21577.582110  x:  0.00687   0.13097   0.03092   0.01010   0.01932   0.00446   0.01169   0.00136   0.00343   0.00626   0.01784   0.02505   0.05590   0.10184   0.32121   0.41359   0.14879   0.19838   0.05999   0.00385   0.04999   0.13575   0.04000   0.04343   0.18622   0.22119   0.00456   0.16379   0.17515   4.10506   1.63035   1.02877   0.10511   1.00000  
check convergence!


Model 7: beta

TREE # 1

  0  0.0000  21713.124938  x:  0.00167   0.12112   0.03068   0.01220   0.02331   0.01656   0.01391   0.00565   0.00951   0.01416   0.02007   0.02201   0.05252   0.09543   0.27074   0.31317   0.13434   0.17582   0.06285   0.00000   0.05112   0.12234   0.04464   0.04135   0.16152   0.19492   0.00884   0.15127   0.15796   4.10506   0.74676   1.92879  
  1 99.0000  21692.062676  x:  0.00485   0.12138   0.03065   0.01109   0.02196   0.01195   0.01257   0.00052   0.00513   0.01035   0.01904   0.02240   0.05258   0.09552   0.27147   0.31432   0.13475   0.17621   0.06281   0.00535   0.05112   0.12267   0.04380   0.04127   0.16207   0.19549   0.00793   0.15144   0.15824   4.10496   0.74742   1.92837  
  2 2625.9166  21685.856220  x:  0.00687   0.12156   0.03062   0.01027   0.02086   0.00803   0.01162   0.00256   0.00204   0.00734   0.01824   0.02272   0.05264   0.09559   0.27211   0.31536   0.13511   0.17656   0.06268   0.00756   0.05099   0.12295   0.04307   0.04121   0.16256   0.19595   0.00710   0.15158   0.15850   4.10487   0.74801   1.92798  
  3 3750.3858  21682.234324  x:  0.00809   0.12172   0.03058   0.00965   0.01979   0.00398   0.01100   0.00266   0.00377   0.00502   0.01754   0.02308   0.05273   0.09567   0.27291   0.31670   0.13557   0.17700   0.06238   0.00693   0.05064   0.12331   0.04219   0.04117   0.16317   0.19648   0.00615   0.15175   0.15883   4.10475   0.74880   1.92747  
  4 1796.3148  21680.480563  x:  0.00889   0.12189   0.03052   0.00927   0.01874   0.00253   0.01082   0.00205   0.00259   0.00545   0.01699   0.02354   0.05286   0.09579   0.27410   0.31873   0.13624   0.17767   0.06185   0.00448   0.05005   0.12383   0.04101   0.04115   0.16407   0.19726   0.00520   0.15201   0.15935   4.10457   0.75000   1.92668  
  5 883.7298  21678.044142  x:  0.01143   0.12234   0.03038   0.00842   0.01649   0.00426   0.01020   0.00178   0.00237   0.00438   0.01580   0.02455   0.05319   0.09607   0.27704   0.32375   0.13789   0.17929   0.06064   0.00247   0.04885   0.12511   0.03829   0.04109   0.16630   0.19922   0.00359   0.15269   0.16062   4.10411   0.75297   1.92471  
  6 1327.3873  21674.359046  x:  0.01524   0.12315   0.03015   0.00848   0.01418   0.00446   0.01039   0.00242   0.00365   0.00805   0.01481   0.02603   0.05383   0.09665   0.28323   0.33443   0.14127   0.18267   0.05814   0.00358   0.04676   0.12774   0.03354   0.04111   0.17099   0.20340   0.00339   0.15424   0.16337   4.10311   0.75942   1.92044  
  7 1786.0185  21667.365015  x:  0.01652   0.12438   0.02995   0.01210   0.01856   0.00428   0.01335   0.00225   0.00321   0.00621   0.01762   0.02674   0.05497   0.09784   0.29639   0.35762   0.14809   0.18968   0.05289   0.00278   0.04321   0.13312   0.02855   0.04194   0.18072   0.21211   0.00815   0.15763   0.16919   4.10086   0.77399   1.91074  
  8 1825.2266  21659.536482  x:  0.00995   0.12533   0.03023   0.00803   0.02176   0.00431   0.00965   0.00226   0.00322   0.00657   0.01915   0.02383   0.05525   0.09916   0.31160   0.38540   0.15484   0.19715   0.04894   0.00421   0.04240   0.13870   0.03570   0.04415   0.19102   0.22160   0.00506   0.16103   0.17504   4.09788   0.79312   1.89788  
  9 1503.9885  21657.142908  x:  0.00736   0.12590   0.03071   0.01075   0.01898   0.00429   0.01295   0.00223   0.00307   0.00597   0.01715   0.02342   0.05509   0.09953   0.31659   0.39524   0.15592   0.19891   0.05082   0.00480   0.04418   0.13970   0.03996   0.04410   0.19343   0.22408   0.00362   0.16192   0.17630   4.09657   0.80143   1.89215  
 10 987.6418  21654.927251  x:  0.00715   0.12707   0.03123   0.01069   0.01680   0.00434   0.01122   0.00216   0.00302   0.00596   0.01635   0.02486   0.05446   0.09970   0.32097   0.40519   0.15473   0.19915   0.05743   0.00375   0.04802   0.13886   0.04288   0.04236   0.19364   0.22504   0.00804   0.16247   0.17639   4.09476   0.81274   1.88407  
 11 657.7090  21652.248505  x:  0.00855   0.12865   0.03148   0.00945   0.02018   0.00434   0.01265   0.00228   0.00326   0.00647   0.01870   0.02626   0.05392   0.09973   0.32516   0.41661   0.15104   0.19787   0.06622   0.00347   0.05228   0.13599   0.04211   0.03988   0.19141   0.22446   0.00510   0.16221   0.17482   4.09201   0.82952   1.87175  
 12 769.7463  21650.085035  x:  0.00558   0.12901   0.03096   0.01208   0.02046   0.00434   0.00986   0.00224   0.00315   0.00636   0.01802   0.02393   0.05465   0.09967   0.32676   0.42427   0.14645   0.19558   0.06839   0.00410   0.05222   0.13241   0.03791   0.04099   0.18735   0.22230   0.00381   0.16152   0.17255   4.08916   0.84619   1.85892  
 13 618.1026  21648.142321  x:  0.00340   0.12902   0.03038   0.00909   0.01941   0.00432   0.01197   0.00218   0.00302   0.00598   0.01715   0.02240   0.05530   0.09964   0.32726   0.43018   0.14201   0.19317   0.06756   0.00463   0.05062   0.12914   0.03548   0.04328   0.18299   0.21969   0.00524   0.16083   0.17034   4.08623   0.86273   1.84580  
 14 1155.6293  21645.548352  x:  0.00726   0.12876   0.03071   0.01028   0.01895   0.00439   0.01191   0.00224   0.00317   0.00629   0.01855   0.02575   0.05602   0.09978   0.32584   0.43561   0.13659   0.18986   0.06126   0.00430   0.04690   0.12607   0.03980   0.04680   0.17659   0.21519   0.00577   0.15972   0.16743   4.08143   0.88822   1.82439  
 15 796.9537  21643.725133  x:  0.00896   0.12807   0.03191   0.01033   0.02053   0.00446   0.01199   0.00227   0.00324   0.00653   0.01565   0.02435   0.05475   0.10009   0.32142   0.43366   0.13708   0.18942   0.05540   0.00393   0.04912   0.12884   0.04076   0.04057   0.17504   0.21257   0.00634   0.15954   0.16738   4.07712   0.90766   1.80560  
 16 399.7141  21642.474191  x:  0.00834   0.12752   0.03190   0.01040   0.01801   0.00442   0.01200   0.00225   0.00318   0.00631   0.01952   0.02411   0.05418   0.10024   0.31703   0.42973   0.13936   0.19001   0.05342   0.00407   0.05120   0.13219   0.04013   0.03824   0.17553   0.21140   0.00619   0.15973   0.16827   4.07349   0.92232   1.79009  
 17 684.5893  21639.566347  x:  0.00741   0.12699   0.03025   0.01027   0.01942   0.00445   0.01196   0.00227   0.00321   0.00638   0.01800   0.02742   0.05485   0.10042   0.30550   0.41538   0.14816   0.19322   0.05701   0.00416   0.05355   0.14080   0.03865   0.04451   0.18026   0.21111   0.00584   0.16097   0.17230   4.06403   0.95654   1.75029  
 18 730.0766  21638.762434  x:  0.00937   0.12765   0.03145   0.01043   0.01935   0.00450   0.01214   0.00229   0.00329   0.00660   0.01838   0.02378   0.05574   0.10071   0.30364   0.41014   0.15034   0.19426   0.05973   0.00376   0.05073   0.14090   0.03960   0.04514   0.18233   0.21264   0.00601   0.16160   0.17358   4.06103   0.96485   1.73815  
 19 438.6602  21638.089360  x:  0.00773   0.12849   0.03248   0.01030   0.01937   0.00448   0.01207   0.00227   0.00323   0.00645   0.01821   0.02556   0.05634   0.10101   0.30429   0.40414   0.15127   0.19509   0.06136   0.00422   0.04629   0.13786   0.04003   0.04237   0.18487   0.21603   0.00578   0.16242   0.17450   4.05778   0.97025   1.72569  
 20 279.2015  21637.315309  x:  0.00828   0.12970   0.02930   0.01049   0.01936   0.00449   0.01212   0.00228   0.00326   0.00653   0.01823   0.02519   0.05492   0.10081   0.30976   0.39562   0.15008   0.19560   0.05960   0.00388   0.04883   0.13189   0.04025   0.04272   0.18835   0.22213   0.00580   0.16345   0.17468   4.05250   0.97242   1.70683  
 21 186.3952  21636.921740  x:  0.00816   0.12987   0.03310   0.01035   0.01935   0.00449   0.01210   0.00229   0.00327   0.00654   0.01831   0.02547   0.05556   0.10122   0.31377   0.39175   0.14899   0.19569   0.05862   0.00377   0.05101   0.13104   0.03962   0.04397   0.18901   0.22423   0.00580   0.16353   0.17432   4.04895   0.97102   1.69466  
 22 209.3657  21635.023883  x:  0.00786   0.12720   0.03089   0.01026   0.01942   0.00449   0.01212   0.00228   0.00327   0.00654   0.01829   0.02538   0.06017   0.10082   0.33394   0.38082   0.14466   0.19594   0.06020   0.00379   0.04971   0.14215   0.04008   0.04296   0.18395   0.22418   0.00601   0.16143   0.17163   4.02767   0.95002   1.62412  
 23 206.2241  21632.995007  x:  0.00735   0.12690   0.03215   0.01061   0.01935   0.00449   0.01204   0.00227   0.00324   0.00650   0.01830   0.02526   0.04937   0.10132   0.34394   0.37750   0.14566   0.19692   0.06158   0.00401   0.04690   0.14524   0.03944   0.04418   0.18052   0.21983   0.00589   0.16102   0.17172   4.00475   0.92270   1.54846  
 24 531.7896  21615.367084  x:  0.00575   0.13414   0.03127   0.01031   0.01939   0.00442   0.01191   0.00223   0.00318   0.00632   0.01819   0.02518   0.05558   0.10417   0.36989   0.38270   0.16730   0.20321   0.06114   0.00440   0.05115   0.12830   0.03975   0.04353   0.17114   0.18198   0.00507   0.16561   0.18147   3.81877   0.68468   0.93434  
 25 1271.0711  21606.995636  x:  0.00549   0.13343   0.03154   0.01029   0.01933   0.00437   0.01182   0.00222   0.00316   0.00626   0.01814   0.02507   0.05443   0.10301   0.36378   0.39188   0.15995   0.19751   0.06172   0.00420   0.05093   0.13193   0.03957   0.04360   0.17172   0.19125   0.00495   0.16475   0.17817   3.73217   0.57088   0.64642  
 26 2592.5833  21606.927263  x:  0.00542   0.13421   0.03120   0.01030   0.01934   0.00437   0.01182   0.00222   0.00316   0.00626   0.01815   0.02509   0.05445   0.10594   0.36328   0.39186   0.15828   0.19946   0.06173   0.00420   0.05097   0.13224   0.03957   0.04362   0.17136   0.19123   0.00490   0.16573   0.17839   3.73041   0.56976   0.64402  
 27 36.8874  21606.885974  x:  0.00539   0.13474   0.03134   0.01030   0.01934   0.00437   0.01182   0.00222   0.00316   0.00626   0.01815   0.02509   0.05444   0.10453   0.36276   0.39185   0.15640   0.20248   0.06169   0.00421   0.05096   0.13233   0.03956   0.04363   0.17113   0.19096   0.00486   0.16642   0.17877   3.72763   0.56919   0.64327  
 28 18.5922  21606.735547  x:  0.00569   0.13119   0.03136   0.01030   0.01933   0.00437   0.01182   0.00222   0.00316   0.00626   0.01814   0.02507   0.05440   0.10514   0.36203   0.39222   0.15571   0.20561   0.06195   0.00419   0.05102   0.13124   0.03954   0.04357   0.17215   0.19093   0.00503   0.16254   0.17800   3.70882   0.56780   0.64423  
 29 14.2072  21605.168213  x:  0.00550   0.13525   0.03133   0.01028   0.01930   0.00436   0.01180   0.00221   0.00315   0.00624   0.01812   0.02507   0.05445   0.10453   0.35753   0.39432   0.15554   0.20136   0.06148   0.00415   0.05081   0.13280   0.03954   0.04357   0.17271   0.19402   0.00507   0.16401   0.17429   3.50561   0.55370   0.65878  
 30 114.8723  21605.092796  x:  0.00567   0.13297   0.03140   0.01027   0.01931   0.00436   0.01180   0.00221   0.00316   0.00625   0.01812   0.02506   0.05444   0.10451   0.35739   0.39440   0.15457   0.20019   0.06167   0.00414   0.05089   0.13260   0.03951   0.04356   0.17210   0.19429   0.00491   0.16534   0.17763   3.49676   0.55294   0.65927  
 31 58.8758  21604.448234  x:  0.00523   0.13889   0.03121   0.01027   0.01927   0.00436   0.01178   0.00219   0.00314   0.00621   0.01811   0.02507   0.05438   0.10460   0.35713   0.39510   0.15034   0.19752   0.06119   0.00424   0.05065   0.13382   0.03954   0.04359   0.17595   0.19230   0.00494   0.15793   0.18418   3.49850   0.54293   0.64860  
 32  2.0240  21582.540925  x:  0.00556   0.13581   0.03117   0.00998   0.01905   0.00426   0.01152   0.00186   0.00306   0.00593   0.01783   0.02481   0.05494   0.10333   0.34440   0.41947   0.14301   0.19378   0.06094   0.00434   0.05086   0.13331   0.03933   0.04323   0.18070   0.19822   0.00462   0.16042   0.17798   3.57010   0.29077   0.37562  
 33 106.3228  21582.452456  x:  0.00549   0.13681   0.03114   0.00997   0.01905   0.00426   0.01152   0.00185   0.00306   0.00593   0.01783   0.02482   0.05503   0.10332   0.34408   0.41966   0.14445   0.19461   0.06082   0.00432   0.05114   0.13304   0.03932   0.04325   0.17721   0.20044   0.00465   0.15887   0.17915   3.57057   0.28940   0.37418  
 34 37.0594  21576.888873  x:  0.00664   0.13207   0.03126   0.00995   0.01917   0.00431   0.01156   0.00159   0.00315   0.00602   0.01773   0.02487   0.05545   0.10201   0.32065   0.42504   0.14003   0.19502   0.06050   0.00409   0.05044   0.13617   0.03962   0.04334   0.18261   0.22097   0.00460   0.16138   0.17419   3.85784   0.33667   0.44444  
 35  0.5840  21575.424727  x:  0.00690   0.13028   0.03118   0.01004   0.01931   0.00439   0.01164   0.00139   0.00328   0.00624   0.01774   0.02497   0.05603   0.10154   0.31808   0.41815   0.14636   0.19686   0.06010   0.00393   0.04998   0.13552   0.04005   0.04340   0.18658   0.22274   0.00455   0.16401   0.17391   3.96042   0.28626   0.35655  
 36  0.2205  21575.291564  x:  0.00702   0.13081   0.03113   0.01009   0.01935   0.00443   0.01171   0.00138   0.00338   0.00625   0.01783   0.02508   0.05611   0.10185   0.32111   0.41331   0.14937   0.19804   0.06007   0.00406   0.04994   0.13541   0.04008   0.04348   0.18658   0.22143   0.00454   0.16426   0.17530   3.98743   0.29365   0.36839  
 37  0.0394  21575.286547  x:  0.00704   0.13089   0.03114   0.01010   0.01937   0.00445   0.01172   0.00138   0.00341   0.00627   0.01788   0.02511   0.05605   0.10188   0.32104   0.41287   0.14914   0.19798   0.06012   0.00408   0.04992   0.13569   0.04005   0.04350   0.18642   0.22140   0.00453   0.16413   0.17536   3.99386   0.29286   0.36545  
 38  0.0097  21575.285315  x:  0.00704   0.13089   0.03114   0.01011   0.01937   0.00446   0.01172   0.00137   0.00343   0.00628   0.01789   0.02512   0.05601   0.10188   0.32092   0.41276   0.14893   0.19792   0.06013   0.00409   0.04991   0.13579   0.04003   0.04350   0.18638   0.22134   0.00453   0.16408   0.17532   3.99672   0.29223   0.36528  
 39  0.0058  21575.285219  x:  0.00704   0.13087   0.03114   0.01011   0.01937   0.00447   0.01172   0.00137   0.00343   0.00628   0.01789   0.02512   0.05601   0.10186   0.32086   0.41283   0.14890   0.19789   0.06013   0.00410   0.04991   0.13573   0.04004   0.04350   0.18636   0.22130   0.00453   0.16407   0.17527   3.99687   0.29244   0.36561  
 40  0.0004  21575.285217  x:  0.00704   0.13087   0.03114   0.01011   0.01937   0.00447   0.01172   0.00137   0.00344   0.00628   0.01789   0.02512   0.05601   0.10186   0.32087   0.41282   0.14890   0.19789   0.06013   0.00410   0.04991   0.13573   0.04004   0.04350   0.18635   0.22129   0.00453   0.16407   0.17528   3.99674   0.29241   0.36556  
 41  0.0001  21575.285216  x:  0.00704   0.13087   0.03114   0.01011   0.01937   0.00447   0.01172   0.00136   0.00344   0.00628   0.01789   0.02512   0.05601   0.10187   0.32087   0.41282   0.14890   0.19790   0.06013   0.00410   0.04991   0.13573   0.04004   0.04350   0.18636   0.22129   0.00453   0.16407   0.17528   3.99670   0.29242   0.36557  
 42  0.0000  21575.285216  x:  0.00704   0.13087   0.03114   0.01011   0.01937   0.00447   0.01172   0.00136   0.00344   0.00628   0.01789   0.02512   0.05601   0.10187   0.32087   0.41282   0.14890   0.19790   0.06013   0.00410   0.04991   0.13573   0.04004   0.04350   0.18636   0.22129   0.00453   0.16407   0.17528   3.99670   0.29242   0.36557  
 43  0.0000  21575.285216  x:  0.00704   0.13087   0.03114   0.01011   0.01937   0.00447   0.01172   0.00136   0.00344   0.00628   0.01789   0.02512   0.05601   0.10187   0.32087   0.41282   0.14890   0.19790   0.06013   0.00410   0.04991   0.13573   0.04004   0.04350   0.18636   0.22129   0.00453   0.16407   0.17528   3.99670   0.29242   0.36557  

Model 8: beta&w>1

TREE # 1

  0  0.0000  21693.341476  x:  0.00216   0.11722   0.02828   0.01434   0.02224   0.01077   0.01261   0.00839   0.00675   0.00906   0.01862   0.02612   0.05212   0.09723   0.28472   0.33084   0.14226   0.17568   0.06042   0.00020   0.04456   0.12957   0.04004   0.04330   0.17409   0.20090   0.00000   0.15134   0.16446   3.99670   0.90000   0.76687   1.93569   2.47532  
  1 99.0000  21673.758531  x:  0.00469   0.11791   0.02856   0.01230   0.02094   0.00636   0.01172   0.00171   0.00268   0.00641   0.01795   0.02544   0.05229   0.09740   0.28545   0.33204   0.14265   0.17629   0.06069   0.01195   0.04544   0.12975   0.03981   0.04304   0.17443   0.20150   0.00508   0.15193   0.16492   3.99674   0.90182   0.76737   1.93543   2.47484  
  2 3175.4043  21672.239387  x:  0.00526   0.11817   0.02867   0.01168   0.02053   0.00522   0.01155   0.00067   0.00322   0.00609   0.01779   0.02524   0.05237   0.09747   0.28575   0.33257   0.14282   0.17655   0.06070   0.01138   0.04560   0.12982   0.03972   0.04297   0.17456   0.20171   0.00539   0.15208   0.16505   3.99676   0.90264   0.76760   1.93531   2.47463  
  3 1141.4530  21670.045673  x:  0.00661   0.11878   0.02892   0.01025   0.01959   0.00274   0.01116   0.00119   0.00370   0.00537   0.01740   0.02477   0.05258   0.09765   0.28649   0.33383   0.14322   0.17719   0.06073   0.01068   0.04600   0.13000   0.03950   0.04280   0.17488   0.20221   0.00630   0.15246   0.16536   3.99681   0.90461   0.76814   1.93502   2.47413  
  4 2653.0549  21665.753329  x:  0.01052   0.12083   0.02971   0.00660   0.01701   0.00394   0.01032   0.00113   0.00193   0.00497   0.01646   0.02346   0.05330   0.09821   0.28906   0.33829   0.14462   0.17940   0.06071   0.00843   0.04733   0.13061   0.03878   0.04223   0.17599   0.20397   0.00859   0.15372   0.16641   3.99696   0.91157   0.77009   1.93399   2.47236  
  5 1412.6174  21662.585707  x:  0.01424   0.12322   0.03056   0.00641   0.01526   0.00584   0.01021   0.00157   0.00472   0.00596   0.01591   0.02246   0.05421   0.09886   0.29226   0.34393   0.14633   0.18215   0.06052   0.00871   0.04893   0.13135   0.03804   0.04164   0.17736   0.20620   0.01091   0.15526   0.16769   3.99715   0.92035   0.77264   1.93264   2.47010  
  6 2199.0616  21654.858337  x:  0.02006   0.12873   0.03223   0.01380   0.01545   0.00496   0.01193   0.00138   0.00294   0.00783   0.01626   0.02189   0.05640   0.10039   0.30049   0.35865   0.15060   0.18911   0.05940   0.00709   0.05234   0.13323   0.03673   0.04071   0.18084   0.21188   0.01236   0.15897   0.17080   3.99762   0.94281   0.77956   1.92895   2.46422  
  7 2605.4483  21649.854811  x:  0.01882   0.13130   0.03197   0.01237   0.01991   0.00560   0.01166   0.00148   0.00353   0.00418   0.01777   0.02401   0.05675   0.10108   0.30599   0.36897   0.15307   0.19349   0.05788   0.00816   0.05333   0.13437   0.03717   0.04126   0.18304   0.21562   0.00889   0.16111   0.17261   3.99787   0.95668   0.78513   1.92590   2.46018  
  8 1444.3897  21647.449988  x:  0.01639   0.13240   0.03139   0.00983   0.02157   0.00477   0.01122   0.00139   0.00337   0.00709   0.01833   0.02522   0.05656   0.10133   0.30931   0.37546   0.15433   0.19597   0.05680   0.00940   0.05335   0.13496   0.03780   0.04191   0.18428   0.21781   0.00622   0.16228   0.17362   3.99798   0.96420   0.78900   1.92373   2.45766  
  9 1953.7318  21644.878745  x:  0.00891   0.13228   0.02999   0.00991   0.01671   0.00467   0.01188   0.00135   0.00331   0.00630   0.01662   0.02430   0.05544   0.10112   0.31338   0.38437   0.15481   0.19822   0.05556   0.01009   0.05119   0.13519   0.03898   0.04305   0.18540   0.22008   0.00543   0.16331   0.17455   3.99794   0.96912   0.79587   1.91969   2.45431  
 10 609.1110  21643.172918  x:  0.00562   0.13165   0.02976   0.01028   0.01841   0.00471   0.00956   0.00136   0.00333   0.00658   0.01760   0.02325   0.05426   0.10054   0.31731   0.39396   0.15386   0.19929   0.05644   0.00914   0.04807   0.13480   0.03883   0.04290   0.18589   0.22151   0.00949   0.16376   0.17499   3.99770   0.96804   0.80512   1.91399   2.45060  
 11 423.2698  21640.497510  x:  0.00570   0.13064   0.03024   0.00915   0.02019   0.00471   0.01468   0.00137   0.00344   0.00682   0.01813   0.02308   0.05284   0.09952   0.32449   0.41196   0.15135   0.20055   0.05924   0.00890   0.04349   0.13403   0.03827   0.04228   0.18650   0.22362   0.01121   0.16394   0.17522   3.99715   0.96258   0.82391   1.90222   2.44331  
 12 994.6917  21636.094637  x:  0.00994   0.12937   0.03161   0.01062   0.01853   0.00489   0.01123   0.00141   0.00341   0.00665   0.01704   0.02517   0.05285   0.09860   0.33513   0.43952   0.14721   0.20188   0.06334   0.01007   0.04074   0.13342   0.03834   0.04204   0.18741   0.22633   0.00606   0.16370   0.17511   3.99621   0.95165   0.85472   1.88262   2.43134  
 13 1551.5333  21633.493922  x:  0.00857   0.12909   0.03164   0.01039   0.01834   0.00490   0.01178   0.00142   0.00345   0.00673   0.01959   0.02474   0.05780   0.10071   0.33953   0.45448   0.14559   0.20191   0.06166   0.00964   0.05257   0.13532   0.04104   0.04443   0.18850   0.22673   0.00656   0.16397   0.17541   3.99557   0.94303   0.87774   1.86698   2.42150  
 14 576.8103  21632.958078  x:  0.00817   0.12991   0.03146   0.01043   0.01954   0.00493   0.01184   0.00143   0.00346   0.00682   0.01646   0.02528   0.05798   0.10205   0.33920   0.45550   0.14640   0.20193   0.06050   0.00948   0.05407   0.13624   0.04057   0.04435   0.18884   0.22644   0.00699   0.16444   0.17597   3.99548   0.94166   0.88316   1.86278   2.41854  
 15 299.3180  21631.027647  x:  0.00823   0.13623   0.03045   0.01051   0.01877   0.00494   0.01184   0.00144   0.00348   0.00681   0.01838   0.02600   0.05510   0.10918   0.33359   0.45190   0.15365   0.20212   0.05516   0.00965   0.05327   0.14110   0.03661   0.04255   0.19043   0.22425   0.00647   0.16763   0.17978   3.99532   0.93838   0.90750   1.84204   2.40290  
 16 329.1204  21629.472200  x:  0.00961   0.14055   0.03058   0.01075   0.01949   0.00504   0.01188   0.00146   0.00352   0.00687   0.01824   0.02394   0.05597   0.11099   0.32776   0.44492   0.15953   0.20200   0.05627   0.00966   0.04999   0.14365   0.04279   0.04581   0.19155   0.22293   0.00634   0.16989   0.18258   3.99538   0.93852   0.92873   1.82245   2.38715  
 17 489.2380  21628.086921  x:  0.00820   0.14066   0.03141   0.01051   0.01835   0.00500   0.01205   0.00145   0.00351   0.00690   0.01850   0.02847   0.05953   0.10669   0.32287   0.43514   0.16239   0.20146   0.06154   0.00931   0.04968   0.14316   0.04233   0.04489   0.19236   0.22330   0.00761   0.17067   0.18353   3.99566   0.94160   0.94791   1.80250   2.36990  
 18 419.2415  21626.866266  x:  0.00738   0.13857   0.03183   0.01028   0.01911   0.00493   0.01186   0.00144   0.00350   0.00679   0.01807   0.02429   0.06014   0.10180   0.31976   0.42573   0.16273   0.20078   0.06475   0.00974   0.05111   0.14130   0.03922   0.04310   0.19271   0.22442   0.00594   0.17023   0.18300   3.99603   0.94521   0.96348   1.78466   2.35378  
 19 640.6750  21625.529145  x:  0.01005   0.13255   0.03119   0.01062   0.01887   0.00498   0.01184   0.00144   0.00347   0.00679   0.01803   0.02518   0.05391   0.09879   0.31903   0.41394   0.15808   0.19934   0.06129   0.00929   0.05289   0.13676   0.03957   0.04472   0.19150   0.22620   0.00701   0.16744   0.17961   3.99671   0.95094   0.97869   1.76274   2.33229  
 20 364.5820  21624.862967  x:  0.01049   0.12967   0.03276   0.01040   0.01887   0.00495   0.01182   0.00143   0.00347   0.00676   0.01803   0.02487   0.05717   0.10170   0.32022   0.40818   0.15341   0.19850   0.05772   0.00941   0.05065   0.13461   0.04001   0.04297   0.18941   0.22608   0.00721   0.16501   0.17671   3.99727   0.95388   0.98369   1.75033   2.31867  
 21 256.4434  21624.392442  x:  0.01051   0.13059   0.02868   0.01043   0.01885   0.00494   0.01180   0.00143   0.00346   0.00675   0.01801   0.02472   0.05794   0.10433   0.32230   0.40561   0.14982   0.19843   0.05978   0.00942   0.05025   0.13555   0.03910   0.04370   0.18703   0.22397   0.00733   0.16356   0.17487   3.99795   0.95474   0.98233   1.73985   2.30503  
 22 140.8057  21623.448357  x:  0.00821   0.13418   0.03247   0.01029   0.01868   0.00489   0.01179   0.00142   0.00345   0.00672   0.01792   0.02477   0.05498   0.10698   0.32661   0.40224   0.14472   0.19915   0.06389   0.00957   0.05135   0.13863   0.03890   0.04428   0.18287   0.21881   0.00716   0.16195   0.17262   3.99966   0.95407   0.97442   1.71638   2.27264  
 23 311.4129  21619.120459  x:  0.00663   0.14141   0.03000   0.01016   0.01866   0.00477   0.01172   0.00139   0.00341   0.00673   0.01787   0.02512   0.05457   0.09455   0.34019   0.39600   0.14059   0.20503   0.05768   0.00974   0.05081   0.14385   0.04379   0.03719   0.17599   0.20423   0.00685   0.16288   0.17299   4.00797   0.93900   0.92407   1.60764   2.11776  
 24 485.3073  21612.110936  x:  0.00455   0.14146   0.03235   0.00974   0.01883   0.00465   0.01170   0.00138   0.00340   0.00681   0.01795   0.02544   0.05954   0.08778   0.35422   0.38974   0.14169   0.21093   0.05187   0.01012   0.04674   0.14302   0.03562   0.05221   0.17407   0.19416   0.00629   0.16508   0.17603   4.02235   0.91107   0.83340   1.42266   1.85183  
 25 2301.0912  21598.909752  x:  0.00000   0.13237   0.03030   0.00943   0.01879   0.00446   0.01162   0.00135   0.00335   0.00687   0.01798   0.02610   0.05673   0.09786   0.36351   0.38493   0.14691   0.21297   0.05838   0.01027   0.04749   0.13711   0.03963   0.04880   0.17961   0.19713   0.00474   0.16683   0.18000   4.04302   0.87131   0.70061   1.15866   1.47018  
 26 4237.3342  21598.909752  x:  0.00000   0.13237   0.03030   0.00943   0.01879   0.00446   0.01162   0.00135   0.00335   0.00687   0.01798   0.02610   0.05673   0.09786   0.36351   0.38493   0.14691   0.21297   0.05838   0.01027   0.04749   0.13711   0.03963   0.04880   0.17961   0.19713   0.00474   0.16683   0.18000   4.04302   0.87131   0.70061   1.15866   1.47018  
 27 745.3776  21595.441460  x:  0.00385   0.13308   0.03121   0.01111   0.01979   0.00484   0.01216   0.00198   0.00429   0.00523   0.01824   0.02567   0.05685   0.09908   0.36198   0.38622   0.14731   0.21222   0.05977   0.00396   0.04847   0.13730   0.03989   0.04705   0.18056   0.19965   0.00477   0.16675   0.17985   4.04308   0.87271   0.69885   1.15928   1.46995  
 28 596.4596  21594.777714  x:  0.00498   0.13327   0.03144   0.01124   0.01997   0.00473   0.01220   0.00108   0.00384   0.00563   0.01829   0.02557   0.05687   0.09947   0.36144   0.38667   0.14745   0.21196   0.06016   0.00295   0.04882   0.13737   0.03998   0.04652   0.18089   0.20053   0.00487   0.16673   0.17979   4.04310   0.87319   0.69823   1.15950   1.46988  
 29 1065.3185  21593.953977  x:  0.00703   0.13358   0.03185   0.01110   0.02019   0.00441   0.01214   0.00175   0.00279   0.00682   0.01833   0.02539   0.05690   0.10028   0.36021   0.38764   0.14775   0.21139   0.06089   0.00251   0.04960   0.13751   0.04018   0.04549   0.18162   0.20245   0.00517   0.16670   0.17968   4.04314   0.87423   0.69685   1.15997   1.46970  
 30 1070.0392  21592.288411  x:  0.01157   0.13427   0.03275   0.01036   0.02049   0.00426   0.01189   0.00170   0.00452   0.00771   0.01838   0.02502   0.05698   0.10243   0.35666   0.39040   0.14861   0.20979   0.06266   0.00414   0.05172   0.13790   0.04074   0.04289   0.18365   0.20786   0.00590   0.16663   0.17936   4.04326   0.87717   0.69291   1.16134   1.46920  
 31 1244.8433  21591.124409  x:  0.01277   0.13445   0.03298   0.00993   0.02027   0.00501   0.01180   0.00147   0.00327   0.00563   0.01831   0.02504   0.05704   0.10385   0.35374   0.39263   0.14930   0.20853   0.06337   0.00537   0.05292   0.13817   0.04112   0.04171   0.18520   0.21198   0.00577   0.16657   0.17910   4.04336   0.87942   0.68968   1.16243   1.46879  
 32 941.0938  21587.987777  x:  0.00808   0.13364   0.03177   0.00999   0.01820   0.00306   0.01207   0.00147   0.00345   0.00578   0.01788   0.02617   0.05723   0.10748   0.34291   0.40067   0.15172   0.20418   0.06296   0.00451   0.05468   0.13890   0.04208   0.04150   0.19025   0.22551   0.00307   0.16632   0.17823   4.04370   0.88711   0.67763   1.16639   1.46726  
 33 746.4599  21586.984059  x:  0.00600   0.13327   0.03120   0.01011   0.01789   0.00497   0.01207   0.00153   0.00363   0.00676   0.01784   0.02648   0.05726   0.10864   0.33859   0.40388   0.15263   0.20248   0.06264   0.00399   0.05500   0.13912   0.04229   0.04179   0.19212   0.23058   0.00307   0.16625   0.17792   4.04384   0.89007   0.67271   1.16798   1.46664  
 34 2353.0109  21586.215118  x:  0.00464   0.13295   0.03065   0.01047   0.01935   0.00452   0.01177   0.00151   0.00358   0.00659   0.01812   0.02609   0.05714   0.10867   0.33489   0.40671   0.15325   0.20112   0.06209   0.00377   0.05408   0.13903   0.04189   0.04298   0.19323   0.23388   0.00619   0.16632   0.17779   4.04396   0.89224   0.66801   1.16939   1.46604  
 35 650.8435  21585.232079  x:  0.00656   0.13273   0.03026   0.00982   0.02153   0.00457   0.01206   0.00151   0.00358   0.00651   0.01850   0.02440   0.05655   0.10593   0.32930   0.41131   0.15363   0.19938   0.06079   0.00414   0.04967   0.13822   0.03980   0.04628   0.19332   0.23548   0.00468   0.16617   0.17745   4.04414   0.89423   0.65906   1.17175   1.46490  
 36 306.7214  21584.579643  x:  0.00808   0.13256   0.03092   0.01120   0.01887   0.00461   0.01127   0.00151   0.00357   0.00645   0.01775   0.02512   0.05628   0.10303   0.32519   0.41485   0.15347   0.19830   0.05987   0.00435   0.04709   0.13743   0.03889   0.04660   0.19244   0.23443   0.00525   0.16605   0.17723   4.04429   0.89479   0.65085   1.17370   1.46382  
 37 328.5696  21583.937543  x:  0.00810   0.13219   0.03177   0.00922   0.01812   0.00458   0.01273   0.00155   0.00368   0.00630   0.01783   0.02619   0.05607   0.10014   0.32104   0.41847   0.15289   0.19737   0.05908   0.00386   0.04663   0.13667   0.03927   0.04478   0.19084   0.23148   0.00591   0.16581   0.17692   4.04446   0.89447   0.64077   1.17591   1.46241  
 38 386.9388  21582.981382  x:  0.00714   0.13153   0.03269   0.01022   0.02017   0.00451   0.01159   0.00151   0.00356   0.00643   0.01843   0.02644   0.05604   0.09671   0.31502   0.42381   0.15167   0.19615   0.05835   0.00418   0.04819   0.13568   0.04070   0.04134   0.18801   0.22578   0.00499   0.16520   0.17626   4.04473   0.89318   0.62395   1.17943   1.45996  
 39 691.8454  21582.326225  x:  0.00700   0.13113   0.03134   0.01018   0.01925   0.00452   0.01175   0.00151   0.00357   0.00639   0.01716   0.02328   0.05604   0.09771   0.31206   0.42666   0.15050   0.19568   0.05923   0.00401   0.05099   0.13534   0.04117   0.04231   0.18604   0.22126   0.00518   0.16455   0.17566   4.04493   0.89084   0.61044   1.18193   1.45770  
 40 337.0766  21581.763734  x:  0.00757   0.13089   0.03002   0.01007   0.01907   0.00451   0.01152   0.00151   0.00358   0.00633   0.01868   0.02537   0.05596   0.10126   0.31085   0.42815   0.14933   0.19564   0.06063   0.00400   0.05260   0.13522   0.04008   0.04461   0.18461   0.21775   0.00520   0.16377   0.17499   4.04514   0.88732   0.59673   1.18415   1.45502  
 41 344.4040  21581.421308  x:  0.00720   0.13085   0.03082   0.01042   0.01987   0.00451   0.01220   0.00149   0.00353   0.00642   0.01685   0.02606   0.05586   0.10404   0.31162   0.42792   0.14881   0.19602   0.06085   0.00425   0.05142   0.13530   0.03905   0.04417   0.18443   0.21714   0.00514   0.16332   0.17465   4.04529   0.88373   0.58734   1.18532   1.45267  
 42 237.7047  21581.021457  x:  0.00656   0.13085   0.03165   0.00953   0.01952   0.00450   0.01091   0.00151   0.00358   0.00636   0.01739   0.02508   0.05571   0.10652   0.31344   0.42691   0.14842   0.19669   0.06059   0.00397   0.04922   0.13551   0.03873   0.04287   0.18475   0.21760   0.00514   0.16290   0.17437   4.04549   0.87860   0.57577   1.18651   1.44936  
 43 422.0888  21580.735894  x:  0.00645   0.13091   0.03150   0.01036   0.01914   0.00449   0.01204   0.00149   0.00351   0.00645   0.01869   0.02433   0.05569   0.10716   0.31522   0.42575   0.14828   0.19725   0.06021   0.00431   0.04802   0.13574   0.03941   0.04215   0.18533   0.21865   0.00520   0.16273   0.17425   4.04565   0.87433   0.56690   1.18727   1.44650  
 44 505.0844  21580.129190  x:  0.00730   0.13123   0.02915   0.01013   0.01950   0.00452   0.01164   0.00151   0.00357   0.00639   0.01770   0.02524   0.05576   0.10479   0.31978   0.42240   0.14851   0.19846   0.05923   0.00411   0.04789   0.13639   0.04222   0.04252   0.18732   0.22250   0.00525   0.16285   0.17432   4.04607   0.86430   0.54786   1.18843   1.43923  
 45 405.4773  21579.792195  x:  0.00688   0.13152   0.03102   0.01011   0.01941   0.00452   0.01168   0.00151   0.00357   0.00641   0.01792   0.02511   0.05595   0.10180   0.32209   0.42020   0.14912   0.19884   0.05934   0.00397   0.05046   0.13662   0.03990   0.04349   0.18862   0.22528   0.00521   0.16341   0.17470   4.04639   0.85810   0.53738   1.18852   1.43360  
 46 238.7109  21579.520266  x:  0.00602   0.13172   0.02995   0.01013   0.01942   0.00451   0.01170   0.00150   0.00354   0.00647   0.01790   0.02512   0.05561   0.10106   0.31981   0.41895   0.15150   0.19672   0.06342   0.00397   0.04983   0.13473   0.03931   0.04282   0.18763   0.22654   0.00497   0.16546   0.17644   4.04729   0.85141   0.53165   1.18517   1.41928  
 47 51.9532  21579.116503  x:  0.00626   0.13179   0.03258   0.01009   0.01950   0.00453   0.01169   0.00150   0.00355   0.00647   0.01796   0.02524   0.05619   0.10207   0.31585   0.41763   0.15438   0.19369   0.06321   0.00399   0.04992   0.13342   0.04189   0.04465   0.18643   0.22744   0.00487   0.16733   0.17812   4.04891   0.84223   0.52380   1.17909   1.39384  
 48 219.3534  21578.222298  x:  0.00799   0.13160   0.03042   0.01019   0.01952   0.00456   0.01175   0.00153   0.00362   0.00639   0.01801   0.02520   0.05691   0.10412   0.30875   0.41616   0.15833   0.18923   0.05680   0.00383   0.05144   0.13411   0.03978   0.04327   0.18566   0.22834   0.00496   0.16858   0.17951   4.05265   0.82526   0.50771   1.16543   1.33574  
 49 459.7709  21575.866952  x:  0.00746   0.13224   0.03120   0.01035   0.01952   0.00456   0.01175   0.00153   0.00362   0.00644   0.01801   0.02528   0.05191   0.10237   0.30156   0.41794   0.15704   0.18909   0.05974   0.00382   0.05045   0.14308   0.04035   0.04366   0.19056   0.22846   0.00531   0.16137   0.17396   4.06311   0.79721   0.46501   1.13045   1.17558  
 50 460.7826  21575.128122  x:  0.00729   0.13196   0.03097   0.01012   0.01958   0.00456   0.01176   0.00153   0.00361   0.00646   0.01803   0.02525   0.05824   0.10189   0.30182   0.41954   0.15512   0.19051   0.06088   0.00384   0.04984   0.14179   0.04013   0.04363   0.19140   0.22896   0.00533   0.16091   0.17303   4.06667   0.79057   0.45017   1.11910   1.12093  
 51 798.1861  21574.598299  x:  0.00746   0.13109   0.03091   0.01021   0.01955   0.00456   0.01174   0.00153   0.00362   0.00644   0.01802   0.02523   0.05573   0.10257   0.30522   0.42194   0.15268   0.19260   0.05951   0.00379   0.05084   0.13540   0.04014   0.04353   0.19027   0.23025   0.00513   0.16408   0.17456   4.06914   0.78851   0.43931   1.11158   1.08200  
 52 341.6343  21574.577344  x:  0.00741   0.13112   0.03092   0.01021   0.01956   0.00456   0.01174   0.00153   0.00362   0.00645   0.01802   0.02524   0.05575   0.10256   0.30638   0.42273   0.15301   0.19195   0.05952   0.00379   0.05081   0.13660   0.04013   0.04355   0.18877   0.23059   0.00510   0.16441   0.17545   4.06912   0.78877   0.43877   1.11137   1.08034  
 53 17.8263  21574.574545  x:  0.00738   0.13123   0.03092   0.01021   0.01956   0.00456   0.01174   0.00153   0.00362   0.00645   0.01802   0.02524   0.05576   0.10256   0.30694   0.42345   0.15346   0.19149   0.05950   0.00380   0.05084   0.13639   0.04014   0.04356   0.18880   0.23055   0.00512   0.16413   0.17517   4.06891   0.78851   0.43882   1.11137   1.08015  
 54  4.4185  21574.572930  x:  0.00739   0.13113   0.03094   0.01021   0.01956   0.00456   0.01175   0.00153   0.00362   0.00645   0.01803   0.02525   0.05578   0.10259   0.30710   0.42418   0.15339   0.19156   0.05953   0.00380   0.05082   0.13656   0.04015   0.04358   0.18919   0.23046   0.00511   0.16446   0.17532   4.06842   0.78809   0.43895   1.11143   1.08007  
 55  2.2832  21574.570688  x:  0.00735   0.13145   0.03093   0.01021   0.01957   0.00456   0.01175   0.00153   0.00362   0.00646   0.01803   0.02526   0.05580   0.10262   0.30702   0.42481   0.15323   0.19209   0.05951   0.00381   0.05086   0.13653   0.04016   0.04360   0.18901   0.23070   0.00511   0.16426   0.17551   4.06737   0.78756   0.43917   1.11165   1.07995  
 56  2.7034  21574.557941  x:  0.00747   0.13036   0.03097   0.01022   0.01957   0.00457   0.01175   0.00153   0.00362   0.00645   0.01803   0.02525   0.05579   0.10257   0.30702   0.42492   0.15293   0.19248   0.05960   0.00379   0.05089   0.13658   0.04016   0.04360   0.18823   0.23115   0.00514   0.16442   0.17454   4.06023   0.78684   0.43977   1.11358   1.07895  
 57  3.9407  21574.433653  x:  0.00727   0.13191   0.03094   0.01019   0.01954   0.00455   0.01174   0.00151   0.00359   0.00645   0.01801   0.02524   0.05578   0.10242   0.30813   0.42177   0.15224   0.19174   0.05948   0.00384   0.05073   0.13665   0.04014   0.04361   0.18849   0.22981   0.00508   0.16484   0.17447   3.99075   0.78523   0.44382   1.13327   1.06853  
 58 43.3018  21574.422607  x:  0.00738   0.13107   0.03098   0.01020   0.01954   0.00456   0.01174   0.00151   0.00359   0.00644   0.01801   0.02524   0.05578   0.10242   0.30825   0.42149   0.15302   0.19221   0.05953   0.00384   0.05075   0.13657   0.04015   0.04359   0.18876   0.22952   0.00508   0.16415   0.17532   3.98485   0.78524   0.44412   1.13500   1.06762  
 59 40.4986  21574.410729  x:  0.00734   0.13152   0.03097   0.01019   0.01954   0.00455   0.01174   0.00151   0.00359   0.00645   0.01802   0.02524   0.05579   0.10246   0.30840   0.42136   0.15418   0.19323   0.05951   0.00385   0.05072   0.13679   0.04016   0.04360   0.18865   0.22919   0.00507   0.16485   0.17477   3.98548   0.78539   0.44418   1.13556   1.06768  
 60  0.6888  21573.654097  x:  0.00683   0.13119   0.03102   0.01006   0.01935   0.00449   0.01168   0.00137   0.00340   0.00639   0.01788   0.02513   0.05602   0.10174   0.32095   0.41303   0.14971   0.19799   0.05989   0.00410   0.05014   0.13631   0.04007   0.04362   0.18722   0.22247   0.00474   0.16427   0.17559   4.04856   0.77702   0.45407   1.16389   1.07745  
 61  7.1942  21573.575083  x:  0.00681   0.13101   0.03099   0.01004   0.01933   0.00449   0.01168   0.00135   0.00338   0.00637   0.01786   0.02511   0.05610   0.10181   0.32187   0.41465   0.14846   0.19876   0.05999   0.00414   0.05001   0.13571   0.04004   0.04351   0.18685   0.22175   0.00471   0.16403   0.17526   4.03605   0.78667   0.43692   1.09577   1.09567  
 62  1.8094  21573.506338  x:  0.00684   0.13118   0.03104   0.01013   0.01937   0.00447   0.01172   0.00137   0.00346   0.00623   0.01787   0.02510   0.05595   0.10202   0.32170   0.41461   0.14875   0.19863   0.06020   0.00396   0.04993   0.13623   0.04004   0.04349   0.18670   0.22110   0.00462   0.16367   0.17501   4.03733   0.77439   0.42006   1.08478   1.07211  
 63  0.0291  21573.494712  x:  0.00685   0.13118   0.03103   0.01010   0.01936   0.00446   0.01172   0.00136   0.00342   0.00627   0.01788   0.02511   0.05600   0.10201   0.32158   0.41379   0.14940   0.19816   0.06011   0.00401   0.05000   0.13592   0.04005   0.04353   0.18651   0.22160   0.00460   0.16424   0.17552   4.03662   0.76867   0.42250   1.10610   1.06907  
 64  0.0180  21573.477722  x:  0.00687   0.13116   0.03106   0.01010   0.01937   0.00447   0.01170   0.00141   0.00348   0.00630   0.01788   0.02509   0.05606   0.10175   0.32165   0.41304   0.14902   0.19815   0.06009   0.00400   0.05000   0.13577   0.04007   0.04347   0.18689   0.22184   0.00465   0.16430   0.17562   4.03482   0.75290   0.43099   1.19933   1.05979  
 65  0.0119  21573.456340  x:  0.00681   0.13110   0.03102   0.01009   0.01935   0.00448   0.01170   0.00137   0.00343   0.00629   0.01788   0.02510   0.05600   0.10189   0.32153   0.41392   0.14900   0.19828   0.06011   0.00406   0.04995   0.13589   0.04005   0.04349   0.18667   0.22148   0.00463   0.16407   0.17538   4.03590   0.73527   0.44738   1.33534   1.04657  
 66  0.0703  21573.441956  x:  0.00682   0.13111   0.03100   0.01009   0.01935   0.00447   0.01171   0.00133   0.00341   0.00626   0.01788   0.02511   0.05597   0.10210   0.32156   0.41477   0.14906   0.19842   0.06015   0.00406   0.04994   0.13592   0.04003   0.04350   0.18638   0.22127   0.00460   0.16396   0.17522   4.03701   0.73454   0.45456   1.38374   1.04809  
 67  0.0521  21573.430652  x:  0.00687   0.13115   0.03102   0.01012   0.01936   0.00447   0.01172   0.00135   0.00344   0.00624   0.01788   0.02511   0.05598   0.10211   0.32160   0.41449   0.14916   0.19836   0.06016   0.00398   0.04997   0.13588   0.04003   0.04350   0.18634   0.22139   0.00459   0.16406   0.17531   4.03708   0.72144   0.47019   1.50703   1.03957  
 68  0.1241  21573.423071  x:  0.00688   0.13113   0.03104   0.01010   0.01935   0.00446   0.01171   0.00137   0.00344   0.00629   0.01787   0.02511   0.05601   0.10191   0.32153   0.41366   0.14911   0.19821   0.06010   0.00398   0.04998   0.13586   0.04005   0.04350   0.18659   0.22160   0.00461   0.16416   0.17545   4.03625   0.71247   0.48090   1.60592   1.03152  
 69  0.0697  21573.417816  x:  0.00687   0.13112   0.03104   0.01010   0.01935   0.00446   0.01170   0.00139   0.00344   0.00630   0.01787   0.02510   0.05602   0.10183   0.32154   0.41338   0.14909   0.19814   0.06008   0.00399   0.04999   0.13584   0.04006   0.04349   0.18672   0.22167   0.00462   0.16420   0.17551   4.03590   0.71000   0.48606   1.66062   1.03118  
 70  0.0374  21573.412458  x:  0.00686   0.13111   0.03103   0.01010   0.01935   0.00446   0.01170   0.00137   0.00343   0.00628   0.01787   0.02510   0.05601   0.10187   0.32154   0.41365   0.14907   0.19818   0.06009   0.00401   0.04997   0.13585   0.04005   0.04348   0.18664   0.22157   0.00462   0.16414   0.17545   4.03597   0.70018   0.49792   1.77192   1.02521  
 71  0.1606  21573.410346  x:  0.00686   0.13111   0.03103   0.01010   0.01936   0.00447   0.01171   0.00136   0.00343   0.00627   0.01788   0.02510   0.05599   0.10195   0.32152   0.41394   0.14907   0.19824   0.06012   0.00401   0.04997   0.13586   0.04004   0.04348   0.18652   0.22147   0.00461   0.16408   0.17537   4.03591   0.69536   0.50377   1.83229   1.01981  
 72  0.0803  21573.408658  x:  0.00687   0.13111   0.03103   0.01011   0.01936   0.00447   0.01172   0.00135   0.00343   0.00626   0.01787   0.02510   0.05598   0.10203   0.32151   0.41418   0.14909   0.19831   0.06013   0.00399   0.04996   0.13588   0.04003   0.04350   0.18640   0.22140   0.00459   0.16404   0.17531   4.03617   0.69389   0.50774   1.87039   1.01865  
 73  0.0240  21573.407452  x:  0.00687   0.13111   0.03103   0.01011   0.01936   0.00447   0.01172   0.00136   0.00343   0.00626   0.01787   0.02511   0.05598   0.10201   0.32150   0.41411   0.14909   0.19830   0.06012   0.00399   0.04996   0.13588   0.04004   0.04350   0.18642   0.22141   0.00459   0.16405   0.17532   4.03615   0.68816   0.51716   1.95664   1.01542  
 74  0.1029  21573.406794  x:  0.00687   0.13110   0.03103   0.01010   0.01935   0.00446   0.01171   0.00137   0.00343   0.00628   0.01787   0.02510   0.05600   0.10192   0.32148   0.41379   0.14906   0.19822   0.06010   0.00400   0.04997   0.13585   0.04004   0.04348   0.18655   0.22150   0.00461   0.16409   0.17539   4.03570   0.68521   0.52290   2.01125   1.01292  
 75  0.0344  21573.406661  x:  0.00687   0.13110   0.03103   0.01010   0.01936   0.00446   0.01171   0.00136   0.00344   0.00627   0.01787   0.02510   0.05599   0.10195   0.32149   0.41391   0.14907   0.19824   0.06011   0.00399   0.04996   0.13586   0.04004   0.04349   0.18649   0.22146   0.00460   0.16408   0.17536   4.03582   0.68438   0.52471   2.02897   1.01238  
 76  0.0101  21573.406646  x:  0.00687   0.13110   0.03103   0.01010   0.01935   0.00446   0.01171   0.00136   0.00343   0.00627   0.01787   0.02510   0.05599   0.10195   0.32149   0.41391   0.14907   0.19824   0.06011   0.00400   0.04996   0.13586   0.04004   0.04349   0.18649   0.22146   0.00460   0.16407   0.17536   4.03579   0.68368   0.52580   2.03986   1.01181  
 77  0.0147  21573.406643  x:  0.00687   0.13110   0.03103   0.01010   0.01935   0.00446   0.01171   0.00136   0.00343   0.00627   0.01787   0.02510   0.05599   0.10195   0.32148   0.41390   0.14906   0.19824   0.06011   0.00400   0.04996   0.13586   0.04004   0.04349   0.18650   0.22146   0.00460   0.16407   0.17536   4.03577   0.68345   0.52621   2.04411   1.01162  
 78  0.0046  21573.406643  x:  0.00687   0.13110   0.03103   0.01010   0.01935   0.00446   0.01171   0.00136   0.00343   0.00627   0.01787   0.02510   0.05599   0.10195   0.32148   0.41390   0.14906   0.19824   0.06011   0.00400   0.04996   0.13586   0.04004   0.04349   0.18650   0.22146   0.00460   0.16407   0.17536   4.03577   0.68346   0.52618   2.04389   1.01163  
 79  0.0005  21573.406643  x:  0.00687   0.13110   0.03103   0.01010   0.01935   0.00446   0.01171   0.00136   0.00343   0.00627   0.01787   0.02510   0.05599   0.10195   0.32148   0.41390   0.14906   0.19824   0.06011   0.00400   0.04996   0.13586   0.04004   0.04349   0.18650   0.22146   0.00460   0.16407   0.17536   4.03577   0.68346   0.52618   2.04389   1.01163  
 80  0.0159  21573.406643  x:  0.00687   0.13110   0.03103   0.01010   0.01935   0.00446   0.01171   0.00136   0.00343   0.00627   0.01787   0.02510   0.05599   0.10195   0.32148   0.41390   0.14906   0.19824   0.06011   0.00400   0.04996   0.13586   0.04004   0.04349   0.18650   0.22146   0.00460   0.16407   0.17536   4.03577   0.68346   0.52618   2.04389   1.01163  
 81  0.0002  21573.406643  x:  0.00687   0.13110   0.03103   0.01010   0.01935   0.00446   0.01171   0.00136   0.00343   0.00627   0.01787   0.02510   0.05599   0.10195   0.32148   0.41390   0.14906   0.19824   0.06011   0.00400   0.04996   0.13586   0.04004   0.04349   0.18650   0.22146   0.00460   0.16407   0.17536   4.03577   0.68346   0.52618   2.04389   1.01163  
 82  0.0001  21573.406643  x:  0.00687   0.13110   0.03103   0.01010   0.01935   0.00446   0.01171   0.00136   0.00343   0.00627   0.01787   0.02510   0.05599   0.10195   0.32148   0.41390   0.14906   0.19824   0.06011   0.00400   0.04996   0.13586   0.04004   0.04349   0.18650   0.22146   0.00460   0.16407   0.17536   4.03577   0.68346   0.52618   2.04389   1.01163  
check convergence!
