

TREE # 1

  0  0.0000  25024.830399  x:  0.00408   0.12367   0.03518   0.01721   0.01202   0.00387   0.00642   0.00290   0.00640   0.00958   0.01383   0.03185   0.04430   0.10779   0.30333   0.58768   0.15836   0.22160   0.03962   0.00120   0.04024   0.16675   0.04303   0.04271   0.18968   0.22089   0.00687   0.17352   0.23163   2.00000   0.90000   0.29673   1.19979   2.14479  
  1 99.0000  25007.527042  x:  0.00743   0.12400   0.03450   0.01609   0.01073   0.00060   0.00488   0.00310   0.00487   0.00895   0.01352   0.03128   0.04414   0.10727   0.30347   0.58824   0.15829   0.22148   0.04074   0.00696   0.04157   0.16686   0.04196   0.04239   0.18928   0.22076   0.00643   0.17333   0.23138   2.00134   0.90047   0.30540   1.19822   2.14422  
  2 2208.6250  24982.117921  x:  0.01581   0.12485   0.03273   0.01330   0.00769   0.00498   0.00186   0.00338   0.00184   0.00752   0.01283   0.02979   0.04374   0.10589   0.30383   0.58978   0.15813   0.22117   0.04353   0.01992   0.04496   0.16716   0.03915   0.04155   0.18817   0.22039   0.00516   0.17281   0.23070   2.00500   0.90182   0.32883   1.19396   2.14266  
  3 11883.6076  24950.294938  x:  0.02951   0.12629   0.02961   0.00949   0.00491   0.00931   0.01050   0.00306   0.01078   0.00663   0.01202   0.02749   0.04315   0.10342   0.30453   0.59280   0.15787   0.22061   0.04787   0.03909   0.05075   0.16774   0.03427   0.04020   0.18603   0.21960   0.00262   0.17182   0.22944   2.01216   0.90482   0.37366   1.18569   2.13964  
  4 12672.0551  24904.573597  x:  0.04004   0.12787   0.02769   0.01989   0.03143   0.01096   0.01221   0.00209   0.01241   0.01678   0.01478   0.02867   0.04395   0.10099   0.30585   0.59853   0.15803   0.22022   0.04916   0.04648   0.05640   0.16905   0.03121   0.04038   0.18264   0.21822   0.00000   0.17072   0.22793   2.02555   0.91292   0.44888   1.17097   2.13423  
  5 5044.8602  24807.177831  x:  0.03384   0.13003   0.03393   0.02257   0.02979   0.00635   0.00974   0.03343   0.00981   0.00363   0.01638   0.03668   0.04940   0.10231   0.31017   0.61333   0.16086   0.22174   0.03858   0.00950   0.05863   0.17368   0.04278   0.04796   0.17754   0.21650   0.01263   0.17189   0.22792   2.05868   0.93977   0.60651   1.13738   2.12202  
  6 4068.5398  24783.619585  x:  0.03079   0.13047   0.03533   0.02059   0.02370   0.00492   0.00852   0.03399   0.00854   0.01171   0.01582   0.03742   0.05026   0.10312   0.31128   0.61673   0.16171   0.22230   0.03630   0.00000   0.05851   0.17479   0.04497   0.04916   0.17688   0.21649   0.01418   0.17238   0.22819   2.06635   0.94639   0.63928   1.13012   2.11942  
  7 8620.8333  24783.619585  x:  0.03079   0.13047   0.03533   0.02059   0.02370   0.00492   0.00852   0.03399   0.00854   0.01171   0.01582   0.03742   0.05026   0.10312   0.31128   0.61673   0.16171   0.22230   0.03630   0.00000   0.05851   0.17479   0.04497   0.04916   0.17688   0.21649   0.01418   0.17238   0.22819   2.06635   0.94639   0.63928   1.13012   2.11942  
  8 2748.6466  24762.441895  x:  0.02946   0.13056   0.03521   0.01871   0.01898   0.00070   0.00553   0.02543   0.00552   0.01012   0.01509   0.03612   0.04976   0.10367   0.31157   0.61726   0.16200   0.22259   0.03708   0.00815   0.05839   0.17500   0.04410   0.04844   0.17742   0.21711   0.01275   0.17270   0.22852   2.06773   0.94783   0.64080   1.12947   2.11924  
  9 2391.7804  24746.716825  x:  0.02753   0.13067   0.03502   0.01629   0.01266   0.00473   0.00257   0.01331   0.00252   0.00832   0.01426   0.03437   0.04907   0.10444   0.31197   0.61802   0.16242   0.22299   0.03805   0.01653   0.05805   0.17526   0.04291   0.04743   0.17816   0.21791   0.01063   0.17313   0.22896   2.06969   0.94989   0.64295   1.12854   2.11898  
 10 7986.9146  24734.458205  x:  0.02592   0.13074   0.03486   0.01482   0.00855   0.00571   0.00504   0.00360   0.00513   0.00781   0.01381   0.03314   0.04854   0.10503   0.31229   0.61863   0.16274   0.22330   0.03869   0.02054   0.05760   0.17545   0.04203   0.04665   0.17873   0.21848   0.00886   0.17345   0.22931   2.07132   0.95160   0.64472   1.12778   2.11876  
 11 5895.7672  24733.080759  x:  0.02514   0.13075   0.03479   0.01491   0.00913   0.00550   0.00476   0.00194   0.00472   0.00866   0.01390   0.03287   0.04835   0.10528   0.31242   0.61892   0.16287   0.22343   0.03883   0.01978   0.05722   0.17552   0.04173   0.04636   0.17896   0.21868   0.00810   0.17359   0.22946   2.07218   0.95246   0.64562   1.12739   2.11865  
 12 979.6720  24726.136235  x:  0.01651   0.13095   0.03398   0.01380   0.00752   0.00513   0.00454   0.00287   0.00438   0.01153   0.01400   0.02921   0.04608   0.10811   0.31400   0.62227   0.16436   0.22493   0.04097   0.01852   0.05340   0.17630   0.03819   0.04297   0.18168   0.22110   0.00000   0.17518   0.23126   2.08185   0.96215   0.65576   1.12297   2.11746  
 13 1077.3500  24719.571818  x:  0.00834   0.13141   0.03322   0.01426   0.01076   0.00511   0.00419   0.00266   0.00505   0.00706   0.01382   0.02732   0.04417   0.11111   0.31590   0.62647   0.16600   0.22663   0.04435   0.01810   0.04946   0.17719   0.03549   0.04018   0.18489   0.22397   0.00123   0.17763   0.23376   2.09447   0.97361   0.66875   1.11726   2.11600  
 14 1662.9761  24715.587285  x:  0.00626   0.13202   0.03292   0.01502   0.00929   0.00507   0.00601   0.00291   0.00319   0.00907   0.01379   0.02827   0.04381   0.11284   0.31737   0.62980   0.16703   0.22778   0.04747   0.01785   0.04736   0.17780   0.03543   0.03980   0.18717   0.22601   0.00528   0.17951   0.23567   2.10504   0.98095   0.67942   1.11248   2.11493  
 15 1719.8619  24712.398273  x:  0.00648   0.13262   0.03284   0.01550   0.00788   0.00500   0.00379   0.00299   0.00507   0.01093   0.01389   0.02971   0.04397   0.11404   0.31865   0.63271   0.16781   0.22870   0.05012   0.01740   0.04606   0.17830   0.03618   0.04022   0.18904   0.22768   0.00746   0.18095   0.23720   2.11458   0.98596   0.68894   1.10817   2.11403  
 16 3051.2085  24699.956372  x:  0.01712   0.13549   0.03358   0.01418   0.00897   0.00481   0.00484   0.00271   0.00403   0.00756   0.01461   0.03615   0.04707   0.11752   0.32422   0.64587   0.17057   0.23228   0.05971   0.01584   0.04428   0.18047   0.04267   0.04552   0.19650   0.23445   0.00159   0.18559   0.24292   2.15945   0.99530   0.73315   1.08775   2.11033  
 17 2004.0103  24665.807527  x:  0.02104   0.14118   0.03507   0.01709   0.01835   0.00658   0.00616   0.00445   0.00612   0.01469   0.01090   0.03122   0.05388   0.12606   0.34243   0.69284   0.17899   0.24424   0.07099   0.02207   0.05093   0.18875   0.04863   0.05196   0.21981   0.25638   0.00241   0.20097   0.26277   2.32652   0.96442   0.89370   1.01187   2.09752  
 18 2610.7049  24650.413138  x:  0.01944   0.14265   0.03560   0.01746   0.00970   0.00459   0.00468   0.00333   0.00445   0.00883   0.02102   0.03298   0.05492   0.12707   0.34873   0.71016   0.18150   0.24829   0.06852   0.01267   0.05403   0.19171   0.04845   0.05236   0.22598   0.26260   0.00459   0.20531   0.26913   2.39134   0.95091   0.95268   0.98373   2.09282  
 19 4790.7603  24645.533203  x:  0.01908   0.14275   0.03619   0.01451   0.00750   0.00399   0.00415   0.00298   0.00393   0.00733   0.01421   0.03914   0.05283   0.12430   0.34995   0.71508   0.18132   0.24889   0.06091   0.00954   0.05540   0.19233   0.04635   0.05068   0.22381   0.26170   0.00512   0.20428   0.26912   2.41542   0.94957   0.96900   0.97589   2.09141  
 20 1126.0222  24638.700284  x:  0.02098   0.14265   0.03748   0.01376   0.01020   0.00486   0.00478   0.00340   0.00459   0.00920   0.01777   0.04800   0.04842   0.11677   0.35075   0.72186   0.17973   0.24885   0.04343   0.01450   0.05790   0.19274   0.04226   0.04727   0.21544   0.25691   0.00493   0.19971   0.26643   2.45764   0.95286   0.99123   0.96522   2.08927  
 21 1414.9758  24634.137296  x:  0.02468   0.14239   0.03791   0.02176   0.00866   0.00487   0.00482   0.00320   0.00439   0.00825   0.01566   0.04309   0.04827   0.11091   0.35007   0.72552   0.17744   0.24779   0.03292   0.01523   0.05787   0.19211   0.04212   0.04689   0.20597   0.25068   0.00469   0.19445   0.26222   2.49194   0.95718   1.00383   0.95926   2.08785  
 22 1171.7258  24628.399499  x:  0.02882   0.14158   0.03754   0.01516   0.00884   0.00458   0.00452   0.00321   0.00427   0.00859   0.01557   0.03211   0.04902   0.10519   0.34786   0.72825   0.17375   0.24548   0.02749   0.01401   0.05679   0.19044   0.04287   0.04718   0.19272   0.24122   0.00792   0.18722   0.25545   2.53541   0.96150   1.01464   0.95424   2.08639  
 23 1353.4071  24618.974601  x:  0.02437   0.13709   0.03592   0.01645   0.00857   0.00465   0.00455   0.00310   0.00427   0.00839   0.01574   0.03511   0.04996   0.10348   0.33865   0.72760   0.16455   0.23807   0.04445   0.01489   0.05509   0.18465   0.03900   0.04417   0.16743   0.21997   0.00749   0.17215   0.23790   2.62870   0.95912   1.02199   0.95118   2.08431  
 24 846.2198  24612.690769  x:  0.01507   0.13351   0.03736   0.01595   0.00848   0.00479   0.00455   0.00304   0.00437   0.00842   0.01583   0.03711   0.04824   0.11168   0.32935   0.72061   0.16030   0.23304   0.04268   0.01600   0.05842   0.18126   0.05035   0.05287   0.16731   0.21260   0.00646   0.17019   0.22878   2.70320   0.95928   1.01482   0.95562   2.08330  
 25 705.0374  24591.076851  x:  0.02853   0.13091   0.03502   0.01597   0.00813   0.00463   0.00451   0.00297   0.00417   0.00805   0.01538   0.03375   0.04648   0.13232   0.29849   0.68503   0.15470   0.22024   0.03731   0.01485   0.06613   0.17288   0.03865   0.04337   0.19737   0.20911   0.00699   0.18158   0.21168   2.98226   0.95818   0.96638   0.98297   2.08064  
 26 1288.3328  24574.183007  x:  0.02436   0.13504   0.02836   0.01519   0.00829   0.00481   0.00458   0.00290   0.00425   0.00791   0.01574   0.03711   0.05423   0.10674   0.29365   0.65668   0.16515   0.22350   0.03842   0.01661   0.04449   0.17587   0.04167   0.04737   0.20549   0.22595   0.00467   0.18816   0.22576   3.19907   0.94983   0.91646   1.00851   2.07898  
 27 1356.2533  24568.859188  x:  0.02412   0.13742   0.04280   0.01551   0.00812   0.00472   0.00454   0.00289   0.00421   0.00784   0.01580   0.03556   0.04786   0.10020   0.30024   0.64839   0.17077   0.22773   0.04298   0.01573   0.04720   0.18030   0.04294   0.04717   0.20277   0.23377   0.00418   0.18798   0.23625   3.27618   0.94818   0.89567   1.01813   2.07827  
 28 1401.3395  24564.738926  x:  0.02441   0.13830   0.03494   0.01584   0.00826   0.00465   0.00453   0.00290   0.00419   0.00782   0.01569   0.03501   0.04697   0.10547   0.31708   0.64643   0.17576   0.23417   0.04449   0.01472   0.05980   0.18652   0.04372   0.04723   0.19420   0.23992   0.00361   0.18511   0.24901   3.33388   0.94866   0.87627   1.02540   2.07752  
 29 671.3442  24563.617795  x:  0.02507   0.13778   0.03735   0.01553   0.00835   0.00469   0.00456   0.00293   0.00421   0.00786   0.01578   0.03583   0.05151   0.11272   0.32640   0.64975   0.17559   0.23643   0.04221   0.01509   0.05615   0.18685   0.04229   0.04751   0.19137   0.24006   0.00370   0.18475   0.25216   3.34994   0.94739   0.86878   1.02673   2.07717  
 30 275.7265  24563.095240  x:  0.02646   0.13728   0.03630   0.01576   0.00832   0.00469   0.00457   0.00294   0.00420   0.00780   0.01585   0.03576   0.04746   0.11468   0.33277   0.65503   0.17400   0.23738   0.04197   0.01525   0.05249   0.18598   0.04310   0.04756   0.19205   0.23884   0.00384   0.18567   0.25219   3.35739   0.94583   0.86362   1.02642   2.07685  
 31 164.9161  24562.372217  x:  0.02536   0.13644   0.03686   0.01570   0.00840   0.00470   0.00458   0.00294   0.00422   0.00783   0.01582   0.03579   0.04940   0.11073   0.34266   0.67028   0.16964   0.23849   0.04294   0.01521   0.05415   0.18428   0.04391   0.04689   0.19777   0.23568   0.00359   0.18845   0.24931   3.36827   0.94584   0.85258   1.02368   2.07581  
 32 129.9594  24562.129760  x:  0.02532   0.13790   0.03684   0.01574   0.00842   0.00469   0.00457   0.00294   0.00422   0.00785   0.01581   0.03572   0.04906   0.11082   0.34116   0.67918   0.17002   0.23906   0.04312   0.01511   0.05438   0.18511   0.04163   0.05008   0.19817   0.23704   0.00364   0.18814   0.24859   3.37201   0.94574   0.84658   1.02000   2.07502  
 33 69.6360  24561.722771  x:  0.02562   0.14026   0.03681   0.01575   0.00848   0.00469   0.00458   0.00296   0.00422   0.00786   0.01583   0.03585   0.04935   0.11229   0.33566   0.69557   0.17189   0.23997   0.04303   0.01507   0.05400   0.18713   0.04373   0.04780   0.19756   0.24055   0.00370   0.18716   0.24834   3.37828   0.94517   0.83511   1.01145   2.07337  
 34 162.2161  24561.534332  x:  0.02617   0.13507   0.03688   0.01578   0.00850   0.00470   0.00459   0.00296   0.00422   0.00787   0.01577   0.03572   0.04928   0.11227   0.33298   0.69979   0.17263   0.23888   0.04316   0.01510   0.05421   0.18579   0.04358   0.04793   0.19683   0.24019   0.00345   0.18887   0.25250   3.38107   0.94550   0.82778   1.00053   2.07181  
 35 41.4426  24560.431949  x:  0.02526   0.14438   0.03664   0.01585   0.00872   0.00474   0.00464   0.00297   0.00426   0.00798   0.01546   0.03549   0.04949   0.11343   0.33096   0.70112   0.17245   0.23073   0.04379   0.01537   0.05463   0.18158   0.04392   0.04809   0.19866   0.23337   0.00245   0.19187   0.26531   3.39717   0.94730   0.77638   0.90496   2.05929  
 36 66.3284  24555.918010  x:  0.02529   0.14082   0.03662   0.01614   0.00944   0.00486   0.00476   0.00303   0.00438   0.00842   0.01440   0.03440   0.05015   0.11566   0.33514   0.69301   0.17876   0.22749   0.04674   0.01578   0.05275   0.18955   0.04460   0.04884   0.20756   0.23834   0.00183   0.19077   0.26290   3.45138   0.95380   0.59997   0.56914   2.01706  
 37 492.9758  24555.629982  x:  0.02510   0.14211   0.03660   0.01616   0.00950   0.00487   0.00477   0.00303   0.00438   0.00845   0.01432   0.03434   0.05016   0.11592   0.33437   0.69193   0.17691   0.23326   0.04688   0.01573   0.05359   0.18405   0.04475   0.04889   0.20510   0.24110   0.00155   0.19483   0.26153   3.45556   0.95437   0.58651   0.54323   2.01475  
 38 149.8507  24555.594607  x:  0.02511   0.14207   0.03657   0.01617   0.00951   0.00487   0.00477   0.00303   0.00439   0.00845   0.01430   0.03432   0.05016   0.11599   0.33337   0.69169   0.17390   0.23595   0.04694   0.01574   0.05344   0.18512   0.04473   0.04889   0.20560   0.24065   0.00153   0.19426   0.26271   3.45613   0.95447   0.58497   0.54012   2.01579  
 39 17.7035  24555.485557  x:  0.02484   0.14218   0.03656   0.01620   0.00956   0.00487   0.00478   0.00304   0.00440   0.00850   0.01426   0.03419   0.05019   0.11615   0.33305   0.69239   0.17744   0.23898   0.04709   0.01575   0.05346   0.18411   0.04464   0.04881   0.20736   0.23767   0.00161   0.19267   0.26328   3.45890   0.95502   0.58278   0.53270   2.04167  
 40  4.8221  24554.621517  x:  0.02184   0.14332   0.03651   0.01645   0.00990   0.00481   0.00479   0.00309   0.00447   0.00890   0.01387   0.03305   0.05021   0.11686   0.33438   0.69786   0.17774   0.23410   0.04800   0.01539   0.05372   0.18817   0.04371   0.04817   0.20700   0.23867   0.00125   0.19675   0.26493   3.48062   0.96022   0.56677   0.47606   2.24684  
 41 129.0237  24554.589618  x:  0.02171   0.14314   0.03649   0.01645   0.00990   0.00481   0.00479   0.00309   0.00447   0.00891   0.01385   0.03299   0.05018   0.11685   0.33464   0.69809   0.17707   0.23339   0.04799   0.01536   0.05379   0.18653   0.04367   0.04810   0.20765   0.24011   0.00135   0.19462   0.26539   3.48144   0.96047   0.56629   0.47417   2.25387  
 42 39.2801  24546.778810  x:  0.01674   0.13981   0.03587   0.01644   0.01173   0.00306   0.00455   0.00344   0.00474   0.01037   0.01442   0.03391   0.04888   0.11296   0.33971   0.71010   0.17091   0.24303   0.04602   0.00617   0.05391   0.18646   0.04102   0.04571   0.19593   0.24182   0.00325   0.18991   0.25328   3.67050   0.95349   0.66957   0.62378   2.27735  
 43  0.5947  24544.867782  x:  0.01822   0.13717   0.03581   0.01626   0.01126   0.00312   0.00570   0.00340   0.00549   0.00992   0.01608   0.03486   0.04865   0.11174   0.34037   0.71063   0.17133   0.24386   0.04381   0.00737   0.05325   0.18846   0.04161   0.04621   0.19303   0.23822   0.00487   0.18595   0.24671   3.79526   0.94847   0.63771   0.57610   2.05112  
 44  0.3095  24544.456275  x:  0.01674   0.13840   0.03582   0.01692   0.01125   0.00311   0.00613   0.00332   0.00587   0.00986   0.01511   0.03331   0.04882   0.11332   0.33802   0.71118   0.17036   0.24259   0.04465   0.00819   0.05348   0.18718   0.04172   0.04638   0.19455   0.23763   0.00484   0.18737   0.24817   3.84820   0.94743   0.63889   0.58573   2.09606  
 45  0.0765  24544.324997  x:  0.01738   0.13882   0.03588   0.01695   0.01138   0.00275   0.00606   0.00330   0.00595   0.00988   0.01493   0.03364   0.04875   0.11377   0.33654   0.71080   0.17045   0.24084   0.04476   0.00729   0.05368   0.18663   0.04183   0.04643   0.19541   0.23696   0.00469   0.18779   0.24943   3.87352   0.94381   0.64489   0.59331   2.03430  
 46  0.0642  24544.231851  x:  0.01760   0.13901   0.03586   0.01667   0.01146   0.00270   0.00603   0.00328   0.00608   0.00994   0.01517   0.03414   0.04886   0.11382   0.33699   0.71142   0.17103   0.24055   0.04495   0.00824   0.05372   0.18673   0.04167   0.04629   0.19628   0.23800   0.00430   0.18848   0.25042   3.87686   0.93813   0.66935   0.62356   1.98575  
 47  0.0318  24544.153887  x:  0.01714   0.13843   0.03577   0.01688   0.01157   0.00256   0.00594   0.00333   0.00606   0.01006   0.01505   0.03317   0.04909   0.11368   0.33847   0.71107   0.17143   0.24225   0.04528   0.00805   0.05343   0.18766   0.04187   0.04657   0.19639   0.23888   0.00414   0.18834   0.24930   3.86954   0.93198   0.68019   0.64575   1.93491  
 48  0.0251  24544.081865  x:  0.01668   0.13904   0.03586   0.01686   0.01154   0.00268   0.00601   0.00338   0.00602   0.01007   0.01491   0.03363   0.04869   0.11358   0.33765   0.71213   0.17062   0.24198   0.04456   0.00804   0.05385   0.18716   0.04154   0.04623   0.19548   0.23764   0.00430   0.18813   0.25027   3.85708   0.92423   0.68823   0.66946   1.86911  
 49  0.0304  24544.063737  x:  0.01708   0.13877   0.03583   0.01685   0.01148   0.00272   0.00604   0.00335   0.00602   0.01001   0.01514   0.03335   0.04884   0.11382   0.33734   0.71138   0.17080   0.24120   0.04480   0.00791   0.05383   0.18700   0.04164   0.04631   0.19581   0.23785   0.00444   0.18811   0.24977   3.86042   0.92013   0.69531   0.68371   1.84097  
 50  0.0205  24544.059527  x:  0.01707   0.13870   0.03582   0.01685   0.01151   0.00274   0.00604   0.00333   0.00602   0.01003   0.01501   0.03351   0.04889   0.11372   0.33748   0.71115   0.17087   0.24139   0.04484   0.00788   0.05381   0.18710   0.04166   0.04635   0.19585   0.23795   0.00441   0.18811   0.24961   3.86341   0.91859   0.69856   0.69021   1.83786  
 51  0.0072  24544.058809  x:  0.01709   0.13874   0.03583   0.01686   0.01151   0.00275   0.00603   0.00333   0.00601   0.01003   0.01500   0.03353   0.04889   0.11367   0.33750   0.71123   0.17080   0.24153   0.04481   0.00788   0.05382   0.18710   0.04168   0.04637   0.19577   0.23792   0.00439   0.18811   0.24967   3.86436   0.91770   0.70107   0.69470   1.82871  
 52  0.0143  24544.058565  x:  0.01707   0.13879   0.03583   0.01685   0.01151   0.00275   0.00602   0.00333   0.00601   0.01003   0.01504   0.03352   0.04888   0.11366   0.33750   0.71138   0.17077   0.24158   0.04480   0.00787   0.05383   0.18710   0.04168   0.04636   0.19575   0.23789   0.00438   0.18812   0.24978   3.86466   0.91744   0.70212   0.69670   1.82822  
 53  0.0025  24544.058512  x:  0.01708   0.13876   0.03583   0.01685   0.01150   0.00275   0.00601   0.00333   0.00601   0.01003   0.01503   0.03351   0.04887   0.11368   0.33750   0.71135   0.17078   0.24154   0.04479   0.00788   0.05382   0.18710   0.04168   0.04636   0.19577   0.23790   0.00438   0.18811   0.24974   3.86475   0.91738   0.70246   0.69752   1.82746  
 54  0.0009  24544.058509  x:  0.01707   0.13876   0.03583   0.01685   0.01150   0.00275   0.00601   0.00333   0.00600   0.01002   0.01503   0.03351   0.04887   0.11368   0.33749   0.71134   0.17079   0.24153   0.04480   0.00788   0.05382   0.18710   0.04168   0.04636   0.19577   0.23790   0.00438   0.18811   0.24974   3.86476   0.91740   0.70247   0.69751   1.82760  
 55  0.0001  24544.058509  x:  0.01707   0.13876   0.03583   0.01685   0.01150   0.00275   0.00601   0.00333   0.00600   0.01002   0.01503   0.03351   0.04887   0.11368   0.33749   0.71134   0.17078   0.24154   0.04480   0.00788   0.05382   0.18710   0.04168   0.04636   0.19576   0.23790   0.00438   0.18811   0.24974   3.86475   0.91741   0.70247   0.69750   1.82763  
 56  0.0000  24544.058509  x:  0.01707   0.13876   0.03583   0.01685   0.01150   0.00275   0.00601   0.00333   0.00600   0.01002   0.01503   0.03351   0.04887   0.11368   0.33749   0.71134   0.17078   0.24154   0.04480   0.00788   0.05382   0.18710   0.04168   0.04636   0.19577   0.23790   0.00438   0.18811   0.24974   3.86476   0.91741   0.70247   0.69750   1.82762  
 57  0.0000  24544.058509  x:  0.01707   0.13876   0.03583   0.01685   0.01150   0.00275   0.00601   0.00333   0.00600   0.01002   0.01503   0.03351   0.04887   0.11368   0.33749   0.71134   0.17078   0.24154   0.04480   0.00788   0.05382   0.18710   0.04168   0.04636   0.19577   0.23790   0.00438   0.18811   0.24974   3.86475   0.91741   0.70247   0.69750   1.82763  
 58  0.0000  24544.058509  x:  0.01707   0.13876   0.03583   0.01685   0.01150   0.00275   0.00601   0.00333   0.00600   0.01002   0.01503   0.03351   0.04887   0.11368   0.33749   0.71134   0.17078   0.24154   0.04480   0.00788   0.05382   0.18710   0.04168   0.04636   0.19577   0.23790   0.00438   0.18811   0.24974   3.86476   0.91741   0.70246   0.69749   1.82763  
 59  0.0000  24544.058509  x:  0.01707   0.13876   0.03583   0.01685   0.01150   0.00275   0.00601   0.00333   0.00600   0.01002   0.01503   0.03351   0.04887   0.11368   0.33749   0.71134   0.17078   0.24154   0.04480   0.00788   0.05382   0.18710   0.04168   0.04636   0.19577   0.23790   0.00438   0.18811   0.24974   3.86476   0.91741   0.70246   0.69749   1.82763  