

TREE # 1

  0  0.0000   3073.737770  x:  0.00000   0.03500   0.06616   0.02431   0.06904   0.06892   0.03458   0.04042   0.06772   0.02218   0.05469   0.03899   0.06637   0.06494   0.03958   0.08648   0.06657   0.02819   0.05620   0.04213   0.07977   0.04295   0.02927   0.03656   0.00781   0.09381   0.06587   2.00000   0.90000   0.60884   1.99821  
  1 99.0000   3043.554035  x:  0.03689   0.04249   0.06196   0.02177   0.06070   0.06008   0.02656   0.03227   0.05932   0.01623   0.04834   0.04235   0.07711   0.07754   0.04907   0.08721   0.06281   0.02309   0.05264   0.04256   0.07465   0.03907   0.03537   0.04255   0.00000   0.09374   0.06841   2.00071   0.90668   0.60439   1.99930  
  2 1541.2087   2979.622428  x:  0.02714   0.05731   0.04809   0.01586   0.03373   0.03128   0.00128   0.00638   0.03218   0.00000   0.02860   0.05051   0.10270   0.10743   0.06982   0.08897   0.04952   0.00787   0.04171   0.04347   0.05873   0.02759   0.04813   0.05646   0.00000   0.09350   0.07553   2.00296   0.92807   0.58988   2.00285  
  3 1342.5701   2977.443157  x:  0.02675   0.05792   0.04751   0.01562   0.03260   0.03007   0.00026   0.00530   0.03104   0.00015   0.02777   0.05085   0.10377   0.10868   0.07069   0.08904   0.04896   0.00723   0.04125   0.04350   0.05807   0.02711   0.04866   0.05704   0.00000   0.09349   0.07583   2.00305   0.92898   0.58927   2.00299  
  4 19668.5266   2967.077745  x:  0.02500   0.06075   0.04478   0.01458   0.02727   0.02434   0.00112   0.00042   0.02566   0.00049   0.02392   0.05239   0.10870   0.11446   0.07465   0.08937   0.04633   0.00437   0.03912   0.04367   0.05494   0.02490   0.05108   0.05970   0.00000   0.09343   0.07719   2.00350   0.93324   0.58639   2.00370  
  5 8548.1160   2950.915285  x:  0.02210   0.06545   0.03998   0.01306   0.01773   0.01404   0.00214   0.00282   0.01605   0.00099   0.01728   0.05491   0.11704   0.12430   0.08127   0.08987   0.04161   0.00000   0.03545   0.04391   0.04943   0.02120   0.05505   0.06416   0.00000   0.09329   0.07948   2.00431   0.94095   0.58122   2.00496  
  6 5867.6155   2934.448187  x:  0.01949   0.06957   0.03425   0.01340   0.00544   0.00000   0.00283   0.00407   0.00382   0.00134   0.01090   0.05687   0.12528   0.13445   0.08724   0.09006   0.03547   0.00950   0.03198   0.04395   0.04279   0.01858   0.05845   0.06860   0.00000   0.09295   0.08161   2.00539   0.95155   0.57427   2.00666  
  7 3423.5571   2930.327003  x:  0.01939   0.06913   0.03121   0.01688   0.00084   0.00000   0.00280   0.00399   0.00273   0.00131   0.01478   0.05586   0.12687   0.13758   0.08707   0.08922   0.03075   0.00875   0.03100   0.04338   0.03948   0.02057   0.05707   0.06786   0.00000   0.09229   0.08152   2.00635   0.96133   0.56802   2.00816  
  8 532.3350   2923.386619  x:  0.01886   0.06879   0.02471   0.02276   0.00265   0.00000   0.00284   0.00403   0.00033   0.00125   0.02042   0.05416   0.13097   0.14492   0.08748   0.08761   0.02089   0.00848   0.02870   0.04229   0.03231   0.02380   0.05483   0.06698   0.00000   0.09095   0.08159   2.00838   0.98185   0.55486   2.01131  
  9 2533.9496   2917.468395  x:  0.01824   0.06878   0.01888   0.02753   0.00380   0.00000   0.00292   0.00416   0.00145   0.00123   0.02456   0.05286   0.13497   0.15181   0.08821   0.08624   0.01218   0.00879   0.02656   0.04136   0.02585   0.02627   0.05315   0.06653   0.00000   0.08979   0.08178   2.01017   0.99999   0.54319   2.01411  
 10 19479.3406   2906.612627  x:  0.01853   0.06085   0.01801   0.01445   0.00258   0.00000   0.00270   0.00376   0.00111   0.00124   0.01569   0.04143   0.14132   0.17827   0.07794   0.07374   0.00203   0.00801   0.02885   0.03535   0.01763   0.02834   0.03527   0.05361   0.00000   0.08054   0.07544   2.02245   0.99999   0.45982   2.03328  
 11 321.2048   2899.320615  x:  0.01783   0.05500   0.01435   0.00999   0.00231   0.00000   0.00265   0.00363   0.00118   0.00123   0.01222   0.03261   0.14949   0.20593   0.07031   0.06267   0.01055   0.00783   0.02896   0.03079   0.01018   0.03098   0.02187   0.04368   0.00000   0.07230   0.07051   2.03465   0.99999   0.37671   2.05231  
 12 3137.4186   2878.027584  x:  0.01455   0.04399   0.02004   0.01587   0.00265   0.00000   0.00281   0.00373   0.00164   0.00117   0.00855   0.02344   0.16716   0.27138   0.05451   0.03971   0.01204   0.00809   0.03057   0.02746   0.03344   0.03274   0.01547   0.02789   0.00000   0.05534   0.05995   2.06652   0.99999   0.15630   2.10177  
 13 2421.9915   2872.325113  x:  0.01380   0.04080   0.02303   0.01136   0.00267   0.00000   0.00291   0.00386   0.00170   0.00124   0.01241   0.02527   0.16668   0.28266   0.05034   0.03793   0.01213   0.00839   0.03232   0.02798   0.03097   0.03241   0.02052   0.02807   0.00000   0.05372   0.05731   2.07477   0.99999   0.09860   2.11424  
 14 2066.4312   2871.117666  x:  0.01360   0.03994   0.02384   0.01016   0.00267   0.00000   0.00293   0.00389   0.00171   0.00126   0.01343   0.02577   0.16653   0.28569   0.04922   0.03747   0.01216   0.00846   0.03279   0.02812   0.03030   0.03232   0.02186   0.02813   0.00000   0.05330   0.05660   2.07700   0.99909   0.08306   2.11761  
 15 59514.5749   2870.449918  x:  0.01381   0.04003   0.02426   0.01267   0.00263   0.00000   0.00288   0.00379   0.00171   0.00121   0.01106   0.02649   0.16411   0.28541   0.04955   0.03967   0.01194   0.00798   0.03296   0.02838   0.02914   0.03148   0.01945   0.02984   0.00000   0.05452   0.05661   2.07882   0.99911   0.07443   2.12005  
 16 270.9036   2870.226649  x:  0.01382   0.04170   0.02163   0.01156   0.00257   0.00000   0.00287   0.00378   0.00169   0.00121   0.01130   0.02436   0.16071   0.28576   0.05123   0.04147   0.01191   0.00809   0.03168   0.02859   0.03042   0.03055   0.01943   0.02857   0.00000   0.05584   0.05759   2.08249   0.99912   0.07271   2.12461  
 17 54.8287   2869.364830  x:  0.01387   0.04560   0.01844   0.01148   0.00244   0.00000   0.00280   0.00366   0.00168   0.00118   0.01020   0.02971   0.14429   0.29304   0.05218   0.03736   0.01174   0.00793   0.02774   0.02647   0.03086   0.02749   0.01994   0.02661   0.00000   0.05584   0.05976   2.10663   0.99910   0.07356   2.15483  
 18 85.4812   2867.917671  x:  0.01327   0.04848   0.02167   0.01180   0.00246   0.00000   0.00279   0.00360   0.00176   0.00115   0.01059   0.02560   0.12153   0.30884   0.05574   0.03428   0.01166   0.00750   0.02652   0.02778   0.03018   0.02405   0.02070   0.03368   0.00000   0.05475   0.06135   2.15060   0.99907   0.07776   2.20995  
 19 418.7295   2866.570357  x:  0.01262   0.04653   0.02490   0.01214   0.00244   0.00000   0.00280   0.00358   0.00184   0.00114   0.00907   0.02834   0.10960   0.32265   0.06091   0.04230   0.01185   0.00713   0.03218   0.03130   0.02916   0.02594   0.02183   0.02988   0.00000   0.05704   0.06046   2.19574   0.99904   0.08303   2.26644  
 20 398.4836   2865.556951  x:  0.01234   0.04587   0.02362   0.00898   0.00240   0.00000   0.00283   0.00360   0.00188   0.00117   0.01105   0.03188   0.11092   0.32443   0.05972   0.04695   0.01194   0.00719   0.03334   0.02904   0.03191   0.02451   0.01831   0.03408   0.00000   0.06218   0.05990   2.23118   0.99904   0.08629   2.31041  
 21 303.2732   2863.154151  x:  0.01258   0.04502   0.02012   0.00957   0.00206   0.00000   0.00266   0.00326   0.00189   0.00106   0.00603   0.03027   0.11793   0.31711   0.05061   0.05272   0.01213   0.00568   0.03363   0.02418   0.03188   0.01998   0.02352   0.03768   0.00000   0.07211   0.05874   2.31389   0.99899   0.09282   2.41270  
 22 828.7307   2860.513215  x:  0.01232   0.05360   0.02624   0.00944   0.00196   0.00000   0.00257   0.00307   0.00198   0.00099   0.00621   0.03086   0.13062   0.30112   0.04906   0.05514   0.01179   0.00544   0.02879   0.03098   0.02872   0.01075   0.02217   0.03521   0.00000   0.07469   0.06191   2.40594   0.99894   0.09844   2.52615  
 23 928.0770   2858.993075  x:  0.01195   0.06008   0.02913   0.00751   0.00180   0.00000   0.00255   0.00300   0.00201   0.00099   0.00387   0.03170   0.13780   0.28798   0.05250   0.05493   0.01178   0.00492   0.02529   0.03338   0.02804   0.01633   0.02190   0.03653   0.00000   0.07343   0.06497   2.46260   0.99893   0.10088   2.59584  
 24 1414.5884   2857.447418  x:  0.01133   0.06497   0.03103   0.00759   0.00178   0.00000   0.00258   0.00299   0.00207   0.00098   0.00391   0.03172   0.14499   0.27109   0.06617   0.05294   0.01178   0.00458   0.03152   0.02443   0.02698   0.01486   0.02261   0.03693   0.00000   0.06654   0.06705   2.52079   0.99889   0.10269   2.66718  
 25 636.8996   2857.097396  x:  0.01150   0.06170   0.02733   0.00731   0.00168   0.00000   0.00255   0.00294   0.00204   0.00097   0.00329   0.03244   0.14604   0.26611   0.07075   0.04966   0.01178   0.00433   0.03354   0.02781   0.02741   0.01356   0.02252   0.03815   0.00000   0.06509   0.06516   2.53486   0.99889   0.10308   2.68428  
 26 164.5159   2856.621052  x:  0.01168   0.05638   0.02939   0.00762   0.00170   0.00000   0.00255   0.00295   0.00202   0.00097   0.00346   0.03219   0.14729   0.26131   0.07842   0.04557   0.01175   0.00455   0.02839   0.02692   0.02664   0.01344   0.02277   0.03726   0.00000   0.07128   0.06108   2.55677   0.99887   0.10401   2.71027  
 27 72.5129   2852.201167  x:  0.01375   0.06043   0.02194   0.01153   0.00187   0.00000   0.00268   0.00324   0.00159   0.00106   0.00567   0.03278   0.15427   0.22600   0.08264   0.03719   0.01088   0.00504   0.03946   0.03420   0.02199   0.01871   0.02218   0.03918   0.00000   0.08707   0.07931   2.79064   0.99871   0.11606   2.98503  
 28 122.1593   2847.982855  x:  0.01632   0.05661   0.01308   0.01387   0.00187   0.00000   0.00266   0.00331   0.00115   0.00109   0.00710   0.03527   0.15811   0.19514   0.08125   0.05343   0.01020   0.00575   0.02619   0.03557   0.02036   0.01913   0.02354   0.04371   0.00000   0.06769   0.07526   2.99084   0.99858   0.12755   3.22059  
 29 931.3430   2847.906591  x:  0.01619   0.05994   0.01262   0.01403   0.00188   0.00000   0.00267   0.00333   0.00115   0.00109   0.00721   0.03529   0.15809   0.19461   0.08103   0.05327   0.01016   0.00577   0.02708   0.03587   0.02024   0.01951   0.02352   0.04383   0.00000   0.06807   0.07078   2.99454   0.99857   0.12781   3.22505  
 30 36.3335   2840.863846  x:  0.00858   0.07168   0.02898   0.01199   0.00288   0.00000   0.00373   0.00390   0.00217   0.00156   0.01031   0.04596   0.15129   0.17291   0.08430   0.07090   0.01353   0.00516   0.02060   0.03862   0.02531   0.02060   0.04113   0.05680   0.00000   0.07918   0.07045   2.91341   0.99797   0.13839   3.72292  
 31  0.3982   2839.841173  x:  0.00677   0.06544   0.02880   0.01145   0.00311   0.00000   0.00385   0.00407   0.00244   0.00172   0.01098   0.04620   0.14028   0.18071   0.07897   0.07046   0.01432   0.00495   0.02587   0.03844   0.02814   0.02075   0.04320   0.05675   0.00000   0.07698   0.06930   3.32640   0.99793   0.13046   3.47705  
 32  1.0460   2838.981130  x:  0.00638   0.06281   0.02473   0.01267   0.00315   0.00000   0.00388   0.00420   0.00255   0.00186   0.01065   0.04727   0.12543   0.16182   0.07680   0.07296   0.01414   0.00460   0.02961   0.03728   0.02703   0.01950   0.04489   0.05879   0.00000   0.08171   0.07424   3.14164   0.99772   0.13740   3.71121  
 33  0.6997   2838.763226  x:  0.00439   0.06248   0.02258   0.01361   0.00317   0.00000   0.00410   0.00404   0.00252   0.00190   0.01085   0.04813   0.12579   0.17140   0.07865   0.07330   0.01424   0.00386   0.02944   0.03769   0.02748   0.01937   0.04598   0.06018   0.00000   0.08227   0.07536   3.08569   0.99766   0.13882   3.74598  
 34  0.3527   2838.447198  x:  0.00433   0.05976   0.02073   0.01533   0.00310   0.00000   0.00431   0.00388   0.00254   0.00207   0.01113   0.04765   0.12552   0.16576   0.07738   0.07340   0.01392   0.00312   0.02549   0.03728   0.02642   0.01950   0.04595   0.05966   0.00000   0.07718   0.07090   3.11972   0.99749   0.14035   3.73631  
 35  0.0311   2838.194053  x:  0.00515   0.06164   0.02044   0.01583   0.00290   0.00000   0.00474   0.00366   0.00259   0.00247   0.01186   0.04648   0.13361   0.16595   0.07526   0.07176   0.01342   0.00342   0.02701   0.03772   0.02485   0.02011   0.04558   0.05792   0.00000   0.07729   0.07106   3.00424   0.99710   0.14266   3.75085  
 36  0.0368   2837.844661  x:  0.00376   0.06155   0.02216   0.01543   0.00284   0.00000   0.00505   0.00321   0.00303   0.00321   0.01344   0.04563   0.12725   0.16930   0.07322   0.06881   0.01351   0.00393   0.02641   0.03710   0.02602   0.02027   0.04681   0.05632   0.00000   0.07862   0.07238   3.11318   0.99628   0.14205   3.68157  
 37  0.0487   2837.658245  x:  0.00544   0.06003   0.02119   0.01511   0.00291   0.00000   0.00484   0.00258   0.00327   0.00363   0.01418   0.04631   0.12669   0.16709   0.07735   0.06838   0.01355   0.00359   0.02620   0.03688   0.02729   0.01955   0.04653   0.05697   0.00000   0.07891   0.07295   3.04959   0.99564   0.14387   3.74528  
 38  0.0421   2837.473169  x:  0.00454   0.06273   0.02256   0.01572   0.00314   0.00000   0.00417   0.00215   0.00348   0.00404   0.01406   0.04752   0.12978   0.16599   0.07875   0.07280   0.01358   0.00422   0.02652   0.03657   0.02612   0.01934   0.04562   0.05842   0.00000   0.07862   0.07145   3.07568   0.99489   0.14505   3.82437  
 39  0.0327   2837.322954  x:  0.00473   0.06073   0.02100   0.01555   0.00313   0.00000   0.00341   0.00236   0.00352   0.00431   0.01297   0.04748   0.12685   0.17161   0.07554   0.07483   0.01361   0.00478   0.02674   0.03678   0.02592   0.01937   0.04412   0.05879   0.00000   0.07879   0.07255   3.12900   0.99440   0.14107   3.79093  
 40  0.0241   2837.199951  x:  0.00415   0.06080   0.02044   0.01468   0.00287   0.00000   0.00284   0.00254   0.00363   0.00473   0.01233   0.04699   0.13054   0.16748   0.07689   0.07232   0.01382   0.00394   0.02676   0.03751   0.02654   0.01976   0.04352   0.05860   0.00000   0.07852   0.07244   3.10150   0.99375   0.13792   3.78021  
 41  0.0132   2837.138518  x:  0.00478   0.06228   0.02160   0.01507   0.00280   0.00000   0.00305   0.00279   0.00361   0.00512   0.01201   0.04643   0.12914   0.16891   0.07684   0.07088   0.01372   0.00352   0.02604   0.03740   0.02605   0.02005   0.04402   0.05797   0.00000   0.07880   0.07190   3.07511   0.99335   0.13755   3.78149  
 42  0.0165   2837.102232  x:  0.00445   0.06158   0.02143   0.01548   0.00297   0.00000   0.00311   0.00302   0.00360   0.00559   0.01186   0.04707   0.12871   0.16939   0.07742   0.07182   0.01383   0.00355   0.02669   0.03735   0.02615   0.01983   0.04539   0.05877   0.00000   0.07886   0.07268   3.08709   0.99278   0.13832   3.81261  
 43  0.0153   2837.092307  x:  0.00470   0.06149   0.02139   0.01523   0.00296   0.00000   0.00305   0.00303   0.00350   0.00579   0.01198   0.04703   0.13010   0.16912   0.07717   0.07185   0.01377   0.00345   0.02642   0.03747   0.02634   0.01979   0.04564   0.05862   0.00000   0.07834   0.07219   3.10378   0.99255   0.13862   3.80253  
 44  0.0083   2837.081706  x:  0.00458   0.06209   0.02127   0.01497   0.00296   0.00000   0.00300   0.00303   0.00323   0.00585   0.01212   0.04708   0.12918   0.16925   0.07691   0.07220   0.01356   0.00353   0.02654   0.03740   0.02614   0.01966   0.04584   0.05859   0.00000   0.07884   0.07210   3.08887   0.99250   0.14021   3.81281  
 45  0.0056   2837.076320  x:  0.00453   0.06167   0.02147   0.01512   0.00297   0.00000   0.00297   0.00303   0.00302   0.00576   0.01206   0.04703   0.12933   0.16948   0.07723   0.07199   0.01359   0.00351   0.02651   0.03730   0.02631   0.01977   0.04551   0.05848   0.00000   0.07871   0.07255   3.10027   0.99264   0.13999   3.79030  
 46  0.0111   2837.074696  x:  0.00459   0.06158   0.02149   0.01526   0.00298   0.00000   0.00297   0.00302   0.00300   0.00578   0.01203   0.04707   0.12915   0.16899   0.07728   0.07177   0.01371   0.00348   0.02660   0.03737   0.02637   0.01980   0.04538   0.05857   0.00000   0.07854   0.07221   3.09177   0.99264   0.13906   3.77945  
 47  0.0059   2837.073352  x:  0.00455   0.06168   0.02148   0.01524   0.00299   0.00000   0.00300   0.00298   0.00294   0.00584   0.01212   0.04710   0.12932   0.16920   0.07698   0.07178   0.01382   0.00353   0.02656   0.03743   0.02634   0.01974   0.04544   0.05864   0.00000   0.07867   0.07234   3.09228   0.99260   0.13800   3.76074  
 48  0.0063   2837.072630  x:  0.00453   0.06160   0.02146   0.01516   0.00297   0.00000   0.00299   0.00295   0.00297   0.00585   0.01211   0.04701   0.12922   0.16895   0.07713   0.07183   0.01386   0.00351   0.02649   0.03733   0.02627   0.01972   0.04534   0.05860   0.00000   0.07868   0.07239   3.09654   0.99263   0.13692   3.73911  
 49  0.0059   2837.070549  x:  0.00455   0.06167   0.02137   0.01512   0.00296   0.00000   0.00307   0.00297   0.00289   0.00591   0.01209   0.04679   0.12924   0.16900   0.07744   0.07220   0.01383   0.00349   0.02661   0.03716   0.02627   0.01980   0.04536   0.05835   0.00000   0.07864   0.07222   3.09298   0.99273   0.13478   3.65738  
 50  0.0139   2837.064622  x:  0.00455   0.06180   0.02149   0.01522   0.00299   0.00000   0.00305   0.00298   0.00303   0.00609   0.01194   0.04675   0.12923   0.16939   0.07691   0.07300   0.01388   0.00363   0.02666   0.03739   0.02651   0.01996   0.04529   0.05816   0.00000   0.07854   0.07229   3.09048   0.99294   0.12719   3.40020  
 51  0.0393   2837.053380  x:  0.00444   0.06147   0.02151   0.01515   0.00299   0.00000   0.00301   0.00290   0.00298   0.00625   0.01199   0.04691   0.12899   0.16861   0.07699   0.07235   0.01373   0.00352   0.02643   0.03772   0.02655   0.01988   0.04533   0.05796   0.00000   0.07857   0.07246   3.08662   0.99353   0.11542   2.93764  
 52  0.1467   2837.049114  x:  0.00452   0.06151   0.02147   0.01516   0.00299   0.00000   0.00297   0.00289   0.00297   0.00630   0.01195   0.04712   0.12906   0.16881   0.07725   0.07168   0.01380   0.00353   0.02647   0.03758   0.02622   0.01968   0.04531   0.05837   0.00000   0.07865   0.07225   3.09134   0.99371   0.11005   2.77909  
 53  0.0944   2837.048017  x:  0.00454   0.06168   0.02142   0.01518   0.00298   0.00000   0.00297   0.00293   0.00299   0.00631   0.01194   0.04712   0.12920   0.16907   0.07720   0.07177   0.01374   0.00352   0.02654   0.03740   0.02625   0.01969   0.04546   0.05852   0.00000   0.07860   0.07224   3.09336   0.99381   0.10819   2.70216  
 54  0.0546   2837.047419  x:  0.00452   0.06173   0.02140   0.01519   0.00296   0.00000   0.00296   0.00297   0.00299   0.00629   0.01200   0.04707   0.12924   0.16908   0.07710   0.07182   0.01378   0.00348   0.02655   0.03725   0.02631   0.01974   0.04552   0.05870   0.00000   0.07855   0.07230   3.09275   0.99376   0.10867   2.73020  
 55  0.0161   2837.046704  x:  0.00451   0.06159   0.02147   0.01519   0.00296   0.00000   0.00292   0.00297   0.00298   0.00629   0.01212   0.04698   0.12913   0.16891   0.07706   0.07183   0.01376   0.00347   0.02649   0.03726   0.02630   0.01980   0.04547   0.05871   0.00000   0.07857   0.07230   3.09058   0.99385   0.10618   2.64070  
 56  0.0343   2837.045845  x:  0.00454   0.06156   0.02146   0.01525   0.00298   0.00000   0.00293   0.00300   0.00300   0.00629   0.01223   0.04690   0.12924   0.16913   0.07726   0.07186   0.01375   0.00348   0.02653   0.03738   0.02618   0.01978   0.04542   0.05858   0.00000   0.07871   0.07227   3.09038   0.99378   0.10567   2.63192  
 57  0.0025   2837.044312  x:  0.00450   0.06188   0.02133   0.01528   0.00301   0.00000   0.00291   0.00307   0.00299   0.00628   0.01223   0.04700   0.12916   0.16907   0.07722   0.07191   0.01373   0.00346   0.02655   0.03739   0.02631   0.01960   0.04526   0.05843   0.00000   0.07865   0.07239   3.09518   0.99383   0.10132   2.48242  
 58  0.0298   2837.039757  x:  0.00446   0.06174   0.02145   0.01516   0.00298   0.00000   0.00300   0.00307   0.00298   0.00611   0.01226   0.04735   0.12913   0.16877   0.07703   0.07185   0.01386   0.00355   0.02642   0.03727   0.02643   0.01948   0.04506   0.05813   0.00000   0.07844   0.07225   3.08932   0.99368   0.09538   2.31315  
 59  0.0238   2837.034743  x:  0.00447   0.06157   0.02149   0.01515   0.00295   0.00000   0.00298   0.00304   0.00299   0.00609   0.01222   0.04754   0.12929   0.16907   0.07702   0.07196   0.01382   0.00353   0.02646   0.03719   0.02632   0.01961   0.04517   0.05818   0.00000   0.07861   0.07224   3.08764   0.99360   0.08582   1.98198  
 60  0.1810   2837.031877  x:  0.00448   0.06157   0.02145   0.01520   0.00294   0.00000   0.00295   0.00299   0.00299   0.00605   0.01210   0.04745   0.12937   0.16927   0.07714   0.07205   0.01384   0.00348   0.02657   0.03720   0.02618   0.01982   0.04534   0.05852   0.00000   0.07883   0.07233   3.09031   0.99333   0.08392   1.94183  
 61  0.0324   2837.030703  x:  0.00446   0.06173   0.02141   0.01522   0.00296   0.00000   0.00298   0.00298   0.00299   0.00602   0.01210   0.04726   0.12929   0.16908   0.07725   0.07194   0.01386   0.00347   0.02657   0.03729   0.02622   0.01984   0.04540   0.05860   0.00000   0.07876   0.07238   3.09349   0.99335   0.07852   1.76675  
 62  0.1392   2837.030381  x:  0.00445   0.06179   0.02141   0.01521   0.00298   0.00000   0.00299   0.00298   0.00298   0.00600   0.01210   0.04710   0.12922   0.16901   0.07726   0.07189   0.01385   0.00349   0.02654   0.03736   0.02626   0.01979   0.04542   0.05862   0.00000   0.07866   0.07236   3.09382   0.99336   0.07879   1.78087  
 63  0.0143   2837.030302  x:  0.00446   0.06176   0.02144   0.01520   0.00298   0.00000   0.00298   0.00298   0.00298   0.00600   0.01209   0.04705   0.12924   0.16908   0.07722   0.07192   0.01382   0.00350   0.02653   0.03737   0.02627   0.01975   0.04543   0.05864   0.00000   0.07865   0.07234   3.09281   0.99337   0.07790   1.75162  
 64  0.0211   2837.030288  x:  0.00446   0.06173   0.02145   0.01520   0.00298   0.00000   0.00298   0.00298   0.00298   0.00600   0.01208   0.04706   0.12927   0.16908   0.07721   0.07193   0.01380   0.00349   0.02654   0.03736   0.02627   0.01974   0.04545   0.05864   0.00000   0.07868   0.07234   3.09246   0.99337   0.07807   1.75773  
 65  0.0039   2837.030282  x:  0.00446   0.06175   0.02144   0.01521   0.00298   0.00000   0.00298   0.00298   0.00298   0.00600   0.01208   0.04706   0.12926   0.16907   0.07721   0.07193   0.01379   0.00349   0.02654   0.03736   0.02628   0.01975   0.04545   0.05863   0.00000   0.07868   0.07234   3.09284   0.99338   0.07786   1.75110  
 66  0.0029   2837.030282  x:  0.00446   0.06175   0.02144   0.01521   0.00297   0.00000   0.00298   0.00298   0.00298   0.00600   0.01208   0.04707   0.12926   0.16908   0.07722   0.07193   0.01379   0.00349   0.02654   0.03736   0.02628   0.01975   0.04545   0.05863   0.00000   0.07867   0.07234   3.09271   0.99338   0.07782   1.74998  
 67  0.0008   2837.030282  x:  0.00446   0.06175   0.02144   0.01521   0.00298   0.00000   0.00298   0.00298   0.00298   0.00600   0.01208   0.04707   0.12926   0.16908   0.07722   0.07193   0.01379   0.00349   0.02654   0.03736   0.02627   0.01975   0.04545   0.05863   0.00000   0.07867   0.07234   3.09272   0.99338   0.07781   1.74977  
 68  0.0002   2837.030282  x:  0.00446   0.06175   0.02144   0.01521   0.00298   0.00000   0.00298   0.00298   0.00298   0.00600   0.01208   0.04707   0.12926   0.16908   0.07722   0.07193   0.01379   0.00349   0.02654   0.03736   0.02627   0.01975   0.04545   0.05863   0.00000   0.07867   0.07234   3.09272   0.99338   0.07781   1.74975  
 69  0.0002   2837.030282  x:  0.00446   0.06175   0.02144   0.01521   0.00298   0.00000   0.00298   0.00298   0.00298   0.00600   0.01208   0.04707   0.12926   0.16908   0.07722   0.07193   0.01379   0.00349   0.02654   0.03736   0.02627   0.01975   0.04545   0.05863   0.00000   0.07867   0.07234   3.09272   0.99338   0.07781   1.74975  
 70  0.0002   2837.030282  x:  0.00446   0.06175   0.02144   0.01521   0.00298   0.00000   0.00298   0.00298   0.00298   0.00600   0.01208   0.04707   0.12926   0.16908   0.07722   0.07193   0.01379   0.00349   0.02654   0.03736   0.02627   0.01975   0.04545   0.05863   0.00000   0.07867   0.07234   3.09272   0.99338   0.07781   1.74966  