     1    123     65


 1

     1      6    -3.0391081882   0.047877568239       5.8889  AAAAAAAAAAAAAAAA
     2      1   -13.4362913754   0.000001461143       0.0002  AAAVAAAAS-AAAAAA
     3      1   -27.3069571007   0.000000000001       0.0000  ACSNSSSSS-SIIIII
     4      1   -25.9626504322   0.000000000005       0.0000  ATPPQTPPPPPPPPPP
     5      1    -9.0601842179   0.000116201568       0.0143  CCCCCCCCCSCCCCCC
     6      1    -3.3124991335   0.036425028901       4.4803  DDDDDDDDD-DDDDDD
     7      4    -3.3882634477   0.033767264636       4.1534  DDDDDDDDDDDDDDDD
     8      1    -7.4043761043   0.000608583700       0.0749  DDEDDDDDDDDDDDDD
     9      1    -7.6992593357   0.000453162700       0.0557  DEDDDDDDD-DDDDDD
    10      1    -8.3475643020   0.000236973011       0.0291  EDDDDDDDD-DDDDDD
    11      1    -6.4619827581   0.001561696173       0.1921  EEDDDDDDD-DDDDDD
    12      3    -3.4071827928   0.033134415526       4.0755  EEEEEEEEE-EEEEEE
    13      8    -3.5019296076   0.030139170503       3.7071  EEEEEEEEEEEEEEEE
    14      2    -3.6382117137   0.026299332675       3.2348  FFFFFFFFFFFFFFFF
    15      1    -8.2393304594   0.000264060990       0.0325  FFFLFFFFF-FFFFFF
    16      1   -13.7161063460   0.000001104513       0.0001  FFFLFFLLFFFFFFFF
    17      1   -12.5515163227   0.000003539531       0.0004  FFLLLLLLLFFFFFFF
    18      2    -2.7123772374   0.066378820791       8.1646  GGGGGGGGG-GGGGGG
    19      1    -9.0862085485   0.000113216511       0.0139  GGGGGGGGGEEEEEEE
    20      1    -4.1926694708   0.015105906226       1.8580  HH-HHHHHHHHHHHHH
    21      1   -15.0991105880   0.000000277038       0.0000  HHHHNHQQHHHHHHHH
    22      5    -3.6798143395   0.025227658180       3.1030  IIIIIIIIIIIIIIII
    23      1   -18.8085640145   0.000000006785       0.0000  IITTTTTTTATTAAAA
    24      1   -11.7090179103   0.000008219362       0.0010  IVIIIIIIILLLLLLL
    25      1    -6.8076859883   0.001105247499       0.1359  KK-RRRRRRRRRRRRR
    26      3    -3.2906408588   0.037229982586       4.5793  KKKKKKKKK-KKKKKK
    27      5    -3.3769064119   0.034152946627       4.2008  KKKKKKKKKKKKKKKK
    28      1    -8.0237713278   0.000327582270       0.0403  KKKKKKKKKNKKKKKK
    29      1    -6.8543766685   0.001054828939       0.1297  KKRRRRRRRRRRRRRR
    30      1    -2.8013612288   0.060727342531       7.4695  LL-LLLLLLLLLLLLL
    31      1   -12.7978756887   0.000002766644       0.0003  LLFFFFLLF-FFFFFF
    32      1   -22.5045780390   0.000000000168       0.0000  LLLAPLLLILLLLLLL
    33      3    -2.7804321124   0.062011705559       7.6274  LLLLLLLLL-LLLLLL
    34      6    -2.8360987394   0.058654044905       7.2144  LLLLLLLLLLLLLLLL
    35      1    -9.0402741153   0.000118538339       0.0146  LLLLLLLLLSLLLLLL
    36      1    -9.7099486554   0.000060676829       0.0075  LLPLLLLLL-LLLLLL
    37      1    -4.5348487699   0.010728529580       1.3196  MMM--MMMMMMMMMMM
    38      2    -4.6412135286   0.009645984844       1.1865  MMMMMMMMMMMMMMMM
    39      1    -9.3654262349   0.000085634165       0.0105  MMMMMMMMMVVVVVVV
    40      1   -19.3873093538   0.000000003804       0.0000  NNNGSSSSSNNNNNNN
    41      5    -4.0137199111   0.018066065925       2.2221  NNNNNNNNNNNNNNNN
    42      1    -3.3602025362   0.034728224509       4.2716  PPPPPPPPP-PPPPPP
    43      1    -3.4068961181   0.033143915686       4.0767  PPPPPPPPPPPPPPPP
    44      1   -14.0562946829   0.000000786011       0.0001  PPPPPSPPP-SSSSSS
    45      1   -16.9023116678   0.000000045648       0.0000  QQQQQQQQQ-PPPPPS
    46      1    -3.9315802317   0.019612655513       2.4124  QQQQQQQQQ-QQQQQQ
    47      2    -4.0376642976   0.017638622913       2.1696  QQQQQQQQQQQQQQQQ
    48      6    -3.6420258388   0.026199214782       3.2225  RRRRRRRRRRRRRRRR
    49      1   -12.2308972329   0.000004877405       0.0006  SSASTSSSS-SSSSSS
    50      1   -29.5850600726   0.000000000000       0.0000  SSMNTATTTTNNNNNN
    51      1   -11.9233554614   0.000006633649       0.0008  SSNNNNNNNTNNNNNN
    52      1    -7.7012870092   0.000452244765       0.0556  SSPPPPPPP-PPPPPP
    53      7    -3.2979235780   0.036959831988       4.5461  SSSSSSSSS-SSSSSS
    54      4    -3.4046685557   0.033217828116       4.0858  SSSSSSSSSSSSSSSS
    55      1    -3.3548675518   0.034913994143       4.2944  TT-TTTTTTTTTTTTT
    56      1    -7.1464891304   0.000787624480       0.0969  TTAAAAAAAAAAAAAA
    57      2    -3.4101929107   0.033034826991       4.0633  TTTTTTTTTTTTTTTT
    58      1   -17.5105533908   0.000000024846       0.0000  VLMMMMMMM-VVVVVV
    59      1    -6.9284572258   0.000979510867       0.1205  VVLLLLLLL-LLLLLL
    60      1    -9.9207060789   0.000049146443       0.0060  VVVIIIIIIIIIIIII
    61      1    -9.8435691163   0.000053087497       0.0065  VVVVVMVVVVVVVVVV
    62      2    -3.2207997339   0.039923117619       4.9105  VVVVVVVVVVVVVVVV
    63      1    -3.6748406463   0.025353445366       3.1185  YYYYYYYYY-YYYYYY
    64      1    -7.6351065788   0.000483187114       0.0594  YYYYYYYYYFYYYYYY
    65      1    -3.7306823104   0.023976470859       2.9491  YYYYYYYYYYYYYYYY