

TREE # 1

  0  0.0000    819.028490  x:  0.00000   0.02899   0.05509   0.01778   0.05590   0.05490   0.02624   0.03104   0.05293   0.01540   0.04200   0.02100   0.02041   0.15776   0.03962   0.08421   0.05364   0.03330   0.04699   0.03175   0.05671   0.03827   0.01002   0.01542   0.02382   0.06192   0.02919   0.04201   0.09332  
  1 99.0000    819.025734  x:  0.00000   0.02899   0.05509   0.01778   0.05590   0.05490   0.02624   0.03104   0.05293   0.01540   0.04200   0.02100   0.02040   0.15776   0.03962   0.08422   0.05364   0.03330   0.04699   0.03175   0.05671   0.03827   0.01002   0.01542   0.02382   0.06192   0.02918   0.04201   0.09332  
  2 522.6167    801.828335  x:  0.00000   0.02962   0.05023   0.02096   0.04878   0.04505   0.01632   0.02113   0.04306   0.00547   0.03619   0.01108   0.01043   0.15453   0.03627   0.08600   0.05049   0.03422   0.04449   0.02344   0.04813   0.03775   0.00000   0.00540   0.02129   0.05645   0.02121   0.04279   0.09020  
  3 3477.7071    794.236459  x:  0.00000   0.03011   0.04853   0.02267   0.04598   0.03978   0.01102   0.01583   0.03778   0.00016   0.03462   0.00577   0.00508   0.15308   0.03645   0.08605   0.04999   0.03486   0.04491   0.01963   0.04401   0.03883   0.00000   0.00000   0.02350   0.05483   0.01746   0.04374   0.08964  
  4 4702.1084    794.053056  x:  0.00000   0.03011   0.04850   0.02267   0.04592   0.03963   0.01086   0.01568   0.03763   0.00000   0.03461   0.00562   0.00492   0.15305   0.03649   0.08604   0.04999   0.03487   0.04495   0.01954   0.04390   0.03885   0.00000   0.00000   0.02348   0.05481   0.01737   0.04375   0.08965  
  5 6233.2194    789.036372  x:  0.00000   0.03006   0.04766   0.02207   0.04458   0.03480   0.00599   0.01081   0.03279   0.00000   0.03447   0.00075   0.00000   0.15211   0.03622   0.08576   0.05009   0.03471   0.04620   0.01679   0.04059   0.03910   0.00000   0.00000   0.02359   0.05448   0.01451   0.04362   0.09006  
  6 16917.0477    788.390002  x:  0.00000   0.03009   0.04758   0.02208   0.04447   0.03405   0.00524   0.01007   0.03205   0.00000   0.03446   0.00000   0.00000   0.15201   0.03623   0.08580   0.05008   0.03472   0.04634   0.01638   0.04014   0.03903   0.00000   0.00000   0.02360   0.05445   0.01414   0.04357   0.09014  
  7 20997.7891    784.674362  x:  0.00000   0.02984   0.04700   0.02197   0.04401   0.02885   0.00000   0.00484   0.02684   0.00000   0.03410   0.00000   0.00000   0.15152   0.03634   0.08587   0.04974   0.03466   0.04685   0.01363   0.03750   0.03906   0.00000   0.00000   0.02367   0.05417   0.01211   0.04356   0.09059  
  8 26457.3772    781.930037  x:  0.00000   0.03034   0.04659   0.02172   0.04355   0.02405   0.00000   0.00000   0.02202   0.00000   0.03370   0.00000   0.00000   0.15113   0.03627   0.08576   0.04947   0.03468   0.04734   0.01124   0.03531   0.03927   0.00000   0.00000   0.02369   0.05381   0.01045   0.04349   0.09089  
  9 30913.2659    773.100913  x:  0.00000   0.02958   0.04341   0.02170   0.03865   0.00206   0.00000   0.00000   0.00000   0.00000   0.03204   0.00000   0.00000   0.14929   0.03673   0.08524   0.05051   0.03601   0.05136   0.00401   0.02885   0.03930   0.00000   0.00000   0.02385   0.05078   0.00571   0.04029   0.09035  
 10 3899.7067    772.599175  x:  0.00000   0.02963   0.04309   0.02170   0.03810   0.00000   0.00000   0.00000   0.00000   0.00000   0.03203   0.00000   0.00000   0.14906   0.03675   0.08536   0.05057   0.03569   0.05176   0.00349   0.02840   0.03906   0.00000   0.00000   0.02387   0.05060   0.00546   0.04055   0.09033  
 11 1519.2654    771.590518  x:  0.00000   0.03004   0.04061   0.02098   0.03668   0.00000   0.00000   0.00000   0.00000   0.00000   0.03328   0.00000   0.00000   0.14613   0.03666   0.08695   0.04951   0.03703   0.05146   0.00000   0.02637   0.03983   0.00000   0.00000   0.02388   0.05220   0.00403   0.04050   0.09215  
 12 89.8528    770.330313  x:  0.00000   0.03041   0.03807   0.02236   0.03733   0.00000   0.00000   0.00000   0.00000   0.00000   0.03263   0.00000   0.00000   0.14205   0.03682   0.08489   0.04685   0.03528   0.05085   0.00000   0.02121   0.04019   0.00000   0.00000   0.02404   0.05336   0.00000   0.03912   0.09497  
 13 139.7143    767.824238  x:  0.00000   0.02980   0.03918   0.02106   0.04343   0.00000   0.00000   0.00000   0.00000   0.00000   0.02608   0.00000   0.00000   0.13743   0.03679   0.08255   0.04684   0.03958   0.05085   0.00000   0.00000   0.03752   0.00000   0.00000   0.02454   0.05023   0.00000   0.04289   0.09702  
 14 130.4047    765.972614  x:  0.00000   0.03001   0.04564   0.01942   0.04013   0.00000   0.00000   0.00000   0.00000   0.00000   0.00791   0.00000   0.00000   0.11984   0.03661   0.09897   0.03516   0.03498   0.06264   0.00000   0.00000   0.04716   0.00000   0.00000   0.02359   0.03409   0.00000   0.04031   0.11164  
 15 19.1767    763.980617  x:  0.00000   0.03170   0.04351   0.02030   0.02754   0.00000   0.00000   0.00000   0.00000   0.00000   0.01690   0.00000   0.00000   0.09904   0.03626   0.09694   0.01851   0.03750   0.06460   0.00000   0.00000   0.04646   0.00000   0.00000   0.02208   0.01373   0.00000   0.04056   0.12132  
 16 68.0271    761.718797  x:  0.00000   0.03480   0.03416   0.02244   0.00649   0.00000   0.00000   0.00000   0.00000   0.00000   0.01522   0.00000   0.00000   0.08148   0.03564   0.09060   0.01316   0.03816   0.06143   0.00000   0.00000   0.04311   0.00000   0.00000   0.02017   0.02075   0.00000   0.04047   0.12297  
 17 87.4372    758.895508  x:  0.00000   0.04316   0.00000   0.02601   0.00870   0.00000   0.00000   0.00000   0.00000   0.00000   0.01392   0.00000   0.00000   0.04876   0.03383   0.09019   0.02559   0.03263   0.05107   0.00000   0.00000   0.04485   0.00000   0.00000   0.01827   0.01857   0.00000   0.04141   0.11198  
 18 100.5569    755.474536  x:  0.00000   0.03833   0.00000   0.02976   0.00911   0.00000   0.00000   0.00000   0.00000   0.00000   0.01023   0.00000   0.00000   0.05020   0.03308   0.09111   0.01439   0.03436   0.01777   0.00000   0.00000   0.05328   0.00000   0.00000   0.02057   0.01726   0.00000   0.05227   0.06345  
 19 21.5052    755.329829  x:  0.00000   0.03820   0.00000   0.02935   0.00695   0.00000   0.00000   0.00000   0.00000   0.00000   0.00983   0.00000   0.00000   0.05242   0.03296   0.09108   0.01825   0.03514   0.01474   0.00000   0.00000   0.05337   0.00000   0.00000   0.02085   0.01515   0.00000   0.05121   0.06527  
 20  6.7302    754.459515  x:  0.00000   0.03839   0.00000   0.02449   0.00492   0.00000   0.00000   0.00000   0.00000   0.00000   0.00892   0.00000   0.00000   0.05093   0.03279   0.09263   0.01968   0.04499   0.02174   0.00000   0.00000   0.05257   0.00000   0.00000   0.02241   0.01277   0.00000   0.04268   0.04593  
 21 14.2224    753.292449  x:  0.00000   0.05739   0.00000   0.02459   0.00907   0.00000   0.00000   0.00000   0.00000   0.00000   0.00496   0.00000   0.00000   0.05550   0.03145   0.09617   0.02030   0.04383   0.01690   0.00000   0.00000   0.04207   0.00000   0.00000   0.02003   0.01102   0.00000   0.03596   0.03943  
 22  0.3162    751.653435  x:  0.00000   0.05149   0.00000   0.01591   0.01033   0.00000   0.00000   0.00000   0.00000   0.00000   0.00699   0.00000   0.00000   0.05427   0.03641   0.10458   0.01766   0.04769   0.01310   0.00000   0.00000   0.02664   0.00000   0.00000   0.02220   0.01430   0.00000   0.02044   0.04099  
 23  6.0236    750.397328  x:  0.00000   0.05141   0.00000   0.00520   0.00982   0.00000   0.00000   0.00000   0.00000   0.00000   0.00660   0.00000   0.00000   0.06107   0.03969   0.10564   0.01841   0.04020   0.01567   0.00000   0.00000   0.02201   0.00000   0.00000   0.02414   0.01410   0.00000   0.02506   0.04388  
 24  0.0907    749.997893  x:  0.00000   0.05275   0.00000   0.00911   0.00902   0.00000   0.00000   0.00000   0.00000   0.00000   0.00733   0.00000   0.00000   0.06562   0.04243   0.11218   0.01872   0.03477   0.01674   0.00000   0.00000   0.01700   0.00000   0.00000   0.02553   0.01442   0.00000   0.02913   0.04490  
 25  0.1109    749.682023  x:  0.00000   0.05451   0.00000   0.00931   0.00843   0.00000   0.00000   0.00000   0.00000   0.00000   0.00860   0.00000   0.00000   0.07149   0.04637   0.11710   0.01845   0.03044   0.01667   0.00000   0.00000   0.02450   0.00000   0.00000   0.02711   0.01557   0.00000   0.03154   0.04542  
 26  0.0431    749.602892  x:  0.00000   0.05354   0.00000   0.00908   0.00793   0.00000   0.00000   0.00000   0.00000   0.00000   0.00691   0.00000   0.00000   0.07292   0.04848   0.11678   0.01636   0.03181   0.01717   0.00000   0.00000   0.02443   0.00000   0.00000   0.02893   0.01487   0.00000   0.03118   0.04950  
 27  0.0184    749.558333  x:  0.00000   0.05460   0.00000   0.00787   0.00778   0.00000   0.00000   0.00000   0.00000   0.00000   0.00769   0.00000   0.00000   0.07500   0.04907   0.11737   0.01529   0.03318   0.01607   0.00000   0.00000   0.02334   0.00000   0.00000   0.03083   0.01550   0.00000   0.03202   0.04858  
 28  0.0082    749.549875  x:  0.00000   0.05396   0.00000   0.00763   0.00775   0.00000   0.00000   0.00000   0.00000   0.00000   0.00765   0.00000   0.00000   0.07679   0.04969   0.11600   0.01577   0.03216   0.01656   0.00000   0.00000   0.02301   0.00000   0.00000   0.03095   0.01536   0.00000   0.03132   0.04795  
 29  0.0070    749.549085  x:  0.00000   0.05410   0.00000   0.00767   0.00775   0.00000   0.00000   0.00000   0.00000   0.00000   0.00769   0.00000   0.00000   0.07713   0.04951   0.11607   0.01599   0.03248   0.01669   0.00000   0.00000   0.02303   0.00000   0.00000   0.03108   0.01535   0.00000   0.03113   0.04815  
 30  0.0013    749.548827  x:  0.00000   0.05414   0.00000   0.00772   0.00765   0.00000   0.00000   0.00000   0.00000   0.00000   0.00763   0.00000   0.00000   0.07722   0.04937   0.11611   0.01595   0.03246   0.01657   0.00000   0.00000   0.02302   0.00000   0.00000   0.03116   0.01533   0.00000   0.03100   0.04808  
 31  0.0004    749.548818  x:  0.00000   0.05411   0.00000   0.00773   0.00767   0.00000   0.00000   0.00000   0.00000   0.00000   0.00764   0.00000   0.00000   0.07724   0.04937   0.11610   0.01594   0.03248   0.01655   0.00000   0.00000   0.02303   0.00000   0.00000   0.03117   0.01531   0.00000   0.03100   0.04806  
 32  0.0001    749.548818  x:  0.00000   0.05412   0.00000   0.00773   0.00767   0.00000   0.00000   0.00000   0.00000   0.00000   0.00764   0.00000   0.00000   0.07724   0.04937   0.11610   0.01594   0.03247   0.01655   0.00000   0.00000   0.02303   0.00000   0.00000   0.03118   0.01531   0.00000   0.03100   0.04807  
 33  0.0000    749.548818  x:  0.00000   0.05411   0.00000   0.00773   0.00767   0.00000   0.00000   0.00000   0.00000   0.00000   0.00764   0.00000   0.00000   0.07724   0.04937   0.11610   0.01594   0.03247   0.01655   0.00000   0.00000   0.02303   0.00000   0.00000   0.03118   0.01532   0.00000   0.03100   0.04807  
 34  0.0000    749.548818  x:  0.00000   0.05411   0.00000   0.00773   0.00767   0.00000   0.00000   0.00000   0.00000   0.00000   0.00764   0.00000   0.00000   0.07724   0.04937   0.11610   0.01594   0.03247   0.01655   0.00000   0.00000   0.02303   0.00000   0.00000   0.03118   0.01531   0.00000   0.03100   0.04807  
 35  0.0000    749.548818  x:  0.00000   0.05411   0.00000   0.00773   0.00767   0.00000   0.00000   0.00000   0.00000   0.00000   0.00764   0.00000   0.00000   0.07724   0.04937   0.11610   0.01594   0.03247   0.01655   0.00000   0.00000   0.02303   0.00000   0.00000   0.03118   0.01531   0.00000   0.03100   0.04807  
 36  0.0000    749.548818  x:  0.00000   0.05411   0.00000   0.00773   0.00767   0.00000   0.00000   0.00000   0.00000   0.00000   0.00764   0.00000   0.00000   0.07724   0.04937   0.11610   0.01594   0.03247   0.01655   0.00000   0.00000   0.02303   0.00000   0.00000   0.03118   0.01531   0.00000   0.03100   0.04807  
 37  0.0000    749.548818  x:  0.00000   0.05411   0.00000   0.00773   0.00767   0.00000   0.00000   0.00000   0.00000   0.00000   0.00764   0.00000   0.00000   0.07724   0.04937   0.11610   0.01594   0.03247   0.01655   0.00000   0.00000   0.02303   0.00000   0.00000   0.03118   0.01531   0.00000   0.03100   0.04807  