

TREE # 1

  0  0.0000   7644.780552  x:  0.00000   0.07566   0.02962   0.01167   0.03563   0.02873   0.01617   0.02078   0.03455   0.02649   0.05002   0.06572   0.17653   0.24193   0.07831   0.15549   0.04389   0.01406   0.03257   0.09065   0.04677   0.04309   0.11325   0.13283   0.01578   0.14370   0.18108   2.00000   0.90000   0.60884   1.99821  
  1 99.0000   7612.753654  x:  0.00662   0.07963   0.02202   0.00274   0.02518   0.01142   0.00124   0.00858   0.02205   0.02316   0.04574   0.06582   0.18215   0.24828   0.08235   0.15695   0.04314   0.00645   0.03128   0.09429   0.03918   0.03986   0.11850   0.13736   0.02071   0.14442   0.18605   2.00182   0.89600   0.60985   1.99795  
  2 1131.6933   7604.670883  x:  0.00758   0.08149   0.01848   0.00323   0.02019   0.00240   0.00494   0.00444   0.01578   0.02195   0.04372   0.06588   0.18511   0.25172   0.08440   0.15768   0.04254   0.00331   0.03065   0.09617   0.03527   0.03836   0.12124   0.13979   0.02260   0.14474   0.18868   2.00286   0.89386   0.61035   1.99783  
  3 2099.4674   7601.060481  x:  0.00627   0.08311   0.01589   0.00702   0.01623   0.00089   0.00377   0.00779   0.01124   0.02153   0.04206   0.06595   0.18808   0.25530   0.08635   0.15838   0.04176   0.00266   0.03018   0.09801   0.03166   0.03724   0.12395   0.14231   0.02364   0.14500   0.19132   2.00403   0.89166   0.61081   1.99772  
  4 990.1242   7598.892698  x:  0.00541   0.08456   0.01366   0.00878   0.01292   0.00283   0.00378   0.00858   0.00753   0.02110   0.04058   0.06602   0.19070   0.25846   0.08806   0.15899   0.04112   0.00194   0.02976   0.09962   0.02854   0.03627   0.12634   0.14452   0.02462   0.14523   0.19365   2.00505   0.88972   0.61123   1.99762  
  5 3208.4516   7593.523433  x:  0.00000   0.08864   0.01125   0.00774   0.01041   0.00296   0.00408   0.00886   0.01189   0.02166   0.03716   0.06625   0.19908   0.26886   0.09306   0.16086   0.03928   0.00636   0.02898   0.10445   0.02098   0.03477   0.13373   0.15164   0.02595   0.14585   0.20108   2.00870   0.88335   0.61253   1.99732  
  6 741.0388   7593.523433  x:  0.00000   0.08864   0.01125   0.00774   0.01041   0.00296   0.00408   0.00886   0.01189   0.02166   0.03716   0.06625   0.19908   0.26886   0.09306   0.16086   0.03928   0.00636   0.02898   0.10445   0.02098   0.03477   0.13373   0.15164   0.02595   0.14585   0.20108   2.00870   0.88335   0.61253   1.99732  
  7 836.3656   7590.897794  x:  0.00281   0.08952   0.01618   0.00543   0.01803   0.00548   0.00331   0.00758   0.01275   0.02280   0.03823   0.06644   0.20155   0.27220   0.09389   0.16133   0.03954   0.00373   0.02872   0.10535   0.02414   0.03632   0.13540   0.15332   0.02489   0.14597   0.20319   2.01020   0.88122   0.61295   1.99723  
  8 464.8645   7589.586803  x:  0.00257   0.09021   0.01792   0.00570   0.01982   0.00227   0.00451   0.00825   0.01278   0.02330   0.03906   0.06662   0.20406   0.27569   0.09475   0.16184   0.03963   0.00329   0.02867   0.10630   0.02601   0.03743   0.13712   0.15512   0.02401   0.14618   0.20540   2.01181   0.87893   0.61345   1.99712  
  9 413.7956   7586.579569  x:  0.00000   0.09188   0.01921   0.00740   0.01949   0.00338   0.00454   0.00994   0.01240   0.02384   0.04077   0.06706   0.21062   0.28496   0.09700   0.16321   0.03978   0.00440   0.02876   0.10881   0.02912   0.03962   0.14165   0.15991   0.02212   0.14681   0.21127   2.01618   0.87279   0.61482   1.99684  
 10 660.6883   7583.638551  x:  0.00094   0.09421   0.01815   0.00542   0.01686   0.00244   0.00150   0.00812   0.01243   0.02375   0.04206   0.06762   0.21961   0.29780   0.09989   0.16515   0.04038   0.00444   0.02877   0.11206   0.03045   0.04104   0.14760   0.16622   0.02082   0.14793   0.21932   2.02256   0.86405   0.61686   1.99642  
 11 1227.3704   7581.350799  x:  0.00293   0.09655   0.01632   0.00284   0.01408   0.00293   0.00363   0.00562   0.01265   0.02346   0.04299   0.06820   0.22873   0.31095   0.10273   0.16715   0.04107   0.00392   0.02874   0.11526   0.03071   0.04186   0.15354   0.17252   0.02005   0.14917   0.22751   2.02927   0.85499   0.61902   1.99599  
 12 3433.6971   7579.474933  x:  0.00755   0.09853   0.01360   0.00704   0.01408   0.00331   0.00418   0.00556   0.01390   0.02301   0.04263   0.06887   0.23714   0.32362   0.10497   0.16911   0.04177   0.00134   0.02854   0.11786   0.02747   0.04052   0.15860   0.17793   0.02135   0.15074   0.23520   2.03651   0.84585   0.62132   1.99554  
 13 1085.4942   7578.418386  x:  0.00937   0.09919   0.01271   0.00597   0.01578   0.00337   0.00422   0.00923   0.01443   0.02290   0.04138   0.06938   0.24149   0.33092   0.10576   0.17024   0.04180   0.00291   0.02870   0.11892   0.02356   0.03845   0.16085   0.18047   0.02347   0.15200   0.23935   2.04156   0.84014   0.62288   1.99526  
 14 675.5291   7577.603551  x:  0.00656   0.09856   0.01467   0.00615   0.01746   0.00308   0.00417   0.00712   0.01321   0.02335   0.03913   0.07010   0.24376   0.33655   0.10535   0.17113   0.04059   0.00368   0.02889   0.11878   0.01977   0.03576   0.16114   0.18108   0.02654   0.15356   0.24191   2.04747   0.83473   0.62461   1.99499  
 15 284.4290   7577.160473  x:  0.00478   0.09757   0.01475   0.00535   0.01729   0.00315   0.00402   0.00783   0.01353   0.02336   0.03764   0.07050   0.24416   0.33967   0.10429   0.17165   0.03972   0.00124   0.02881   0.11791   0.02017   0.03478   0.16012   0.18025   0.02853   0.15475   0.24274   2.05263   0.83092   0.62599   1.99481  
 16 221.8622   7576.134549  x:  0.00495   0.09427   0.01358   0.00581   0.01762   0.00306   0.00410   0.00698   0.01595   0.02303   0.03491   0.07134   0.24363   0.34802   0.09992   0.17315   0.03867   0.00318   0.02934   0.11423   0.02531   0.03421   0.15530   0.17606   0.03347   0.15833   0.24367   2.07066   0.81925   0.63046   1.99431  
 17 324.1146   7574.914472  x:  0.00781   0.09147   0.01582   0.00612   0.01562   0.00330   0.00417   0.00803   0.01153   0.02337   0.03835   0.07171   0.24129   0.35656   0.09478   0.17499   0.03958   0.00331   0.02983   0.10988   0.02517   0.03628   0.14887   0.17002   0.03355   0.16150   0.24303   2.09596   0.80566   0.63599   1.99384  
 18 331.2145   7573.834199  x:  0.00602   0.09034   0.01450   0.00576   0.01675   0.00316   0.00414   0.00750   0.01542   0.02400   0.04296   0.07132   0.23798   0.36302   0.09151   0.17682   0.04074   0.00316   0.03046   0.10734   0.02128   0.03870   0.14380   0.16486   0.02830   0.16301   0.24115   2.12361   0.79397   0.64108   1.99364  
 19 403.2412   7572.515809  x:  0.00526   0.09384   0.01138   0.00572   0.01934   0.00309   0.00409   0.00735   0.01218   0.02259   0.03847   0.07010   0.23264   0.36555   0.09291   0.17893   0.04260   0.00298   0.03147   0.10968   0.02204   0.03633   0.14254   0.16239   0.02098   0.16194   0.23679   2.16476   0.78503   0.64600   1.99416  
 20 234.8613   7570.876746  x:  0.00648   0.09959   0.01662   0.00616   0.01604   0.00321   0.00423   0.00796   0.01517   0.02219   0.03377   0.06903   0.22559   0.36629   0.09648   0.18125   0.04465   0.00330   0.03194   0.11433   0.02227   0.03342   0.14315   0.16122   0.01738   0.15983   0.23076   2.22388   0.77606   0.65180   1.99530  
 21 729.9329   7565.939157  x:  0.00455   0.11409   0.01438   0.00577   0.01677   0.00319   0.00412   0.00748   0.01464   0.02700   0.04082   0.06759   0.20711   0.36104   0.10931   0.18569   0.04541   0.00285   0.02947   0.12921   0.02337   0.03666   0.15101   0.16443   0.03309   0.15315   0.21456   2.41717   0.75812   0.66698   2.00024  
 22 864.5319   7562.287467  x:  0.00504   0.10777   0.01543   0.00579   0.01764   0.00313   0.00414   0.00750   0.01464   0.01510   0.04182   0.07334   0.20992   0.35124   0.10845   0.18260   0.03888   0.00288   0.02693   0.12670   0.02221   0.03983   0.15685   0.17188   0.03290   0.15184   0.21470   2.54505   0.75887   0.67277   2.00496  
 23 552.9819   7556.418754  x:  0.00839   0.09064   0.01394   0.00592   0.01647   0.00326   0.00419   0.00789   0.01414   0.02576   0.03812   0.08257   0.22213   0.33076   0.10290   0.17440   0.02963   0.00290   0.02518   0.11713   0.02129   0.04085   0.16644   0.18634   0.02638   0.15111   0.22038   2.78885   0.76624   0.68169   2.01469  
 24 2111.8850   7553.347750  x:  0.00506   0.08558   0.01448   0.00556   0.01701   0.00315   0.00409   0.00748   0.01441   0.02498   0.04115   0.07598   0.23478   0.32124   0.09841   0.16938   0.04607   0.00157   0.03256   0.11093   0.02309   0.03391   0.16583   0.18925   0.02759   0.15420   0.23030   2.92003   0.77790   0.68338   2.02107  
 25 810.3125   7551.816557  x:  0.00428   0.09346   0.01470   0.00562   0.01706   0.00313   0.00406   0.00741   0.01418   0.02482   0.03703   0.06532   0.24431   0.32135   0.09729   0.16925   0.04461   0.00180   0.02969   0.10949   0.02146   0.03960   0.15779   0.18237   0.02829   0.15816   0.24009   2.98265   0.79091   0.68069   2.02547  
 26 305.8315   7551.235342  x:  0.00454   0.09713   0.01451   0.00558   0.01688   0.00314   0.00406   0.00742   0.01422   0.02476   0.04052   0.06707   0.24767   0.32470   0.09833   0.17066   0.04028   0.00216   0.02965   0.11138   0.02281   0.03473   0.15261   0.17643   0.02735   0.15939   0.24448   3.00677   0.79921   0.67768   2.02797  
 27 182.5520   7551.027362  x:  0.00440   0.09604   0.01438   0.00555   0.01693   0.00313   0.00405   0.00742   0.01419   0.02487   0.03929   0.07158   0.24747   0.32911   0.09953   0.17189   0.04190   0.00202   0.03079   0.11339   0.02228   0.03662   0.15082   0.17317   0.02763   0.15893   0.24556   3.01587   0.80450   0.67470   2.02972  
 28 72.8165   7550.916555  x:  0.00449   0.09283   0.01443   0.00554   0.01692   0.00312   0.00405   0.00740   0.01415   0.02481   0.03930   0.06986   0.24521   0.33496   0.09947   0.17254   0.04230   0.00216   0.02855   0.11342   0.02235   0.03602   0.15170   0.17255   0.02752   0.15750   0.24459   3.02082   0.80854   0.67080   2.03178  
 29 34.2876   7550.878059  x:  0.00464   0.09266   0.01446   0.00555   0.01688   0.00313   0.00405   0.00741   0.01413   0.02474   0.03927   0.06894   0.24403   0.33752   0.09860   0.17230   0.04138   0.00201   0.03044   0.11280   0.02227   0.03617   0.15241   0.17292   0.02759   0.15699   0.24377   3.02262   0.80990   0.66844   2.03304  
 30 30.8911   7550.852287  x:  0.00447   0.09429   0.01439   0.00553   0.01689   0.00312   0.00404   0.00739   0.01413   0.02479   0.03921   0.06974   0.24331   0.33909   0.09728   0.17144   0.04173   0.00201   0.03000   0.11135   0.02229   0.03603   0.15259   0.17389   0.02762   0.15704   0.24286   3.02384   0.81007   0.66535   2.03477  
 31 16.4941   7550.753016  x:  0.00456   0.09340   0.01436   0.00553   0.01684   0.00312   0.00404   0.00739   0.01410   0.02475   0.03919   0.06938   0.24391   0.33899   0.09865   0.16884   0.04156   0.00194   0.03007   0.11263   0.02218   0.03604   0.14939   0.17571   0.02740   0.15952   0.24030   3.02857   0.80201   0.64341   2.04810  
 32 11.1835   7550.672573  x:  0.00447   0.09353   0.01432   0.00551   0.01680   0.00311   0.00404   0.00738   0.01408   0.02472   0.03909   0.06941   0.24410   0.33694   0.09823   0.17066   0.04160   0.00199   0.03003   0.11125   0.02216   0.03593   0.15183   0.17230   0.02762   0.15715   0.24168   3.03235   0.79411   0.62525   2.06048  
 33 33.3838   7550.660547  x:  0.00447   0.09352   0.01432   0.00551   0.01680   0.00311   0.00404   0.00738   0.01408   0.02472   0.03909   0.06940   0.24304   0.33651   0.09667   0.17163   0.04162   0.00197   0.02993   0.11236   0.02216   0.03593   0.15139   0.17311   0.02757   0.15686   0.24303   3.03283   0.79339   0.62415   2.06366  
 34  6.2088   7550.623679  x:  0.00449   0.09355   0.01434   0.00551   0.01681   0.00311   0.00404   0.00738   0.01408   0.02473   0.03913   0.06948   0.24062   0.33626   0.09844   0.17373   0.04161   0.00195   0.03019   0.11056   0.02219   0.03597   0.15054   0.17483   0.02738   0.15778   0.24537   3.03408   0.79243   0.62534   2.07675  
 35  7.6183   7549.375715  x:  0.00338   0.09466   0.01474   0.00552   0.01708   0.00302   0.00408   0.00748   0.01387   0.02479   0.04011   0.07003   0.22901   0.34156   0.10110   0.16109   0.04167   0.00214   0.02928   0.11485   0.02285   0.03688   0.16258   0.16977   0.02455   0.17203   0.25882   3.07409   0.76253   0.70252   2.53716  
 36 35.7823   7546.004856  x:  0.00000   0.09721   0.01578   0.00549   0.01764   0.00281   0.00414   0.00762   0.01340   0.02480   0.04133   0.07022   0.23868   0.35421   0.10286   0.16728   0.04196   0.00226   0.02955   0.11603   0.02441   0.03834   0.16048   0.17630   0.02391   0.16148   0.25738   3.15771   0.70081   0.86658   3.50268  
 37 864.7354   7545.843567  x:  0.00000   0.09744   0.01585   0.00548   0.01771   0.00280   0.00414   0.00763   0.01339   0.02486   0.04155   0.07038   0.24117   0.35441   0.10074   0.17484   0.04227   0.00222   0.02945   0.11683   0.02450   0.03855   0.16388   0.17642   0.02335   0.16852   0.25307   3.16374   0.69770   0.87780   3.57118  
 38 150.6264   7543.996120  x:  0.00000   0.10253   0.01732   0.00588   0.01779   0.00346   0.00417   0.00857   0.01308   0.02474   0.04328   0.07194   0.25837   0.38294   0.10503   0.18141   0.04237   0.00285   0.02986   0.12179   0.02753   0.04126   0.16384   0.18644   0.02216   0.15814   0.25352   3.36276   0.70404   0.96871   3.89614  
 39  0.3732   7543.570319  x:  0.00000   0.10033   0.01686   0.00631   0.01678   0.00418   0.00402   0.00903   0.01337   0.02416   0.04200   0.07197   0.25587   0.38092   0.10469   0.17951   0.04079   0.00321   0.02965   0.12112   0.02761   0.04057   0.16451   0.18511   0.02278   0.16191   0.25595   3.44868   0.68191   1.12172   4.80678  
 40  0.5515   7543.092713  x:  0.00000   0.09919   0.01651   0.00683   0.01765   0.00377   0.00394   0.00914   0.01314   0.02420   0.04223   0.07169   0.25238   0.37490   0.10440   0.17861   0.04123   0.00328   0.02961   0.12034   0.02711   0.04030   0.16415   0.18456   0.02279   0.16095   0.25414   3.48705   0.70435   1.32707   5.84632  
 41  0.3449   7542.648932  x:  0.00000   0.10200   0.01655   0.00672   0.01762   0.00330   0.00384   0.00887   0.01324   0.02460   0.04267   0.07158   0.25320   0.37446   0.10436   0.17843   0.04316   0.00296   0.02974   0.12034   0.02627   0.04028   0.16268   0.18402   0.02280   0.15759   0.25125   3.45974   0.67834   1.68197   7.91767  
 42  0.8098   7542.206042  x:  0.00000   0.10054   0.01689   0.00626   0.01662   0.00359   0.00379   0.00877   0.01342   0.02458   0.04209   0.07194   0.25558   0.38092   0.10490   0.17956   0.03970   0.00277   0.03019   0.12132   0.02682   0.04045   0.16307   0.18461   0.02279   0.16292   0.25490   3.37596   0.68678   2.23564  10.95586  
 43  0.9783   7541.994128  x:  0.00000   0.10041   0.01678   0.00621   0.01788   0.00373   0.00391   0.00883   0.01294   0.02443   0.04243   0.07183   0.25575   0.37901   0.10464   0.17859   0.04291   0.00288   0.02955   0.12039   0.02732   0.04073   0.16394   0.18548   0.02236   0.15894   0.25549   3.39196   0.67434   2.83533  14.36336  
 44  1.4435   7541.803695  x:  0.00000   0.10090   0.01671   0.00634   0.01703   0.00374   0.00419   0.00892   0.01381   0.02443   0.04273   0.07169   0.25532   0.37724   0.10456   0.17902   0.04099   0.00314   0.03030   0.12055   0.02733   0.04039   0.16349   0.18481   0.02298   0.16081   0.25399   3.41809   0.68109   4.02845  21.04550  
 45  1.6249   7541.713764  x:  0.00000   0.10072   0.01672   0.00623   0.01721   0.00369   0.00420   0.00880   0.01311   0.02449   0.04240   0.07183   0.25481   0.37808   0.10469   0.17893   0.04124   0.00304   0.02996   0.12069   0.02709   0.04040   0.16326   0.18466   0.02255   0.16080   0.25432   3.41677   0.66936   4.96074  26.35737  
 46  3.0622   7541.643372  x:  0.00000   0.10068   0.01677   0.00610   0.01755   0.00357   0.00413   0.00868   0.01294   0.02455   0.04224   0.07196   0.25506   0.37927   0.10485   0.17893   0.04271   0.00280   0.02947   0.12070   0.02684   0.04072   0.16345   0.18521   0.02255   0.15887   0.25477   3.40940   0.67390   6.70603  36.19226  
 47  2.9965   7541.584544  x:  0.00000   0.10054   0.01670   0.00620   0.01715   0.00371   0.00404   0.00880   0.01356   0.02443   0.04241   0.07176   0.25515   0.37851   0.10470   0.17884   0.04112   0.00281   0.03017   0.12063   0.02694   0.04053   0.16353   0.18491   0.02258   0.16102   0.25451   3.41737   0.66829   8.96885  49.00253  
 48  5.4305   7541.543652  x:  0.00000   0.10095   0.01680   0.00637   0.01755   0.00366   0.00391   0.00886   0.01276   0.02448   0.04238   0.07190   0.25524   0.37812   0.10473   0.17899   0.04177   0.00293   0.02984   0.12065   0.02725   0.04041   0.16333   0.18495   0.02271   0.16004   0.25457   3.41668   0.67007  13.03358  71.97324  
 49  6.1494   7541.521615  x:  0.00000   0.10068   0.01675   0.00635   0.01723   0.00366   0.00389   0.00888   0.01352   0.02450   0.04251   0.07183   0.25514   0.37844   0.10475   0.17892   0.04171   0.00294   0.02990   0.12064   0.02707   0.04056   0.16345   0.18502   0.02251   0.16020   0.25459   3.41222   0.66707  16.82164  93.40547  
 50  9.7282   7541.516702  x:  0.00000   0.10067   0.01674   0.00635   0.01724   0.00366   0.00390   0.00888   0.01346   0.02450   0.04247   0.07183   0.25515   0.37848   0.10475   0.17892   0.04166   0.00294   0.02993   0.12064   0.02706   0.04055   0.16344   0.18500   0.02253   0.16028   0.25459   3.41236   0.66721  17.81094  99.00000  
 51 11.5977   7541.516702  x:  0.00000   0.10067   0.01674   0.00635   0.01724   0.00366   0.00390   0.00888   0.01346   0.02450   0.04247   0.07183   0.25515   0.37848   0.10475   0.17892   0.04166   0.00294   0.02993   0.12064   0.02706   0.04055   0.16344   0.18500   0.02253   0.16028   0.25459   3.41236   0.66721  17.81094  99.00000  
 52 14.0845   7541.514944  x:  0.00000   0.10067   0.01674   0.00630   0.01726   0.00368   0.00406   0.00885   0.01337   0.02450   0.04247   0.07183   0.25515   0.37848   0.10475   0.17892   0.04165   0.00293   0.02993   0.12064   0.02707   0.04055   0.16344   0.18500   0.02254   0.16028   0.25459   3.41236   0.66722  17.81094  99.00000  
 53 18.8841   7541.514393  x:  0.00000   0.10068   0.01675   0.00625   0.01730   0.00367   0.00402   0.00881   0.01324   0.02449   0.04246   0.07183   0.25516   0.37848   0.10475   0.17893   0.04165   0.00292   0.02994   0.12064   0.02707   0.04055   0.16344   0.18500   0.02256   0.16029   0.25459   3.41236   0.66725  17.81094  99.00000  
 54  8.1560   7541.514293  x:  0.00000   0.10069   0.01675   0.00628   0.01732   0.00369   0.00402   0.00883   0.01321   0.02449   0.04244   0.07184   0.25516   0.37848   0.10476   0.17893   0.04165   0.00292   0.02994   0.12065   0.02707   0.04054   0.16345   0.18500   0.02259   0.16030   0.25460   3.41237   0.66729  17.81093  99.00000  
 55  2.8869   7541.514219  x:  0.00000   0.10070   0.01675   0.00629   0.01733   0.00366   0.00402   0.00884   0.01321   0.02449   0.04243   0.07185   0.25517   0.37849   0.10476   0.17894   0.04164   0.00292   0.02995   0.12066   0.02707   0.04054   0.16345   0.18500   0.02262   0.16031   0.25460   3.41237   0.66735  17.81093  99.00000  
 56  3.6802   7541.514001  x:  0.00000   0.10075   0.01675   0.00626   0.01736   0.00367   0.00402   0.00884   0.01324   0.02448   0.04238   0.07188   0.25519   0.37850   0.10478   0.17897   0.04162   0.00292   0.02998   0.12068   0.02707   0.04052   0.16346   0.18501   0.02270   0.16035   0.25462   3.41238   0.66759  17.81090  99.00000  
 57  6.2362   7541.513841  x:  0.00000   0.10078   0.01675   0.00629   0.01731   0.00367   0.00402   0.00880   0.01324   0.02448   0.04237   0.07190   0.25522   0.37851   0.10479   0.17899   0.04161   0.00290   0.02998   0.12069   0.02707   0.04051   0.16347   0.18502   0.02271   0.16038   0.25464   3.41240   0.66781  17.81087  99.00000  
 58  4.2298   7541.513671  x:  0.00000   0.10080   0.01673   0.00627   0.01726   0.00367   0.00402   0.00884   0.01322   0.02449   0.04239   0.07190   0.25525   0.37853   0.10480   0.17901   0.04160   0.00291   0.02996   0.12070   0.02707   0.04052   0.16348   0.18503   0.02265   0.16040   0.25465   3.41241   0.66808  17.81083  99.00000  
 59  6.0672   7541.513560  x:  0.00000   0.10080   0.01673   0.00627   0.01732   0.00367   0.00402   0.00882   0.01323   0.02449   0.04242   0.07189   0.25526   0.37854   0.10479   0.17902   0.04160   0.00292   0.02994   0.12070   0.02706   0.04053   0.16348   0.18503   0.02258   0.16041   0.25466   3.41243   0.66827  17.81080  99.00000  
 60  3.9237   7541.513539  x:  0.00000   0.10078   0.01675   0.00627   0.01732   0.00367   0.00402   0.00883   0.01323   0.02448   0.04242   0.07187   0.25526   0.37854   0.10478   0.17901   0.04161   0.00290   0.02994   0.12069   0.02706   0.04053   0.16347   0.18502   0.02258   0.16040   0.25465   3.41244   0.66832  17.81078  99.00000  
 61  0.9705   7541.513503  x:  0.00000   0.10072   0.01676   0.00627   0.01731   0.00367   0.00402   0.00882   0.01323   0.02447   0.04242   0.07183   0.25524   0.37853   0.10475   0.17897   0.04163   0.00292   0.02994   0.12066   0.02706   0.04052   0.16345   0.18500   0.02260   0.16037   0.25464   3.41245   0.66840  17.81074  99.00000  
 62  1.8393   7541.513486  x:  0.00000   0.10069   0.01673   0.00627   0.01731   0.00367   0.00402   0.00882   0.01323   0.02448   0.04241   0.07181   0.25523   0.37853   0.10473   0.17895   0.04162   0.00291   0.02994   0.12064   0.02706   0.04052   0.16344   0.18499   0.02261   0.16035   0.25463   3.41246   0.66843  17.81072  99.00000  
 63  1.1732   7541.513472  x:  0.00000   0.10068   0.01675   0.00627   0.01731   0.00367   0.00402   0.00882   0.01323   0.02449   0.04240   0.07184   0.25520   0.37851   0.10472   0.17893   0.04160   0.00291   0.02995   0.12063   0.02706   0.04052   0.16342   0.18497   0.02260   0.16032   0.25460   3.41248   0.66846  17.81067  99.00000  
 64  0.5752   7541.513462  x:  0.00000   0.10069   0.01674   0.00627   0.01731   0.00367   0.00402   0.00882   0.01323   0.02447   0.04240   0.07186   0.25517   0.37850   0.10472   0.17891   0.04160   0.00291   0.02995   0.12062   0.02706   0.04052   0.16340   0.18495   0.02260   0.16030   0.25458   3.41250   0.66848  17.81062  99.00000  
 65  0.7126   7541.513447  x:  0.00000   0.10072   0.01674   0.00627   0.01731   0.00367   0.00402   0.00882   0.01323   0.02448   0.04241   0.07185   0.25513   0.37846   0.10473   0.17889   0.04162   0.00292   0.02993   0.12062   0.02705   0.04052   0.16339   0.18493   0.02261   0.16028   0.25454   3.41253   0.66850  17.81051  99.00000  
 66  0.6280   7541.513427  x:  0.00000   0.10074   0.01674   0.00627   0.01731   0.00367   0.00402   0.00882   0.01323   0.02448   0.04239   0.07181   0.25509   0.37841   0.10476   0.17888   0.04162   0.00291   0.02995   0.12064   0.02707   0.04052   0.16338   0.18492   0.02260   0.16028   0.25450   3.41260   0.66852  17.81031  99.00000  
 67  0.7124   7541.513390  x:  0.00000   0.10072   0.01674   0.00627   0.01731   0.00367   0.00402   0.00882   0.01323   0.02448   0.04240   0.07180   0.25505   0.37832   0.10478   0.17889   0.04158   0.00291   0.02994   0.12065   0.02702   0.04050   0.16340   0.18493   0.02260   0.16031   0.25446   3.41274   0.66852  17.80989  99.00000  
 68  1.1885   7541.513307  x:  0.00000   0.10064   0.01674   0.00627   0.01731   0.00367   0.00402   0.00882   0.01323   0.02448   0.04243   0.07183   0.25501   0.37814   0.10480   0.17890   0.04158   0.00292   0.02992   0.12067   0.02707   0.04053   0.16343   0.18497   0.02262   0.16038   0.25441   3.41306   0.66853  17.80891  99.00000  
 69  3.8181   7541.513157  x:  0.00000   0.10061   0.01674   0.00627   0.01731   0.00367   0.00402   0.00882   0.01323   0.02447   0.04236   0.07190   0.25502   0.37793   0.10475   0.17892   0.04169   0.00291   0.02994   0.12064   0.02704   0.04051   0.16346   0.18502   0.02257   0.16041   0.25440   3.41366   0.66852  17.80708  99.00000  
 70  5.2800   7541.512549  x:  0.00000   0.10079   0.01674   0.00627   0.01731   0.00367   0.00402   0.00882   0.01323   0.02448   0.04246   0.07181   0.25523   0.37742   0.10451   0.17897   0.04162   0.00290   0.03002   0.12051   0.02707   0.04049   0.16346   0.18508   0.02260   0.16034   0.25458   3.41610   0.66843  17.79956  99.00000  
 71 10.2642   7541.511956  x:  0.00000   0.10082   0.01674   0.00627   0.01731   0.00367   0.00402   0.00882   0.01322   0.02447   0.04231   0.07178   0.25538   0.37726   0.10454   0.17901   0.04152   0.00293   0.02981   0.12050   0.02703   0.04056   0.16339   0.18503   0.02261   0.16023   0.25473   3.41846   0.66832  17.79219  99.00000  
 72 22.3076   7541.509909  x:  0.00000   0.10061   0.01674   0.00627   0.01731   0.00367   0.00402   0.00882   0.01323   0.02448   0.04242   0.07186   0.25564   0.37742   0.10504   0.17907   0.04163   0.00291   0.02995   0.12081   0.02706   0.04049   0.16316   0.18471   0.02261   0.15997   0.25506   3.42662   0.66797  17.76658  99.00000  
 73 44.4275   7541.507186  x:  0.00000   0.10073   0.01674   0.00627   0.01731   0.00367   0.00402   0.00882   0.01323   0.02448   0.04241   0.07185   0.25531   0.37856   0.10482   0.17875   0.04160   0.00289   0.03000   0.12066   0.02701   0.04063   0.16345   0.18485   0.02258   0.16049   0.25479   3.43728   0.66746  17.73238  99.00000  
 74 40.4225   7541.507011  x:  0.00000   0.10074   0.01674   0.00627   0.01731   0.00367   0.00402   0.00882   0.01323   0.02448   0.04241   0.07185   0.25527   0.37864   0.10479   0.17879   0.04161   0.00290   0.02993   0.12064   0.02707   0.04048   0.16346   0.18491   0.02258   0.16047   0.25474   3.43790   0.66743  17.73018  99.00000  
 75 17.2481   7541.506815  x:  0.00000   0.10073   0.01674   0.00627   0.01731   0.00367   0.00402   0.00882   0.01323   0.02448   0.04241   0.07185   0.25520   0.37874   0.10473   0.17903   0.04161   0.00289   0.02995   0.12067   0.02705   0.04052   0.16346   0.18510   0.02261   0.16028   0.25461   3.43838   0.66741  17.72762  99.00000  
 76  4.8666   7541.505415  x:  0.00000   0.10070   0.01674   0.00627   0.01731   0.00367   0.00402   0.00882   0.01323   0.02448   0.04241   0.07184   0.25531   0.37882   0.10438   0.17973   0.04163   0.00291   0.02996   0.12065   0.02705   0.04052   0.16320   0.18450   0.02259   0.16058   0.25425   3.43810   0.66726  17.70822  99.00000  
 77  2.2142   7541.457377  x:  0.00000   0.10072   0.01674   0.00627   0.01731   0.00367   0.00401   0.00882   0.01323   0.02449   0.04241   0.07186   0.25681   0.37901   0.10520   0.17910   0.04162   0.00288   0.02999   0.12009   0.02706   0.04053   0.16488   0.18444   0.02271   0.15994   0.25335   3.42137   0.66360  17.04908  99.00000  
 78 39.3142   7541.449069  x:  0.00000   0.10077   0.01674   0.00627   0.01731   0.00367   0.00400   0.00882   0.01323   0.02448   0.04242   0.07187   0.25588   0.37902   0.10463   0.17890   0.04162   0.00287   0.02995   0.12104   0.02705   0.04053   0.16352   0.18516   0.02260   0.16041   0.25434   3.41841   0.66296  16.93368  99.00000  
 79 240.0995   7541.448388  x:  0.00000   0.10077   0.01674   0.00627   0.01731   0.00367   0.00400   0.00882   0.01323   0.02448   0.04241   0.07187   0.25547   0.37902   0.10480   0.17912   0.04162   0.00287   0.02999   0.12065   0.02705   0.04053   0.16344   0.18516   0.02259   0.16048   0.25472   3.41817   0.66292  16.92423  99.00000  
 80 24.1487   7541.448344  x:  0.00000   0.10077   0.01674   0.00627   0.01731   0.00367   0.00400   0.00882   0.01323   0.02448   0.04241   0.07187   0.25538   0.37901   0.10475   0.17915   0.04163   0.00287   0.02998   0.12070   0.02706   0.04053   0.16355   0.18509   0.02259   0.16045   0.25480   3.41815   0.66292  16.92361  99.00000  
 81  1.5515   7541.448304  x:  0.00000   0.10076   0.01674   0.00627   0.01731   0.00367   0.00401   0.00882   0.01323   0.02448   0.04241   0.07187   0.25535   0.37900   0.10475   0.17911   0.04162   0.00287   0.02998   0.12069   0.02706   0.04053   0.16355   0.18511   0.02259   0.16043   0.25481   3.41739   0.66279  16.93018  99.00000  
 82  0.0067   7541.448304  x:  0.00000   0.10076   0.01674   0.00627   0.01731   0.00367   0.00401   0.00882   0.01323   0.02448   0.04241   0.07187   0.25535   0.37900   0.10476   0.17911   0.04162   0.00287   0.02998   0.12069   0.02706   0.04053   0.16355   0.18511   0.02259   0.16043   0.25481   3.41739   0.66279  16.92988  99.00000  
 83  0.0004   7541.448304  x:  0.00000   0.10076   0.01674   0.00627   0.01731   0.00367   0.00401   0.00882   0.01323   0.02448   0.04241   0.07187   0.25535   0.37900   0.10476   0.17911   0.04162   0.00287   0.02998   0.12069   0.02706   0.04053   0.16355   0.18511   0.02259   0.16043   0.25481   3.41739   0.66279  16.92987  99.00000  