     1    302    175


 1

     1      1    -3.6345485887   0.026395847083       7.9715  -----QQQQQQQ--Q
     2      1    -3.7278256745   0.024045060827       7.2616  -FFFFFFFFFFFFFF
     3      1   -13.9865563058   0.000000842783       0.0003  -GGGSRGGGGGGGGG
     4      1    -2.6661710056   0.069517900000      20.9944  -S-------------
     5      1   -11.8654785659   0.000007028912       0.0021  -SSSG-------G--
     6      1    -3.2285391714   0.039615327743      11.9638  A-AAAAAAAAAAAAA
     7      1   -12.2500678022   0.000004784793       0.0014  A-AAAAAAAAAASAV
     8      1    -8.3418662493   0.000238327150       0.0720  A-AAATTTTTTTAAA
     9      1   -17.2591364759   0.000000031949       0.0000  A-LLVLLLLLLLLVV
    10      1   -13.4155766115   0.000001491726       0.0005  A-SSAATAAAAAAAA
    11      1   -14.4141169150   0.000000549577       0.0002  A-TTTVVVVVVVTTA
    12      1   -12.7428572220   0.000002923125       0.0009  A-VVVVVVVVVVVVM
    13      2    -3.3559783341   0.034875233828      10.5323  AAAAAAAAAAAAAAA
    14      1    -8.0282821920   0.000326107919       0.0985  AAAAAAAAAAAAAAT
    15      1    -9.0692411390   0.000115153891       0.0348  AAAAAPPPPPPPAAA
    16      1    -7.2471630948   0.000712191947       0.2151  AAAASAAAAAAAAAA
    17      1   -11.8392449826   0.000007215746       0.0022  AAAASAAAAAAAAAV
    18      1   -20.4683287682   0.000000001290       0.0000  ASAATAAAAAAASAT
    19      1   -17.6796007454   0.000000020982       0.0000  ATAADAAAAAAAAAT
    20      1   -12.7478158974   0.000002908666       0.0009  ATTATTTTTTTTTTT
    21      1   -14.2287196710   0.000000661524       0.0002  C-SSRSSSSSSSSSS
    22      8    -4.3466416009   0.012950231677       3.9110  CCCCCCCCCCCCCCC
    23      1   -14.6837334639   0.000000419697       0.0001  CHYYYYYYYYYYYYY
    24      1   -23.5250754946   0.000000000061       0.0000  CWWWWWRRRRRRWWR
    25      1    -8.0344107173   0.000324115470       0.0979  D-AAAAAAAAAAAAA
    26      1    -3.5554572262   0.028568309750       8.6276  D-DDDDDDDDDDDDD
    27      1   -13.5269975448   0.000001334442       0.0004  D-HHHHHHHHHHHHN
    28      2    -3.6679606665   0.025528477978       7.7096  DDDDDDDDDDDDDDD
    29      1   -10.4720520328   0.000028316892       0.0086  DDDDDHHHHHHHD-D
    30      1    -7.9205557677   0.000363200415       0.1097  DDDDDNDDDDDDDDD
    31      1    -8.6895984462   0.000168327605       0.0508  DDDDGDDDDDDDDDD
    32      1   -12.3278927735   0.000004426538       0.0013  DEEEEGEEEEEEEEE
    33      5    -3.7110552299   0.024451707480       7.3844  E-EEEEEEEEEEEEE
    34      1    -7.1686130746   0.000770390465       0.2327  E-QQQQQQQQQQQQQ
    35      4    -3.8517762678   0.021241971478       6.4151  EEEEEEEEEEEEEEE
    36      1   -10.8053624391   0.000020290405       0.0061  EEEGEEEEEEEEEEE
    37      1    -8.1722488978   0.000282382253       0.0853  EEQQEEEEEEEEEEE
    38      1   -10.6633872060   0.000023385668       0.0071  EEVEEEEEEEEEEEE
    39      1    -8.0318628632   0.000324942322       0.0981  EGGGGGGGGGGGGGG
    40      2    -3.7596011710   0.023293028458       7.0345  F-FFFFFFFFFFFFF
    41      8    -3.8412416618   0.021466930123       6.4830  FFFFFFFFFFFFFFF
    42      1   -18.6404707360   0.000000008027       0.0000  FLLLIPPPPPPPLLL
    43      1   -21.8761149695   0.000000000316       0.0000  FLLLLPPLLLLLLLL
    44      1   -17.8174590104   0.000000018280       0.0000  FPSSSSSSSSSSSSA
    45      1    -7.4321145932   0.000591934487       0.1788  FYFFFFFFFFFFFFF
    46      1    -9.5767126630   0.000069324466       0.0209  FYYYYFFFFFFFYYF
    47      1    -7.3864230181   0.000619608322       0.1871  G-GGAGGGGGGGGGG
    48      1   -16.7919455589   0.000000050974       0.0000  GAAAAAAAAAAAVAT
    49      1    -8.5149194803   0.000200455260       0.0605  GEEEEEEEEEEEEEE
    50      1   -13.9291767799   0.000000892556       0.0003  GEGGGGGGGGGGGAG
    51      1    -8.1551808114   0.000287243344       0.0867  GGGGGAAAAAAAGGG
    52      1    -8.9694638478   0.000127236392       0.0384  GGGGGGAGGGGGGGG
    53      1   -13.8990837032   0.000000919824       0.0003  GGGGGGGGGGGGD-S
    54      9    -2.8925891604   0.055432503006      16.7406  GGGGGGGGGGGGGGG
    55      1    -7.7191503321   0.000444237898       0.1342  GGGGSGGGGGGGGGG
    56      1   -14.4890104611   0.000000509921       0.0002  GGSGGSSSSSSSGGG
    57      1    -8.6216988041   0.000180153948       0.0544  GRRRRRRRRRRRRRR
    58      1   -15.4443089020   0.000000196165       0.0001  GSSSSGGGGGGGSGG
    59      6    -4.5236318655   0.010849547928       3.2766  HHHHHHHHHHHHHHH
    60      1   -10.5987486102   0.000024947209       0.0075  HHHHHHHHHHHHL-H
    61      1    -9.2066256211   0.000100372166       0.0303  HHYYHHHHHHHHHHH
    62      2    -8.4119425916   0.000222197798       0.0671  HQQQQQQQQQQQQQQ
    63      1   -26.5998350825   0.000000000003       0.0000  HSNDSSSGSSSSNSS
    64      1   -25.0389956739   0.000000000013       0.0000  I-FFCLFFFFFFFYF
    65      2    -3.8878101075   0.020490168207       6.1880  I-IIIIIIIIIIIII
    66      1    -7.8473295500   0.000390794172       0.1180  I-IIILIIIIIIIII
    67      3    -4.0277981011   0.017813510352       5.3797  IIIIIIIIIIIIIII
    68      1   -13.6953823577   0.000001127641       0.0003  IITTIIVIIIIIIII
    69      1   -12.8206188519   0.000002704431       0.0008  IITTTTTTTTTTTTT
    70      1    -9.1032275033   0.000111305988       0.0336  K-EKKKKKKKKKKKK
    71      8    -3.5674848330   0.028226759487       8.5245  K-KKKKKKKKKKKKK
    72      1    -7.4077937895   0.000606507302       0.1832  K-QQQQQQQQQQQQQ
    73      6    -3.6957007427   0.024830048090       7.4987  KKKKKKKKKKKKKKK
    74      1   -15.9000847018   0.000000124360       0.0000  KKKRKKKTKKKKKKK
    75      1    -8.7749869768   0.000154550914       0.0467  KKRKKKKKKKKKKKK
    76      1   -13.5376016330   0.000001320366       0.0004  KMMMIMMMMMMMMMM
    77      1   -10.8869484652   0.000018700721       0.0056  KRRRRRRRRRRRKRR
    78      6    -2.9590561734   0.051867848334      15.6641  L-LLLLLLLLLLLLL
    79      1   -13.2761698190   0.000001714876       0.0005  L-MVLLLLLLLLLLL
    80      1    -9.1492199378   0.000106302693       0.0321  L-QQLLLLLLLLLLL
    81      1    -8.3474662726   0.000236996242       0.0716  LAAAAAAAAAAAAAA
    82      1    -7.0269999640   0.000887590594       0.2681  LILLLLLLLLLLLLL
    83      1   -13.6593194469   0.000001169050       0.0004  LILLLPLLLLLLLLL
    84      1   -15.2936654838   0.000000228058       0.0001  LLFFLLLLLLLLLLH
    85      1   -12.9307136621   0.000002422492       0.0007  LLLLLFLLLLLLLLV
    86      7    -3.0417786949   0.047749881446      14.4205  LLLLLLLLLLLLLLL
    87      1    -8.9298801316   0.000132373891       0.0400  LLLLQLLLLLLLLLL
    88      1   -19.6816709973   0.000000002834       0.0000  LPLLSSSSSSSSSSS
    89      1   -13.6048640828   0.000001234476       0.0004  M-TTTAAAAAAATTT
    90      1    -9.3370111177   0.000088102371       0.0266  MFFFFFFFFFFFFFF
    91      1    -5.0186980202   0.006613131270       1.9972  MMMMMMMMMMMMMMM
    92      1   -10.0637460246   0.000042596178       0.0129  MMMMMTMMMMMMMMM
    93      1   -23.8903698902   0.000000000042       0.0000  MVVVAVVAAAAAVVV
    94      1    -8.4340186827   0.000217346287       0.0656  MVVVVVVVVVVVVVV
    95      1   -10.3848192580   0.000030897995       0.0093  N-DDEDDDDDDDDDD
    96      1    -4.2605895436   0.014113979150       4.2624  N-NNNNNNNNNNNNN
    97      1   -11.7565850418   0.000007837544       0.0024  NATTTTTTTTTTTTT
    98      1    -8.2720777944   0.000255553751       0.0772  NNNNNDNNNNNNNNN
    99      1    -4.4266416942   0.011954569435       3.6103  NNNNNNNNNNNNNNN
   100      1    -9.1559701086   0.000105587548       0.0319  NNNNNNNNNNNNNSN
   101      1    -8.6866505306   0.000168824553       0.0510  NNNNNNNNNNNNSNN
   102      1   -18.1485829683   0.000000013127       0.0000  NTNNTSTTTTTTNTT
   103      1   -22.4695695943   0.000000000174       0.0000  PLLLLLLLLLLLLPS
   104     15    -3.5799730112   0.027876450596       8.4187  PPPPPPPPPPPPPPP
   105      1    -8.7607077630   0.000156773611       0.0473  PPPPPPPPPPPPSPP
   106      1   -20.4664114804   0.000000001293       0.0000  PTAAPPPPTTTTPPP
   107      1    -8.6586005777   0.000173627115       0.0524  Q-QQQQQQQQQQKQQ
   108      3    -4.2723545082   0.013948901655       4.2126  Q-QQQQQQQQQQQQQ
   109      1    -9.0573637826   0.000116529770       0.0352  QLQQQQQQQQQQQQQ
   110      1    -9.3379068702   0.000088023488       0.0266  QQQQAQQQQQQQQQQ
   111      1    -8.0056962651   0.000333557176       0.1007  QQQQEQQQQQQQQQQ
   112      1   -10.6246481029   0.000024309384       0.0073  QQQQQQQQHHHHQQQ
   113      6    -4.4302039210   0.011912060306       3.5974  QQQQQQQQQQQQQQQ
   114      1    -9.0605614844   0.000116157738       0.0351  QQQQQQQQQQQQQQR
   115      1   -10.3801269792   0.000031043318       0.0094  QQQQQQQQRRRRQQQ
   116      1   -26.4950673850   0.000000000003       0.0000  QRRRQQQQEEEQRQQ
   117      1    -7.3545148531   0.000639697690       0.1932  R-RRKRRRRRRRRRR
   118      1    -3.8077021199   0.022199131335       6.7041  R-RRRRRRRRRRRRR
   119      1    -8.1384156900   0.000292099608       0.0882  RQQQQQQQQQQQQQQ
   120      1    -8.1802231831   0.000280139411       0.0846  RQRRRRRRRRRRR-R
   121      1   -10.8529493884   0.000019347460       0.0058  RRRGRRRRRRRRRRR
   122     11    -3.9191310592   0.019858342974       5.9972  RRRRRRRRRRRRRRR
   123      1   -16.8672178805   0.000000047278       0.0000  RRRRRRRRTTTTRRG
   124      1    -9.5065158864   0.000074365689       0.0225  RRRRRSSSSSSSRRR
   125      1    -9.1966305533   0.000101380423       0.0306  S-NNSSSSSSSSNSS
   126      1    -3.6403936449   0.026242011898       7.9251  S-SSSSSSSSSSSSS
   127      1   -25.2983854550   0.000000000010       0.0000  SAAAAGGSGGGGVAG
   128      1   -17.7142588389   0.000000020267       0.0000  SCSSSSFFFFFFSSS
   129      1    -7.4546272342   0.000578757361       0.1748  SNNNNNNNNNNNNNN
   130      1   -12.3198305581   0.000004462370       0.0013  SNNNSSSSSSSSSSS
   131      1   -14.6073522336   0.000000453010       0.0001  SPPPSSSSSSSSPSS
   132      1    -8.6629496111   0.000172873644       0.0522  SSASSSSSSSSSSSS
   133      1   -10.5830852670   0.000025341042       0.0077  SSIISSSSSSSSSSS
   134      1   -10.8956114178   0.000018539417       0.0056  SSLSSSSSSSSSS-S
   135      1   -14.7176808937   0.000000405688       0.0001  SSNNSSSSSSSSSRS
   136      1    -8.3658683958   0.000232674891       0.0703  SSNNSSSSSSSSSSS
   137      1   -23.9873043970   0.000000000038       0.0000  SSPSSSLFFFFFSSS
   138      1    -8.0909267342   0.000306305762       0.0925  SSSSNSSSSSSSSSS
   139      1    -8.7935550753   0.000151707676       0.0458  SSSSPSSSSSSSSSS
   140      1   -10.0558868286   0.000042932269       0.0130  SSSSSCSSSSSSSSS
   141      1    -9.0565926044   0.000116619670       0.0352  SSSSSPSSSSSSSSS
   142      1    -9.7192476216   0.000060115213       0.0182  SSSSSRRRRRRRSSS
   143      1    -9.1059135432   0.000111007417       0.0335  SSSSSSSSSSSSSNS
   144     19    -3.7990015900   0.022393118212       6.7627  SSSSSSSSSSSSSSS
   145      1    -7.7953773297   0.000411633433       0.1243  SSSSSTSSSSSSSSS
   146      1    -7.2004895459   0.000746220410       0.2254  STSSSSSSSSSSSSS
   147      2    -3.6063610025   0.027150467801       8.1994  T-TTTTTTTTTTTTT
   148      1   -18.1187875798   0.000000013524       0.0000  TATTPTTTTTTTTTV
   149      1    -8.4194909836   0.000220526876       0.0666  TITTTTTTTTTTT-T
   150      1    -8.2493855935   0.000261419126       0.0789  TKTTTTTTTTTTTTT
   151      1    -8.9217190012   0.000133458632       0.0403  TRRRRRRRRRRRRRR
   152      1    -7.0359547964   0.000879677851       0.2657  TSTTTTTTTTTTTTT
   153      1    -9.0836475544   0.000113506829       0.0343  TTIITTTTTTTTTTT
   154      1   -21.4021870673   0.000000000507       0.0000  TTNNATITIIIITTT
   155      1   -10.0082786854   0.000045025630       0.0136  TTNNTTTTTTTTNTT
   156      1   -14.4376798939   0.000000536779       0.0002  TTTTINNNNNNNTTT
   157      1    -9.8907631971   0.000050640283       0.0153  TTTTTTTTTTTTTTM
   158      6    -3.7383136676   0.023794194238       7.1858  TTTTTTTTTTTTTTT
   159      1   -17.6307294466   0.000000022033       0.0000  V-MMMMMMMMMMLVM
   160      1    -3.4035786131   0.033254053383      10.0427  V-VVVVVVVVVVVVV
   161      1    -7.3742316536   0.000627208427       0.1894  VAVVVVVVVVVVVVV
   162      1   -25.9847691912   0.000000000005       0.0000  VGGGGEGGGGGGAGE
   163      1   -16.1737466008   0.000000094587       0.0000  VVLLLFLLLLLLLLL
   164      1   -15.8886384611   0.000000125792       0.0000  VVMMVEEEEEEEVVV
   165      1   -17.4359055814   0.000000026772       0.0000  VVVVITIIIIIIIII
   166      1   -11.7259555527   0.000008081318       0.0024  VVVVLVVVVVVVIVV
   167      1    -7.1899829717   0.000754101961       0.2277  VVVVVIVVVVVVVVV
   168      1   -10.5974990942   0.000024978400       0.0075  VVVVVVVVVVVVVVQ
   169      5    -3.5266074762   0.029404502322       8.8802  VVVVVVVVVVVVVVV
   170      1    -4.5702633052   0.010355232772       3.1273  W-WWWWWWWWWWWWW
   171      2    -4.6239790293   0.009813669392       2.9637  WWWWWWWWWWWWWWW
   172      1    -8.2301035808   0.000266508724       0.0805  Y-YYYYYYYYYYFYY
   173      1   -10.7091342710   0.000022339944       0.0067  YQQQQQQQQQQQQQQ
   174      1   -20.1111951788   0.000000001844       0.0000  YYFFYCYYYYYYYFY
   175      4    -3.9373372910   0.019500068687       5.8890  YYYYYYYYYYYYYYY