

TREE # 1

  0  0.0000   2336.054017  x:  0.00852   0.03341   0.01973   0.00283   0.02641   0.00708   0.00653   0.00504   0.00860   0.00326   0.00729   0.01773   0.01257   0.05718   0.06164   0.07151   0.06471   0.01028   0.00000   0.02022   0.06031   0.02649   0.01906   0.04953   0.07548   0.00241   0.05395   0.24884  
  1 99.0000   2329.665510  x:  0.00629   0.03442   0.01830   0.00332   0.02514   0.00358   0.00383   0.00153   0.00509   0.00162   0.00451   0.01778   0.01230   0.05757   0.06192   0.07206   0.06526   0.01056   0.00143   0.02074   0.06048   0.02627   0.01901   0.04938   0.07577   0.00000   0.05243   0.24749  
  2 769.5634   2327.290328  x:  0.00540   0.03480   0.01775   0.00328   0.02466   0.00205   0.00283   0.00000   0.00356   0.00195   0.00343   0.01779   0.01222   0.05773   0.06204   0.07228   0.06548   0.01051   0.00126   0.02092   0.06055   0.02618   0.01899   0.04932   0.07589   0.00000   0.05178   0.24691  
  3 5061.8098   2324.848255  x:  0.00404   0.03539   0.01690   0.00315   0.02381   0.00000   0.00184   0.00000   0.00151   0.00205   0.00231   0.01782   0.01207   0.05796   0.06220   0.07260   0.06581   0.01033   0.00073   0.02120   0.06065   0.02605   0.01896   0.04924   0.07606   0.00000   0.05085   0.24613  
  4 18547.7805   2323.698027  x:  0.00311   0.03584   0.01628   0.00314   0.02303   0.00000   0.00155   0.00000   0.00000   0.00249   0.00192   0.01784   0.01196   0.05813   0.06233   0.07285   0.06605   0.01037   0.00090   0.02141   0.06072   0.02595   0.01893   0.04917   0.07620   0.00000   0.05019   0.24555  
  5 3698.0227   2322.294079  x:  0.00445   0.03695   0.01563   0.00292   0.01999   0.00000   0.00068   0.00000   0.00000   0.00270   0.00127   0.01786   0.01259   0.05894   0.06308   0.07406   0.06726   0.01328   0.00000   0.02128   0.06107   0.02576   0.01898   0.04887   0.07687   0.00000   0.04661   0.24172  
  6 325.5670   2319.971616  x:  0.00732   0.03572   0.02153   0.00906   0.01966   0.00000   0.00171   0.00000   0.00000   0.00326   0.00028   0.01807   0.01040   0.06218   0.06551   0.07944   0.07264   0.00756   0.00007   0.01879   0.06247   0.02627   0.01931   0.04788   0.08013   0.00000   0.03135   0.21266  
  7 219.1770   2318.368650  x:  0.00871   0.03454   0.02475   0.00407   0.02085   0.00000   0.00184   0.00000   0.00000   0.00304   0.00026   0.01831   0.01002   0.06381   0.06680   0.08245   0.07566   0.00383   0.00225   0.01814   0.06320   0.02658   0.01939   0.04745   0.08200   0.00000   0.02344   0.19204  
  8 735.2361   2315.662034  x:  0.00336   0.03182   0.02743   0.00210   0.02881   0.00000   0.00215   0.00000   0.00000   0.00268   0.00254   0.01907   0.00946   0.06479   0.06784   0.08627   0.07947   0.01095   0.00065   0.02260   0.06368   0.02686   0.01877   0.04772   0.08444   0.00000   0.02444   0.13980  
  9 346.6736   2314.518235  x:  0.00472   0.03350   0.02529   0.00290   0.02707   0.00000   0.00139   0.00000   0.00000   0.00276   0.00276   0.01857   0.01489   0.06398   0.06755   0.08623   0.07943   0.00855   0.00058   0.02147   0.06330   0.02650   0.01889   0.04816   0.08456   0.00000   0.03010   0.11534  
 10 348.0398   2314.189280  x:  0.00656   0.03412   0.02351   0.00253   0.02541   0.00000   0.00185   0.00000   0.00000   0.00280   0.00161   0.01787   0.01105   0.06304   0.06692   0.08496   0.07816   0.00810   0.00057   0.01991   0.06277   0.02642   0.01909   0.04849   0.08390   0.00000   0.03220   0.10818  
 11 138.0414   2314.113881  x:  0.00699   0.03312   0.02256   0.00279   0.02487   0.00000   0.00134   0.00000   0.00000   0.00286   0.00199   0.01893   0.01086   0.06199   0.06596   0.08265   0.07586   0.00792   0.00054   0.02091   0.06210   0.02661   0.01900   0.04883   0.08271   0.00000   0.03086   0.10634  
 12 32.6978   2314.085190  x:  0.00648   0.03320   0.02277   0.00274   0.02491   0.00000   0.00196   0.00000   0.00000   0.00281   0.00142   0.01837   0.01135   0.06170   0.06553   0.08137   0.07458   0.00829   0.00052   0.02036   0.06182   0.02664   0.01903   0.04887   0.08207   0.00000   0.03004   0.10574  
 13 24.3716   2314.063397  x:  0.00614   0.03400   0.02343   0.00272   0.02484   0.00000   0.00123   0.00000   0.00000   0.00284   0.00210   0.01790   0.01121   0.06197   0.06552   0.08063   0.07383   0.00837   0.00051   0.02003   0.06185   0.02651   0.01908   0.04871   0.08176   0.00000   0.02980   0.10551  
 14 11.4629   2313.957701  x:  0.00600   0.03589   0.02575   0.00248   0.02374   0.00000   0.00146   0.00000   0.00000   0.00292   0.00103   0.01954   0.01099   0.06399   0.06644   0.07904   0.07224   0.00819   0.00046   0.02138   0.06266   0.02605   0.01906   0.04779   0.08131   0.00000   0.03035   0.10515  
 15 10.6621   2313.347738  x:  0.00473   0.03248   0.02568   0.00206   0.02080   0.00000   0.00000   0.00000   0.00000   0.00312   0.00014   0.01895   0.01110   0.06738   0.06875   0.07772   0.07092   0.00796   0.00031   0.02092   0.06448   0.02638   0.01879   0.04680   0.08130   0.00000   0.03120   0.10487  
 16 15.4708   2313.255893  x:  0.00480   0.03258   0.02524   0.00205   0.02090   0.00000   0.00000   0.00000   0.00000   0.00315   0.00000   0.01879   0.01114   0.06765   0.06899   0.07763   0.07083   0.00789   0.00029   0.02105   0.06465   0.02636   0.01878   0.04676   0.08131   0.00000   0.03111   0.10485  
 17 51.0134   2313.082213  x:  0.00351   0.03361   0.02104   0.00151   0.02176   0.00000   0.00000   0.00000   0.00000   0.00346   0.00000   0.02342   0.01158   0.06926   0.07035   0.07736   0.07056   0.00807   0.00000   0.01674   0.06528   0.02588   0.01925   0.04623   0.08137   0.00000   0.03034   0.10470  
 18 60.6356   2313.082213  x:  0.00351   0.03361   0.02104   0.00151   0.02176   0.00000   0.00000   0.00000   0.00000   0.00346   0.00000   0.02342   0.01158   0.06926   0.07035   0.07736   0.07056   0.00807   0.00000   0.01674   0.06528   0.02588   0.01925   0.04623   0.08137   0.00000   0.03034   0.10470  
 19 15.2295   2312.168217  x:  0.00153   0.03495   0.01904   0.00667   0.02091   0.00000   0.00000   0.00000   0.00000   0.00319   0.00000   0.02243   0.01140   0.06891   0.07017   0.07772   0.07092   0.00994   0.00115   0.01851   0.06512   0.02567   0.01913   0.04641   0.08144   0.00000   0.03033   0.10505  
 20 439.0995   2311.496744  x:  0.00000   0.03604   0.01737   0.00634   0.02024   0.00000   0.00000   0.00000   0.00000   0.00320   0.00000   0.02162   0.01128   0.06860   0.07001   0.07803   0.07123   0.01090   0.00073   0.01971   0.06497   0.02550   0.01904   0.04656   0.08150   0.00000   0.03023   0.10539  
 21 313.3572   2311.182408  x:  0.00000   0.03745   0.01534   0.00559   0.02045   0.00000   0.00000   0.00000   0.00000   0.00310   0.00000   0.02078   0.01241   0.06762   0.06951   0.07907   0.07227   0.01594   0.00045   0.01762   0.06447   0.02536   0.01913   0.04685   0.08172   0.00000   0.03103   0.10641  
 22 135.0246   2311.150741  x:  0.00000   0.03753   0.01524   0.00570   0.02055   0.00000   0.00000   0.00000   0.00000   0.00316   0.00000   0.02073   0.01246   0.06748   0.06942   0.07921   0.07241   0.01607   0.00000   0.01745   0.06440   0.02536   0.01914   0.04689   0.08175   0.00000   0.03116   0.10655  
 23 78.2467   2311.009464  x:  0.00000   0.03713   0.01567   0.00453   0.01981   0.00000   0.00000   0.00000   0.00000   0.00401   0.00000   0.02091   0.01203   0.06847   0.07007   0.07813   0.07133   0.01370   0.00000   0.01856   0.06491   0.02535   0.01904   0.04665   0.08152   0.00000   0.02969   0.10561  
 24 201.4625   2310.911110  x:  0.00000   0.03742   0.01527   0.00407   0.02019   0.00000   0.00000   0.00000   0.00000   0.00296   0.00000   0.02071   0.01181   0.06808   0.06978   0.07854   0.07174   0.01195   0.00000   0.01841   0.06472   0.02534   0.01908   0.04677   0.08160   0.00000   0.02996   0.10609  
 25 69.0043   2310.837564  x:  0.00000   0.03736   0.01571   0.00381   0.02132   0.00000   0.00000   0.00000   0.00000   0.00335   0.00000   0.02079   0.01139   0.06672   0.06877   0.08006   0.07326   0.01177   0.00000   0.01928   0.06402   0.02544   0.01915   0.04710   0.08194   0.00000   0.03243   0.10741  
 26 56.3721   2310.824070  x:  0.00000   0.03696   0.01619   0.00379   0.02059   0.00000   0.00000   0.00000   0.00000   0.00329   0.00000   0.02100   0.01191   0.06616   0.06833   0.08076   0.07396   0.01174   0.00000   0.01948   0.06374   0.02545   0.01905   0.04712   0.08210   0.00000   0.03222   0.10822  
 27 17.4035   2310.820708  x:  0.00000   0.03678   0.01632   0.00377   0.02042   0.00000   0.00000   0.00000   0.00000   0.00326   0.00000   0.02108   0.01148   0.06602   0.06821   0.08098   0.07418   0.01185   0.00000   0.01943   0.06368   0.02545   0.01905   0.04707   0.08216   0.00000   0.03196   0.10857  
 28 12.3671   2310.819908  x:  0.00000   0.03677   0.01634   0.00376   0.02062   0.00000   0.00000   0.00000   0.00000   0.00325   0.00000   0.02114   0.01152   0.06612   0.06824   0.08100   0.07419   0.01189   0.00000   0.01954   0.06376   0.02545   0.01911   0.04696   0.08218   0.00000   0.03180   0.10891  
 29  2.5143   2310.818560  x:  0.00000   0.03675   0.01635   0.00373   0.02051   0.00000   0.00000   0.00000   0.00000   0.00324   0.00000   0.02107   0.01151   0.06644   0.06839   0.08089   0.07409   0.01190   0.00000   0.01949   0.06397   0.02545   0.01900   0.04681   0.08219   0.00000   0.03200   0.10957  
 30  2.4179   2310.816636  x:  0.00000   0.03678   0.01631   0.00369   0.02037   0.00000   0.00000   0.00000   0.00000   0.00325   0.00000   0.02121   0.01151   0.06643   0.06843   0.08071   0.07391   0.01192   0.00000   0.01945   0.06395   0.02549   0.01937   0.04711   0.08212   0.00000   0.03209   0.10990  
 31  1.3123   2310.808915  x:  0.00000   0.03685   0.01634   0.00349   0.02057   0.00000   0.00000   0.00000   0.00000   0.00324   0.00000   0.02124   0.01156   0.06602   0.06838   0.08029   0.07349   0.01208   0.00000   0.01935   0.06359   0.02541   0.01887   0.04789   0.08190   0.00000   0.03191   0.11034  
 32  3.0842   2310.793943  x:  0.00000   0.03674   0.01623   0.00313   0.02063   0.00000   0.00000   0.00000   0.00000   0.00327   0.00000   0.02055   0.01172   0.06560   0.06817   0.08039   0.07359   0.01229   0.00000   0.01905   0.06333   0.02550   0.01920   0.04695   0.08188   0.00000   0.03187   0.10993  
 33  3.5349   2310.788741  x:  0.00000   0.03694   0.01593   0.00302   0.02055   0.00000   0.00000   0.00000   0.00000   0.00329   0.00000   0.02118   0.01173   0.06578   0.06818   0.08072   0.07392   0.01233   0.00000   0.01892   0.06353   0.02543   0.01906   0.04672   0.08202   0.00000   0.03193   0.10960  
 34  6.9588   2310.785248  x:  0.00000   0.03713   0.01610   0.00297   0.02057   0.00000   0.00000   0.00000   0.00000   0.00329   0.00000   0.02097   0.01174   0.06627   0.06832   0.08118   0.07438   0.01236   0.00000   0.01886   0.06393   0.02541   0.01910   0.04721   0.08223   0.00000   0.03184   0.10934  
 35  4.0916   2310.778816  x:  0.00000   0.03633   0.01551   0.00296   0.02065   0.00000   0.00000   0.00000   0.00000   0.00330   0.00000   0.02084   0.01181   0.06650   0.06852   0.08139   0.07458   0.01238   0.00000   0.01890   0.06398   0.02557   0.01905   0.04754   0.08238   0.00000   0.03186   0.10928  
 36  1.5558   2310.377407  x:  0.00000   0.03958   0.01253   0.00311   0.01933   0.00000   0.00000   0.00000   0.00000   0.00323   0.00000   0.01916   0.01177   0.06651   0.07350   0.08313   0.07632   0.01287   0.00000   0.02086   0.05776   0.02324   0.01924   0.04744   0.08544   0.00000   0.03125   0.11201  
 37  1.4412   2310.149062  x:  0.00000   0.04215   0.01061   0.00320   0.01853   0.00000   0.00000   0.00000   0.00000   0.00318   0.00000   0.01829   0.01175   0.06476   0.07089   0.08340   0.07659   0.01332   0.00000   0.02200   0.06037   0.02750   0.01849   0.04761   0.08472   0.00000   0.03064   0.11354  
 38 29.2865   2310.068311  x:  0.00000   0.04213   0.00971   0.00324   0.01836   0.00000   0.00000   0.00000   0.00000   0.00319   0.00000   0.01776   0.01180   0.06407   0.06811   0.08332   0.07652   0.01350   0.00000   0.02232   0.06282   0.02499   0.01877   0.04783   0.08344   0.00000   0.03059   0.11399  
 39 32.0830   2310.066717  x:  0.00000   0.04215   0.00968   0.00324   0.01836   0.00000   0.00000   0.00000   0.00000   0.00319   0.00000   0.01776   0.01180   0.06454   0.06775   0.08341   0.07660   0.01351   0.00000   0.02233   0.06246   0.02504   0.01877   0.04783   0.08289   0.00000   0.03058   0.11400  
 40  3.5978   2310.066658  x:  0.00000   0.04215   0.00969   0.00324   0.01836   0.00000   0.00000   0.00000   0.00000   0.00319   0.00000   0.01776   0.01180   0.06450   0.06785   0.08344   0.07663   0.01350   0.00000   0.02233   0.06249   0.02503   0.01877   0.04782   0.08276   0.00000   0.03058   0.11400  
 41  0.3617   2310.032045  x:  0.00000   0.04312   0.01106   0.00326   0.01825   0.00000   0.00000   0.00000   0.00000   0.00326   0.00000   0.01768   0.01171   0.06416   0.06682   0.08363   0.07681   0.01355   0.00000   0.02292   0.06298   0.02474   0.01877   0.04792   0.08247   0.00000   0.03018   0.11508  
 42  0.0070   2310.029157  x:  0.00000   0.04364   0.01094   0.00326   0.01844   0.00000   0.00000   0.00000   0.00000   0.00328   0.00000   0.01791   0.01169   0.06425   0.06710   0.08368   0.07687   0.01353   0.00000   0.02324   0.06280   0.02468   0.01880   0.04791   0.08264   0.00000   0.03020   0.11534  
 43  0.0008   2310.029037  x:  0.00000   0.04369   0.01092   0.00326   0.01839   0.00000   0.00000   0.00000   0.00000   0.00327   0.00000   0.01783   0.01170   0.06426   0.06712   0.08367   0.07686   0.01354   0.00000   0.02329   0.06276   0.02468   0.01880   0.04790   0.08266   0.00000   0.03023   0.11528  
 44  0.0001   2310.029019  x:  0.00000   0.04368   0.01092   0.00326   0.01838   0.00000   0.00000   0.00000   0.00000   0.00326   0.00000   0.01785   0.01170   0.06426   0.06711   0.08365   0.07684   0.01355   0.00000   0.02331   0.06277   0.02468   0.01880   0.04789   0.08265   0.00000   0.03024   0.11520  
 45  0.0001   2310.029018  x:  0.00000   0.04368   0.01092   0.00326   0.01839   0.00000   0.00000   0.00000   0.00000   0.00326   0.00000   0.01784   0.01170   0.06427   0.06712   0.08365   0.07684   0.01355   0.00000   0.02331   0.06277   0.02468   0.01880   0.04789   0.08265   0.00000   0.03024   0.11520  
 46  0.0000   2310.029018  x:  0.00000   0.04367   0.01092   0.00326   0.01839   0.00000   0.00000   0.00000   0.00000   0.00327   0.00000   0.01785   0.01170   0.06427   0.06712   0.08365   0.07684   0.01355   0.00000   0.02331   0.06277   0.02468   0.01880   0.04789   0.08265   0.00000   0.03024   0.11520  
 47  0.0000   2310.029018  x:  0.00000   0.04367   0.01092   0.00326   0.01839   0.00000   0.00000   0.00000   0.00000   0.00327   0.00000   0.01785   0.01170   0.06427   0.06712   0.08365   0.07684   0.01355   0.00000   0.02331   0.06277   0.02468   0.01880   0.04789   0.08265   0.00000   0.03024   0.11520  