     1    562    329


 1

     1      1    -2.8462972665   0.058058900000      32.6291  ---E------------
     2      1    -3.0049981350   0.049538846717      27.8408  ---K--K---------
     3      1    -6.4610563916   0.001563143546       0.8785  ---K--Q---------
     4      1    -9.6680533893   0.000063272903       0.0356  ---P--F---------
     5      1    -2.9440764665   0.052650662021      29.5897  ---S--S---------
     6      1    -7.3827036070   0.000621917191       0.3495  --EQ-QQQQQQQQQQQ
     7      1   -13.8813168171   0.000000936312       0.0005  --GEEAEEEEEEEEEE
     8      1    -7.1104772131   0.000816505252       0.4589  --IIVIIIIIIIIIII
     9      1   -13.3299710193   0.000001625052       0.0009  --RKRGRRRRRRRRRR
    10      1    -0.0000001000   0.999999900000     561.9999  -X--------------
    11     18    -3.6947595367   0.024853429281      13.9676  AAAAAAAAAAAAAAAA
    12      1   -12.8634490619   0.000002591046       0.0015  AAAAAAAAAAAATTTA
    13      1   -11.4219838882   0.000010952050       0.0062  AAAAAIAAAAAAAAAA
    14      1   -13.1353523208   0.000001974190       0.0011  AAAAATTTTTTTAAAT
    15      1    -8.2126273462   0.000271207229       0.1524  AAAATAAAAAAAAAAA
    16      1    -6.8611725206   0.001047684780       0.5888  AAGGGGGGGGGGGGGG
    17      1   -15.3791933677   0.000000209364       0.0001  AASASSSSSSSSAAAA
    18      1   -13.4856280309   0.000001390805       0.0008  AATAAAAAAAAAAVAA
    19      1   -12.5547266152   0.000003528186       0.0020  AATTTTTTTTTTIITT
    20      1   -21.5533916822   0.000000000436       0.0000  AAVVTVVVVVVVMIVV
    21      1   -35.2846163329   0.000000000000       0.0000  ALAIVVIIVVVVLLVI
    22      1    -8.3714055874   0.000231390086       0.1300  ATAAAAAAAAAAAAAA
    23      1   -18.4978803234   0.000000009257       0.0000  ATMM-MIMMMMMMMMM
    24      1   -33.8291496923   0.000000000000       0.0000  ATNITTTTTTTTTIII
    25      1   -20.3001602227   0.000000001527       0.0000  ATTIIVVVVVVVIIII
    26      1    -8.6134011717   0.000181655019       0.1021  ATTTTTTTTTTTTTTT
    27      4    -4.4958734857   0.011154932684       6.2691  CCCCCCCCCCCCCCCC
    28      1   -17.5842268607   0.000000023082       0.0000  CHCCCSSSSSSSCCCC
    29      1   -24.1255576109   0.000000000033       0.0000  CYHYCCCCCCCCCCCC
    30      1   -24.8000480692   0.000000000017       0.0000  DDCCCCCCCCCCCCYY
    31      2    -3.8904146910   0.020436869295      11.4855  DDDD-DDDDDDDDDDD
    32     13    -3.9669579560   0.018930934366      10.6392  DDDDDDDDDDDDDDDD
    33      1   -10.8851935796   0.000018733568       0.0105  DDDDDDDDDDDDDDDV
    34      1    -9.1346970533   0.000107857780       0.0606  DDDDDDDDDDDDGGDD
    35      1   -11.0286385409   0.000016230173       0.0091  DDDDEDDDDDDDDDDE
    36      1    -8.9543071970   0.000129179558       0.0726  DDDDEDDDDDDDEEDD
    37      1    -8.6194640722   0.000180556994       0.1015  DDDGDDDDDDDDDDDD
    38      2    -6.8335087848   0.001077072265       0.6053  DDEEEEEEEEEEEEEE
    39      1   -21.6178235355   0.000000000409       0.0000  DDENDDGGGGGGDDDN
    40      1    -7.7098555952   0.000448386222       0.2520  DDGGGGGGGGGGGGGG
    41      1   -12.1091986495   0.000005508608       0.0031  DDGNDDDDDDDDDDDD
    42      1   -12.1260420073   0.000005416601       0.0030  DDNNNNNNNNNNNNTN
    43      1    -9.2206718485   0.000098972171       0.0556  DDTTTTTTTTTTTTTT
    44      1   -10.2131221112   0.000036685752       0.0206  DDVDDDDDDDDDDDDD
    45      1   -11.8580344500   0.000007081432       0.0040  DDVEEEEEEEEEEEEE
    46      1   -14.6966791761   0.000000414298       0.0002  DDWEEEEEEEEEEEEE
    47      1   -15.6930220634   0.000000152970       0.0001  DEDDDDDDHHHHDDDD
    48      1    -8.0611680067   0.000315558016       0.1773  DEEEEEEEEEEEEEEE
    49      1   -21.4584590007   0.000000000479       0.0000  DETAAAAAAAAAAAIA
    50      1   -17.1588581077   0.000000035319       0.0000  DGSSSSSSSSSSSSSN
    51      1   -32.3091567597   0.000000000000       0.0000  DGTVTIIIIIIITTAI
    52      1   -15.1016782591   0.000000276328       0.0002  EDATAAAAAAAAAAAA
    53      1   -11.1570148415   0.000014274800       0.0080  EDDD-DDDDDDDEEDD
    54      1   -10.7764322458   0.000020885984       0.0117  EDEDDDDDDDDDDDDD
    55      1    -7.8884956269   0.000375033341       0.2108  EDEEEEEEEEEEEEEE
    56      1   -12.0215088840   0.000006013468       0.0034  EDEEEEEEEEEEEEQE
    57      1   -12.1581069020   0.000005245674       0.0029  EEAGGGGGGGGGGGGG
    58      1    -6.5832752309   0.001383311204       0.7774  EEDD-DDDDDDDDDDD
    59      1   -17.3929912226   0.000000027946       0.0000  EEDDDNNNNNNNDDDH
    60      1   -14.4183464400   0.000000547257       0.0003  EEDDEEEEEEEEEEEQ
    61      1    -7.2501985375   0.000710033407       0.3990  EEED-EEEEEEEEEEE
    62      2    -4.1300609536   0.016081898542       9.0380  EEEE-EEEEEEEEEEE
    63      1   -10.1307550034   0.000039835384       0.0224  EEEEEEEEEEEEAEEE
    64      1    -9.1722316990   0.000103884412       0.0584  EEEEEEEEEEEEDEEE
    65      1    -8.7172088099   0.000163743593       0.0920  EEEEEEEEEEEEEEAE
    66      1    -7.7720026842   0.000421368553       0.2368  EEEEEEEEEEEEEEED
    67     22    -4.2257633482   0.014614174747       8.2132  EEEEEEEEEEEEEEEE
    68      1    -9.7113678517   0.000060590778       0.0341  EEEEEEEEEEEEEEEG
    69      1    -8.5649796551   0.000190667467       0.1072  EEEEEEEEEEEEEEKE
    70      1   -15.7987193040   0.000000137627       0.0001  EEEEEEEEEQQEEEKE
    71      1   -12.3335984384   0.000004401354       0.0025  EEEEEEEEVEEEEEEE
    72      1   -13.3729806380   0.000001556640       0.0009  EEEEKEDEEEEEEEEE
    73      2    -8.5319454654   0.000197071202       0.1108  EEEEKEEEEEEEEEEE
    74      1   -10.5094757756   0.000027276752       0.0153  EEEEREEEEEEEEEEE
    75      1   -14.5420952021   0.000000483558       0.0003  EEGEGEEEEEEEEEEE
    76      1    -8.1098459279   0.000300565178       0.1689  EEGGGGGGGGGGGGGG
    77      1    -7.9447348786   0.000354523871       0.1992  EEKEEEEEEEEEEEEE
    78      1   -12.7965149422   0.000002770411       0.0016  EEVEEEEEEEEEEEED
    79      1   -19.8353669646   0.000000002430       0.0000  EKEEDGEEEEEEDDEE
    80      1   -20.2668624143   0.000000001578       0.0000  EKKKKKKKEKKKKKNK
    81     13    -4.0583358090   0.017277748676       9.7101  FFFFFFFFFFFFFFFF
    82      1    -8.2881278946   0.000251484828       0.1413  FFFFFFFFFFFFFFLF
    83      1    -8.3527638566   0.000235744054       0.1325  FFFFFFFFFFFFLLFF
    84      1    -9.5596496304   0.000070517502       0.0396  FFFFFFLFFFFFFFFF
    85      1    -9.4635282239   0.000077632203       0.0436  FFFFXFFFFFFFFFFI
    86      1   -11.8046701436   0.000007469592       0.0042  FFFLLLLLLLLLLLLL
    87      1   -28.9693579834   0.000000000000       0.0000  FFFSFSSCSSSSSSSS
    88      1   -11.8896859011   0.000006860804       0.0039  FFLFFFFFFFFFFFFL
    89      1    -9.6613207871   0.000063700332       0.0358  FFLFLFFFFFFFLLLL
    90      1    -7.3199399459   0.000662201978       0.3722  FFLL-LLLLLLLLLLL
    91      1    -9.2489190662   0.000096215599       0.0541  FFSFFFFFFFFFFFFF
    92      1    -9.4869205262   0.000075837283       0.0426  FFSSSSSSSSSSSSSS
    93      1   -22.0460307824   0.000000000266       0.0000  FFYYYCYYYYYYCCYY
    94      1   -19.7263138258   0.000000002710       0.0000  FLLFLLLLLLLLPPLL
    95      1   -18.5048758350   0.000000009193       0.0000  GAVAADDDDDDDAAAA
    96      1    -9.9262057473   0.000048876896       0.0275  GE-EEEEEEEEEEEEE
    97      1   -33.2063479844   0.000000000000       0.0000  GEKEKQQEQQQQEKEE
    98      1    -8.0515223484   0.000318616508       0.1791  GGDDDDDDDDDDDDDD
    99      1   -13.6175024945   0.000001218972       0.0007  GGEGEEEEEEEEEEEE
   100      1    -8.3473713618   0.000237018737       0.1332  GGEGGGGGGGGGGGGG
   101      1   -24.3429836025   0.000000000027       0.0000  GGEGGRRRSSSSGGEG
   102      1   -12.4371464525   0.000003968404       0.0022  GGGEGEEEEEEEGGGG
   103      1    -9.0619129772   0.000116000857       0.0652  GGGGGGGGGGGGEEGG
   104      1    -8.9684683245   0.000127363122       0.0716  GGGGGGGGGGGGGGEG
   105     14    -3.0443318360   0.047628124757      26.7670  GGGGGGGGGGGGGGGG
   106      1   -23.8473207471   0.000000000044       0.0000  GGGGGGGRGGGGGEEG
   107      1   -23.5839409110   0.000000000057       0.0000  GGYCCHHHHHHHCCCC
   108      8    -4.8266307775   0.008013475015       4.5036  HHHHHHHHHHHHHHHH
   109      1   -15.0942544465   0.000000278387       0.0002  HHQQLQQQQQQQLLQQ
   110      1   -13.4416459508   0.000001453340       0.0008  HHQQQQQQQQQQHHQQ
   111     13    -4.3997569071   0.012280324799       6.9015  IIIIIIIIIIIIIIII
   112      1    -8.1937049331   0.000276387986       0.1553  IIIIIIIIIIIIIILI
   113      1   -18.9096023059   0.000000006133       0.0000  IIIIIIIIIIIITTTT
   114      1    -8.4848000420   0.000206584704       0.1161  IIIIILLLLLLLIIII
   115      1    -7.4790671168   0.000564784047       0.3174  IIIIVIIIIIIIIIII
   116      1   -15.0091109559   0.000000303128       0.0002  IIILLLLLLLLLLLLI
   117      1   -13.3500754686   0.000001592707       0.0009  IIITILIIIIIIIIII
   118      1   -12.8329788449   0.000002671210       0.0015  IIITTTTTTTTTTTTT
   119      1   -10.1822353703   0.000037836536       0.0213  IIIVIIIIIIIIIIVI
   120      1   -23.4750234226   0.000000000064       0.0000  IILLPVVVVVVVSSLL
   121      1   -15.3051961681   0.000000225444       0.0001  IIMMMMMMMMMMMKMM
   122      1    -8.3015134925   0.000248140983       0.1395  IITTTTTTTTTTTTTT
   123      1   -13.8480398420   0.000000967994       0.0005  IIVLVVVVVVVVVVIV
   124      1    -9.9382647958   0.000048291027       0.0271  IIVVIVVVVVVVVVVV
   125      1   -16.1160924751   0.000000100201       0.0001  IIVVVVVVVVVVMIVV
   126      1    -8.3241552795   0.000242585755       0.1363  ILIIIIIIIIIIIIII
   127      1   -23.5721333539   0.000000000058       0.0000  ITVMMMMMMMMMMMVV
   128      1   -18.3508930653   0.000000010723       0.0000  IVII-LLLLLLLVVLI
   129      1    -7.6093746041   0.000495781821       0.2786  IVIIIIIIIIIIIIII
   130      1   -14.4702671906   0.000000519568       0.0003  KIMMMMMMMMMMMMMM
   131      1   -11.6399702551   0.000008806942       0.0049  KKEAEEEEEEEEEEEE
   132      1    -7.6061972721   0.000497359590       0.2795  KKEEEEEEEEEEEEEE
   133      1    -9.9957683187   0.000045592455       0.0256  KKIKKKKKKKKKKKKK
   134     19    -4.0365286174   0.017658666127       9.9242  KKKKKKKKKKKKKKKK
   135      1    -7.9874833022   0.000339687900       0.1909  KKKKKKKKKKKKKKKR
   136      1    -8.5026342412   0.000202933090       0.1140  KKKKKKKKKKKKKKQK
   137      1    -8.7825356181   0.000153388657       0.0862  KKKKKKKKKKKKNNKK
   138      1    -9.2813370750   0.000093146496       0.0523  KKKKKKRKKKKKKKKK
   139      1    -8.2462142910   0.000262249481       0.1474  KKKKXRRRRRRRKKKK
   140      1    -8.2654302520   0.000257258214       0.1446  KKKNKKKKKKKKKKKK
   141      1    -8.0598942594   0.000315960213       0.1776  KKKQKKKKKKKKKKKK
   142      1   -15.6102174271   0.000000166176       0.0001  KKKR-RRRRRRRTTRR
   143      1    -7.5621296368   0.000519767149       0.2921  KKKRKKKKKKKKKKKK
   144      1   -18.4514694273   0.000000009697       0.0000  KKKRKKNNNNNNKKKE
   145      1   -10.9232914412   0.000018033283       0.0101  KKRRKKKKKKKKKKKK
   146      1   -10.5944996614   0.000025053434       0.0141  KKRRRRRRRRRRRRKR
   147      1    -8.3824530981   0.000228847870       0.1286  KKTKKKKKKKKKKKKK
   148      1   -12.9230694637   0.000002441081       0.0014  KKTKKKKKKKKKQQKK
   149      1    -8.8309527559   0.000146138938       0.0821  KNKKKKKKKKKKKKKK
   150      1   -14.5964021325   0.000000457997       0.0003  LFLL-LLLLLLLLLSL
   151      1   -13.4323560868   0.000001466905       0.0008  LFSSSSSSSSSSSSSS
   152      1   -17.4045303473   0.000000027625       0.0000  LIFFFFFFFFFFSSFF
   153      1   -12.4319855031   0.000003988938       0.0022  LILLLLLLLLLLVVLL
   154      1    -6.8296604606   0.001081225174       0.6076  LL-I-LLLLLLL----
   155      1   -12.6060334285   0.000003351732       0.0019  LL-VVVVVVVVVVVMV
   156      1    -7.3668495253   0.000631855692       0.3551  LLFFFFFFFFFFFFFF
   157      1    -7.1718563741   0.000767895905       0.4316  LLIIIIIIIIIIIIII
   158      1   -16.4549168144   0.000000071404       0.0000  LLLILLLLLLLLVVVL
   159      3    -3.2054655796   0.040540022634      22.7835  LLLL-LLLLLLLLLLL
   160      1    -8.3437338199   0.000237882472       0.1337  LLLLLILLLLLLLLLL
   161      1   -10.7059257091   0.000022411738       0.0126  LLLLLLLLFLLLLLLL
   162      1   -10.3585425078   0.000031720655       0.0178  LLLLLLLLLLLILLLL
   163     37    -3.2616720061   0.038324266013      21.5382  LLLLLLLLLLLLLLLL
   164      1   -15.7144552900   0.000000149727       0.0001  LLLLLMMMMMMMLLLW
   165      1    -8.1314750246   0.000294134026       0.1653  LLLLMLLLLLLLLLLL
   166      1    -3.2054655796   0.040540022634      22.7835  LLLLXLLLLLLLLLLL
   167      1    -7.3852253283   0.000620350865       0.3486  LLLVLLLLLLLLLLLL
   168      1    -7.5213626640   0.000541394324       0.3043  LLML-LLLLLLLLLLL
   169      1   -14.6004059219   0.000000456167       0.0003  LLPPPPPPPPPPLLPP
   170      1    -8.8694557333   0.000140619101       0.0790  LLQQQQQQQQQQQQQQ
   171      1    -8.8599688750   0.000141959483       0.0798  LLSLLLLLLLLLLLLL
   172      1    -9.0714634315   0.000114898270       0.0646  LLSSSSSSSSSSSSSS
   173      1   -20.4505812992   0.000000001313       0.0000  LSLILLFFFFFFLLLL
   174      1   -17.4400248685   0.000000026662       0.0000  LVPP-PPPPPPPSSPP
   175      1   -19.4190055412   0.000000003685       0.0000  MLIMMMMIIIIIMMMM
   176      1    -8.5961253940   0.000184820515       0.1039  MM-MMMMMMMMMMMML
   177      1   -24.2014634349   0.000000000031       0.0000  MMATTAAAVAAATTTT
   178      1    -7.3505557896   0.000642235313       0.3609  MMLLLLLLLLLLLLLL
   179      1    -9.0527558382   0.000117067972       0.0658  MMMIMMMMMMMMMMMM
   180      1    -9.8483547939   0.000052834044       0.0297  MMMMMIIIIIIIMMMM
   181      1   -10.1986233496   0.000037221524       0.0209  MMMMMIMMMMMMMMMM
   182      6    -5.4223761156   0.004416639723       2.4822  MMMMMMMMMMMMMMMM
   183      1    -9.7883438933   0.000056101731       0.0315  MMMMVMMMMMMMMMMM
   184      1   -10.9177359965   0.000018133745       0.0102  MMMRMMMMMMMMMMMM
   185      1    -9.8423984433   0.000053149682       0.0299  MMMTMMMMMMMMMMMM
   186      1    -9.6721403262   0.000063014839       0.0354  MMTMMMMMMMMMMMMM
   187      1   -23.7588865907   0.000000000048       0.0000  MMVE-VAAAAAA--VA
   188      1   -13.7165169343   0.000001104059       0.0006  MRKKKKKKKKKKKKKK
   189      1   -15.6811985107   0.000000154790       0.0001  MTTTTTTTTTTTIITT
   190      1   -20.2961534247   0.000000001533       0.0000  MVMMMMMIMMMMMMMT
   191      1   -22.9877438059   0.000000000104       0.0000  MVMMMTTTMMMMMMMM
   192      1    -9.7281252098   0.000059583897       0.0335  NHNN-NNNNNNNNNNN
   193      1    -7.9309617541   0.000359440553       0.2020  NNDNNNNNNNNNNNNN
   194      1   -30.0713099695   0.000000000000       0.0000  NNDYDGDDDDDDNDGD
   195      1   -18.2489953418   0.000000011873       0.0000  NNGNNNNNNNNNSSSS
   196      1    -8.3847023234   0.000228333718       0.1283  NNHHHHHHHHHHHHHH
   197      1    -9.0869357977   0.000113134204       0.0636  NNHNNNNNNNNNNNNN
   198      2    -8.0986030109   0.000303963475       0.1708  NNNDNNNNNNNNNNNN
   199      1   -10.9981243108   0.000016733057       0.0094  NNNNNNHNNNNNNNNN
   200      1    -9.7590626105   0.000057768749       0.0325  NNNNNNNNNNNNHHNN
   201      6    -4.8681507083   0.007687568707       4.3204  NNNNNNNNNNNNNNNN
   202      1    -8.6519634025   0.000174783341       0.0982  NNNNNNNNNNNNNNNS
   203      2   -12.5368174723   0.000003591942       0.0020  NNNNNNNNNNNNSSSN
   204      1    -9.5006046682   0.000074806583       0.0420  NNNNNNNNNNNNTTNN
   205      1   -23.3992781216   0.000000000069       0.0000  NNNNNTTTTTTTKKHT
   206      1   -19.2285867161   0.000000004458       0.0000  NNNNNYCYYYYYNNNN
   207      1   -10.0807738532   0.000041876998       0.0235  NNNNSNNNNNNNSSNN
   208      1   -11.8940102658   0.000006831200       0.0038  NNNS-NNNNNNNNNNS
   209      1    -9.9044567446   0.000049951564       0.0281  NNSN-NNNNNNNSSSS
   210      1   -12.4270847391   0.000004008535       0.0023  NNSNNDNNNNNNNNNN
   211      1    -7.6846292625   0.000459841238       0.2584  NNSSSSSSSSSSSSSS
   212      1   -19.3824104401   0.000000003822       0.0000  NNYDDDNNNNNNDDDD
   213      1    -8.8015575305   0.000150498486       0.0846  NSNNNNNNNNNNNNNN
   214      1   -22.9724448705   0.000000000105       0.0000  NTNTNNKNNNNNNNSN
   215      1   -32.1556729715   0.000000000000       0.0000  PPAFAPSSSSSSPSPP
   216      1   -36.1673612859   0.000000000000       0.0000  PPKHHHHHHHHHCYYQ
   217      1   -13.5915449625   0.000001251028       0.0007  PPLPPPPPPPPPPPSP
   218      1   -19.7807985895   0.000000002566       0.0000  PPLSSLLLLLLLSSSS
   219      1    -9.4153721737   0.000081462141       0.0458  PPPP-PPPPPPPLLPP
   220      1    -3.7180212779   0.024281967608      13.6465  PPPP-PPPPPPPPPPP
   221      1   -10.2066789688   0.000036922887       0.0208  PPPP-PPPSSSSPPPP
   222      1    -8.3507412100   0.000236221364       0.1328  PPPPAPPPPPPPPPPP
   223     11    -3.7650674666   0.023166049249      13.0193  PPPPPPPPPPPPPPPP
   224      1   -19.2959990570   0.000000004167       0.0000  PPPPSAPPPPPPPPTP
   225      1   -18.6950043698   0.000000007601       0.0000  PPPPSPPPPPPPPPTS
   226      1   -12.6027448198   0.000003362772       0.0019  PPSPSPPPPPPPPPPP
   227      1   -18.0110803049   0.000000015062       0.0000  PPSSLPPPPPPPPPPP
   228      1    -8.8027755768   0.000150315284       0.0845  PPTTTTTTTTTTTTTT
   229      1   -25.9779339502   0.000000000005       0.0000  QHITIIIIIIIIVVVI
   230      1   -12.9589113890   0.000002355138       0.0013  QHNNNNNNNNNNNNNN
   231      1   -12.4947327232   0.000003746334       0.0021  QQEEEKEEEEEEEEEE
   232      1   -33.2223515895   0.000000000000       0.0000  QQHFNHYHHPPHHHHH
   233      1   -12.4628039695   0.000003867880       0.0022  QQKHQQQQQQQQQQQQ
   234      1   -20.5046012016   0.000000001244       0.0000  QQKQSQQQQQQQKRKK
   235      1    -4.6603324662   0.009463315646       5.3184  QQQ-QQ-QQQQQQQQQ
   236      1   -13.3884543967   0.000001532739       0.0009  QQQHQKKKKKKKQQQQ
   237      1    -4.7429261169   0.008713113259       4.8968  QQQQ-QQQQQQQQQQQ
   238      1   -21.5130011810   0.000000000454       0.0000  QQQQEKQQQQQQQQKR
   239      1   -14.6161870681   0.000000449025       0.0003  QQQQHQQEQQQQQQQQ
   240      1    -9.6657183936   0.000063420818       0.0356  QQQQQQQQQQQQHHQQ
   241      1    -9.5948554319   0.000068078069       0.0383  QQQQQQQQQQQQQQQH
   242      5    -4.8499306746   0.007828920274       4.3999  QQQQQQQQQQQQQQQQ
   243      1   -14.3593004161   0.000000580544       0.0003  QQQRQQEEEEEEQQQQ
   244      1   -24.6037805162   0.000000000021       0.0000  QQRQEQQQQQQQKEDE
   245      1   -27.2409451141   0.000000000001       0.0000  QQRRRRRRGGGGLSRR
   246      1   -25.7969353785   0.000000000006       0.0000  QQWRQHQQQQQQQQRQ
   247      1    -8.2827747808   0.000252834665       0.1421  RKKKKKKKKKKKKKKK
   248      1   -17.3049245844   0.000000030519       0.0000  RKKKRKKKKKKKRKKK
   249      1    -7.0644713232   0.000854946791       0.4805  RRKKKKKKKKKKKKKK
   250      1    -9.2830946358   0.000092982929       0.0523  RRKRKRRRRRRRKKKK
   251      1   -14.5134045153   0.000000497632       0.0003  RRKRRRRRRRRRKRKR
   252      1   -20.1128130002   0.000000001841       0.0000  RRNGGGGGGGGGGGVG
   253      1   -31.5550845362   0.000000000000       0.0000  RRRQRQQRLLLLQQRQ
   254      1    -9.2695541445   0.000094250527       0.0530  RRRRKRRRRRRRKKRR
   255      1    -7.8193918227   0.000401866014       0.2258  RRRRKRRRRRRRRRRR
   256      1   -18.0607079236   0.000000014333       0.0000  RRRRKTRRRRRRKKRK
   257      1   -14.0224222166   0.000000813091       0.0005  RRRRRRRRRRRCRRRR
   258      1    -9.0144909320   0.000121634376       0.0684  RRRRRRRRRRRRQQRR
   259     11    -4.2154288713   0.014765987701       8.2985  RRRRRRRRRRRRRRRR
   260      1   -12.8546134262   0.000002614041       0.0015  RRSQRRRRRRRRRRRR
   261      1   -16.6748107479   0.000000057309       0.0000  SFSS-SSSSSSSSSSC
   262      1   -17.8297181209   0.000000018057       0.0000  SFYSYSSSSSSSYYYY
   263      1    -9.8430080113   0.000053117293       0.0299  SLLLLLLLLLLLLLLL
   264      1    -8.8772194244   0.000139531605       0.0784  SNNN-NNNNNNNNNNN
   265      1   -30.6133802296   0.000000000000       0.0000  SSDN-SSNNNNNNNAE
   266      1   -21.6041848242   0.000000000414       0.0000  SSFCSSSSSSSSSSSC
   267      1   -22.2084043985   0.000000000226       0.0000  SSHSGDDDDDDDGGGG
   268      1   -27.7141302159   0.000000000001       0.0000  SSLSLLLLLLLLWWLS
   269      1   -12.8986562772   0.000002501409       0.0014  SSLTSSSSSSSSSSSS
   270      1    -7.7269007701   0.000440808168       0.2477  SSNNNNNNNNNNNNNN
   271      1   -19.6827875617   0.000000002831       0.0000  SSNNSGSSSSSSSSNS
   272      1   -15.3707527030   0.000000211138       0.0001  SSPPPPPSSSSSPPPP
   273      1   -12.5973557226   0.000003380944       0.0019  SSQQEQQQQQQQQQQQ
   274      1   -26.3697577986   0.000000000004       0.0000  SSSFSSSSSYYYFFSS
   275      1   -10.3097274691   0.000033307516       0.0187  SSSISSSSSSSSSSSS
   276      1    -8.1585316917   0.000286282437       0.1609  SSSNSSSSSSSSSSSS
   277      1    -8.8444628806   0.000144177860       0.0810  SSSPSSSSSSSSSSSS
   278      1    -9.1607481448   0.000105084250       0.0591  SSSRSSSSSSSSSSSS
   279      1   -10.0124551072   0.000044837976       0.0252  SSSSSPSSSSSSSSSS
   280      1   -10.2893006199   0.000033994880       0.0191  SSSSSSSGSSSSSSSS
   281      1    -9.9704856328   0.000046759850       0.0263  SSSSSSSNSSSSSSSS
   282      1   -11.6388970527   0.000008816399       0.0050  SSSSSSSSSSSSSLSS
   283     20    -4.2205690830   0.014690282136       8.2559  SSSSSSSSSSSSSSSS
   284      1    -9.3361990241   0.000088173947       0.0496  SSSSSSTSSSSSSSSS
   285      1   -15.2550947204   0.000000237026       0.0001  SSSTSSFSSSSSSSSS
   286      1   -31.1427802308   0.000000000000       0.0000  SSTSTLLLLLLLIIIM
   287      1   -10.7590278594   0.000021252673       0.0119  SSTT-SSSSSSSTTTT
   288      1    -8.4217877257   0.000220020964       0.1237  TATTTTTTTTTTTTTT
   289      1   -22.1645731116   0.000000000237       0.0000  TTATTAAAAAAATSAA
   290      1    -8.2574637093   0.000259315858       0.1457  TTII-IIIIIIIIIII
   291      1    -8.3527908264   0.000235737697       0.1325  TTIIIIIIIIIIIIII
   292      1    -8.6206110800   0.000180350013       0.1014  TTITTTTTTTTTTTTT
   293      1   -22.1702862117   0.000000000235       0.0000  TTITYTTTTTTTITTT
   294      1   -19.6503542024   0.000000002924       0.0000  TTLLMMLMMMMMMMMM
   295      1   -19.8290794118   0.000000002445       0.0000  TTRIMIIIIIIIIIII
   296      1    -7.0892810357   0.000833996764       0.4687  TTSSSSSSSSSSSSSS
   297      1    -7.2091192446   0.000739808459       0.4158  TTSTTTTTTTTTTTTT
   298      1   -11.2332189799   0.000013227415       0.0074  TTTAAAAAAAAAAAAA
   299      1   -17.6286995576   0.000000022078       0.0000  TTTIIIIIIIIITTII
   300      1    -7.7769829880   0.000419275227       0.2356  TTTTSTTTTTTTTTTT
   301      1   -11.4958782223   0.000010171934       0.0057  TTTTTTTMTTTTTTTT
   302      1   -14.7235252244   0.000000403324       0.0002  TTTTTTTTIIIITTTS
   303      7    -4.0891441739   0.016753565563       9.4155  TTTTTTTTTTTTTTTT
   304      2    -8.4808400418   0.000207404401       0.1166  VAAAAAAAAAAAAAAA
   305      1   -35.9851194097   0.000000000000       0.0000  VEDSRLRRRRRRSSSS
   306      1    -7.7804188542   0.000417837125       0.2348  VIIIIIIIIIIIIIII
   307      1   -20.4021893793   0.000000001379       0.0000  VIIIISIIIIIIIIIF
   308      1   -24.4046653452   0.000000000025       0.0000  VITNTTTTTTTTTTSI
   309      1   -28.0759157792   0.000000000001       0.0000  VLIMEVVLVVVVVVVV
   310      1   -25.9775865272   0.000000000005       0.0000  VMNEKQQQQQQQKKKK
   311      1   -11.5301464426   0.000009829265       0.0055  VVLFLLLLLLLLLLLL
   312      1   -28.4492609009   0.000000000000       0.0000  VVMTMMMMMMMMMVIK
   313      1   -20.8520977744   0.000000000879       0.0000  VVTAIVVVVVVVMMVV
   314      1    -8.9835849265   0.000125452303       0.0705  VVVI-IIIIIIIIIII
   315      1   -20.1221548490   0.000000001824       0.0000  VVVLVIIIIIIILLVA
   316      1    -9.5833060855   0.000068868885       0.0387  VVVVAVVVVVVVAAVV
   317      1    -9.6957594435   0.000061543923       0.0346  VVVVEVVVVVVVVVVV
   318      1   -15.4110706426   0.000000202795       0.0001  VVVVVMMIMMMMVVVV
   319      1   -10.0472505863   0.000043304648       0.0243  VVVVVVVVVVVIVVVV
   320      8    -3.8534434816   0.021206586077      11.9181  VVVVVVVVVVVVVVVV
   321      1   -16.8724975656   0.000000047029       0.0000  WGWWWWWWWWWWWWSW
   322      4    -4.7668895456   0.008506799061       4.7808  WWWWWWWWWWWWWWWW
   323      1   -19.8123178685   0.000000002487       0.0000  YHHYHYYYYYYYHHHY
   324      1   -12.2730410393   0.000004676124       0.0026  YYFVFFFFFFFFFFFF
   325      1    -8.2987223038   0.000248834559       0.1398  YYHH-HHHHHHHHHHH
   326      1   -15.5978867989   0.000000168238       0.0001  YYQQQQQQQQQQQQQH
   327      1   -12.3214011390   0.000004455367       0.0025  YYYYFFFFFFFFYYYY
   328      1    -8.7614749679   0.000156653379       0.0880  YYYYYFYYYYYYYYYY
   329      5    -4.1583094810   0.015633965107       8.7863  YYYYYYYYYYYYYYYY