

TREE # 1

  0  0.0000   5248.118585  x:  0.00590   0.04113   0.01346   0.00394   0.01536   0.00549   0.00469   0.00195   0.00332   0.00652   0.00909   0.02008   0.03148   0.03854   0.10710   0.12668   0.05336   0.06072   0.01044   0.00000   0.01646   0.06352   0.01862   0.01908   0.11494   0.06991   0.00171   0.07638   0.11644  
  1 99.0000   5241.703378  x:  0.00563   0.04163   0.01336   0.00390   0.01507   0.00416   0.00416   0.00000   0.00138   0.00611   0.00861   0.02003   0.03089   0.03851   0.10727   0.12744   0.05341   0.06082   0.01180   0.00539   0.01660   0.06373   0.01863   0.01905   0.11440   0.07015   0.00549   0.07645   0.11680  
  2 2274.5166   5239.602905  x:  0.00537   0.04197   0.01327   0.00389   0.01488   0.00334   0.00391   0.00000   0.00000   0.00588   0.00832   0.02000   0.03048   0.03849   0.10739   0.12797   0.05345   0.06090   0.01249   0.00494   0.01657   0.06387   0.01864   0.01903   0.11403   0.07027   0.00638   0.07646   0.11703  
  3 1194.3901   5236.238065  x:  0.00098   0.04658   0.01210   0.00429   0.01333   0.00378   0.00717   0.00000   0.00000   0.00663   0.00735   0.01958   0.02472   0.03847   0.10915   0.13630   0.05386   0.06207   0.01548   0.00535   0.01624   0.06578   0.01872   0.01882   0.10796   0.07208   0.00512   0.07600   0.12037  
  4 492.6232   5233.859973  x:  0.00513   0.05217   0.01126   0.00434   0.01219   0.00496   0.00859   0.00000   0.00000   0.00710   0.00732   0.01918   0.01806   0.03844   0.11152   0.14745   0.05424   0.06363   0.01733   0.00555   0.01589   0.06821   0.01883   0.01859   0.09963   0.07437   0.00404   0.07540   0.12489  
  5 1103.5846   5231.087333  x:  0.00385   0.05634   0.01290   0.00411   0.01459   0.00662   0.00429   0.00000   0.00000   0.00609   0.01000   0.01928   0.01719   0.03839   0.11442   0.16166   0.05432   0.06524   0.01171   0.00523   0.01607   0.07082   0.01889   0.01852   0.08823   0.07679   0.00532   0.07478   0.13069  
  6 557.8271   5229.976000  x:  0.00446   0.05579   0.01321   0.00452   0.01512   0.00485   0.00503   0.00000   0.00000   0.00660   0.00787   0.01961   0.02341   0.03832   0.11597   0.17014   0.05390   0.06563   0.01133   0.00567   0.01654   0.07165   0.01874   0.01876   0.08113   0.07760   0.00404   0.07464   0.13394  
  7 330.6369   5229.805951  x:  0.00447   0.05413   0.01284   0.00344   0.01453   0.00550   0.00542   0.00000   0.00000   0.00660   0.00860   0.01971   0.02417   0.03829   0.11616   0.17184   0.05358   0.06539   0.01192   0.00547   0.01673   0.07137   0.01865   0.01885   0.07983   0.07741   0.00450   0.07480   0.13445  
  8 140.4388   5229.685129  x:  0.00445   0.05189   0.01247   0.00438   0.01387   0.00601   0.00520   0.00000   0.00000   0.00644   0.00912   0.01980   0.02421   0.03828   0.11625   0.17342   0.05319   0.06501   0.01243   0.00538   0.01691   0.07085   0.01855   0.01894   0.07877   0.07704   0.00465   0.07503   0.13483  
  9 171.4968   5229.604183  x:  0.00438   0.04978   0.01250   0.00406   0.01375   0.00569   0.00471   0.00000   0.00000   0.00638   0.00853   0.01980   0.02340   0.03829   0.11625   0.17470   0.05283   0.06458   0.01229   0.00556   0.01703   0.07022   0.01850   0.01899   0.07816   0.07657   0.00417   0.07527   0.13501  
 10 108.8967   5229.581381  x:  0.00443   0.04910   0.01270   0.00411   0.01402   0.00552   0.00515   0.00000   0.00000   0.00652   0.00837   0.01977   0.02305   0.03830   0.11622   0.17521   0.05270   0.06440   0.01199   0.00550   0.01705   0.06992   0.01851   0.01899   0.07807   0.07634   0.00440   0.07540   0.13504  
 11 70.7646   5229.575935  x:  0.00443   0.04908   0.01282   0.00411   0.01431   0.00538   0.00519   0.00000   0.00000   0.00650   0.00859   0.01971   0.02303   0.03831   0.11616   0.17556   0.05269   0.06427   0.01215   0.00553   0.01703   0.06968   0.01854   0.01897   0.07825   0.07615   0.00430   0.07549   0.13496  
 12 18.2790   5229.567798  x:  0.00442   0.04935   0.01274   0.00411   0.01433   0.00557   0.00509   0.00000   0.00000   0.00659   0.00845   0.01961   0.02314   0.03833   0.11597   0.17648   0.05273   0.06398   0.01216   0.00551   0.01701   0.06907   0.01859   0.01894   0.07891   0.07567   0.00438   0.07572   0.13470  
 13 17.7725   5229.566129  x:  0.00443   0.04941   0.01273   0.00411   0.01421   0.00550   0.00515   0.00000   0.00000   0.00645   0.00848   0.01966   0.02316   0.03834   0.11592   0.17670   0.05275   0.06393   0.01207   0.00552   0.01703   0.06898   0.01858   0.01894   0.07908   0.07558   0.00436   0.07575   0.13462  
 14 15.3321   5229.565359  x:  0.00443   0.04940   0.01275   0.00411   0.01414   0.00544   0.00513   0.00000   0.00000   0.00655   0.00854   0.01974   0.02316   0.03834   0.11587   0.17682   0.05277   0.06394   0.01205   0.00552   0.01706   0.06902   0.01856   0.01896   0.07918   0.07559   0.00435   0.07572   0.13454  
 15  6.3203   5229.563158  x:  0.00443   0.04927   0.01279   0.00411   0.01423   0.00551   0.00513   0.00000   0.00000   0.00650   0.00848   0.01987   0.02317   0.03833   0.11571   0.17715   0.05286   0.06405   0.01211   0.00551   0.01710   0.06931   0.01851   0.01900   0.07947   0.07574   0.00437   0.07555   0.13426  
 16  5.8631   5229.560988  x:  0.00443   0.04916   0.01268   0.00411   0.01422   0.00546   0.00513   0.00000   0.00000   0.00651   0.00852   0.01961   0.02319   0.03832   0.11559   0.17737   0.05286   0.06413   0.01206   0.00551   0.01699   0.06952   0.01858   0.01895   0.07963   0.07587   0.00438   0.07541   0.13400  
 17  6.9199   5229.553925  x:  0.00443   0.04919   0.01310   0.00411   0.01403   0.00552   0.00512   0.00000   0.00000   0.00650   0.00849   0.01955   0.02322   0.03837   0.11544   0.17748   0.05260   0.06412   0.01212   0.00551   0.01670   0.06958   0.01873   0.01874   0.07949   0.07598   0.00440   0.07535   0.13351  
 18  3.1561   5229.506949  x:  0.00441   0.04963   0.01250   0.00410   0.01430   0.00532   0.00510   0.00000   0.00000   0.00649   0.00849   0.02021   0.02313   0.03849   0.11488   0.17766   0.05115   0.06392   0.01210   0.00549   0.01646   0.06941   0.01889   0.01847   0.07831   0.07629   0.00447   0.07535   0.13105  
 19 13.8490   5229.416604  x:  0.00439   0.05020   0.01289   0.00412   0.01413   0.00514   0.00506   0.00000   0.00000   0.00646   0.00842   0.01924   0.02298   0.03839   0.11447   0.17779   0.05058   0.06405   0.01222   0.00539   0.01805   0.06909   0.01816   0.01969   0.07684   0.07633   0.00455   0.07555   0.12834  
 20 25.5090   5228.639816  x:  0.00427   0.05024   0.01266   0.00409   0.01397   0.00332   0.00473   0.00000   0.00000   0.00622   0.00807   0.01969   0.02252   0.03682   0.11566   0.17872   0.05926   0.06756   0.01290   0.00493   0.01706   0.06705   0.01778   0.01826   0.07239   0.07453   0.00515   0.07717   0.12278  
 21 18.0457   5227.595404  x:  0.00412   0.05073   0.01252   0.00404   0.01368   0.00126   0.00432   0.00000   0.00000   0.00594   0.00767   0.02012   0.02217   0.03882   0.11745   0.18038   0.05915   0.06619   0.01374   0.00431   0.01722   0.06829   0.02154   0.02049   0.07316   0.07486   0.00580   0.07705   0.12484  
 22 38.1951   5227.359017  x:  0.00408   0.05094   0.01250   0.00403   0.01368   0.00077   0.00422   0.00000   0.00000   0.00587   0.00758   0.01977   0.02214   0.03868   0.11768   0.18082   0.05808   0.06560   0.01393   0.00416   0.01727   0.06868   0.01948   0.01917   0.07379   0.07521   0.00595   0.07685   0.12601  
 23 93.6009   5227.350056  x:  0.00407   0.05097   0.01254   0.00404   0.01366   0.00075   0.00421   0.00000   0.00000   0.00587   0.00758   0.01981   0.02214   0.03774   0.11739   0.18085   0.05778   0.06589   0.01394   0.00416   0.01706   0.06850   0.01952   0.01943   0.07388   0.07536   0.00595   0.07691   0.12624  
 24 14.3583   5227.347473  x:  0.00407   0.05096   0.01254   0.00404   0.01366   0.00075   0.00421   0.00000   0.00000   0.00587   0.00757   0.01981   0.02214   0.03773   0.11702   0.18086   0.05765   0.06632   0.01395   0.00415   0.01731   0.06832   0.01969   0.01923   0.07391   0.07548   0.00595   0.07700   0.12641  
 25  5.5167   5227.345029  x:  0.00407   0.05096   0.01253   0.00404   0.01366   0.00075   0.00421   0.00000   0.00000   0.00586   0.00757   0.01981   0.02214   0.03800   0.11660   0.18086   0.05756   0.06671   0.01396   0.00415   0.01714   0.06815   0.01956   0.01939   0.07390   0.07552   0.00595   0.07709   0.12658  
 26  5.4778   5227.305321  x:  0.00406   0.05123   0.01252   0.00404   0.01366   0.00076   0.00418   0.00000   0.00000   0.00584   0.00754   0.01979   0.02208   0.03783   0.11396   0.18075   0.05780   0.06596   0.01403   0.00413   0.01714   0.06949   0.01960   0.01928   0.07323   0.07382   0.00599   0.07704   0.12739  
 27  1.3374   5226.570885  x:  0.00382   0.05211   0.01245   0.00403   0.01343   0.00114   0.00360   0.00000   0.00000   0.00545   0.00707   0.01955   0.02188   0.03749   0.10927   0.18250   0.05952   0.05945   0.01512   0.00330   0.01720   0.06672   0.01828   0.01880   0.07357   0.08179   0.00694   0.07531   0.13245  
 28  4.0106   5225.462769  x:  0.00327   0.05296   0.01231   0.00403   0.01306   0.00169   0.00270   0.00000   0.00000   0.00486   0.00638   0.01919   0.02166   0.03674   0.11624   0.18602   0.05180   0.06587   0.01687   0.00222   0.01672   0.07011   0.01641   0.01776   0.07748   0.07742   0.00830   0.07601   0.13730  
 29 38.2794   5225.461376  x:  0.00327   0.05298   0.01231   0.00403   0.01306   0.00169   0.00270   0.00000   0.00000   0.00486   0.00637   0.01919   0.02166   0.03674   0.11625   0.18600   0.05178   0.06594   0.01688   0.00222   0.01675   0.06991   0.01642   0.01776   0.07745   0.07727   0.00832   0.07543   0.13733  
 30  4.0031   5225.061080  x:  0.00287   0.05351   0.01211   0.00406   0.01287   0.00168   0.00357   0.00000   0.00000   0.00491   0.00660   0.01941   0.02132   0.03804   0.11748   0.18734   0.05217   0.06513   0.01839   0.00116   0.01678   0.07079   0.01867   0.01874   0.07806   0.07718   0.00961   0.07532   0.13876  
 31  0.0083   5225.010311  x:  0.00255   0.05337   0.01216   0.00404   0.01315   0.00167   0.00327   0.00000   0.00000   0.00529   0.00708   0.01949   0.02126   0.03841   0.11723   0.18672   0.05324   0.06467   0.01885   0.00129   0.01685   0.07064   0.01894   0.01890   0.07781   0.07697   0.01000   0.07538   0.13767  
 32  0.0020   5224.983928  x:  0.00243   0.05328   0.01214   0.00402   0.01320   0.00172   0.00358   0.00000   0.00000   0.00522   0.00692   0.01946   0.02123   0.03834   0.11692   0.18611   0.05341   0.06468   0.01934   0.00148   0.01686   0.07047   0.01855   0.01874   0.07775   0.07679   0.01045   0.07536   0.13685  
 33  0.0012   5224.971127  x:  0.00242   0.05330   0.01212   0.00402   0.01311   0.00173   0.00340   0.00000   0.00000   0.00504   0.00675   0.01945   0.02132   0.03833   0.11685   0.18619   0.05327   0.06460   0.01957   0.00141   0.01686   0.07047   0.01868   0.01880   0.07766   0.07695   0.01100   0.07529   0.13686  
 34  0.0006   5224.966566  x:  0.00254   0.05335   0.01211   0.00404   0.01307   0.00174   0.00341   0.00000   0.00000   0.00515   0.00686   0.01943   0.02133   0.03824   0.11699   0.18644   0.05294   0.06476   0.01946   0.00146   0.01684   0.07055   0.01865   0.01877   0.07778   0.07699   0.01123   0.07523   0.13732  
 35  0.0006   5224.965657  x:  0.00255   0.05337   0.01211   0.00403   0.01312   0.00172   0.00341   0.00000   0.00000   0.00512   0.00685   0.01944   0.02124   0.03830   0.11700   0.18648   0.05314   0.06473   0.01931   0.00148   0.01683   0.07055   0.01867   0.01878   0.07778   0.07695   0.01132   0.07523   0.13731  
 36  0.0002   5224.965539  x:  0.00253   0.05337   0.01210   0.00403   0.01310   0.00171   0.00342   0.00000   0.00000   0.00513   0.00684   0.01944   0.02126   0.03830   0.11696   0.18645   0.05312   0.06473   0.01927   0.00147   0.01684   0.07054   0.01865   0.01878   0.07777   0.07695   0.01135   0.07524   0.13725  
 37  0.0001   5224.965530  x:  0.00253   0.05337   0.01210   0.00403   0.01310   0.00171   0.00342   0.00000   0.00000   0.00513   0.00684   0.01944   0.02127   0.03829   0.11697   0.18644   0.05310   0.06473   0.01926   0.00147   0.01684   0.07054   0.01866   0.01878   0.07777   0.07695   0.01135   0.07524   0.13724  
 38  0.0000   5224.965529  x:  0.00253   0.05337   0.01210   0.00403   0.01310   0.00171   0.00342   0.00000   0.00000   0.00513   0.00684   0.01944   0.02127   0.03829   0.11698   0.18643   0.05311   0.06473   0.01926   0.00147   0.01684   0.07055   0.01866   0.01878   0.07777   0.07695   0.01135   0.07524   0.13725  
 39  0.0000   5224.965528  x:  0.00253   0.05337   0.01210   0.00403   0.01310   0.00171   0.00342   0.00000   0.00000   0.00513   0.00684   0.01944   0.02127   0.03829   0.11697   0.18643   0.05311   0.06473   0.01926   0.00147   0.01684   0.07054   0.01866   0.01878   0.07777   0.07695   0.01135   0.07524   0.13725  
 40  0.0000   5224.965528  x:  0.00253   0.05337   0.01210   0.00403   0.01310   0.00171   0.00342   0.00000   0.00000   0.00513   0.00684   0.01944   0.02127   0.03829   0.11697   0.18643   0.05311   0.06473   0.01926   0.00147   0.01684   0.07054   0.01866   0.01878   0.07777   0.07695   0.01135   0.07524   0.13725  
 41  0.0000   5224.965528  x:  0.00253   0.05337   0.01210   0.00403   0.01310   0.00171   0.00342   0.00000   0.00000   0.00513   0.00684   0.01944   0.02127   0.03829   0.11697   0.18644   0.05311   0.06473   0.01926   0.00147   0.01684   0.07054   0.01866   0.01878   0.07777   0.07695   0.01135   0.07524   0.13725  
 42  0.0000   5224.965528  x:  0.00253   0.05337   0.01210   0.00403   0.01310   0.00171   0.00342   0.00000   0.00000   0.00513   0.00684   0.01944   0.02127   0.03829   0.11697   0.18644   0.05311   0.06473   0.01926   0.00147   0.01684   0.07054   0.01866   0.01878   0.07777   0.07695   0.01135   0.07524   0.13725  
 43  0.0000   5224.965528  x:  0.00253   0.05337   0.01210   0.00403   0.01310   0.00171   0.00342   0.00000   0.00000   0.00513   0.00684   0.01944   0.02127   0.03829   0.11697   0.18644   0.05311   0.06473   0.01926   0.00147   0.01684   0.07054   0.01866   0.01878   0.07777   0.07695   0.01135   0.07524   0.13725  