     1    404    185


 1

     1      1    -3.9472461196   0.019307800000       7.8004  -----C----------
     2      2    -2.7801597100   0.062028600000      25.0596  -----K----------
     3      1    -3.0842771894   0.045763100000      18.4883  -----P----------
     4      1    -3.3042131493   0.036728100000      14.8382  -----Q----------
     5      1    -2.6661710056   0.069517900000      28.0852  -----S----------
     6      1    -2.6465469066   0.070895600000      28.6418  -----V----------
     7      1    -3.4304054999   0.032373810533      13.0790  --EEEEEEEEEEEEEE
     8      1    -4.1827917495   0.015255857527       6.1634  --HHHHHHHHHHHHHH
     9      1   -20.0644083662   0.000000001933       0.0000  --TIIIIIIRTTTTTT
    10      1    -3.6886304793   0.025006225146      10.1025  --YYYYYYYYYYYYYY
    11      1   -14.5839548833   0.000000463734       0.0002  -SASSSSSS-SSPPSS
    12      1    -2.5102093532   0.081251227254      32.8255  AA--------------
    13      1    -3.0813832465   0.045895727618      18.5419  AA-AAAAAAAAAAAAA
    14      5    -3.2262442050   0.039706347993      16.0414  AAAAAAAAAAAAAAAA
    15      1    -8.3554561285   0.000235110221       0.0950  AAAAAAAAATTTTTTT
    16      1   -12.4631996822   0.000003866350       0.0016  AAEAATAAAAAAAAAA
    17      1   -17.3832003990   0.000000028221       0.0000  ATSCCSSSSSSSSSSS
    18      8    -4.2898460724   0.013707035026       5.5376  CCCCCCCCCCCCCCCC
    19      1    -8.7964074555   0.000151275564       0.0611  CCSSSSSSSSSSSSSS
    20     14    -3.5532157707   0.028632416164      11.5675  DDDDDDDDDDDDDDDD
    21      1    -8.7854762226   0.000152938264       0.0618  DDDDDDDNDDDDDDDD
    22      1   -16.8639139832   0.000000047435       0.0000  DDDGGDDDYDDDDDDD
    23      2    -6.4283816200   0.001615062505       0.6525  DDEEEEEEEEEEEEEE
    24      1    -7.9620799911   0.000348427637       0.1408  DDGDDDDDD-------
    25      1    -8.0826923023   0.000308838429       0.1248  DDGDDDDDDDDDDDDD
    26      1   -17.7611196126   0.000000019339       0.0000  DDVDDDDDDDDDGGDD
    27      1   -15.2225667193   0.000000244863       0.0001  DDVIVVVVVVVVVVVV
    28      1   -11.4954309383   0.000010176485       0.0041  EDQQQQQQQQQQQQQQ
    29      1   -13.3367626282   0.000001614052       0.0007  EEAEDEEEEEEEEEEE
    30      1    -6.3255040824   0.001790063684       0.7232  EEDDDDDDDDDDDDDD
    31      1   -11.8033766330   0.000007479261       0.0030  EEDDDGDDDDDDDDDD
    32      1    -6.7123687235   0.001215780862       0.4912  EEDEEEEEEEEEEEEE
    33      1    -7.4852613120   0.000561296477       0.2268  EEEDDEEEEEEEEEEE
    34      1    -7.6250214140   0.000488084792       0.1972  EEEEEDEEEEEEEEEE
    35      1    -9.3427042414   0.000087602218       0.0354  EEEEEEAEEEEEEEEE
    36      1    -8.3424266345   0.000238193632       0.0962  EEEEEEEEDEEEEEEE
    37     17    -3.7082937519   0.024519323650       9.9058  EEEEEEEEEEEEEEEE
    38      1    -9.5920785522   0.000068267377       0.0276  EEEVVEEEEEEEEEEE
    39      1   -16.6430885138   0.000000059156       0.0000  EETKKKRKKKKKKKKK
    40      1   -15.0039225401   0.000000304705       0.0001  EQQQQQQQQPQQQQQQ
    41     11    -3.7582787890   0.023323851115       9.4228  FFFFFFFFFFFFFFFF
    42      1    -8.5533007153   0.000192907315       0.0779  FFFFFFFFFLLLLLLL
    43      1   -17.1322222913   0.000000036272       0.0000  FFFLLLLLLFFFFFFF
    44      1    -7.1658543451   0.000772518698       0.3121  FFLLLLLLLLLLLLLL
    45      1    -9.0475517210   0.000117678795       0.0475  FFSSSSSSSSSSSSSS
    46      1   -10.9328570907   0.000017861606       0.0072  FSSSSSSSSSSSSSSS
    47      1   -10.1827548520   0.000037816885       0.0153  GEEEEEEEEEEEEEEE
    48      2    -8.1857050132   0.000278607936       0.1126  GGEGGGGGGGGGGGGG
    49      1   -16.0274095583   0.000000109493       0.0000  GGGGGEGGGGAAAAAA
    50     10    -2.8346905165   0.058736701058      23.7296  GGGGGGGGGGGGGGGG
    51      1    -9.3699371632   0.000085248745       0.0344  GGGGGRGGGGGGGGGG
    52      1   -13.5915938757   0.000001250967       0.0005  GGVVVVVVIVVVVVVV
    53      1   -14.3262192867   0.000000600070       0.0002  HHDRRHHHHHHHHHHH
    54      1    -4.4081088059   0.012178187882       4.9200  HHHHHHHHHHHHHHHH
    55      1   -10.0514552206   0.000043122950       0.0174  HHHHHHYHHHHHHHHH
    56      1   -25.0348446595   0.000000000013       0.0000  HHSSSSSNNNSSSSSS
    57      1   -15.2548400170   0.000000237087       0.0001  HQQQQQQQQHHHHHHH
    58      1   -13.7184043965   0.000001101977       0.0004  HQYHHHHHHHHHHHHH
    59      2    -5.9638323505   0.002570043766       1.0383  II-VVVVVVVVVVVVV
    60      9    -3.8848747147   0.020550403264       8.3024  IIIIIIIIIIIIIIII
    61      1    -7.5164484495   0.000544061400       0.2198  IIIIIIIIIVIIIIII
    62      1   -11.8155894270   0.000007388473       0.0030  IIIIIIIVIVVVVVVV
    63      1   -12.6550607784   0.000003191368       0.0013  IIITTIIIIVIIIIII
    64      1   -26.4811153208   0.000000000003       0.0000  IIITTIVIITIMIIII
    65      1   -20.0723886302   0.000000001917       0.0000  IILRHLLLLLLLLLLL
    66      1    -8.3194357155   0.000243733360       0.0985  IIMIIIIIIIIIIIII
    67      1   -16.8466803900   0.000000048259       0.0000  IITIIGIIIIIIIIII
    68      1   -12.5633275132   0.000003497971       0.0014  IIVIIIIMIIIIIIII
    69      1   -20.0280496963   0.000000002004       0.0000  IIVVVVVIILLLLLLL
    70      2    -7.1933980423   0.000751531042       0.3036  KKEEEEEEEEEEEEEE
    71      1   -18.6885722165   0.000000007650       0.0000  KKEEEKEEEREEEEEE
    72      1   -17.5673867787   0.000000023474       0.0000  KKEGGEEEEQEEEEEE
    73      1    -7.4131405619   0.000603273100       0.2437  KKEKKKKKKKKKKKKK
    74      1   -24.0633718166   0.000000000035       0.0000  KKGRRGGGGGGGEEEE
    75      1   -17.7740462028   0.000000019091       0.0000  KKGSSNSSSNNNNNNN
    76     22    -3.5651361551   0.028293132966      11.4304  KKKKKKKKKKKKKKKK
    77      1   -10.2924427129   0.000033888233       0.0137  KKKKKKKKKKRKKKKK
    78      1    -8.0529050936   0.000318176247       0.1285  KKKKKKKKKRKKKKKK
    79      1    -8.0901529830   0.000306542858       0.1238  KKKKKKKKKRRRRRRR
    80      1    -9.6841985879   0.000062259552       0.0252  KKKKRKKKKKKKKKKK
    81      1   -12.2734351246   0.000004674281       0.0019  KKKRRKKKKRRRRRRR
    82      2    -7.6790292467   0.000462423580       0.1868  KKNKKKKKKKKKKKKK
    83      1    -6.9748546622   0.000935102263       0.3778  KKRKKKKKKKKKKKKK
    84      1    -6.6354616321   0.001312972495       0.5304  KKRRRRRRRRRRRRRR
    85      1    -9.2021511804   0.000100822281       0.0407  KNKKKKKKKKKKKKKK
    86      1   -11.4177873378   0.000010998108       0.0044  KRKRRRRRRRRRRRRR
    87      1   -24.6623919632   0.000000000019       0.0000  KTFSSSSLSSSSSSSS
    88      2    -2.8634999172   0.057068674694      23.0557  LL-LLLLLLLLLLLLL
    89      1   -12.0711072053   0.000005722486       0.0023  LLIFFFFFFFFFFFFF
    90      1   -10.1633641077   0.000038557339       0.0156  LLLFLLLLLLLLLLLL
    91      1    -8.3429601469   0.000238066587       0.0962  LLLLLFLLLLLLLLLL
    92     23    -2.9575193746   0.051947620063      20.9868  LLLLLLLLLLLLLLLL
    93      1   -13.7599563755   0.000001057126       0.0004  LLPPPPPPPSPPPPPP
    94      1   -13.7194314676   0.000001100846       0.0004  LLQQQQQQQHQQQQQQ
    95      1    -8.7176735551   0.000163667512       0.0661  LLRLLLLLLLLLLLLL
    96      1    -6.8589330233   0.001050033697       0.4242  LLVVVVVVVVVVVVVV
    97      1    -9.1690273905   0.000104217824       0.0421  LMMMMMMMMMMMMMMM
    98      1    -4.6921165138   0.009167262970       3.7036  MM-MMMMMMMMMMMMM
    99      1    -8.9234611303   0.000133226332       0.0538  MMAAAAAAAAAAAAAA
   100      1   -13.6125370181   0.000001225040       0.0005  MMIMMTMMMMMMMMMM
   101      7    -4.8647750750   0.007713562970       3.1163  MMMMMMMMMMMMMMMM
   102      1   -16.4987397560   0.000000068342       0.0000  MMMTTMMMMRRRRRRR
   103      1   -13.3818614529   0.000001542877       0.0006  MMMVVVVVVVVVVVVV
   104      1   -14.6312374442   0.000000442318       0.0002  MMTMMMMVMMMMMMMM
   105      1    -6.0158429412   0.002439790897       0.9857  N----D----------
   106      1   -14.7791918688   0.000000381486       0.0002  NNDDDDDDDDDDGDDD
   107      1   -10.6560668132   0.000023557488       0.0095  NNDEEDDDDDDDDDDD
   108      1   -17.0577872977   0.000000039075       0.0000  NNKEEKKKKEEEEEEE
   109      1    -9.1023098116   0.000111408179       0.0450  NNNNNNNDNNNNNNNN
   110      1   -16.7493741572   0.000000053191       0.0000  NNNNNNNNKVNNNNNN
   111      7    -4.2578141429   0.014153205508       5.7179  NNNNNNNNNNNNNNNN
   112      1   -13.2919194294   0.000001688079       0.0007  NNNNNSNNSNNNNNNN
   113      1   -12.0640042390   0.000005763277       0.0023  NNQEEEEEEEEEEEEE
   114      1    -8.6799388095   0.000169961467       0.0687  NNQQQQQQQQQQQQQQ
   115      1   -17.3422930433   0.000000029399       0.0000  NNSGGSSSNSSSSSSS
   116      2    -7.4951359732   0.000555781141       0.2245  NNSNNNNNNNNNNNNN
   117      1   -12.7300313716   0.000002960858       0.0012  NNSSSSSNSSSSSSSS
   118      1   -12.7844240182   0.000002804111       0.0011  NNTNNKNNNNNNNNNN
   119      1   -24.5296282534   0.000000000022       0.0000  NNTNSNSSSSNNNNNN
   120      1    -8.3491224262   0.000236604065       0.0956  PPPAAPPPPPPPPPPP
   121     16    -3.5094477530   0.029913429478      12.0850  PPPPPPPPPPPPPPPP
   122      1    -8.8617184348   0.000141711333       0.0573  PPPPPPPPPSSSSSSS
   123      1   -18.8794525795   0.000000006321       0.0000  PSLFFLLLLLLLLLLL
   124      1   -10.3353740162   0.000032464154       0.0131  QPPPPPPPPPPPPPPP
   125      1    -7.0337748196   0.000881597620       0.3562  QQEEEEEEEEEEEEEE
   126      1    -7.2187209149   0.000732739055       0.2960  QQKKKKKKKKKKKKKK
   127      1   -13.7834623543   0.000001032567       0.0004  QQKQQQQQQPQQQQQQ
   128      1   -34.8173649588   0.000000000000       0.0000  QQPPPALPPSPPPPPT
   129      1   -17.2179777213   0.000000033291       0.0000  QQPQQPPPQPPPPPPP
   130      1    -9.2463957681   0.000096458686       0.0390  QQQHHQQQQQQQQQQQ
   131      1   -12.1076251494   0.000005517282       0.0022  QQQQPQQQQQQQQQQQ
   132     11    -4.2697822395   0.013984828166       5.6499  QQQQQQQQQQQQQQQQ
   133      1   -11.5599472622   0.000009540666       0.0039  QQQQQQQQQQQQRQQQ
   134      1   -15.5567390475   0.000000175305       0.0001  QQRKKKRRRRRRRRRR
   135      1    -9.7796091482   0.000056593912       0.0229  QRQQQQQQQQQQQQQQ
   136      1    -9.9454948969   0.000047943137       0.0194  RGGGGGGGGGGGGGGG
   137      1    -3.6791707446   0.025243899797      10.1985  RR-RRRRRRRRRRRRR
   138      1    -9.7866681763   0.000056195820       0.0227  RRCCCCCCCCCCCCCC
   139      1    -8.7289703396   0.000161828999       0.0654  RRGRRRRRRRRRRRRR
   140      2    -6.6976784132   0.001233772891       0.4984  RRKKKKKKKKKKKKKK
   141      1   -21.8109453577   0.000000000337       0.0000  RRLLLPLLLHHHHHHH
   142      8    -3.8058780236   0.022239661644       8.9848  RRRRRRRRRRRRRRRR
   143      1    -3.7540809691   0.023421966231       9.4625  RRRRRXRRRRRRRRRR
   144      1   -14.2188117801   0.000000668111       0.0003  SCNNNNNNNNNNNNNN
   145      1   -13.0505859681   0.000002148832       0.0009  SNGSSSSSSSSSSSSS
   146      1    -6.8087220277   0.001104103012       0.4461  SSASSSSSSSSSSSSS
   147      1   -15.4384521168   0.000000197317       0.0001  SSEDDDDDEDDDDDDD
   148      1   -24.0835863416   0.000000000035       0.0000  SSLLLFLLIIIIIIII
   149      1   -21.3664520809   0.000000000526       0.0000  SSPPPPLPLPPPPPPP
   150      1   -15.5178725448   0.000000182253       0.0001  SSPSSSSSSSPPPPPP
   151      1    -8.1376874744   0.000292312397       0.1181  SSPSSSSSSSSSSSSS
   152      1   -23.0507534359   0.000000000098       0.0000  SSRTTGNSSSSSSSSS
   153      1    -8.2383558347   0.000264318476       0.1068  SSSNNSSSSSSSSSSS
   154      1    -8.9376440523   0.000131350130       0.0531  SSSPPSSSSSSSSSSS
   155      1    -8.8442932537   0.000144202319       0.0583  SSSSSSSSSGSSSSSS
   156      1    -8.5940598341   0.000185202667       0.0748  SSSSSSSSSNNNNNNN
   157     19    -3.6373955110   0.026320807023      10.6336  SSSSSSSSSSSSSSSS
   158      1    -6.5201631601   0.001473428678       0.5953  SSTTTTTTTTTTTTTT
   159      1    -9.1026271154   0.000111372835       0.0450  SSYSSSSSSSSSSSSS
   160      1   -27.3113087722   0.000000000001       0.0000  TATGGTATGSTTTTTT
   161      1   -14.7193425232   0.000000405015       0.0002  TIF--IIIIIIIIIII
   162      1   -23.9507556829   0.000000000040       0.0000  TIS--CST-SSSSSSS
   163      1    -9.7591920580   0.000057761271       0.0233  TITTTTTTTTTTTTTT
   164      2    -8.8714174952   0.000140343510       0.0567  TTMMMMMMMMMMMMMM
   165      1   -13.4171407531   0.000001489395       0.0006  TTNTTTATTTTTTTTT
   166      1   -16.1067980354   0.000000101136       0.0000  TTSSSSSSSSSSSSLS
   167      1    -6.7715107079   0.001145962129       0.4630  TTSTTTTTTTTTTTTT
   168      1    -7.6741957379   0.000464664119       0.1877  TTTTTSTTTTTTTTTT
   169      1   -19.4115160161   0.000000003713       0.0000  TTTTTTTTTIIRIIII
   170      1   -11.0603992855   0.000015722790       0.0064  TTTTTTTTTTIIIIII
   171     14    -3.6041090944   0.027211677053      10.9935  TTTTTTTTTTTTTTTT
   172      1   -10.4977483500   0.000027598522       0.0111  TTVIIIIIIIIIIIII
   173      1   -20.4444527511   0.000000001322       0.0000  VIHPPHHHHHHHHHHH
   174      1    -7.8060527052   0.000407262464       0.1645  VIVVVVVVVVVVVVVV
   175      1    -6.8663199216   0.001042305782       0.4211  VVAAAAAAAAAAAAAA
   176      1    -8.4837400350   0.000206803801       0.0835  VVFFFFFFFFFFFFFF
   177      1   -14.8338008913   0.000000361212       0.0001  VVMVVVVVVMMMMMMM
   178      1   -23.3852402780   0.000000000070       0.0000  VVPLLLVLLVVVVVVV
   179      1   -15.6705982174   0.000000156439       0.0001  VVVIIIIVIVIIIIII
   180      1   -10.9760217527   0.000017107018       0.0069  VVVIIIVVVVVVVVVV
   181      1   -15.1676274978   0.000000258692       0.0001  VVVVVAVVVVLVVVVV
   182      1    -7.2543397708   0.000707099073       0.2857  VVVVVIVVVVVVVVVV
   183     13    -3.4008924726   0.033343498517      13.4708  VVVVVVVVVVVVVVVV
   184      1    -4.5695905197   0.010362201967       4.1863  WWWWWWWWWWWWWWWW
   185     13    -3.8529037612   0.021218034793       8.5721  YYYYYYYYYYYYYYYY