

TREE # 1

  0  0.0000   2857.982605  x:  0.00191   0.03409   0.01673   0.00245   0.00600   0.00459   0.00662   0.00273   0.00893   0.00391   0.00555   0.00715   0.00554   0.03813   0.07095   0.13500   0.03632   0.02813   0.00000   0.00783   0.00702   0.05494   0.00742   0.01124   0.02725   0.02912   0.00256   0.03073   0.12542  
  1 99.0000   2850.898838  x:  0.00269   0.03477   0.01578   0.00000   0.00453   0.00213   0.00596   0.00027   0.00781   0.00297   0.00416   0.00636   0.00523   0.03840   0.07049   0.13560   0.03595   0.02806   0.01800   0.00645   0.00645   0.05522   0.00768   0.01078   0.02708   0.02861   0.00227   0.03027   0.12552  
  2 3167.5056   2850.442539  x:  0.00249   0.03482   0.01567   0.00000   0.00440   0.00186   0.00591   0.00000   0.00771   0.00292   0.00404   0.00629   0.00521   0.03844   0.07043   0.13566   0.03591   0.02806   0.01802   0.00630   0.00640   0.05525   0.00771   0.01073   0.02707   0.02856   0.00224   0.03022   0.12553  
  3 900.6427   2848.832293  x:  0.00114   0.03508   0.01505   0.00000   0.00438   0.00000   0.00595   0.00000   0.00746   0.00338   0.00417   0.00628   0.00527   0.03867   0.07006   0.13603   0.03569   0.02803   0.01823   0.00550   0.00636   0.05541   0.00773   0.01058   0.02701   0.02832   0.00244   0.02997   0.12561  
  4 1947.7873   2848.268939  x:  0.00000   0.03524   0.01467   0.00000   0.00454   0.00000   0.00602   0.00000   0.00748   0.00315   0.00433   0.00636   0.00529   0.03881   0.06978   0.13632   0.03554   0.02802   0.01840   0.00502   0.00644   0.05551   0.00772   0.01056   0.02700   0.02821   0.00263   0.02980   0.12566  
  5 1854.0277   2847.834872  x:  0.00000   0.03607   0.01369   0.00000   0.00482   0.00000   0.00543   0.00000   0.01032   0.00365   0.00262   0.00653   0.00450   0.03961   0.06663   0.13982   0.03467   0.02820   0.01865   0.00362   0.00794   0.05589   0.00750   0.01189   0.02766   0.02886   0.00278   0.02852   0.12629  
  6 158.2691   2847.489965  x:  0.00000   0.03651   0.01388   0.00000   0.00326   0.00000   0.00512   0.00000   0.01179   0.00358   0.00393   0.00572   0.00546   0.04012   0.06291   0.14420   0.03402   0.02847   0.01836   0.00361   0.00799   0.05601   0.00755   0.01280   0.02841   0.03012   0.00217   0.02743   0.12704  
  7 180.0170   2846.942088  x:  0.00000   0.03660   0.01550   0.00000   0.00407   0.00000   0.00656   0.00000   0.01056   0.00351   0.00332   0.00557   0.00509   0.04031   0.05634   0.15272   0.03343   0.02891   0.01709   0.00508   0.00553   0.05585   0.00767   0.01236   0.02928   0.03237   0.00292   0.02676   0.12849  
  8 188.5637   2846.705629  x:  0.00000   0.03632   0.01619   0.00000   0.00438   0.00000   0.00498   0.00000   0.00903   0.00350   0.00353   0.00683   0.00483   0.03990   0.05450   0.15658   0.03366   0.02891   0.01605   0.00557   0.00661   0.05561   0.00748   0.01153   0.02916   0.03267   0.00257   0.02725   0.12910  
  9 131.6718   2846.406203  x:  0.00000   0.03564   0.01652   0.00000   0.00412   0.00000   0.00647   0.00000   0.00849   0.00346   0.00294   0.00618   0.00566   0.03868   0.05495   0.16141   0.03474   0.02850   0.01376   0.00530   0.00891   0.05506   0.00766   0.01113   0.02814   0.03153   0.00216   0.02920   0.12975  
 10 85.3075   2846.110354  x:  0.00000   0.03524   0.01643   0.00000   0.00403   0.00000   0.00605   0.00000   0.00933   0.00348   0.00365   0.00535   0.00418   0.03781   0.05671   0.16523   0.03577   0.02805   0.01126   0.00486   0.00824   0.05458   0.00781   0.01157   0.02726   0.03013   0.00231   0.03087   0.13021  
 11 138.9573   2845.933838  x:  0.00000   0.03527   0.01610   0.00000   0.00426   0.00000   0.00539   0.00000   0.01010   0.00345   0.00330   0.00602   0.00527   0.03767   0.05828   0.16712   0.03623   0.02781   0.00953   0.00474   0.00688   0.05437   0.00765   0.01200   0.02704   0.02940   0.00222   0.03142   0.13039  
 12 154.4275   2845.831454  x:  0.00000   0.03592   0.01551   0.00000   0.00395   0.00000   0.00601   0.00000   0.00996   0.00345   0.00336   0.00673   0.00485   0.03848   0.05954   0.16711   0.03597   0.02785   0.00831   0.00542   0.00688   0.05455   0.00736   0.01193   0.02785   0.02973   0.00160   0.03046   0.13026  
 13 51.7650   2845.770677  x:  0.00000   0.03638   0.01527   0.00000   0.00408   0.00000   0.00572   0.00000   0.00966   0.00342   0.00330   0.00615   0.00501   0.03909   0.06023   0.16662   0.03562   0.02798   0.00749   0.00602   0.00729   0.05475   0.00759   0.01182   0.02848   0.03025   0.00234   0.02969   0.13011  
 14 70.3047   2845.756778  x:  0.00000   0.03625   0.01555   0.00000   0.00440   0.00000   0.00566   0.00000   0.00964   0.00343   0.00331   0.00592   0.00504   0.03896   0.05993   0.16590   0.03539   0.02813   0.00724   0.00568   0.00731   0.05486   0.00765   0.01177   0.02827   0.03053   0.00201   0.02941   0.12994  
 15 19.5012   2845.741893  x:  0.00000   0.03602   0.01597   0.00000   0.00413   0.00000   0.00574   0.00000   0.00971   0.00342   0.00330   0.00613   0.00500   0.03869   0.05935   0.16484   0.03514   0.02830   0.00695   0.00523   0.00734   0.05497   0.00759   0.01177   0.02792   0.03086   0.00228   0.02929   0.12972  
 16 37.3379   2845.735462  x:  0.00000   0.03612   0.01553   0.00000   0.00414   0.00000   0.00573   0.00000   0.00971   0.00342   0.00330   0.00609   0.00500   0.03860   0.05854   0.16407   0.03528   0.02818   0.00682   0.00547   0.00732   0.05484   0.00755   0.01190   0.02802   0.03066   0.00220   0.02975   0.12959  
 17  8.6536   2845.733756  x:  0.00000   0.03616   0.01560   0.00000   0.00413   0.00000   0.00574   0.00000   0.00980   0.00343   0.00330   0.00614   0.00500   0.03871   0.05842   0.16397   0.03539   0.02815   0.00680   0.00546   0.00732   0.05479   0.00775   0.01176   0.02808   0.03053   0.00219   0.02977   0.12959  
 18  3.5206   2845.729806  x:  0.00000   0.03625   0.01583   0.00000   0.00412   0.00000   0.00573   0.00000   0.00990   0.00342   0.00330   0.00607   0.00501   0.03897   0.05827   0.16384   0.03562   0.02811   0.00679   0.00539   0.00732   0.05469   0.00754   0.01152   0.02820   0.03026   0.00221   0.02974   0.12964  
 19  7.7168   2845.706318  x:  0.00000   0.03633   0.01638   0.00000   0.00414   0.00000   0.00576   0.00000   0.00939   0.00341   0.00330   0.00611   0.00499   0.03956   0.05801   0.16362   0.03631   0.02798   0.00676   0.00513   0.00740   0.05440   0.00754   0.01246   0.02829   0.02962   0.00228   0.02930   0.13001  
 20  5.7840   2845.038936  x:  0.00000   0.03493   0.01246   0.00000   0.00377   0.00000   0.00564   0.00000   0.00900   0.00325   0.00307   0.00593   0.00493   0.03814   0.05680   0.16266   0.04046   0.02605   0.00674   0.00493   0.00709   0.05307   0.00773   0.01115   0.02545   0.02965   0.00292   0.02324   0.13857  
 21  6.9988   2843.344663  x:  0.00000   0.03812   0.01041   0.00000   0.00321   0.00000   0.00537   0.00000   0.00687   0.00290   0.00274   0.00561   0.00480   0.03905   0.05644   0.16220   0.03836   0.02667   0.00666   0.00000   0.00638   0.05552   0.00790   0.01046   0.02751   0.03124   0.00255   0.02601   0.14997  
 22 62.6393   2842.361381  x:  0.00000   0.03837   0.01025   0.00000   0.00292   0.00000   0.00527   0.00000   0.00676   0.00276   0.00254   0.00544   0.00477   0.04186   0.05516   0.16358   0.03125   0.02772   0.00665   0.00000   0.00641   0.05825   0.00795   0.01040   0.02180   0.02434   0.00253   0.02467   0.14719  
 23 96.2100   2841.770168  x:  0.00000   0.03607   0.00785   0.00000   0.00249   0.00000   0.00509   0.00000   0.00524   0.00251   0.00228   0.00520   0.00467   0.04090   0.05416   0.16657   0.03050   0.02808   0.00674   0.00000   0.00589   0.05907   0.00810   0.00976   0.02567   0.02219   0.00306   0.02280   0.13749  
 24 45.4142   2841.702104  x:  0.00000   0.03654   0.00763   0.00000   0.00245   0.00000   0.00507   0.00000   0.00507   0.00248   0.00226   0.00518   0.00467   0.04106   0.05408   0.16695   0.03075   0.02783   0.00674   0.00107   0.00584   0.05903   0.00812   0.00970   0.02544   0.02248   0.00310   0.02275   0.13614  
 25 106.3454   2841.511338  x:  0.00000   0.03927   0.00698   0.00000   0.00230   0.00000   0.00500   0.00000   0.00451   0.00238   0.00217   0.00510   0.00463   0.04178   0.05382   0.16828   0.03206   0.02657   0.00676   0.00035   0.00569   0.05875   0.00817   0.00950   0.02382   0.02413   0.00323   0.02272   0.13118  
 26 128.1012   2841.509373  x:  0.00000   0.03958   0.00710   0.00000   0.00230   0.00000   0.00501   0.00000   0.00451   0.00238   0.00217   0.00510   0.00463   0.04144   0.05382   0.16829   0.03203   0.02643   0.00675   0.00036   0.00569   0.05878   0.00817   0.00950   0.02389   0.02400   0.00324   0.02259   0.13111  
 27  7.3317   2841.509271  x:  0.00000   0.03962   0.00709   0.00000   0.00230   0.00000   0.00501   0.00000   0.00451   0.00238   0.00217   0.00510   0.00464   0.04141   0.05382   0.16830   0.03206   0.02653   0.00675   0.00037   0.00569   0.05877   0.00817   0.00950   0.02388   0.02398   0.00324   0.02258   0.13109  
 28  0.8244   2841.413857  x:  0.00000   0.04097   0.00718   0.00000   0.00235   0.00000   0.00494   0.00000   0.00462   0.00235   0.00228   0.00496   0.00470   0.04246   0.05365   0.16880   0.02959   0.02746   0.00695   0.00025   0.00566   0.05608   0.00831   0.00903   0.02469   0.02449   0.00320   0.02293   0.13125  
 29  0.0338   2841.262634  x:  0.00000   0.04205   0.00768   0.00000   0.00248   0.00000   0.00484   0.00000   0.00520   0.00236   0.00250   0.00477   0.00481   0.04433   0.05296   0.16971   0.02963   0.02787   0.00728   0.00019   0.00560   0.06076   0.00847   0.00847   0.02561   0.02505   0.00310   0.02341   0.12996  
 30 16.5313   2841.243573  x:  0.00000   0.04253   0.00779   0.00000   0.00244   0.00000   0.00484   0.00000   0.00475   0.00244   0.00245   0.00483   0.00485   0.04490   0.05321   0.17023   0.02969   0.02800   0.00724   0.00021   0.00567   0.06103   0.00854   0.00870   0.02591   0.02480   0.00296   0.02382   0.13097  
 31  0.0029   2841.239617  x:  0.00000   0.04289   0.00758   0.00000   0.00242   0.00000   0.00485   0.00000   0.00488   0.00245   0.00242   0.00486   0.00487   0.04499   0.05335   0.17046   0.02979   0.02781   0.00720   0.00024   0.00560   0.06100   0.00857   0.00876   0.02603   0.02459   0.00290   0.02395   0.13120  
 32  0.0016   2841.239256  x:  0.00000   0.04292   0.00761   0.00000   0.00242   0.00000   0.00484   0.00000   0.00487   0.00242   0.00241   0.00485   0.00486   0.04507   0.05336   0.17044   0.02986   0.02779   0.00721   0.00025   0.00554   0.06093   0.00858   0.00872   0.02603   0.02456   0.00289   0.02395   0.13114  
 33  0.0003   2841.239219  x:  0.00000   0.04296   0.00759   0.00000   0.00242   0.00000   0.00484   0.00000   0.00486   0.00242   0.00242   0.00485   0.00486   0.04509   0.05334   0.17040   0.02986   0.02778   0.00721   0.00025   0.00555   0.06093   0.00859   0.00871   0.02603   0.02456   0.00289   0.02394   0.13115  
 34  0.0001   2841.239215  x:  0.00000   0.04296   0.00759   0.00000   0.00242   0.00000   0.00484   0.00000   0.00486   0.00242   0.00242   0.00485   0.00486   0.04510   0.05334   0.17038   0.02986   0.02778   0.00721   0.00025   0.00555   0.06093   0.00859   0.00871   0.02603   0.02457   0.00289   0.02394   0.13113  
 35  0.0000   2841.239214  x:  0.00000   0.04297   0.00759   0.00000   0.00242   0.00000   0.00484   0.00000   0.00486   0.00242   0.00242   0.00485   0.00486   0.04510   0.05334   0.17038   0.02986   0.02778   0.00721   0.00025   0.00555   0.06093   0.00859   0.00871   0.02603   0.02457   0.00289   0.02394   0.13113  
 36  0.0000   2841.239214  x:  0.00000   0.04297   0.00759   0.00000   0.00242   0.00000   0.00484   0.00000   0.00486   0.00242   0.00242   0.00485   0.00486   0.04510   0.05334   0.17038   0.02986   0.02778   0.00721   0.00025   0.00555   0.06093   0.00859   0.00871   0.02603   0.02457   0.00289   0.02394   0.13113  
 37  0.0000   2841.239214  x:  0.00000   0.04297   0.00759   0.00000   0.00242   0.00000   0.00484   0.00000   0.00486   0.00242   0.00242   0.00485   0.00486   0.04510   0.05334   0.17038   0.02986   0.02778   0.00721   0.00025   0.00555   0.06093   0.00859   0.00871   0.02603   0.02457   0.00289   0.02394   0.13113  