

Model 0: one-ratio

TREE # 1

  0  0.0000   1371.799593  x:  0.00159   0.06578   0.04114   0.02107   0.04390   0.04070   0.02835   0.02930   0.05525   0.07392   0.12387   0.19473   0.05065   0.05479   0.06479   0.04185   0.04649   0.06572   0.03919   0.02442   0.10664   0.06008   0.00000   0.06658   0.06257   2.00000   0.40000  
  1 99.0000   1371.798347  x:  0.00159   0.06578   0.04113   0.02106   0.04390   0.04070   0.02835   0.02930   0.05525   0.07392   0.12387   0.19473   0.05065   0.05479   0.06479   0.04185   0.04648   0.06572   0.03919   0.02442   0.10664   0.06008   0.00000   0.06658   0.06257   2.00000   0.40000  
  2 385.8078   1363.899629  x:  0.00000   0.06893   0.03561   0.01880   0.03535   0.02997   0.02410   0.02179   0.04959   0.07891   0.12603   0.19947   0.05303   0.05779   0.06490   0.03320   0.04009   0.06939   0.03339   0.01746   0.10455   0.05961   0.00000   0.06752   0.06969   2.00103   0.39341  
  3 973.9267   1363.899629  x:  0.00000   0.06893   0.03561   0.01880   0.03535   0.02997   0.02410   0.02179   0.04959   0.07891   0.12603   0.19947   0.05303   0.05779   0.06490   0.03320   0.04009   0.06939   0.03339   0.01746   0.10455   0.05961   0.00000   0.06752   0.06969   2.00103   0.39341  
  4 400.0347   1347.515514  x:  0.05851   0.08026   0.02405   0.01406   0.01236   0.00000   0.01406   0.00270   0.03470   0.09151   0.13420   0.21327   0.05808   0.06599   0.06959   0.00922   0.02314   0.07869   0.01863   0.00027   0.09897   0.05847   0.00000   0.06948   0.08734   2.00396   0.37451  
  5 380.9436   1344.471402  x:  0.07268   0.08376   0.01911   0.01327   0.00509   0.00000   0.01190   0.00421   0.02973   0.09595   0.13667   0.21816   0.05990   0.06841   0.07057   0.00000   0.01755   0.08203   0.01549   0.00975   0.09699   0.05809   0.00000   0.06991   0.09323   2.00507   0.36733  
  6 755.1549   1341.543850  x:  0.08155   0.09099   0.00000   0.01666   0.01125   0.00000   0.01770   0.02439   0.01931   0.10831   0.14128   0.23237   0.06484   0.07236   0.06993   0.00000   0.00736   0.08953   0.01252   0.00523   0.09150   0.05724   0.00000   0.06912   0.10759   2.00873   0.34360  
  7 244.7344   1335.374480  x:  0.07477   0.11419   0.00000   0.02277   0.00861   0.00000   0.02611   0.02480   0.01137   0.15218   0.15233   0.28498   0.07944   0.08025   0.06192   0.00000   0.03349   0.11297   0.02998   0.00284   0.07464   0.05518   0.00000   0.06424   0.15121   2.02371   0.24542  
  8 217.6992   1332.016971  x:  0.06431   0.12514   0.00000   0.02047   0.01126   0.00000   0.02293   0.01885   0.03275   0.17451   0.15679   0.31560   0.08462   0.08160   0.05635   0.00000   0.02434   0.12277   0.02677   0.00384   0.06870   0.05530   0.00000   0.06297   0.17121   2.03344   0.18302  
  9 366.3323   1330.657547  x:  0.05087   0.12718   0.00000   0.01675   0.00824   0.00000   0.01869   0.01182   0.02252   0.18102   0.15651   0.32892   0.08370   0.07877   0.05376   0.00000   0.01443   0.12303   0.02170   0.00399   0.07203   0.05658   0.00000   0.06406   0.17435   2.03859   0.15867  
 10 147.5147   1330.493845  x:  0.05137   0.12797   0.00000   0.01959   0.01201   0.00000   0.01830   0.00977   0.02149   0.18271   0.15617   0.33702   0.08166   0.07675   0.05563   0.00000   0.01517   0.12136   0.01961   0.00539   0.07667   0.05735   0.00000   0.06592   0.17336   2.04225   0.15735  
 11 32.4687   1330.227594  x:  0.05098   0.12911   0.00000   0.02132   0.00846   0.00000   0.01893   0.01220   0.02295   0.18563   0.15514   0.35433   0.07746   0.07264   0.05889   0.00000   0.01657   0.11718   0.01806   0.00437   0.08472   0.05856   0.00000   0.06899   0.17022   2.05058   0.15753  
 12 63.2288   1330.024979  x:  0.05146   0.12977   0.00000   0.01664   0.00955   0.00000   0.01962   0.01193   0.02316   0.18791   0.15419   0.37140   0.07506   0.07069   0.06009   0.00000   0.01457   0.11352   0.02297   0.00445   0.08696   0.05849   0.00000   0.06957   0.16678   2.05995   0.16049  
 13 55.5649   1329.758941  x:  0.04922   0.12864   0.00000   0.01900   0.00907   0.00000   0.01716   0.01076   0.02281   0.18873   0.15205   0.39743   0.07592   0.07256   0.05605   0.00000   0.01342   0.11005   0.02043   0.00464   0.07924   0.05631   0.00000   0.06537   0.15932   2.07876   0.16786  
 14 39.5014   1329.701046  x:  0.04974   0.12753   0.00000   0.01684   0.00949   0.00000   0.01916   0.01078   0.02266   0.18681   0.15114   0.40182   0.07659   0.07331   0.05475   0.00000   0.01484   0.10999   0.01795   0.00496   0.07799   0.05678   0.00000   0.06534   0.15655   2.08548   0.16779  
 15 26.5641   1329.528511  x:  0.05339   0.12244   0.00000   0.01884   0.00957   0.00000   0.01961   0.01204   0.02235   0.17500   0.14748   0.41019   0.07952   0.07552   0.05088   0.00000   0.01520   0.11153   0.02088   0.00473   0.07684   0.05984   0.00000   0.06776   0.14626   2.11447   0.16313  
 16 29.0936   1329.328403  x:  0.05312   0.12311   0.00000   0.01686   0.01045   0.00000   0.01526   0.01387   0.02211   0.16343   0.14652   0.41310   0.08095   0.07351   0.05252   0.00000   0.01694   0.11693   0.02064   0.00427   0.07919   0.05436   0.00000   0.06532   0.14622   2.15844   0.16312  
 17 27.1140   1329.036234  x:  0.05096   0.12553   0.00000   0.01865   0.00922   0.00000   0.02035   0.01164   0.02225   0.14828   0.14620   0.41554   0.08233   0.07007   0.05527   0.00000   0.01459   0.12411   0.02125   0.00458   0.08157   0.04876   0.00000   0.06197   0.14926   2.22843   0.16545  
 18 158.6022   1328.425743  x:  0.04428   0.13191   0.00000   0.01774   0.00898   0.00000   0.01844   0.01060   0.02229   0.13182   0.14918   0.41320   0.08212   0.06641   0.05718   0.00000   0.01376   0.12990   0.02037   0.00443   0.07940   0.06513   0.00000   0.06499   0.16168   2.38778   0.17590  
 19 114.2203   1326.618685  x:  0.03764   0.12597   0.00000   0.01799   0.00937   0.00000   0.01833   0.01098   0.02157   0.14518   0.15412   0.37536   0.06883   0.07753   0.04998   0.00000   0.01480   0.09689   0.01938   0.00502   0.07869   0.05256   0.00000   0.08151   0.16576   2.85372   0.18857  
 20 124.1316   1325.876690  x:  0.03677   0.11883   0.00000   0.01822   0.00931   0.00000   0.01869   0.01140   0.02097   0.16489   0.15115   0.35579   0.06740   0.07847   0.06301   0.00000   0.01433   0.09352   0.01931   0.00521   0.08167   0.05944   0.00000   0.06213   0.15167   3.04313   0.19105  
 21 161.4547   1325.718887  x:  0.03519   0.11756   0.00000   0.01798   0.00912   0.00000   0.01857   0.01090   0.02104   0.17575   0.14974   0.35114   0.06971   0.07519   0.06384   0.00000   0.01329   0.10493   0.01921   0.00499   0.08195   0.05859   0.00000   0.06722   0.14375   3.08516   0.19490  
 22 43.2140   1325.713032  x:  0.03566   0.11873   0.00000   0.01803   0.00919   0.00000   0.01861   0.01101   0.02105   0.17620   0.14971   0.35070   0.06989   0.07351   0.06154   0.00000   0.01334   0.10501   0.01926   0.00500   0.08255   0.05877   0.00000   0.06641   0.14309   3.08647   0.19502  
 23  3.2122   1325.709387  x:  0.03550   0.12044   0.00000   0.01802   0.00919   0.00000   0.01860   0.01102   0.02104   0.17612   0.14902   0.35037   0.07160   0.07297   0.06189   0.00000   0.01334   0.10409   0.01922   0.00501   0.08242   0.05869   0.00000   0.06672   0.14238   3.08674   0.19498  
 24  0.9848   1325.636257  x:  0.03262   0.12325   0.00000   0.01815   0.00934   0.00000   0.01859   0.01127   0.02098   0.17247   0.14210   0.34777   0.06517   0.07186   0.06385   0.00000   0.01385   0.10376   0.01926   0.00514   0.07921   0.05829   0.00000   0.06711   0.13904   3.08630   0.19437  
 25  0.3935   1325.488880  x:  0.02500   0.12035   0.00000   0.01769   0.00921   0.00000   0.01839   0.01082   0.02168   0.16678   0.13861   0.34467   0.06624   0.07685   0.06309   0.00000   0.01398   0.10345   0.01950   0.00534   0.08530   0.05863   0.00000   0.06590   0.13605   3.08522   0.19669  
 26  6.2612   1325.433547  x:  0.02276   0.11521   0.00000   0.01770   0.00922   0.00000   0.01830   0.01077   0.02174   0.16395   0.14435   0.34352   0.06804   0.07130   0.06509   0.00000   0.01445   0.10132   0.01948   0.00549   0.08362   0.05821   0.00000   0.06629   0.13401   3.08504   0.19643  
 27  7.8061   1325.426548  x:  0.02243   0.11696   0.00000   0.01768   0.00920   0.00000   0.01828   0.01074   0.02173   0.16320   0.14728   0.34327   0.06701   0.07259   0.06536   0.00000   0.01443   0.10158   0.01948   0.00548   0.08371   0.05821   0.00000   0.06626   0.13196   3.08623   0.19630  
 28  0.9207   1325.092924  x:  0.03114   0.10957   0.00000   0.01625   0.00813   0.00000   0.01674   0.00838   0.02297   0.14594   0.14228   0.33755   0.06704   0.07113   0.06353   0.00000   0.01359   0.09824   0.01818   0.00614   0.08788   0.05756   0.00000   0.06764   0.12108   3.16525   0.20040  
 29  0.9229   1325.065505  x:  0.03138   0.11182   0.00000   0.01623   0.00815   0.00000   0.01612   0.00782   0.02429   0.14349   0.14291   0.33421   0.06686   0.07090   0.06359   0.00000   0.01408   0.09938   0.01827   0.00617   0.08794   0.05808   0.00000   0.06779   0.12587   3.17471   0.20225  
 30  0.0153   1325.064303  x:  0.03156   0.11198   0.00000   0.01619   0.00814   0.00000   0.01610   0.00802   0.02457   0.14397   0.14266   0.33495   0.06702   0.07076   0.06344   0.00000   0.01419   0.09969   0.01838   0.00608   0.08778   0.05824   0.00000   0.06768   0.12549   3.17964   0.20291  
 31  0.0063   1325.064147  x:  0.03155   0.11202   0.00000   0.01618   0.00812   0.00000   0.01614   0.00793   0.02457   0.14407   0.14259   0.33521   0.06701   0.07074   0.06338   0.00000   0.01412   0.09970   0.01837   0.00605   0.08771   0.05828   0.00000   0.06765   0.12541   3.18238   0.20316  
 32  0.0032   1325.064080  x:  0.03155   0.11196   0.00000   0.01620   0.00815   0.00000   0.01616   0.00795   0.02454   0.14386   0.14261   0.33501   0.06698   0.07077   0.06339   0.00000   0.01411   0.09964   0.01838   0.00600   0.08768   0.05827   0.00000   0.06766   0.12544   3.18410   0.20331  
 33  0.0012   1325.064060  x:  0.03154   0.11197   0.00000   0.01619   0.00814   0.00000   0.01615   0.00794   0.02452   0.14394   0.14264   0.33507   0.06699   0.07075   0.06341   0.00000   0.01413   0.09966   0.01840   0.00596   0.08770   0.05826   0.00000   0.06766   0.12545   3.18370   0.20324  
 34  0.0003   1325.064057  x:  0.03154   0.11197   0.00000   0.01619   0.00815   0.00000   0.01615   0.00794   0.02454   0.14393   0.14262   0.33506   0.06699   0.07076   0.06340   0.00000   0.01413   0.09966   0.01840   0.00596   0.08771   0.05826   0.00000   0.06766   0.12543   3.18334   0.20321  
 35  0.0003   1325.064057  x:  0.03154   0.11197   0.00000   0.01619   0.00814   0.00000   0.01615   0.00794   0.02454   0.14393   0.14262   0.33505   0.06699   0.07076   0.06340   0.00000   0.01413   0.09966   0.01840   0.00595   0.08771   0.05826   0.00000   0.06766   0.12543   3.18323   0.20321  
 36  0.0001   1325.064057  x:  0.03155   0.11197   0.00000   0.01619   0.00814   0.00000   0.01615   0.00794   0.02454   0.14393   0.14262   0.33505   0.06699   0.07076   0.06340   0.00000   0.01413   0.09966   0.01840   0.00595   0.08770   0.05826   0.00000   0.06766   0.12543   3.18317   0.20321  
 37  0.0000   1325.064057  x:  0.03155   0.11197   0.00000   0.01619   0.00814   0.00000   0.01615   0.00794   0.02454   0.14393   0.14262   0.33505   0.06699   0.07076   0.06340   0.00000   0.01413   0.09966   0.01840   0.00595   0.08770   0.05826   0.00000   0.06766   0.12543   3.18315   0.20321  
 38  0.0000   1325.064057  x:  0.03155   0.11197   0.00000   0.01619   0.00814   0.00000   0.01615   0.00794   0.02454   0.14393   0.14262   0.33505   0.06699   0.07076   0.06340   0.00000   0.01413   0.09966   0.01840   0.00595   0.08770   0.05826   0.00000   0.06766   0.12543   3.18315   0.20321  

Model 1: NearlyNeutral

TREE # 1

  0  0.0000   1360.123459  x:  0.01491   0.08932   0.01808   0.03329   0.00855   0.00676   0.01647   0.02457   0.02480   0.09713   0.13675   0.25495   0.06647   0.07838   0.09266   0.01053   0.02201   0.07682   0.01989   0.01730   0.09639   0.06972   0.00000   0.08713   0.09461   3.18315   0.61928   0.58029  
  1 99.0000   1360.122968  x:  0.01491   0.08932   0.01808   0.03329   0.00855   0.00676   0.01647   0.02457   0.02480   0.09713   0.13675   0.25495   0.06647   0.07838   0.09266   0.01053   0.02201   0.07682   0.01989   0.01730   0.09639   0.06972   0.00000   0.08713   0.09461   3.18315   0.61928   0.58029  
  2 255.2258   1358.168097  x:  0.01472   0.08973   0.01683   0.03198   0.01095   0.00000   0.01656   0.02271   0.02493   0.09823   0.13697   0.25581   0.06637   0.07819   0.09195   0.00523   0.02258   0.07737   0.02101   0.01751   0.09591   0.06908   0.00000   0.08597   0.09581   3.18333   0.62081   0.57686  
  3 604.1754   1357.251310  x:  0.01448   0.09014   0.01626   0.03151   0.01022   0.00000   0.01657   0.02191   0.02500   0.09904   0.13699   0.25657   0.06635   0.07804   0.09165   0.00000   0.02345   0.07756   0.02184   0.01852   0.09558   0.06870   0.00000   0.08488   0.09681   3.18351   0.62242   0.57337  
  4 605.1755   1343.290509  x:  0.02635   0.11224   0.01618   0.03456   0.00668   0.00000   0.01497   0.02206   0.02464   0.12827   0.13365   0.29677   0.06811   0.07388   0.10531   0.00000   0.03843   0.07627   0.00651   0.04678   0.08456   0.05910   0.00000   0.02070   0.14722   3.19352   0.72260   0.36063  
  5 409.6569   1327.499636  x:  0.03688   0.13262   0.01638   0.03851   0.00140   0.00000   0.01567   0.02487   0.02424   0.15430   0.13089   0.33729   0.07082   0.07131   0.12044   0.00000   0.04214   0.07642   0.01016   0.06425   0.07667   0.05360   0.00000   0.00649   0.19232   3.20396   0.83067   0.12826  
  6 1459.7771   1325.080808  x:  0.03914   0.13756   0.01580   0.03873   0.00075   0.00000   0.01513   0.02424   0.02424   0.16105   0.13026   0.34646   0.07120   0.07034   0.12296   0.00000   0.04583   0.07637   0.00529   0.07080   0.07429   0.05149   0.00000   0.00771   0.20360   3.20621   0.85283   0.07973  
  7 3073.0317   1324.861945  x:  0.04410   0.13999   0.01541   0.03908   0.00089   0.00000   0.01131   0.02617   0.02260   0.16379   0.12911   0.35224   0.07051   0.06869   0.12296   0.00000   0.04358   0.07690   0.00771   0.07280   0.07439   0.05248   0.00000   0.00799   0.20877   3.20748   0.84771   0.07464  
  8 27.3399   1324.575949  x:  0.04800   0.14244   0.01411   0.03966   0.00095   0.00000   0.01587   0.02823   0.02237   0.16662   0.12771   0.35943   0.07017   0.06714   0.12234   0.00000   0.04062   0.07754   0.00907   0.07509   0.07526   0.05422   0.00621   0.00810   0.21389   3.20912   0.84059   0.06911  
  9 85.3271   1324.306652  x:  0.04720   0.14457   0.00985   0.04111   0.00109   0.00000   0.01693   0.03056   0.02633   0.16905   0.12611   0.37073   0.07173   0.06693   0.11988   0.00000   0.03570   0.07876   0.00881   0.07748   0.07897   0.05806   0.00363   0.00752   0.21792   3.21196   0.82894   0.05981  
 10 50.8853   1324.134065  x:  0.03929   0.14465   0.00639   0.04227   0.00125   0.00000   0.01432   0.03075   0.02579   0.16809   0.12649   0.37809   0.07573   0.07042   0.12008   0.00000   0.03480   0.07866   0.00716   0.07543   0.08101   0.05662   0.00807   0.00702   0.21673   3.21449   0.82794   0.05906  
 11 22.9106   1323.800833  x:  0.03183   0.14881   0.00423   0.04416   0.00162   0.00000   0.01688   0.03148   0.01966   0.16911   0.12706   0.40137   0.08099   0.07424   0.12617   0.00000   0.03469   0.07804   0.00847   0.07043   0.08063   0.05099   0.00435   0.00740   0.22272   3.22247   0.82747   0.05905  
 12 32.8204   1323.398895  x:  0.02282   0.15313   0.00707   0.04502   0.00199   0.00000   0.01692   0.02840   0.02879   0.16950   0.12898   0.43015   0.08362   0.07601   0.13704   0.00000   0.03838   0.07716   0.01040   0.06109   0.07798   0.04906   0.00401   0.00809   0.22862   3.23388   0.83331   0.06392  
 13 62.9779   1322.976509  x:  0.01073   0.15308   0.01367   0.03891   0.00283   0.00000   0.01679   0.02193   0.02490   0.16731   0.13254   0.45389   0.07759   0.07104   0.14631   0.00000   0.04600   0.07819   0.00964   0.05251   0.07766   0.06177   0.00410   0.00788   0.22798   3.24686   0.83860   0.06628  
 14 43.3707   1322.652968  x:  0.00627   0.14594   0.02268   0.03035   0.00362   0.00000   0.01659   0.01819   0.02482   0.16298   0.13722   0.46012   0.06767   0.06686   0.15058   0.00000   0.04952   0.07834   0.00895   0.05032   0.07940   0.05261   0.00466   0.00754   0.22060   3.25860   0.83747   0.06377  
 15 20.7023   1322.143440  x:  0.01350   0.12848   0.02205   0.02763   0.00516   0.00000   0.01706   0.01162   0.02389   0.16364   0.14550   0.44623   0.06697   0.07957   0.14878   0.00000   0.05077   0.07966   0.00865   0.05334   0.06745   0.05431   0.00453   0.00743   0.21560   3.28394   0.84179   0.06321  
 16 13.0487   1321.482791  x:  0.01726   0.11299   0.00807   0.02059   0.00641   0.00000   0.01761   0.02217   0.02461   0.17337   0.15042   0.41899   0.06147   0.08017   0.13949   0.00000   0.05332   0.08347   0.00796   0.04953   0.06728   0.05384   0.00363   0.00761   0.21913   3.32218   0.85650   0.06788  
 17 40.6012   1320.659438  x:  0.01916   0.10753   0.00000   0.02898   0.00785   0.00000   0.01783   0.01545   0.02316   0.18185   0.14785   0.38852   0.05851   0.07453   0.13026   0.00000   0.05397   0.08167   0.00795   0.04485   0.07498   0.05169   0.00312   0.00784   0.22269   3.35965   0.86801   0.07142  
 18 79.5728   1319.347351  x:  0.01299   0.11900   0.00000   0.01487   0.00946   0.00000   0.01828   0.01246   0.02233   0.19622   0.13374   0.34647   0.07588   0.07433   0.10757   0.00000   0.05237   0.07833   0.00815   0.03689   0.07831   0.05123   0.00239   0.00815   0.22828   3.41081   0.87626   0.07369  
 19 65.7198   1318.909769  x:  0.00972   0.12687   0.00000   0.01949   0.00971   0.00000   0.01837   0.01625   0.02181   0.20110   0.13522   0.34268   0.07698   0.07388   0.08997   0.00000   0.05610   0.08711   0.00765   0.02885   0.06947   0.04962   0.00240   0.00806   0.22406   3.42632   0.87473   0.07250  
 20 34.3675   1318.465254  x:  0.02032   0.13523   0.00000   0.01967   0.01019   0.00000   0.01887   0.01791   0.02145   0.20537   0.14308   0.34870   0.08053   0.07954   0.07178   0.00000   0.06298   0.08780   0.00791   0.02509   0.07910   0.05035   0.00181   0.00810   0.21167   3.45199   0.87711   0.07343  
 21 25.8416   1316.657141  x:  0.01748   0.13079   0.00000   0.01882   0.00995   0.00000   0.01845   0.01707   0.02109   0.22416   0.15023   0.36571   0.07615   0.07653   0.05949   0.00000   0.04842   0.07460   0.00777   0.02682   0.07615   0.05174   0.00000   0.00895   0.19475   3.54070   0.87346   0.07570  
 22 25.5113   1316.657141  x:  0.01748   0.13079   0.00000   0.01882   0.00995   0.00000   0.01845   0.01707   0.02109   0.22416   0.15023   0.36571   0.07615   0.07653   0.05949   0.00000   0.04842   0.07460   0.00777   0.02682   0.07615   0.05174   0.00000   0.00895   0.19475   3.54070   0.87346   0.07570  
 23 169.9410   1305.238617  x:  0.02012   0.12998   0.00000   0.01718   0.00725   0.00000   0.01680   0.01062   0.02292   0.22190   0.15004   0.36549   0.07508   0.07569   0.06082   0.00000   0.04114   0.07793   0.01796   0.01915   0.07750   0.05320   0.00109   0.08520   0.19118   3.54065   0.86888   0.07294  
 24 794.9394   1304.944153  x:  0.02033   0.12989   0.00000   0.01710   0.00735   0.00000   0.01674   0.01029   0.02303   0.22166   0.15003   0.36547   0.07499   0.07562   0.06094   0.00000   0.04041   0.07823   0.01789   0.01836   0.07765   0.05335   0.00000   0.08533   0.19081   3.54064   0.86833   0.07270  
 25 170.8585   1303.858053  x:  0.02177   0.12833   0.00000   0.01760   0.00235   0.00000   0.01756   0.01688   0.02257   0.21753   0.14963   0.36520   0.07387   0.07474   0.06188   0.00000   0.03014   0.08178   0.01976   0.01173   0.07939   0.05440   0.00000   0.08637   0.18441   3.54054   0.86093   0.06878  
 26 199.3696   1302.878867  x:  0.02287   0.12621   0.00000   0.01885   0.00589   0.00000   0.01899   0.02816   0.02149   0.21188   0.14904   0.36484   0.07258   0.07370   0.06279   0.00000   0.01748   0.08589   0.02308   0.00588   0.08146   0.05530   0.00000   0.08799   0.17575   3.54040   0.85170   0.06361  
 27 458.3488   1302.287258  x:  0.02343   0.12308   0.00000   0.01833   0.00608   0.00000   0.01699   0.02872   0.02341   0.20202   0.14827   0.36443   0.07150   0.07291   0.06377   0.00000   0.01160   0.09128   0.02460   0.01709   0.08449   0.05589   0.00000   0.08848   0.16132   3.54016   0.83765   0.05811  
 28 74.8914   1301.739376  x:  0.02282   0.11937   0.00000   0.01910   0.00661   0.00000   0.01898   0.03134   0.02241   0.18798   0.14752   0.36412   0.07129   0.07295   0.06454   0.00000   0.02228   0.09569   0.02247   0.01815   0.08791   0.05567   0.00000   0.08940   0.14206   3.53980   0.82088   0.05371  
 29 83.4231   1301.607988  x:  0.02116   0.11964   0.00000   0.01958   0.00652   0.00000   0.01714   0.03144   0.02282   0.17933   0.14834   0.36474   0.07414   0.07574   0.06433   0.00000   0.02134   0.09020   0.02131   0.01748   0.08557   0.05430   0.00000   0.08920   0.13538   3.53952   0.81893   0.05861  
 30 21.6524   1301.533169  x:  0.02167   0.12062   0.00000   0.01876   0.00640   0.00000   0.02019   0.03008   0.02275   0.17123   0.14946   0.36549   0.07587   0.07755   0.06482   0.00000   0.02061   0.08608   0.02224   0.01740   0.08375   0.05439   0.00000   0.08838   0.13160   3.53921   0.82142   0.05676  
 31 22.1691   1301.487304  x:  0.02193   0.12129   0.00000   0.01918   0.00635   0.00000   0.01749   0.02998   0.02231   0.16474   0.15012   0.36605   0.07577   0.07747   0.06490   0.00000   0.02090   0.08528   0.02254   0.01685   0.08325   0.05484   0.00000   0.08755   0.13019   3.53889   0.82479   0.05452  
 32 18.3661   1301.418067  x:  0.02072   0.12143   0.00000   0.01884   0.00631   0.00000   0.01824   0.02997   0.02314   0.15293   0.15023   0.36677   0.07277   0.07431   0.06379   0.00000   0.02026   0.08854   0.02112   0.01670   0.08398   0.05494   0.00000   0.08584   0.12995   3.53808   0.83078   0.05678  
 33 14.5618   1301.401151  x:  0.02146   0.12079   0.00000   0.01862   0.00630   0.00000   0.01820   0.02941   0.02137   0.15137   0.14949   0.36658   0.07244   0.07401   0.06390   0.00000   0.02022   0.08904   0.02241   0.01666   0.08425   0.05420   0.00000   0.08477   0.13024   3.53767   0.83121   0.05773  
 34  5.8368   1301.342769  x:  0.02370   0.11735   0.00000   0.02005   0.00627   0.00000   0.01816   0.02912   0.02369   0.14962   0.14561   0.36503   0.07286   0.07448   0.06421   0.00000   0.02062   0.08894   0.02437   0.01613   0.08478   0.05192   0.00000   0.08051   0.13157   3.53581   0.83159   0.05803  
 35  6.7861   1301.226748  x:  0.02386   0.11179   0.00000   0.01763   0.00627   0.00000   0.01791   0.02954   0.02257   0.14911   0.13912   0.36173   0.07420   0.07569   0.06353   0.00000   0.01987   0.08759   0.02058   0.01620   0.08472   0.05229   0.00000   0.07311   0.13336   3.53198   0.83171   0.05630  
 36 16.4848   1301.175875  x:  0.02229   0.11267   0.00000   0.02057   0.00619   0.00000   0.01847   0.02858   0.02169   0.15084   0.13940   0.36013   0.07365   0.07499   0.06308   0.00000   0.01954   0.08732   0.02078   0.01623   0.08384   0.05523   0.00000   0.06924   0.13216   3.52997   0.83144   0.05627  
 37 10.5554   1301.126670  x:  0.02184   0.11618   0.00000   0.01835   0.00623   0.00000   0.01796   0.02895   0.02276   0.15364   0.14259   0.35880   0.07248   0.07381   0.06344   0.00000   0.02003   0.08760   0.02223   0.01581   0.08301   0.05591   0.00000   0.06540   0.12972   3.52790   0.83121   0.05673  
 38 13.4638   1301.108464  x:  0.02264   0.11809   0.00000   0.01898   0.00622   0.00000   0.01813   0.02903   0.02237   0.15484   0.14490   0.35857   0.07227   0.07377   0.06399   0.00000   0.01971   0.08808   0.02082   0.01601   0.08332   0.05379   0.00000   0.06433   0.12880   3.52699   0.83132   0.05647  
 39  9.6159   1301.101151  x:  0.02136   0.11799   0.00000   0.01895   0.00620   0.00000   0.01816   0.02874   0.02236   0.15492   0.14654   0.35919   0.07312   0.07483   0.06343   0.00000   0.01957   0.08868   0.02120   0.01583   0.08471   0.05314   0.00000   0.06400   0.12923   3.52619   0.83109   0.05612  
 40  2.5185   1301.082614  x:  0.02282   0.11720   0.00000   0.01900   0.00626   0.00000   0.01820   0.02922   0.02252   0.15443   0.15006   0.36177   0.07419   0.07657   0.06432   0.00000   0.01978   0.08920   0.02097   0.01612   0.08647   0.05515   0.00000   0.06379   0.13113   3.52348   0.82977   0.05685  
 41  3.2097   1300.987290  x:  0.02094   0.11477   0.00000   0.01913   0.00623   0.00000   0.01832   0.02825   0.02263   0.15279   0.15631   0.37508   0.07158   0.07462   0.06695   0.00000   0.02003   0.08770   0.02106   0.01579   0.08216   0.05409   0.00000   0.06347   0.13845   3.50818   0.82174   0.05470  
 42  5.2716   1300.402749  x:  0.02219   0.13157   0.00000   0.01878   0.00584   0.00000   0.01837   0.02154   0.02337   0.15850   0.13810   0.43468   0.07578   0.07498   0.06740   0.00000   0.01814   0.09349   0.02121   0.01244   0.08878   0.05626   0.00000   0.06376   0.13515   3.41087   0.81272   0.05292  
 43 11.4689   1299.895280  x:  0.03037   0.11699   0.00000   0.01818   0.00535   0.00000   0.01795   0.01429   0.02337   0.16467   0.14408   0.43756   0.07384   0.07096   0.05210   0.00000   0.01592   0.09580   0.02118   0.00872   0.08614   0.05661   0.00000   0.06501   0.12289   3.33275   0.81622   0.05220  
 44 20.1519   1299.373497  x:  0.02521   0.11280   0.00000   0.01773   0.00494   0.00000   0.01771   0.00766   0.02355   0.16322   0.14651   0.41473   0.07562   0.06869   0.06827   0.00000   0.01400   0.09841   0.02112   0.00545   0.08858   0.05740   0.00000   0.06677   0.12107   3.25467   0.81543   0.05154  
 45 36.6590   1299.224078  x:  0.02753   0.12176   0.00000   0.01766   0.00487   0.00000   0.01776   0.00630   0.02385   0.15818   0.14548   0.40163   0.07342   0.07377   0.06199   0.00000   0.01401   0.09950   0.02106   0.00484   0.08720   0.05791   0.00000   0.06745   0.12818   3.23111   0.80802   0.05009  
 46 20.2964   1299.220960  x:  0.02777   0.12212   0.00000   0.01766   0.00487   0.00000   0.01775   0.00630   0.02387   0.15798   0.14558   0.40121   0.07406   0.07214   0.06149   0.00000   0.01399   0.09840   0.02103   0.00485   0.08839   0.05793   0.00000   0.06748   0.12856   3.23125   0.80753   0.04999  
 47  1.3991   1299.210863  x:  0.02819   0.12261   0.00000   0.01765   0.00489   0.00000   0.01776   0.00648   0.02391   0.15763   0.14589   0.40008   0.07789   0.07011   0.06110   0.00000   0.01406   0.09996   0.02101   0.00486   0.08694   0.05801   0.00000   0.06757   0.12917   3.23401   0.80684   0.04989  
 48  0.8547   1298.911377  x:  0.02817   0.12316   0.00000   0.01673   0.00546   0.00000   0.01708   0.01050   0.02508   0.15733   0.14959   0.37126   0.07036   0.07594   0.06685   0.00000   0.01401   0.10213   0.01957   0.00467   0.09102   0.06000   0.00000   0.07080   0.13142   3.33541   0.79663   0.04896  
 49  2.3101   1298.816048  x:  0.02928   0.12110   0.00000   0.01650   0.00613   0.00000   0.01701   0.00896   0.02538   0.16020   0.15129   0.36747   0.07124   0.07478   0.06856   0.00000   0.01483   0.10388   0.01910   0.00716   0.09199   0.06089   0.00000   0.07154   0.13185   3.47083   0.79433   0.04943  
 50  0.3229   1298.775193  x:  0.03089   0.11819   0.00000   0.01648   0.00730   0.00000   0.01652   0.00826   0.02610   0.16212   0.15177   0.36896   0.07268   0.07352   0.06968   0.00000   0.01552   0.10519   0.01883   0.00613   0.09233   0.06158   0.00000   0.07105   0.13143   3.41971   0.79536   0.05041  
 51  0.0418   1298.764354  x:  0.03105   0.12011   0.00000   0.01676   0.00797   0.00000   0.01700   0.00850   0.02619   0.16070   0.15140   0.37080   0.07184   0.07462   0.06928   0.00000   0.01479   0.10457   0.01922   0.00627   0.09229   0.06153   0.00000   0.07096   0.13174   3.40983   0.79498   0.04999  
 52  0.0076   1298.763184  x:  0.03089   0.12011   0.00000   0.01667   0.00815   0.00000   0.01687   0.00844   0.02611   0.16071   0.15131   0.37053   0.07191   0.07447   0.06915   0.00000   0.01476   0.10451   0.01912   0.00612   0.09221   0.06144   0.00000   0.07098   0.13166   3.43100   0.79496   0.04991  
 53  0.0266   1298.762719  x:  0.03069   0.11996   0.00000   0.01662   0.00827   0.00000   0.01679   0.00843   0.02603   0.16078   0.15133   0.36947   0.07194   0.07434   0.06917   0.00000   0.01485   0.10447   0.01906   0.00622   0.09219   0.06138   0.00000   0.07107   0.13165   3.42328   0.79505   0.04990  
 54  0.0114   1298.762682  x:  0.03063   0.11988   0.00000   0.01666   0.00829   0.00000   0.01682   0.00845   0.02602   0.16085   0.15136   0.36978   0.07196   0.07434   0.06916   0.00000   0.01488   0.10449   0.01909   0.00622   0.09219   0.06136   0.00000   0.07107   0.13165   3.42367   0.79503   0.04994  
 55  0.0005   1298.762681  x:  0.03063   0.11987   0.00000   0.01665   0.00829   0.00000   0.01683   0.00845   0.02602   0.16084   0.15136   0.36978   0.07196   0.07434   0.06916   0.00000   0.01487   0.10449   0.01908   0.00622   0.09219   0.06136   0.00000   0.07106   0.13164   3.42363   0.79503   0.04994  
 56  0.0001   1298.762681  x:  0.03062   0.11987   0.00000   0.01665   0.00829   0.00000   0.01682   0.00845   0.02602   0.16084   0.15136   0.36978   0.07196   0.07434   0.06916   0.00000   0.01487   0.10449   0.01908   0.00622   0.09219   0.06136   0.00000   0.07106   0.13163   3.42364   0.79503   0.04994  
 57  0.0000   1298.762681  x:  0.03062   0.11987   0.00000   0.01665   0.00829   0.00000   0.01682   0.00845   0.02602   0.16084   0.15136   0.36978   0.07196   0.07434   0.06916   0.00000   0.01487   0.10450   0.01908   0.00622   0.09219   0.06136   0.00000   0.07106   0.13164   3.42364   0.79503   0.04994  
 58  0.0000   1298.762681  x:  0.03062   0.11987   0.00000   0.01665   0.00829   0.00000   0.01682   0.00845   0.02602   0.16084   0.15136   0.36978   0.07196   0.07434   0.06916   0.00000   0.01487   0.10450   0.01908   0.00622   0.09219   0.06136   0.00000   0.07106   0.13164   3.42364   0.79503   0.04994  

Model 2: PositiveSelection

TREE # 1

  0  0.0000   1346.956729  x:  0.00837   0.09577   0.02210   0.01980   0.00898   0.00747   0.01442   0.01104   0.02466   0.10010   0.14577   0.27554   0.06477   0.07307   0.08106   0.01408   0.02524   0.08588   0.02772   0.01900   0.10402   0.06370   0.00000   0.08627   0.09125   3.42364   1.54297   0.13365   0.45930   2.01629  
  1 99.0000   1346.956261  x:  0.00837   0.09577   0.02210   0.01980   0.00898   0.00747   0.01442   0.01104   0.02466   0.10010   0.14577   0.27554   0.06477   0.07307   0.08106   0.01408   0.02524   0.08588   0.02772   0.01900   0.10402   0.06370   0.00000   0.08627   0.09125   3.42364   1.54297   0.13365   0.45930   2.01629  
  2 239.3371   1344.689160  x:  0.00719   0.09628   0.01952   0.01955   0.00938   0.00000   0.01356   0.01147   0.02480   0.10196   0.14628   0.27670   0.06511   0.07355   0.08065   0.00828   0.02395   0.08683   0.02627   0.01643   0.10329   0.06353   0.00000   0.08529   0.09347   3.42383   1.54369   0.13336   0.45418   2.01630  
  3 748.3138   1343.179610  x:  0.00678   0.09706   0.01812   0.02016   0.00834   0.00000   0.01460   0.01181   0.02436   0.10360   0.14656   0.27814   0.06521   0.07368   0.08116   0.00000   0.02455   0.08742   0.02702   0.01714   0.10258   0.06334   0.00000   0.08362   0.09532   3.42410   1.54488   0.13292   0.44664   2.01624  
  4 441.8711   1329.114831  x:  0.01213   0.11515   0.00000   0.02892   0.01802   0.00000   0.01299   0.01320   0.01932   0.13517   0.15173   0.31078   0.06616   0.07534   0.10256   0.00000   0.04100   0.09731   0.04585   0.03851   0.08906   0.06012   0.00000   0.04271   0.13349   3.43065   1.57396   0.12209   0.26644   2.01443  
  5 1423.1117   1314.148854  x:  0.00962   0.13287   0.00659   0.02972   0.01684   0.00000   0.01310   0.01221   0.02881   0.16505   0.15642   0.34626   0.06925   0.07828   0.12345   0.00000   0.05149   0.10574   0.05786   0.05458   0.08205   0.06157   0.00000   0.03261   0.16336   3.43778   1.60776   0.10931   0.05642   2.01198  
  6 1403.4923   1313.531714  x:  0.01058   0.13441   0.00074   0.02998   0.02006   0.00000   0.01401   0.01230   0.02314   0.16652   0.15805   0.35055   0.06975   0.07880   0.12640   0.00000   0.05297   0.10620   0.05930   0.05734   0.08375   0.06243   0.00000   0.04089   0.16499   3.43852   1.61157   0.10814   0.04307   2.01113  
  7 123.4231   1313.412782  x:  0.01054   0.13532   0.00000   0.02966   0.01927   0.00000   0.01322   0.01219   0.02382   0.16754   0.15899   0.35393   0.07027   0.07923   0.12793   0.00000   0.05293   0.10635   0.05911   0.05818   0.08561   0.06324   0.00000   0.04090   0.16503   3.43906   1.61435   0.10745   0.04307   2.01029  
  8 23.7483   1312.947459  x:  0.00581   0.14289   0.00259   0.02659   0.02393   0.00000   0.02015   0.01495   0.02501   0.17734   0.16562   0.38404   0.07390   0.08199   0.14057   0.00000   0.05032   0.10768   0.05485   0.06192   0.09671   0.06746   0.00000   0.03881   0.16601   3.44413   1.64020   0.10103   0.04513   2.00265  
  9 98.1394   1312.591178  x:  0.00306   0.14768   0.00904   0.03007   0.02254   0.00000   0.01806   0.01054   0.01935   0.18521   0.16900   0.40789   0.07332   0.08184   0.14829   0.00000   0.04796   0.10927   0.05170   0.06286   0.09310   0.06433   0.00000   0.04058   0.16829   3.44885   1.66336   0.09528   0.04838   1.99617  
 10 59.5134   1312.366480  x:  0.00338   0.14881   0.00890   0.03317   0.02294   0.00000   0.01785   0.01359   0.02408   0.18748   0.17017   0.42325   0.07057   0.08017   0.15257   0.00000   0.04756   0.10952   0.05099   0.06368   0.08510   0.06048   0.00000   0.04417   0.16887   3.45277   1.68213   0.09068   0.05084   1.99095  
 11 58.9859   1312.055513  x:  0.00076   0.14372   0.00421   0.02755   0.02253   0.00000   0.01948   0.00871   0.02510   0.18082   0.16763   0.43802   0.06611   0.07748   0.15314   0.00000   0.04740   0.10715   0.05023   0.06144   0.07571   0.06109   0.00000   0.04257   0.16322   3.45934   1.71298   0.08320   0.05141   1.98242  
 12 35.7754   1311.769966  x:  0.00238   0.13762   0.00252   0.02350   0.01956   0.00000   0.01808   0.01383   0.02063   0.17260   0.16373   0.45047   0.06286   0.07589   0.15176   0.00000   0.04660   0.10487   0.04881   0.05658   0.06995   0.06183   0.00000   0.03960   0.15716   3.46653   1.74649   0.07511   0.05115   1.97320  
 13 107.0294   1311.269076  x:  0.00320   0.12931   0.00000   0.03241   0.01962   0.00000   0.01857   0.01329   0.01987   0.16220   0.15557   0.45953   0.06277   0.07605   0.14526   0.00000   0.04691   0.10352   0.04890   0.04771   0.07243   0.05889   0.00000   0.03683   0.15357   3.47703   1.79415   0.06380   0.05093   1.96012  
 14 71.8652   1311.269076  x:  0.00320   0.12931   0.00000   0.03241   0.01962   0.00000   0.01857   0.01329   0.01987   0.16220   0.15557   0.45953   0.06277   0.07605   0.14526   0.00000   0.04691   0.10352   0.04890   0.04771   0.07243   0.05889   0.00000   0.03683   0.15357   3.47703   1.79415   0.06380   0.05093   1.96012  
 15 66.2102   1304.634188  x:  0.01403   0.13024   0.00201   0.02080   0.00365   0.00000   0.01925   0.00406   0.03322   0.16471   0.15957   0.45848   0.06802   0.08141   0.13855   0.00000   0.03069   0.10638   0.03078   0.02341   0.08342   0.06411   0.00000   0.07116   0.15259   3.47727   1.79573   0.06349   0.05442   1.95925  
 16 197.5257   1302.604138  x:  0.01903   0.13069   0.00137   0.01524   0.01040   0.00000   0.01939   0.01246   0.03772   0.16625   0.16196   0.45768   0.07097   0.08435   0.13380   0.00000   0.02125   0.10811   0.02050   0.00844   0.08953   0.06687   0.00000   0.08590   0.15198   3.47743   1.79681   0.06326   0.05593   1.95866  
 17 371.5794   1302.438945  x:  0.01925   0.13076   0.00000   0.01617   0.01053   0.00000   0.01926   0.01195   0.03652   0.16670   0.16253   0.45733   0.07152   0.08482   0.13203   0.00000   0.02011   0.10861   0.02028   0.00744   0.09064   0.06721   0.00000   0.08575   0.15181   3.47749   1.79720   0.06317   0.05581   1.95846  
 18 56.4426   1301.940573  x:  0.02561   0.13196   0.00000   0.01425   0.00996   0.00000   0.01912   0.01269   0.02854   0.17229   0.16765   0.45350   0.07657   0.08906   0.11348   0.00000   0.01379   0.11382   0.02066   0.01328   0.10132   0.07022   0.00000   0.08715   0.14999   3.47816   1.80169   0.06215   0.05524   1.95614  
 19 80.6551   1301.573989  x:  0.03291   0.13355   0.00000   0.01557   0.01028   0.00000   0.01981   0.01275   0.02940   0.17898   0.17219   0.44849   0.08035   0.09141   0.09199   0.00000   0.02284   0.11877   0.02090   0.01256   0.10979   0.07164   0.00000   0.08690   0.14815   3.47905   1.80754   0.06085   0.05567   1.95303  
 20 63.5555   1301.420141  x:  0.03658   0.13521   0.00000   0.01384   0.01016   0.00000   0.01896   0.01231   0.03511   0.18353   0.17279   0.44411   0.07991   0.08873   0.07988   0.00000   0.01962   0.11916   0.02296   0.01103   0.10783   0.06973   0.00000   0.08242   0.14765   3.47989   1.81285   0.05973   0.05685   1.95007  
 21 28.1190   1301.356769  x:  0.03953   0.13663   0.00000   0.01561   0.00905   0.00000   0.02024   0.01333   0.03460   0.18622   0.17161   0.44049   0.07923   0.08578   0.07549   0.00000   0.01883   0.11821   0.02006   0.01157   0.10441   0.06851   0.00000   0.08225   0.14751   3.48066   1.81775   0.05869   0.05656   1.94731  
 22 19.9765   1301.299126  x:  0.04227   0.13800   0.00000   0.01451   0.01064   0.00000   0.01966   0.01137   0.03204   0.18885   0.16970   0.43603   0.07900   0.08274   0.07248   0.00000   0.01924   0.11682   0.01903   0.01118   0.10089   0.06778   0.00000   0.08333   0.14731   3.48167   1.82414   0.05733   0.05606   1.94368  
 23 30.3906   1301.247447  x:  0.04383   0.13880   0.00000   0.01469   0.00961   0.00000   0.01826   0.01261   0.02995   0.19107   0.16728   0.43078   0.07981   0.08065   0.07112   0.00000   0.01954   0.11528   0.02169   0.00980   0.09875   0.06798   0.00000   0.08503   0.14689   3.48294   1.83226   0.05561   0.05591   1.93901  
 24 27.8991   1301.143870  x:  0.04344   0.13863   0.00000   0.01688   0.01136   0.00000   0.02060   0.01152   0.03120   0.19438   0.16169   0.41800   0.08345   0.07909   0.07118   0.00000   0.01847   0.11274   0.02403   0.01059   0.09848   0.06963   0.00000   0.08668   0.14543   3.48636   1.85390   0.05106   0.05690   1.92640  
 25 29.6588   1300.897328  x:  0.03837   0.13633   0.00000   0.01394   0.00958   0.00000   0.01938   0.01201   0.03134   0.19969   0.15079   0.38906   0.09027   0.07756   0.07256   0.00000   0.01856   0.10900   0.01977   0.00972   0.10054   0.07148   0.00000   0.08193   0.14210   3.49460   1.90602   0.04015   0.05891   1.89578  
 26 84.9912   1300.726472  x:  0.03865   0.13244   0.00000   0.01578   0.01022   0.00000   0.01465   0.01168   0.03250   0.19776   0.15126   0.37302   0.08581   0.07805   0.07442   0.00000   0.01782   0.11047   0.01870   0.01098   0.10215   0.06617   0.00000   0.08210   0.14018   3.50099   1.94630   0.03182   0.05816   1.87154  
 27 45.7651   1300.467931  x:  0.03873   0.12569   0.00000   0.01393   0.00973   0.00000   0.01849   0.01174   0.03064   0.19246   0.15453   0.35005   0.07607   0.07910   0.07653   0.00000   0.01714   0.11317   0.02002   0.00904   0.10332   0.05793   0.00000   0.08087   0.13737   3.51131   2.01113   0.01851   0.05785   1.83214  
 28 189.3345   1300.223408  x:  0.03693   0.11989   0.00000   0.01392   0.00969   0.00000   0.01778   0.01168   0.02907   0.18191   0.16051   0.33790   0.06664   0.08056   0.07365   0.00000   0.01704   0.11212   0.01931   0.00940   0.09705   0.06543   0.00000   0.07999   0.13529   3.52182   2.07640   0.00553   0.06608   1.79098  
 29 67.8775   1299.990705  x:  0.03531   0.11876   0.00000   0.01308   0.00943   0.00000   0.01766   0.01183   0.02999   0.16925   0.16392   0.33954   0.06950   0.08252   0.06866   0.00000   0.01683   0.10671   0.01882   0.00930   0.09012   0.06796   0.00000   0.07824   0.13394   3.53217   2.14014  -0.00693   0.05852   1.74938  
 30 56.5851   1299.718478  x:  0.03635   0.12179   0.00000   0.01321   0.00948   0.00000   0.01713   0.01166   0.02787   0.15615   0.16163   0.35222   0.07680   0.07927   0.06432   0.00000   0.01661   0.10024   0.01837   0.00911   0.08908   0.05949   0.00000   0.07542   0.13176   3.54493   2.21728  -0.02123   0.06649   1.69639  
 31 72.3824   1299.549156  x:  0.03749   0.12401   0.00000   0.01312   0.00947   0.00000   0.01704   0.01149   0.02773   0.15565   0.15366   0.36640   0.07260   0.06978   0.06391   0.00000   0.01580   0.10360   0.01841   0.00831   0.09440   0.06230   0.00000   0.07212   0.13029   3.55313   2.26539  -0.02945   0.06543   1.66061  
 32 44.5385   1299.492158  x:  0.03443   0.12159   0.00000   0.01322   0.00957   0.00000   0.01695   0.01148   0.02717   0.16253   0.14911   0.37361   0.07046   0.07381   0.06293   0.00000   0.01568   0.10682   0.01843   0.00827   0.09153   0.06096   0.00000   0.07266   0.13020   3.55613   2.28066  -0.03097   0.06579   1.64537  
 33 15.8762   1299.477775  x:  0.03653   0.12094   0.00000   0.01331   0.00958   0.00000   0.01694   0.01137   0.02718   0.16599   0.15010   0.37523   0.07018   0.07552   0.06457   0.00000   0.01562   0.10530   0.01841   0.00798   0.09139   0.06140   0.00000   0.07124   0.13022   3.55703   2.28327  -0.03021   0.06585   1.63917  
 34  6.6993   1299.458197  x:  0.03397   0.12016   0.00000   0.01330   0.00961   0.00000   0.01692   0.01143   0.02705   0.16994   0.15349   0.37597   0.06961   0.07385   0.06488   0.00000   0.01579   0.10193   0.01837   0.00827   0.09233   0.06096   0.00000   0.07156   0.13058   3.55846   2.28365  -0.02663   0.06548   1.62626  
 35  5.6205   1299.356638  x:  0.03154   0.12346   0.00000   0.01347   0.00971   0.00000   0.01697   0.01146   0.02679   0.17347   0.16064   0.37200   0.07506   0.06943   0.06828   0.00000   0.01586   0.10894   0.01860   0.00832   0.08817   0.06108   0.00000   0.06918   0.13052   3.56674   2.27471   0.00094   0.06442   1.54262  
 36  9.4915   1299.034302  x:  0.03153   0.12443   0.00000   0.01435   0.01010   0.00000   0.01660   0.01113   0.02473   0.16570   0.15005   0.35776   0.06925   0.07292   0.06347   0.00000   0.01548   0.10329   0.01890   0.00801   0.08883   0.05984   0.00000   0.06215   0.13145   3.59236   2.24005   0.09118   0.05774   1.27656  
 37 48.5370   1299.001619  x:  0.03333   0.11688   0.00000   0.01435   0.01001   0.00000   0.01655   0.01098   0.02469   0.16480   0.14907   0.35783   0.07118   0.07040   0.06280   0.00000   0.01528   0.10335   0.01872   0.00778   0.08835   0.05975   0.00000   0.06279   0.12839   3.59456   2.23721   0.10046   0.05718   1.24858  
 38 11.3967   1298.902719  x:  0.03465   0.12067   0.00000   0.01382   0.00934   0.00000   0.01657   0.01050   0.02650   0.16542   0.14936   0.35865   0.07105   0.07168   0.06334   0.00000   0.01470   0.10356   0.01810   0.00700   0.08981   0.06032   0.00000   0.07044   0.13078   3.59991   2.23284   0.12994   0.05618   1.15480  
 39  8.9682   1298.901337  x:  0.03445   0.12124   0.00000   0.01382   0.00933   0.00000   0.01657   0.01049   0.02652   0.16544   0.14943   0.35875   0.07080   0.07189   0.06344   0.00000   0.01470   0.10343   0.01809   0.00699   0.08977   0.06030   0.00000   0.07052   0.12906   3.59876   2.23282   0.13095   0.05611   1.15442  
 40  0.5362   1298.751193  x:  0.03032   0.11946   0.00000   0.01582   0.00906   0.00000   0.01687   0.00894   0.02622   0.16087   0.15147   0.36746   0.07169   0.07472   0.06964   0.00000   0.01503   0.10440   0.01893   0.00594   0.09217   0.06143   0.00000   0.07213   0.13151   3.42251   2.23708   0.26499   0.05259   1.15076  
 41  1.1212   1298.739889  x:  0.03032   0.11983   0.00000   0.01653   0.00857   0.00000   0.01690   0.00861   0.02616   0.16098   0.15208   0.37091   0.07209   0.07502   0.07005   0.00000   0.01488   0.10479   0.01905   0.00630   0.09275   0.06165   0.00000   0.07175   0.13179   3.48284   2.22712   0.26900   0.05254   1.14650  
 42  0.0777   1298.737992  x:  0.03045   0.11999   0.00000   0.01668   0.00831   0.00000   0.01684   0.00850   0.02609   0.16113   0.15183   0.37082   0.07210   0.07466   0.06961   0.00000   0.01483   0.10464   0.01905   0.00625   0.09249   0.06153   0.00000   0.07123   0.13168   3.46234   2.22850   0.26043   0.05272   1.13433  
 43  0.0401   1298.737866  x:  0.03050   0.12005   0.00000   0.01666   0.00829   0.00000   0.01683   0.00847   0.02607   0.16119   0.15168   0.37058   0.07202   0.07455   0.06953   0.00000   0.01491   0.10457   0.01908   0.00624   0.09232   0.06147   0.00000   0.07119   0.13170   3.46234   2.22916   0.26486   0.05260   1.13484  
 44  0.0053   1298.737859  x:  0.03047   0.12002   0.00000   0.01665   0.00829   0.00000   0.01684   0.00847   0.02607   0.16117   0.15167   0.37049   0.07201   0.07456   0.06954   0.00000   0.01492   0.10457   0.01909   0.00626   0.09231   0.06146   0.00000   0.07117   0.13169   3.46191   2.22953   0.26504   0.05260   1.13459  
 45  0.0008   1298.737857  x:  0.03046   0.12000   0.00000   0.01664   0.00828   0.00000   0.01684   0.00847   0.02608   0.16117   0.15168   0.37044   0.07200   0.07457   0.06953   0.00000   0.01492   0.10457   0.01909   0.00625   0.09231   0.06146   0.00000   0.07115   0.13168   3.46238   2.23043   0.26636   0.05261   1.13484  
 46  0.0010   1298.737841  x:  0.03054   0.12001   0.00000   0.01662   0.00828   0.00000   0.01685   0.00847   0.02605   0.16120   0.15170   0.37040   0.07201   0.07458   0.06950   0.00000   0.01491   0.10458   0.01908   0.00626   0.09231   0.06147   0.00000   0.07116   0.13168   3.46228   2.23950   0.28245   0.05261   1.13643  
 47  0.0023   1298.737702  x:  0.03062   0.12003   0.00000   0.01659   0.00828   0.00000   0.01687   0.00847   0.02603   0.16122   0.15168   0.37040   0.07198   0.07457   0.06952   0.00000   0.01490   0.10455   0.01907   0.00628   0.09227   0.06147   0.00000   0.07120   0.13167   3.46292   2.31136   0.40854   0.05263   1.14727  
 48  0.0358   1298.737634  x:  0.03062   0.12004   0.00000   0.01659   0.00828   0.00000   0.01687   0.00847   0.02603   0.16123   0.15168   0.37043   0.07197   0.07457   0.06952   0.00000   0.01490   0.10455   0.01906   0.00628   0.09227   0.06147   0.00000   0.07120   0.13167   3.46317   2.35671   0.48643   0.05262   1.15363  
 49  0.2441   1298.737371  x:  0.03045   0.12004   0.00000   0.01666   0.00830   0.00000   0.01683   0.00847   0.02606   0.16116   0.15165   0.37061   0.07197   0.07454   0.06958   0.00000   0.01496   0.10454   0.01908   0.00624   0.09228   0.06146   0.00000   0.07118   0.13167   3.46369   2.44171   0.62308   0.05255   1.16460  
 50  0.1018   1298.737244  x:  0.03035   0.12003   0.00000   0.01669   0.00831   0.00000   0.01682   0.00848   0.02609   0.16113   0.15165   0.37065   0.07199   0.07455   0.06959   0.00000   0.01496   0.10455   0.01909   0.00623   0.09231   0.06146   0.00000   0.07116   0.13168   3.46321   2.45089   0.63153   0.05252   1.16557  
 51  0.0193   1298.737026  x:  0.03030   0.12001   0.00000   0.01668   0.00829   0.00000   0.01681   0.00848   0.02613   0.16114   0.15169   0.37057   0.07201   0.07459   0.06957   0.00000   0.01492   0.10458   0.01910   0.00623   0.09235   0.06145   0.00000   0.07112   0.13170   3.46224   2.54410   0.77642   0.05248   1.17954  
 52  0.1650   1298.736908  x:  0.03033   0.12000   0.00000   0.01667   0.00829   0.00000   0.01682   0.00847   0.02610   0.16115   0.15170   0.37051   0.07200   0.07461   0.06957   0.00000   0.01492   0.10458   0.01910   0.00624   0.09234   0.06146   0.00000   0.07112   0.13170   3.46233   2.59815   0.85682   0.05248   1.18862  
 53  0.1660   1298.736513  x:  0.03062   0.12001   0.00000   0.01654   0.00826   0.00000   0.01689   0.00845   0.02599   0.16124   0.15174   0.37019   0.07196   0.07468   0.06953   0.00000   0.01486   0.10459   0.01906   0.00630   0.09229   0.06148   0.00000   0.07118   0.13168   3.46259   2.73038   1.03786   0.05254   1.21586  
 54  0.1441   1298.736286  x:  0.03049   0.12008   0.00000   0.01661   0.00827   0.00000   0.01686   0.00848   0.02608   0.16124   0.15172   0.37053   0.07196   0.07462   0.06956   0.00000   0.01490   0.10457   0.01907   0.00628   0.09230   0.06147   0.00000   0.07120   0.13168   3.46279   2.84450   1.19807   0.05240   1.23850  
 55  0.1237   1298.735932  x:  0.03029   0.12013   0.00000   0.01670   0.00830   0.00000   0.01681   0.00850   0.02618   0.16120   0.15168   0.37094   0.07198   0.07454   0.06961   0.00000   0.01497   0.10454   0.01910   0.00624   0.09232   0.06147   0.00000   0.07120   0.13168   3.46316   2.87831   1.23620   0.05228   1.24868  
 56  0.1037   1298.735585  x:  0.03023   0.12008   0.00000   0.01667   0.00831   0.00000   0.01681   0.00846   0.02610   0.16116   0.15170   0.37077   0.07197   0.07460   0.06966   0.00000   0.01495   0.10455   0.01909   0.00623   0.09233   0.06146   0.00000   0.07117   0.13168   3.46382   3.00432   1.40010   0.05232   1.27786  
 57  0.1612   1298.735285  x:  0.03031   0.12001   0.00000   0.01660   0.00827   0.00000   0.01685   0.00846   0.02600   0.16114   0.15175   0.37039   0.07195   0.07472   0.06966   0.00000   0.01490   0.10459   0.01908   0.00626   0.09232   0.06146   0.00000   0.07114   0.13169   3.46338   3.13362   1.56069   0.05235   1.31078  
 58  0.1951   1298.735140  x:  0.03036   0.12000   0.00000   0.01658   0.00827   0.00000   0.01686   0.00844   0.02599   0.16116   0.15177   0.37030   0.07194   0.07474   0.06964   0.00000   0.01488   0.10460   0.01908   0.00627   0.09231   0.06146   0.00000   0.07113   0.13168   3.46300   3.14713   1.57188   0.05234   1.31645  
 59  0.0283   1298.734767  x:  0.03036   0.12011   0.00000   0.01661   0.00828   0.00000   0.01685   0.00846   0.02610   0.16124   0.15176   0.37059   0.07192   0.07468   0.06962   0.00000   0.01490   0.10457   0.01908   0.00627   0.09231   0.06147   0.00000   0.07116   0.13167   3.46183   3.33035   1.79809   0.05207   1.36421  
 60  0.2742   1298.734586  x:  0.03019   0.12015   0.00000   0.01666   0.00828   0.00000   0.01682   0.00850   0.02611   0.16118   0.15171   0.37087   0.07192   0.07463   0.06971   0.00000   0.01496   0.10454   0.01908   0.00625   0.09231   0.06146   0.00000   0.07120   0.13168   3.46239   3.39463   1.87010   0.05200   1.38483  
 61  0.0617   1298.734517  x:  0.03016   0.12015   0.00000   0.01665   0.00829   0.00000   0.01682   0.00849   0.02610   0.16117   0.15172   0.37086   0.07192   0.07464   0.06972   0.00000   0.01495   0.10454   0.01908   0.00624   0.09231   0.06146   0.00000   0.07120   0.13168   3.46217   3.46476   1.95306   0.05196   1.40494  
 62  0.2127   1298.734450  x:  0.03021   0.12012   0.00000   0.01662   0.00830   0.00000   0.01683   0.00844   0.02610   0.16118   0.15177   0.37068   0.07192   0.07469   0.06967   0.00000   0.01491   0.10457   0.01909   0.00625   0.09232   0.06146   0.00000   0.07115   0.13167   3.46098   3.53449   2.03198   0.05192   1.42694  
 63  0.1073   1298.734435  x:  0.03021   0.12012   0.00000   0.01662   0.00828   0.00000   0.01683   0.00847   0.02608   0.16117   0.15176   0.37066   0.07191   0.07470   0.06969   0.00000   0.01491   0.10457   0.01908   0.00626   0.09231   0.06146   0.00000   0.07116   0.13167   3.46082   3.56323   2.06514   0.05189   1.43604  
 64  0.0500   1298.734431  x:  0.03021   0.12012   0.00000   0.01662   0.00828   0.00000   0.01683   0.00847   0.02608   0.16118   0.15175   0.37069   0.07190   0.07469   0.06969   0.00000   0.01492   0.10456   0.01908   0.00626   0.09230   0.06146   0.00000   0.07117   0.13167   3.46095   3.56215   2.06315   0.05189   1.43656  
 65  0.0029   1298.734429  x:  0.03020   0.12014   0.00000   0.01662   0.00829   0.00000   0.01683   0.00847   0.02609   0.16118   0.15175   0.37072   0.07190   0.07468   0.06970   0.00000   0.01492   0.10456   0.01908   0.00625   0.09231   0.06146   0.00000   0.07117   0.13167   3.46094   3.57776   2.08112   0.05187   1.44197  
 66  0.0201   1298.734427  x:  0.03019   0.12013   0.00000   0.01662   0.00828   0.00000   0.01683   0.00847   0.02609   0.16117   0.15176   0.37070   0.07191   0.07470   0.06970   0.00000   0.01492   0.10457   0.01908   0.00625   0.09231   0.06146   0.00000   0.07116   0.13167   3.46086   3.58255   2.08639   0.05188   1.44526  
 67  0.0021   1298.734426  x:  0.03020   0.12013   0.00000   0.01662   0.00829   0.00000   0.01683   0.00847   0.02608   0.16118   0.15176   0.37071   0.07190   0.07469   0.06970   0.00000   0.01492   0.10456   0.01908   0.00625   0.09230   0.06146   0.00000   0.07117   0.13167   3.46116   3.57683   2.08002   0.05188   1.44509  
 68  0.0039   1298.734426  x:  0.03019   0.12013   0.00000   0.01662   0.00829   0.00000   0.01683   0.00847   0.02609   0.16118   0.15176   0.37072   0.07190   0.07469   0.06970   0.00000   0.01492   0.10456   0.01908   0.00625   0.09231   0.06146   0.00000   0.07117   0.13167   3.46115   3.57574   2.07881   0.05188   1.44482  
 69  0.0019   1298.734426  x:  0.03019   0.12013   0.00000   0.01662   0.00828   0.00000   0.01683   0.00847   0.02609   0.16118   0.15176   0.37072   0.07190   0.07469   0.06970   0.00000   0.01492   0.10456   0.01908   0.00625   0.09231   0.06146   0.00000   0.07117   0.13167   3.46115   3.57562   2.07867   0.05188   1.44478  
 70  0.0002   1298.734426  x:  0.03019   0.12013   0.00000   0.01662   0.00828   0.00000   0.01683   0.00847   0.02609   0.16118   0.15176   0.37072   0.07190   0.07469   0.06970   0.00000   0.01492   0.10456   0.01908   0.00625   0.09231   0.06146   0.00000   0.07117   0.13167   3.46115   3.57562   2.07867   0.05188   1.44478  

Model 7: beta

TREE # 1

  0  0.0000   1324.954898  x:  0.01022   0.08128   0.03407   0.03991   0.03290   0.01634   0.01527   0.01352   0.04827   0.08891   0.14123   0.22496   0.05812   0.08415   0.08328   0.01349   0.02904   0.09139   0.02029   0.01674   0.09342   0.06841   0.00000   0.06940   0.08187   3.46115   0.63755   1.24427  
  1 99.0000   1324.954332  x:  0.01022   0.08128   0.03407   0.03991   0.03290   0.01634   0.01527   0.01352   0.04827   0.08891   0.14123   0.22496   0.05812   0.08415   0.08328   0.01349   0.02904   0.09139   0.02029   0.01674   0.09342   0.06841   0.00000   0.06940   0.08188   3.46115   0.63755   1.24427  
  2 256.2769   1320.064802  x:  0.00817   0.08316   0.02817   0.03477   0.02489   0.00000   0.01141   0.01826   0.04401   0.09227   0.14242   0.22973   0.05883   0.08352   0.08299   0.00069   0.02691   0.09231   0.02244   0.01652   0.09304   0.06733   0.00000   0.06899   0.08530   3.46118   0.63311   1.24568  
  3 561.2893   1319.937664  x:  0.00811   0.08323   0.02793   0.03461   0.02459   0.00000   0.01167   0.01848   0.04389   0.09235   0.14244   0.22993   0.05882   0.08348   0.08302   0.00000   0.02691   0.09233   0.02250   0.01661   0.09302   0.06729   0.00000   0.06890   0.08536   3.46119   0.63287   1.24575  
  4 492.3994   1318.237693  x:  0.02026   0.08875   0.01450   0.03025   0.01058   0.00000   0.01026   0.02003   0.04308   0.09062   0.14037   0.24619   0.05448   0.07911   0.09428   0.00000   0.03569   0.09110   0.01457   0.02573   0.09063   0.06415   0.00000   0.05072   0.08467   3.46148   0.60301   1.25529  
  5 103.3199   1316.421912  x:  0.01898   0.09423   0.00000   0.02720   0.02099   0.00000   0.01047   0.01158   0.04318   0.09079   0.13515   0.26934   0.05321   0.07480   0.10470   0.00000   0.03925   0.08964   0.02382   0.02684   0.08767   0.06177   0.00000   0.04633   0.08630   3.46194   0.54794   1.27229  
  6 93.6034   1312.066298  x:  0.02070   0.10907   0.02020   0.02243   0.03207   0.00000   0.01189   0.01090   0.04176   0.09964   0.11705   0.33793   0.05364   0.06589   0.12888   0.00000   0.04230   0.08669   0.02954   0.02319   0.08073   0.05762   0.00000   0.05406   0.09106   3.46324   0.36534   1.32735  
  7 284.0274   1310.338718  x:  0.00884   0.10603   0.01501   0.03081   0.03012   0.00000   0.01219   0.00966   0.04368   0.09703   0.11591   0.35279   0.05582   0.06894   0.12832   0.00000   0.03867   0.08682   0.01428   0.01541   0.08231   0.06081   0.00000   0.05724   0.08794   3.46342   0.29564   1.34655  
  8 190.7364   1309.910592  x:  0.00976   0.10075   0.01642   0.03139   0.02420   0.00000   0.01209   0.00569   0.04381   0.09248   0.11968   0.34948   0.05414   0.07164   0.12356   0.00000   0.03451   0.08670   0.02038   0.01458   0.08398   0.06174   0.00000   0.05405   0.08513   3.46316   0.27355   1.35179  
  9 61.4138   1309.708968  x:  0.01472   0.09758   0.01520   0.02895   0.02605   0.00000   0.01230   0.00915   0.04313   0.08942   0.12268   0.34451   0.05207   0.07243   0.12039   0.00000   0.03098   0.08619   0.02164   0.01106   0.08422   0.06095   0.00000   0.05198   0.08567   3.46284   0.26177   1.35459  
 10 56.6961   1309.524011  x:  0.01676   0.09534   0.01418   0.02248   0.02816   0.00000   0.01215   0.00816   0.04040   0.08911   0.12340   0.33587   0.04993   0.07046   0.11516   0.00000   0.02943   0.08540   0.01885   0.01548   0.08252   0.05784   0.00000   0.05349   0.08755   3.46221   0.25216   1.35728  
 11 31.0968   1309.266425  x:  0.02068   0.09936   0.01112   0.02582   0.02658   0.00000   0.01230   0.00786   0.03619   0.09640   0.11747   0.31856   0.05254   0.06389   0.10736   0.00000   0.03404   0.08352   0.02012   0.01259   0.07690   0.05402   0.00000   0.05278   0.09099   3.46035   0.24290   1.36227  
 12 17.4904   1308.980325  x:  0.02766   0.10802   0.00632   0.02059   0.02543   0.00000   0.01245   0.00824   0.04046   0.10209   0.10892   0.30630   0.05948   0.06421   0.10251   0.00000   0.03145   0.08456   0.02079   0.01228   0.07871   0.06237   0.00000   0.05495   0.08829   3.45722   0.24022   1.36992  
 13 15.0893   1308.224037  x:  0.03941   0.11892   0.00000   0.02744   0.02538   0.00000   0.01313   0.00748   0.03990   0.10665   0.10348   0.30173   0.05492   0.06558   0.09267   0.00000   0.01598   0.08935   0.02028   0.01360   0.08808   0.05635   0.00000   0.06014   0.08961   3.44819   0.24896   1.39105  
 14 15.1623   1307.209413  x:  0.04342   0.12395   0.00000   0.02155   0.02746   0.00000   0.01420   0.00469   0.03573   0.10810   0.10651   0.30137   0.05288   0.07043   0.07875   0.00000   0.01882   0.09418   0.01822   0.00397   0.09604   0.05439   0.00000   0.05766   0.09424   3.43623   0.26333   1.41787  
 15 47.4680   1306.573402  x:  0.05259   0.12136   0.00000   0.02600   0.03134   0.00000   0.01530   0.00386   0.03121   0.11182   0.12035   0.30290   0.06363   0.07666   0.07032   0.00000   0.01888   0.09567   0.01722   0.00747   0.09335   0.06272   0.00000   0.05739   0.10945   3.42619   0.27446   1.43878  
 16 56.5106   1306.325618  x:  0.05534   0.11404   0.00000   0.02545   0.02865   0.00000   0.01562   0.00338   0.03692   0.11332   0.12609   0.30325   0.06610   0.07198   0.07380   0.00000   0.01592   0.09223   0.01734   0.00530   0.08519   0.06371   0.00000   0.06238   0.11129   3.42169   0.27955   1.44585  
 17 26.1575   1306.264749  x:  0.05749   0.10933   0.00000   0.02582   0.02804   0.00000   0.01563   0.00347   0.03347   0.11535   0.12677   0.30209   0.06749   0.07151   0.07863   0.00000   0.01696   0.09345   0.01775   0.00493   0.08792   0.06353   0.00000   0.06599   0.10934   3.41957   0.28016   1.44616  
 18  9.0818   1306.192668  x:  0.05453   0.10491   0.00000   0.02477   0.02870   0.00000   0.01577   0.00340   0.03360   0.12060   0.12655   0.30110   0.06898   0.07171   0.08434   0.00000   0.01467   0.09526   0.01738   0.00493   0.08972   0.06263   0.00000   0.06141   0.11050   3.41637   0.27905   1.44099  
 19  5.9518   1305.927785  x:  0.05073   0.10643   0.00000   0.02442   0.02556   0.00000   0.01582   0.00406   0.04137   0.12847   0.13193   0.30053   0.06152   0.07674   0.09215   0.00000   0.01815   0.09991   0.01864   0.00519   0.09486   0.06224   0.00000   0.06389   0.11990   3.40030   0.27333   1.41780  
 20  9.5299   1304.673484  x:  0.03288   0.12467   0.00000   0.02124   0.01721   0.00000   0.01489   0.00516   0.02720   0.13031   0.14214   0.31463   0.04753   0.08723   0.11187   0.00000   0.01281   0.09442   0.01986   0.00323   0.08514   0.07204   0.00000   0.06518   0.12522   3.32909   0.25168   1.30839  
 21 38.8610   1303.112747  x:  0.02723   0.13409   0.00000   0.01494   0.00761   0.00000   0.01320   0.00746   0.02844   0.12941   0.14898   0.34940   0.06923   0.08949   0.10336   0.00000   0.01119   0.09594   0.02223   0.00264   0.08639   0.05310   0.00000   0.06953   0.12498   3.23943   0.22683   1.17377  
 22 98.1742   1302.084417  x:  0.03035   0.12666   0.00000   0.01421   0.00502   0.00000   0.01174   0.00863   0.02752   0.14549   0.15010   0.38436   0.06509   0.06793   0.07716   0.00000   0.00991   0.10448   0.02307   0.00244   0.09164   0.06406   0.00000   0.06967   0.12097   3.17833   0.21143   1.08166  
 23 93.0922   1301.995491  x:  0.03273   0.12536   0.00000   0.01417   0.00592   0.00000   0.01152   0.00877   0.02772   0.15412   0.15095   0.38909   0.06273   0.07383   0.07234   0.00000   0.01020   0.10252   0.02303   0.00271   0.08860   0.06265   0.00000   0.07002   0.11550   3.17241   0.20985   1.07088  
 24 17.1639   1301.970007  x:  0.03355   0.12277   0.00000   0.01421   0.00543   0.00000   0.01156   0.00880   0.02766   0.15418   0.14643   0.39116   0.06185   0.07623   0.07120   0.00000   0.01025   0.09910   0.02321   0.00269   0.08918   0.06294   0.00000   0.07043   0.11787   3.17073   0.20882   1.06240  
 25  4.9649   1301.546684  x:  0.03668   0.12106   0.00000   0.01478   0.00788   0.00000   0.01245   0.00837   0.02671   0.14812   0.13056   0.42060   0.06336   0.07612   0.07068   0.00000   0.01051   0.11110   0.02346   0.00206   0.08444   0.06404   0.00000   0.07225   0.12762   3.14401   0.17279   0.83997  
 26  8.0721   1301.385726  x:  0.03628   0.12459   0.00000   0.01481   0.00968   0.00000   0.01278   0.00810   0.02695   0.14967   0.13289   0.43115   0.06572   0.07052   0.07091   0.00000   0.01071   0.10074   0.02311   0.00234   0.09273   0.06454   0.00000   0.07187   0.12960   3.13503   0.15869   0.75497  
 27 59.5445   1300.350415  x:  0.03441   0.12589   0.00000   0.01390   0.01047   0.00000   0.01440   0.00816   0.02523   0.15348   0.13297   0.44670   0.06751   0.06791   0.07080   0.00000   0.01322   0.10018   0.02278   0.00425   0.09258   0.06263   0.00000   0.07151   0.13389   3.27224   0.14620   0.49850  
 28  1.4489   1299.836564  x:  0.03081   0.12638   0.00000   0.01951   0.00783   0.00000   0.01667   0.00763   0.02550   0.16081   0.14717   0.42216   0.06930   0.07365   0.07125   0.00000   0.01647   0.10432   0.01969   0.00583   0.08948   0.05869   0.00000   0.06951   0.12956   3.29435   0.12293   0.38529  
 29  0.1830   1299.631572  x:  0.02888   0.12142   0.00000   0.01934   0.00783   0.00000   0.01728   0.00829   0.02519   0.16023   0.15248   0.39263   0.07084   0.07394   0.06782   0.00000   0.01698   0.10496   0.01864   0.00653   0.09017   0.05828   0.00000   0.06814   0.13047   3.26980   0.13995   0.49379  
 30  0.4652   1299.501755  x:  0.03088   0.11890   0.00000   0.01613   0.00827   0.00000   0.01774   0.00883   0.02600   0.16081   0.15352   0.37012   0.07141   0.07435   0.06755   0.00000   0.01523   0.10522   0.01844   0.00667   0.09136   0.05988   0.00000   0.06914   0.13291   3.33082   0.13433   0.44997  
 31  0.1239   1299.484040  x:  0.03114   0.11968   0.00000   0.01672   0.00825   0.00000   0.01725   0.00853   0.02583   0.16077   0.15120   0.36719   0.07105   0.07455   0.06926   0.00000   0.01453   0.10409   0.01895   0.00647   0.09156   0.06102   0.00000   0.07021   0.13211   3.29479   0.12998   0.43607  
 32  0.0392   1299.481203  x:  0.03050   0.11951   0.00000   0.01682   0.00835   0.00000   0.01696   0.00848   0.02592   0.16064   0.15048   0.36749   0.07113   0.07436   0.06859   0.00000   0.01461   0.10395   0.01907   0.00618   0.09173   0.06119   0.00000   0.07038   0.13193   3.31773   0.12887   0.43124  
 33  0.0393   1299.480726  x:  0.03043   0.11953   0.00000   0.01662   0.00832   0.00000   0.01687   0.00841   0.02597   0.16071   0.15034   0.36710   0.07110   0.07429   0.06848   0.00000   0.01477   0.10394   0.01903   0.00615   0.09164   0.06102   0.00000   0.07054   0.13161   3.31017   0.12893   0.43240  
 34  0.0107   1299.480644  x:  0.03053   0.11950   0.00000   0.01667   0.00834   0.00000   0.01683   0.00840   0.02594   0.16073   0.15031   0.36689   0.07119   0.07418   0.06843   0.00000   0.01475   0.10392   0.01901   0.00615   0.09162   0.06095   0.00000   0.07061   0.13149   3.31064   0.12937   0.43404  
 35  0.0023   1299.480637  x:  0.03050   0.11948   0.00000   0.01666   0.00834   0.00000   0.01682   0.00840   0.02593   0.16074   0.15032   0.36689   0.07119   0.07419   0.06848   0.00000   0.01474   0.10391   0.01900   0.00616   0.09158   0.06094   0.00000   0.07061   0.13145   3.31154   0.12936   0.43404  
 36  0.0013   1299.480636  x:  0.03050   0.11947   0.00000   0.01666   0.00834   0.00000   0.01682   0.00840   0.02594   0.16074   0.15032   0.36690   0.07120   0.07418   0.06847   0.00000   0.01473   0.10392   0.01900   0.00616   0.09157   0.06095   0.00000   0.07059   0.13145   3.31118   0.12936   0.43399  
 37  0.0004   1299.480635  x:  0.03051   0.11947   0.00000   0.01666   0.00834   0.00000   0.01681   0.00840   0.02594   0.16074   0.15032   0.36690   0.07120   0.07419   0.06847   0.00000   0.01473   0.10393   0.01900   0.00616   0.09157   0.06095   0.00000   0.07059   0.13144   3.31127   0.12935   0.43396  
 38  0.0001   1299.480635  x:  0.03051   0.11947   0.00000   0.01666   0.00834   0.00000   0.01681   0.00840   0.02594   0.16074   0.15032   0.36690   0.07120   0.07419   0.06847   0.00000   0.01473   0.10392   0.01900   0.00616   0.09157   0.06095   0.00000   0.07059   0.13144   3.31127   0.12935   0.43397  
 39  0.0000   1299.480635  x:  0.03051   0.11947   0.00000   0.01666   0.00834   0.00000   0.01681   0.00840   0.02594   0.16074   0.15032   0.36690   0.07120   0.07419   0.06847   0.00000   0.01473   0.10392   0.01900   0.00616   0.09157   0.06095   0.00000   0.07059   0.13144   3.31126   0.12935   0.43397  
 40  0.0000   1299.480635  x:  0.03051   0.11947   0.00000   0.01666   0.00834   0.00000   0.01681   0.00840   0.02594   0.16074   0.15032   0.36690   0.07120   0.07419   0.06847   0.00000   0.01473   0.10392   0.01900   0.00616   0.09157   0.06095   0.00000   0.07059   0.13144   3.31126   0.12935   0.43397  
 41  0.0000   1299.480635  x:  0.03051   0.11947   0.00000   0.01666   0.00834   0.00000   0.01681   0.00840   0.02594   0.16074   0.15032   0.36690   0.07120   0.07419   0.06847   0.00000   0.01473   0.10392   0.01900   0.00616   0.09157   0.06095   0.00000   0.07059   0.13144   3.31126   0.12935   0.43397  
 42  0.0000   1299.480635  x:  0.03051   0.11947   0.00000   0.01666   0.00834   0.00000   0.01681   0.00840   0.02594   0.16074   0.15032   0.36690   0.07120   0.07419   0.06847   0.00000   0.01473   0.10392   0.01900   0.00616   0.09157   0.06095   0.00000   0.07059   0.13144   3.31126   0.12935   0.43397  

Model 8: beta&w>1

TREE # 1

  0  0.0000   1341.714112  x:  0.01226   0.06690   0.04041   0.04714   0.01726   0.03735   0.01521   0.04011   0.02297   0.07297   0.11363   0.22513   0.07699   0.06482   0.07966   0.04663   0.04983   0.06668   0.03405   0.02738   0.08367   0.07631   0.00000   0.09717   0.07705   3.31126   0.90000   0.60785   1.10576   2.51352  
  1 99.0000   1341.713297  x:  0.01226   0.06690   0.04041   0.04714   0.01726   0.03735   0.01521   0.04011   0.02297   0.07297   0.11363   0.22513   0.07699   0.06482   0.07966   0.04663   0.04983   0.06669   0.03405   0.02738   0.08367   0.07631   0.00000   0.09717   0.07705   3.31126   0.90000   0.60785   1.10576   2.51352  
  2 298.9939   1331.772290  x:  0.00000   0.07160   0.02943   0.03623   0.01443   0.01288   0.00751   0.02514   0.02067   0.07999   0.11916   0.23406   0.07675   0.06672   0.07792   0.02751   0.03853   0.07053   0.02826   0.01625   0.08508   0.07381   0.00000   0.09398   0.08366   3.31170   0.91546   0.60066   1.10895   2.51313  
  3 628.9402   1331.772290  x:  0.00000   0.07160   0.02943   0.03623   0.01443   0.01288   0.00751   0.02514   0.02067   0.07999   0.11916   0.23406   0.07675   0.06672   0.07792   0.02751   0.03853   0.07053   0.02826   0.01625   0.08508   0.07381   0.00000   0.09398   0.08366   3.31170   0.91546   0.60066   1.10895   2.51313  
  4 903.5271   1322.634809  x:  0.02546   0.07810   0.02586   0.03021   0.00922   0.00000   0.02522   0.01708   0.02439   0.08742   0.12525   0.23988   0.07628   0.06978   0.07977   0.01772   0.03231   0.07631   0.02395   0.01004   0.08648   0.07239   0.00000   0.09233   0.09007   3.31197   0.92503   0.59678   1.11072   2.51285  
  5 371.2860   1316.262870  x:  0.02566   0.08563   0.01659   0.02130   0.00741   0.00000   0.01765   0.00662   0.02683   0.09870   0.13253   0.24872   0.07611   0.07324   0.07906   0.00000   0.02289   0.08437   0.01927   0.00515   0.08852   0.07011   0.00000   0.08908   0.09970   3.31240   0.93985   0.58985   1.11377   2.51249  
  6 268.4530   1312.365861  x:  0.02622   0.09765   0.00000   0.01120   0.01366   0.00000   0.01395   0.01683   0.02769   0.11661   0.14366   0.26475   0.07489   0.07791   0.07883   0.00000   0.01077   0.09588   0.01826   0.01738   0.09126   0.06574   0.00000   0.08127   0.11515   3.31322   0.96786   0.57548   1.11998   2.51192  
  7 339.9487   1312.365861  x:  0.02622   0.09765   0.00000   0.01120   0.01366   0.00000   0.01395   0.01683   0.02769   0.11661   0.14366   0.26475   0.07489   0.07791   0.07883   0.00000   0.01077   0.09588   0.01826   0.01738   0.09126   0.06574   0.00000   0.08127   0.11515   3.31322   0.96786   0.57548   1.11998   2.51192  
  8 161.9065   1310.631421  x:  0.02813   0.10072   0.00025   0.01987   0.00622   0.00000   0.01855   0.00752   0.02754   0.12115   0.14532   0.26971   0.07414   0.07840   0.07883   0.00000   0.01812   0.09750   0.01755   0.00742   0.09184   0.06485   0.00000   0.07926   0.11778   3.31346   0.97315   0.56954   1.12228   2.51188  
  9 136.4444   1310.420767  x:  0.02843   0.10143   0.00000   0.01991   0.00717   0.00000   0.01858   0.00751   0.02741   0.12229   0.14573   0.27103   0.07395   0.07849   0.07877   0.00000   0.01826   0.09786   0.01777   0.00661   0.09191   0.06464   0.00000   0.07877   0.11842   3.31352   0.97428   0.56786   1.12292   2.51188  
 10 92.4937   1308.612082  x:  0.03290   0.11364   0.00000   0.01640   0.00296   0.00000   0.01661   0.01102   0.02538   0.14225   0.15266   0.29479   0.07068   0.08002   0.07735   0.00000   0.01644   0.10408   0.02252   0.00808   0.09302   0.06121   0.00000   0.07059   0.12937   3.31470   0.99156   0.53648   1.13465   2.51182  
 11 269.8192   1307.369655  x:  0.03424   0.12231   0.00000   0.01808   0.00611   0.00000   0.01774   0.00412   0.02611   0.15764   0.15738   0.31522   0.06859   0.08070   0.07529   0.00000   0.01591   0.10852   0.02142   0.01809   0.09374   0.05957   0.00000   0.06597   0.13708   3.31571   0.99082   0.50602   1.14541   2.51187  
 12 209.8396   1305.391259  x:  0.03397   0.13836   0.00000   0.02671   0.00736   0.00000   0.02286   0.01425   0.02931   0.18809   0.16600   0.35904   0.06548   0.08160   0.07019   0.00000   0.01875   0.11630   0.01170   0.02469   0.09525   0.05822   0.00000   0.06045   0.15120   3.31790   0.97331   0.43550   1.16946   2.51202  
 13 368.9457   1302.697661  x:  0.02748   0.14965   0.00000   0.01692   0.00275   0.00000   0.01545   0.00945   0.03011   0.21417   0.17206   0.40562   0.06694   0.08274   0.06588   0.00000   0.01282   0.12021   0.02116   0.01249   0.09677   0.06281   0.00000   0.06775   0.16016   3.32045   0.94529   0.34778   1.19744   2.51216  
 14 248.0261   1301.732007  x:  0.02507   0.14742   0.00000   0.01279   0.00386   0.00000   0.02104   0.01086   0.02819   0.21509   0.17074   0.42159   0.07360   0.08480   0.07146   0.00000   0.02219   0.11732   0.02531   0.01538   0.09919   0.06919   0.00000   0.08117   0.15537   3.32181   0.94730   0.30095   1.21020   2.51174  
 15 103.2093   1301.164160  x:  0.02468   0.14348   0.00000   0.01904   0.00402   0.00000   0.01635   0.01056   0.02867   0.21088   0.16867   0.42940   0.07767   0.08573   0.07713   0.00000   0.01651   0.11375   0.02041   0.01552   0.10017   0.07130   0.00000   0.08694   0.14925   3.32273   0.95303   0.27004   1.21779   2.51124  
 16 100.8669   1300.992344  x:  0.02451   0.14085   0.00000   0.01593   0.00352   0.00000   0.01919   0.00947   0.02804   0.20675   0.16723   0.43126   0.07675   0.08461   0.07837   0.00000   0.01424   0.11217   0.01611   0.01421   0.09968   0.06854   0.00000   0.08329   0.14594   3.32314   0.95450   0.25909   1.22023   2.51090  
 17 43.1248   1300.765005  x:  0.02359   0.13569   0.00000   0.01634   0.00368   0.00000   0.01806   0.00970   0.02786   0.19759   0.16399   0.43316   0.07250   0.08123   0.07832   0.00000   0.01646   0.10970   0.01863   0.01418   0.09782   0.06155   0.00000   0.07238   0.13994   3.32388   0.95519   0.24260   1.22380   2.51011  
 18 47.9007   1300.735465  x:  0.02307   0.13550   0.00000   0.01639   0.00375   0.00000   0.01772   0.00964   0.02691   0.19401   0.16246   0.43386   0.06936   0.08046   0.07423   0.00000   0.01670   0.11009   0.01798   0.01424   0.09538   0.06430   0.00000   0.07186   0.14053   3.32444   0.95637   0.24057   1.22519   2.50923  
 19  7.8545   1300.727759  x:  0.02389   0.13587   0.00000   0.01655   0.00378   0.00000   0.01845   0.00975   0.02796   0.19236   0.16173   0.43429   0.06884   0.08071   0.07302   0.00000   0.01609   0.11012   0.01852   0.01424   0.09468   0.06409   0.00000   0.07232   0.14102   3.32482   0.95659   0.24030   1.22606   2.50859  
 20  6.0847   1300.716555  x:  0.02583   0.13686   0.00000   0.01598   0.00380   0.00000   0.01765   0.00970   0.02834   0.18953   0.16045   0.43523   0.06882   0.08150   0.07163   0.00000   0.01662   0.11015   0.01799   0.01425   0.09415   0.06282   0.00000   0.07316   0.14197   3.32567   0.95657   0.24039   1.22795   2.50717  
 21  8.0179   1300.707842  x:  0.02659   0.13764   0.00000   0.01628   0.00386   0.00000   0.01791   0.00980   0.02674   0.18738   0.15946   0.43620   0.06943   0.08192   0.07111   0.00000   0.01607   0.11004   0.01832   0.01433   0.09447   0.06233   0.00000   0.07312   0.14253   3.32661   0.95631   0.24095   1.23002   2.50558  
 22  6.7977   1300.679396  x:  0.02532   0.13911   0.00000   0.01564   0.00398   0.00000   0.01755   0.00991   0.02784   0.18172   0.15708   0.43981   0.07197   0.08131   0.07123   0.00000   0.01559   0.10968   0.01827   0.01435   0.09729   0.06390   0.00000   0.07072   0.14312   3.33062   0.95660   0.24418   1.23875   2.49873  
 23  7.3893   1300.628551  x:  0.02357   0.13760   0.00000   0.01502   0.00430   0.00000   0.01697   0.01018   0.02767   0.17701   0.15779   0.44409   0.06938   0.07630   0.07444   0.00000   0.01450   0.10976   0.01810   0.01456   0.09592   0.06226   0.00000   0.07255   0.14051   3.33891   0.95716   0.25075   1.25656   2.48444  
 24  9.2535   1300.575847  x:  0.02327   0.13196   0.00000   0.01423   0.00462   0.00000   0.01637   0.01043   0.02757   0.17651   0.16062   0.44221   0.06978   0.08117   0.07360   0.00000   0.01360   0.10870   0.01805   0.01468   0.09157   0.06212   0.00000   0.07074   0.13663   3.34848   0.95745   0.25587   1.27672   2.46766  
 25 12.3182   1300.515483  x:  0.02596   0.12841   0.00000   0.01329   0.00496   0.00000   0.01572   0.01066   0.02739   0.17868   0.15989   0.42823   0.06515   0.08203   0.07178   0.00000   0.01225   0.10669   0.01810   0.01470   0.09687   0.06230   0.00000   0.07009   0.13675   3.36055   0.95747   0.25763   1.30143   2.44584  
 26 11.3762   1300.463667  x:  0.02260   0.13038   0.00000   0.01282   0.00522   0.00000   0.01530   0.01078   0.02729   0.18031   0.15666   0.41257   0.06717   0.07998   0.07109   0.00000   0.01147   0.10815   0.01777   0.01461   0.09431   0.05977   0.00000   0.06965   0.13884   3.37146   0.95837   0.25798   1.32336   2.42548  
 27 16.7254   1300.447144  x:  0.02463   0.13218   0.00000   0.01253   0.00525   0.00000   0.01519   0.01080   0.02729   0.18009   0.15650   0.40808   0.06775   0.07866   0.07264   0.00000   0.01140   0.10818   0.01797   0.01447   0.09225   0.06132   0.00000   0.06836   0.13855   3.37529   0.95785   0.25839   1.33092   2.41793  
 28 11.8595   1300.336119  x:  0.02463   0.13871   0.00000   0.01314   0.00519   0.00000   0.01533   0.01040   0.02707   0.17301   0.16430   0.39333   0.06868   0.07569   0.06649   0.00000   0.01186   0.10304   0.01760   0.01335   0.09265   0.05988   0.00000   0.06752   0.13034   3.40335   0.95853   0.26773   1.38506   2.35788  
 29  7.5914   1300.025391  x:  0.02450   0.12584   0.00000   0.01517   0.00484   0.00000   0.01601   0.00922   0.02626   0.15503   0.16021   0.36337   0.06239   0.07888   0.07071   0.00000   0.01304   0.10862   0.01738   0.00942   0.09107   0.05790   0.00000   0.06380   0.13287   3.48069   0.95840   0.29634   1.53268   2.18866  
 30 40.6272   1299.969535  x:  0.02635   0.12191   0.00000   0.01555   0.00483   0.00000   0.01603   0.00894   0.02603   0.15757   0.15163   0.36086   0.06332   0.07594   0.06862   0.00000   0.01348   0.10163   0.01706   0.00873   0.08866   0.05732   0.00000   0.06302   0.13203   3.49453   0.95903   0.30260   1.55745   2.15595  
 31 23.0072   1299.960178  x:  0.02741   0.12170   0.00000   0.01557   0.00484   0.00000   0.01603   0.00892   0.02599   0.15865   0.14920   0.36086   0.06377   0.07544   0.06741   0.00000   0.01338   0.10411   0.01706   0.00856   0.08912   0.05731   0.00000   0.06304   0.12903   3.49649   0.95905   0.30314   1.55893   2.14840  
 32  4.3602   1299.633438  x:  0.02330   0.13045   0.00000   0.01481   0.00523   0.00000   0.01565   0.00858   0.02545   0.16128   0.14657   0.36415   0.05739   0.08294   0.07250   0.00000   0.01320   0.10154   0.01843   0.00520   0.08905   0.05758   0.00000   0.06440   0.12519   3.54000   0.95471   0.28255   1.46781   1.80339  
 33  3.3333   1299.484837  x:  0.02721   0.12423   0.00000   0.01455   0.00544   0.00000   0.01546   0.00843   0.02495   0.16114   0.15288   0.36547   0.06450   0.07572   0.06864   0.00000   0.01294   0.10391   0.01916   0.00365   0.08987   0.05771   0.00000   0.06478   0.12961   3.56036   0.95294   0.27166   1.42341   1.63864  
 34 97.6948   1299.103964  x:  0.02826   0.12341   0.00000   0.01569   0.00699   0.00000   0.01619   0.00899   0.02563   0.16980   0.15450   0.38287   0.07181   0.07627   0.07201   0.00000   0.01480   0.10585   0.02075   0.00741   0.09326   0.06201   0.00000   0.07265   0.13450   3.40570   0.94658   0.22036   1.15166   1.54480  
 35  0.3562   1298.988720  x:  0.02780   0.12271   0.00000   0.01630   0.00767   0.00000   0.01680   0.00858   0.02640   0.16639   0.15291   0.38272   0.07264   0.07677   0.07232   0.00000   0.01522   0.10500   0.02038   0.00545   0.09342   0.06284   0.00000   0.07412   0.13350   3.31265   0.94222   0.20894   1.08427   1.63450  
 36  0.2043   1298.888545  x:  0.02857   0.11991   0.00000   0.01669   0.00827   0.00000   0.01705   0.00820   0.02630   0.15902   0.14933   0.37070   0.07073   0.07577   0.07043   0.00000   0.01523   0.10342   0.01949   0.00612   0.09172   0.06143   0.00000   0.07172   0.13040   3.39770   0.93450   0.20291   1.04940   1.49361  
 37  0.2072   1298.878344  x:  0.02844   0.12054   0.00000   0.01660   0.00839   0.00000   0.01689   0.00828   0.02621   0.16068   0.15127   0.37100   0.07054   0.07560   0.07043   0.00000   0.01505   0.10404   0.01919   0.00614   0.09189   0.06120   0.00000   0.07105   0.13103   3.43267   0.93292   0.19419   1.01157   1.50354  
 38  0.0823   1298.875167  x:  0.02853   0.12044   0.00000   0.01647   0.00842   0.00000   0.01670   0.00838   0.02610   0.16084   0.15198   0.36811   0.07024   0.07554   0.07040   0.00000   0.01483   0.10418   0.01898   0.00620   0.09188   0.06099   0.00000   0.07048   0.13120   3.40042   0.93162   0.19524   1.02635   1.48621  
 39  0.0453   1298.867791  x:  0.02892   0.12004   0.00000   0.01613   0.00823   0.00000   0.01648   0.00861   0.02605   0.16051   0.15199   0.36845   0.07066   0.07591   0.07109   0.00000   0.01442   0.10420   0.01887   0.00615   0.09224   0.06143   0.00000   0.07088   0.13180   3.42481   0.92509   0.20279   1.09078   1.47312  
 40  0.0222   1298.851073  x:  0.02910   0.12020   0.00000   0.01597   0.00782   0.00000   0.01665   0.00872   0.02613   0.15962   0.15109   0.37034   0.07097   0.07578   0.07111   0.00000   0.01437   0.10391   0.01900   0.00615   0.09207   0.06154   0.00000   0.07121   0.13139   3.41611   0.91143   0.20940   1.23225   1.36627  
 41  0.0760   1298.832161  x:  0.02878   0.12011   0.00000   0.01653   0.00741   0.00000   0.01699   0.00857   0.02625   0.16128   0.15143   0.37060   0.07126   0.07478   0.06989   0.00000   0.01515   0.10409   0.01914   0.00630   0.09173   0.06126   0.00000   0.07140   0.13098   3.40931   0.89852   0.22265   1.43365   1.35381  
 42  0.1172   1298.814065  x:  0.02963   0.12033   0.00000   0.01731   0.00758   0.00000   0.01666   0.00841   0.02622   0.16199   0.15190   0.36707   0.07072   0.07616   0.07010   0.00000   0.01506   0.10456   0.01891   0.00626   0.09272   0.06131   0.00000   0.07093   0.13177   3.43026   0.88655   0.23533   1.67579   1.27869  
 43  0.0891   1298.788723  x:  0.02951   0.12042   0.00000   0.01668   0.00819   0.00000   0.01668   0.00842   0.02610   0.15916   0.15205   0.37048   0.07055   0.07590   0.07061   0.00000   0.01465   0.10441   0.01875   0.00635   0.09257   0.06119   0.00000   0.07032   0.13172   3.42573   0.87722   0.25947   2.04938   1.29539  
 44  0.1731   1298.778786  x:  0.02953   0.12027   0.00000   0.01642   0.00828   0.00000   0.01678   0.00846   0.02609   0.15936   0.15204   0.37108   0.07076   0.07543   0.07053   0.00000   0.01466   0.10435   0.01882   0.00635   0.09233   0.06124   0.00000   0.07044   0.13165   3.42587   0.86600   0.27716   2.30789   1.25139  
 45  0.6470   1298.765370  x:  0.02945   0.12035   0.00000   0.01624   0.00868   0.00000   0.01705   0.00847   0.02621   0.16296   0.15198   0.37163   0.07145   0.07470   0.07009   0.00000   0.01503   0.10444   0.01928   0.00625   0.09191   0.06160   0.00000   0.07148   0.13179   3.42686   0.86277   0.29334   2.54780   1.21751  
 46  0.2188   1298.752345  x:  0.02982   0.12041   0.00000   0.01716   0.00897   0.00000   0.01653   0.00835   0.02615   0.16185   0.15146   0.37018   0.07152   0.07559   0.06975   0.00000   0.01487   0.10447   0.01916   0.00613   0.09249   0.06137   0.00000   0.07150   0.13148   3.44339   0.85673   0.33277   3.08601   1.22316  
 47  0.1826   1298.740793  x:  0.02987   0.12023   0.00000   0.01649   0.00885   0.00000   0.01704   0.00840   0.02613   0.15989   0.15219   0.37252   0.07113   0.07506   0.06999   0.00000   0.01486   0.10468   0.01889   0.00639   0.09245   0.06117   0.00000   0.07046   0.13185   3.43559   0.85089   0.37276   3.67265   1.18834  
 48  0.2430   1298.732120  x:  0.02956   0.12029   0.00000   0.01622   0.00840   0.00000   0.01707   0.00852   0.02618   0.16179   0.15208   0.37030   0.07121   0.07492   0.07038   0.00000   0.01504   0.10437   0.01904   0.00631   0.09209   0.06159   0.00000   0.07111   0.13178   3.44138   0.85046   0.40727   4.17343   1.20058  
 49  0.2739   1298.727195  x:  0.02967   0.12023   0.00000   0.01633   0.00826   0.00000   0.01695   0.00855   0.02618   0.16245   0.15182   0.36959   0.07138   0.07488   0.07030   0.00000   0.01505   0.10424   0.01912   0.00624   0.09200   0.06172   0.00000   0.07145   0.13166   3.44685   0.84313   0.44207   4.70958   1.18121  
 50  1.0537   1298.722263  x:  0.03018   0.11989   0.00000   0.01690   0.00805   0.00000   0.01662   0.00850   0.02609   0.16110   0.15140   0.37099   0.07157   0.07496   0.06959   0.00000   0.01480   0.10436   0.01907   0.00623   0.09221   0.06133   0.00000   0.07122   0.13139   3.44445   0.84003   0.47399   5.25004   1.16111  
 51  0.3659   1298.714362  x:  0.02992   0.12037   0.00000   0.01647   0.00821   0.00000   0.01718   0.00838   0.02620   0.16043   0.15214   0.36979   0.07148   0.07515   0.06969   0.00000   0.01499   0.10483   0.01890   0.00626   0.09271   0.06101   0.00000   0.07043   0.13174   3.45094   0.83427   0.53558   6.38613   1.15523  
 52  0.2596   1298.709567  x:  0.03004   0.12002   0.00000   0.01658   0.00831   0.00000   0.01683   0.00850   0.02611   0.16161   0.15181   0.37034   0.07166   0.07474   0.06997   0.00000   0.01494   0.10445   0.01908   0.00626   0.09218   0.06157   0.00000   0.07123   0.13167   3.44649   0.82919   0.58300   7.27502   1.13000  
 53  0.5345   1298.708517  x:  0.03015   0.12004   0.00000   0.01666   0.00836   0.00000   0.01676   0.00850   0.02610   0.16172   0.15171   0.37083   0.07165   0.07478   0.06987   0.00000   0.01490   0.10441   0.01912   0.00626   0.09215   0.06157   0.00000   0.07132   0.13166   3.44491   0.82994   0.58889   7.43322   1.13263  
 54  0.1770   1298.707231  x:  0.03032   0.12016   0.00000   0.01670   0.00832   0.00000   0.01681   0.00848   0.02613   0.16155   0.15168   0.37100   0.07168   0.07489   0.06961   0.00000   0.01488   0.10451   0.01910   0.00625   0.09231   0.06140   0.00000   0.07119   0.13167   3.44788   0.82559   0.64022   8.37951   1.12363  
 55  0.7061   1298.706749  x:  0.03011   0.12013   0.00000   0.01661   0.00828   0.00000   0.01688   0.00847   0.02612   0.16132   0.15183   0.37024   0.07172   0.07480   0.06979   0.00000   0.01492   0.10455   0.01905   0.00624   0.09234   0.06142   0.00000   0.07110   0.13164   3.44771   0.82466   0.66659   8.88289   1.11729  
 56  0.3151   1298.706550  x:  0.03026   0.12002   0.00000   0.01663   0.00824   0.00000   0.01684   0.00849   0.02611   0.16159   0.15175   0.37072   0.07169   0.07476   0.06973   0.00000   0.01492   0.10451   0.01908   0.00626   0.09223   0.06147   0.00000   0.07115   0.13172   3.44684   0.82380   0.69328   9.36439   1.11677  
 57  0.2226   1298.706415  x:  0.03023   0.12019   0.00000   0.01665   0.00827   0.00000   0.01683   0.00849   0.02613   0.16141   0.15174   0.37049   0.07176   0.07480   0.06969   0.00000   0.01490   0.10450   0.01908   0.00624   0.09231   0.06143   0.00000   0.07118   0.13162   3.44827   0.82279   0.71976   9.81910   1.11263  
 58  0.1761   1298.706287  x:  0.03018   0.12010   0.00000   0.01664   0.00831   0.00000   0.01685   0.00847   0.02612   0.16136   0.15178   0.37043   0.07174   0.07480   0.06974   0.00000   0.01491   0.10454   0.01907   0.00625   0.09234   0.06142   0.00000   0.07114   0.13163   3.44943   0.82320   0.73523  10.04286   1.11462  
 59  0.1082   1298.706237  x:  0.03023   0.12005   0.00000   0.01663   0.00830   0.00000   0.01685   0.00848   0.02611   0.16147   0.15177   0.37059   0.07172   0.07477   0.06973   0.00000   0.01492   0.10454   0.01908   0.00625   0.09229   0.06145   0.00000   0.07114   0.13170   3.44940   0.82267   0.75034  10.28160   1.11392  
 60  0.1951   1298.706228  x:  0.03024   0.12012   0.00000   0.01663   0.00829   0.00000   0.01684   0.00848   0.02612   0.16146   0.15176   0.37058   0.07173   0.07478   0.06972   0.00000   0.01491   0.10452   0.01908   0.00625   0.09229   0.06145   0.00000   0.07116   0.13168   3.44937   0.82289   0.74835  10.23239   1.11456  
 61  0.0365   1298.706227  x:  0.03023   0.12009   0.00000   0.01664   0.00829   0.00000   0.01685   0.00848   0.02612   0.16145   0.15176   0.37056   0.07173   0.07478   0.06973   0.00000   0.01491   0.10452   0.01908   0.00625   0.09229   0.06145   0.00000   0.07115   0.13167   3.44948   0.82295   0.74664  10.19985   1.11470  
 62  0.0281   1298.706227  x:  0.03023   0.12009   0.00000   0.01664   0.00829   0.00000   0.01685   0.00848   0.02612   0.16145   0.15176   0.37056   0.07173   0.07478   0.06973   0.00000   0.01491   0.10453   0.01908   0.00625   0.09229   0.06145   0.00000   0.07115   0.13167   3.44946   0.82296   0.74599  10.18877   1.11473  
 63  0.0095   1298.706227  x:  0.03023   0.12009   0.00000   0.01664   0.00829   0.00000   0.01685   0.00848   0.02612   0.16145   0.15176   0.37056   0.07173   0.07478   0.06973   0.00000   0.01491   0.10452   0.01908   0.00625   0.09229   0.06145   0.00000   0.07115   0.13167   3.44946   0.82296   0.74595  10.18801   1.11474  
 64  0.0009   1298.706227  x:  0.03023   0.12009   0.00000   0.01664   0.00829   0.00000   0.01685   0.00848   0.02612   0.16145   0.15176   0.37056   0.07173   0.07478   0.06973   0.00000   0.01491   0.10452   0.01908   0.00625   0.09229   0.06145   0.00000   0.07115   0.13167   3.44946   0.82296   0.74595  10.18800   1.11474  
 65  0.0001   1298.706227  x:  0.03023   0.12009   0.00000   0.01664   0.00829   0.00000   0.01685   0.00848   0.02612   0.16145   0.15176   0.37056   0.07173   0.07478   0.06973   0.00000   0.01491   0.10452   0.01908   0.00625   0.09229   0.06145   0.00000   0.07115   0.13167   3.44946   0.82296   0.74595  10.18800   1.11474  