

Model 0: one-ratio

TREE # 1

  0  0.0000  10652.474915  x:  0.00484   0.11094   0.02169   0.01476   0.01162   0.00000   0.01281   0.01115   0.01180   0.02464   0.04495   0.10154   0.20702   0.31186   0.18001   0.14049   0.01838   0.01202   0.03853   0.13334   0.02720   0.04921   0.14556   0.19674   0.00979   0.09527   0.35221   2.00000   0.40000  
  1 99.0000  10652.472867  x:  0.00484   0.11094   0.02169   0.01476   0.01162   0.00000   0.01281   0.01115   0.01180   0.02464   0.04495   0.10154   0.20702   0.31186   0.18001   0.14049   0.01839   0.01202   0.03853   0.13334   0.02720   0.04921   0.14556   0.19674   0.00979   0.09527   0.35221   2.00000   0.40000  
  2 1309.4376  10644.553524  x:  0.00000   0.11105   0.02311   0.01728   0.01169   0.00000   0.01328   0.00966   0.01335   0.02324   0.04415   0.10132   0.20729   0.31264   0.17891   0.14162   0.02146   0.00069   0.04266   0.13342   0.02909   0.04743   0.14632   0.19806   0.00995   0.09474   0.35173   2.00289   0.39026  
  3 821.2986  10644.011831  x:  0.00025   0.11108   0.02316   0.01731   0.01168   0.00000   0.01328   0.00972   0.01340   0.02317   0.04410   0.10130   0.20732   0.31271   0.17882   0.14171   0.02125   0.00000   0.04293   0.13343   0.02914   0.04732   0.14638   0.19818   0.00999   0.09470   0.35169   2.00314   0.38945  
  4 1245.4358  10636.630117  x:  0.00011   0.11218   0.02184   0.00971   0.01171   0.00000   0.01184   0.01366   0.00716   0.02518   0.04295   0.10068   0.20851   0.31543   0.17540   0.14522   0.02104   0.00000   0.04917   0.13378   0.02202   0.04889   0.14925   0.20429   0.01414   0.09355   0.35033   2.01404   0.35557  
  5 858.8420  10628.760488  x:  0.00003   0.11377   0.01871   0.01321   0.01247   0.00000   0.01179   0.01419   0.01461   0.02951   0.04375   0.10022   0.21019   0.31920   0.17117   0.14962   0.02158   0.00000   0.05048   0.13425   0.01429   0.05482   0.15301   0.21290   0.01661   0.09228   0.34874   2.02941   0.31098  
  6 1227.2872  10628.414615  x:  0.00000   0.11381   0.01873   0.01327   0.01245   0.00000   0.01183   0.01410   0.01454   0.02953   0.04378   0.10022   0.21023   0.31930   0.17108   0.14972   0.02157   0.00000   0.05042   0.13427   0.01454   0.05496   0.15309   0.21310   0.01658   0.09226   0.34870   2.02980   0.30997  
  7 1313.1096  10628.414615  x:  0.00000   0.11381   0.01873   0.01327   0.01245   0.00000   0.01183   0.01410   0.01454   0.02953   0.04378   0.10022   0.21023   0.31930   0.17108   0.14972   0.02157   0.00000   0.05042   0.13427   0.01454   0.05496   0.15309   0.21310   0.01658   0.09226   0.34870   2.02980   0.30997  
  8 406.5302  10613.012098  x:  0.02084   0.11481   0.02237   0.01740   0.01173   0.00000   0.01364   0.00926   0.01164   0.02672   0.04370   0.10045   0.21084   0.31991   0.17088   0.15005   0.03682   0.00000   0.05076   0.13441   0.02757   0.05314   0.15317   0.21325   0.01389   0.09216   0.34861   2.03142   0.30747  
  9 1541.2163  10609.155405  x:  0.01080   0.11391   0.02730   0.01834   0.01202   0.00000   0.01389   0.00777   0.01136   0.02061   0.04301   0.10084   0.21143   0.32162   0.16996   0.15137   0.04707   0.00000   0.05171   0.13455   0.03426   0.04593   0.15329   0.21363   0.00737   0.09206   0.34834   2.03729   0.29853  
 10 333.1266  10607.969661  x:  0.00791   0.11358   0.02741   0.01804   0.01201   0.00000   0.01398   0.01146   0.01215   0.02244   0.04264   0.10097   0.21207   0.32310   0.16933   0.15235   0.05316   0.00000   0.05236   0.13469   0.03576   0.04261   0.15336   0.21399   0.01091   0.09280   0.34826   2.04260   0.29168  
 11 313.6188  10607.094367  x:  0.00662   0.11338   0.02578   0.01740   0.01188   0.00000   0.01324   0.00800   0.01177   0.02488   0.04254   0.10100   0.21286   0.32482   0.16873   0.15336   0.05647   0.00000   0.05276   0.13485   0.03435   0.04153   0.15342   0.21440   0.01280   0.09338   0.34821   2.04906   0.28479  
 12 300.3185  10605.865340  x:  0.00812   0.11337   0.02282   0.01765   0.01178   0.00000   0.01459   0.00942   0.01076   0.02483   0.04309   0.10109   0.21472   0.32874   0.16768   0.15536   0.05795   0.00000   0.05290   0.13521   0.02965   0.04381   0.15361   0.21531   0.00932   0.09364   0.34815   2.06449   0.27224  
 13 272.7430  10604.916865  x:  0.00947   0.11371   0.02503   0.01831   0.01220   0.00000   0.01265   0.00919   0.01454   0.02272   0.04365   0.10142   0.21663   0.33301   0.16684   0.15722   0.05504   0.00000   0.05268   0.13566   0.03014   0.04710   0.15396   0.21631   0.01027   0.09412   0.34836   2.08241   0.26416  
 14 290.3036  10603.625391  x:  0.00977   0.11426   0.02849   0.01792   0.01158   0.00000   0.01424   0.00901   0.01053   0.02215   0.04361   0.10188   0.21913   0.33912   0.16588   0.15957   0.04940   0.00000   0.05232   0.13632   0.03361   0.04926   0.15460   0.21773   0.01268   0.09468   0.34890   2.10982   0.25830  
 15 468.0162  10600.073228  x:  0.01160   0.11597   0.02678   0.01643   0.01435   0.00000   0.01581   0.00918   0.01314   0.02991   0.04168   0.10246   0.22558   0.35731   0.16358   0.16537   0.04065   0.00000   0.05182   0.13803   0.04071   0.04270   0.15669   0.22159   0.00752   0.09433   0.35110   2.20064   0.26046  
 16 508.6544  10594.801662  x:  0.01273   0.11780   0.02183   0.01959   0.00816   0.00000   0.01015   0.01011   0.01152   0.02577   0.04142   0.10277   0.23254   0.38029   0.16080   0.17154   0.03877   0.00000   0.05212   0.13973   0.03959   0.03578   0.15892   0.22588   0.00835   0.09425   0.35426   2.32825   0.27194  
 17 1547.6761  10589.970061  x:  0.01219   0.11912   0.02025   0.02079   0.01497   0.00000   0.01425   0.00873   0.01143   0.01873   0.04247   0.10289   0.23811   0.40238   0.15813   0.17638   0.04298   0.00000   0.05279   0.14087   0.03410   0.03481   0.16052   0.22935   0.01284   0.09437   0.35750   2.46514   0.28721  
 18 3183.1341  10585.449043  x:  0.00905   0.11883   0.02847   0.01625   0.01123   0.00000   0.01564   0.00866   0.01262   0.02285   0.04378   0.10268   0.23930   0.41730   0.15635   0.17725   0.05317   0.00000   0.05306   0.14040   0.02890   0.04560   0.16033   0.23009   0.01106   0.09362   0.35980   2.59239   0.30273  
 19 1917.9459  10583.874600  x:  0.00717   0.11699   0.02699   0.01874   0.01455   0.00000   0.01148   0.00963   0.01017   0.02470   0.04381   0.10178   0.23537   0.41558   0.15676   0.17351   0.05528   0.00000   0.05226   0.13873   0.03102   0.05057   0.15852   0.22758   0.01023   0.09320   0.35968   2.63626   0.30588  
 20 673.8031  10580.610750  x:  0.00468   0.11181   0.02018   0.02114   0.01146   0.00000   0.01551   0.00869   0.01259   0.02394   0.04291   0.09937   0.22223   0.40329   0.15913   0.16108   0.05596   0.00000   0.05023   0.13387   0.03662   0.05571   0.15305   0.21926   0.01114   0.09260   0.35829   2.73020   0.30946  
 21 1099.8540  10576.355855  x:  0.00894   0.10694   0.02388   0.01412   0.01263   0.00000   0.01345   0.00922   0.01175   0.02171   0.04177   0.09777   0.20342   0.37924   0.16402   0.14331   0.05360   0.00000   0.04999   0.12835   0.03372   0.04901   0.14646   0.20751   0.01122   0.09223   0.35543   2.85033   0.31129  
 22 1303.6662  10575.354422  x:  0.00953   0.10730   0.02735   0.01919   0.01242   0.00000   0.01452   0.00888   0.01187   0.02354   0.04272   0.09833   0.19958   0.37006   0.16606   0.13992   0.05255   0.00000   0.05128   0.12828   0.03125   0.04633   0.14599   0.20526   0.01116   0.09243   0.35440   2.88182   0.31176  
 23 806.4426  10573.379955  x:  0.00858   0.11683   0.02542   0.01776   0.01240   0.00000   0.01428   0.00900   0.01184   0.02327   0.04638   0.10333   0.20149   0.33699   0.17377   0.14368   0.05278   0.00000   0.05774   0.13637   0.03281   0.04748   0.15287   0.20755   0.01068   0.09424   0.35105   2.94200   0.31364  
 24 272.5743  10572.847170  x:  0.00853   0.11709   0.02595   0.01822   0.01243   0.00000   0.01429   0.00897   0.01188   0.02304   0.04136   0.10251   0.20519   0.32538   0.17498   0.14717   0.05335   0.00000   0.05213   0.13696   0.03203   0.04768   0.15426   0.21014   0.01090   0.09391   0.35005   2.95805   0.31433  
 25 170.0354  10572.713195  x:  0.00865   0.11476   0.02610   0.01804   0.01242   0.00000   0.01430   0.00898   0.01185   0.02318   0.04410   0.10085   0.20766   0.32137   0.17402   0.14889   0.05329   0.00000   0.05058   0.13562   0.03213   0.04722   0.15379   0.21168   0.01097   0.09330   0.34983   2.96229   0.31467  
 26 64.6233  10572.669126  x:  0.00881   0.11304   0.02616   0.01809   0.01242   0.00000   0.01430   0.00898   0.01186   0.02314   0.04342   0.10025   0.20906   0.31968   0.17267   0.14963   0.05311   0.00000   0.05252   0.13456   0.03214   0.04732   0.15312   0.21246   0.01098   0.09311   0.34983   2.96371   0.31488  
 27 32.4903  10572.663399  x:  0.00881   0.11324   0.02612   0.01808   0.01242   0.00000   0.01430   0.00898   0.01186   0.02314   0.04345   0.10109   0.20929   0.31933   0.17148   0.14963   0.05309   0.00000   0.05242   0.13429   0.03214   0.04732   0.15262   0.21246   0.01094   0.09344   0.34992   2.96392   0.31495  
 28  6.9099  10572.661330  x:  0.00880   0.11361   0.02613   0.01808   0.01242   0.00000   0.01430   0.00898   0.01186   0.02314   0.04344   0.10068   0.20915   0.31921   0.17071   0.14973   0.05308   0.00000   0.05242   0.13453   0.03214   0.04731   0.15261   0.21227   0.01096   0.09326   0.35005   2.96405   0.31495  
 29  2.4557  10572.651079  x:  0.00889   0.11268   0.02614   0.01808   0.01242   0.00000   0.01430   0.00898   0.01186   0.02314   0.04345   0.10101   0.20818   0.31916   0.16996   0.15092   0.05303   0.00000   0.05232   0.13503   0.03212   0.04730   0.15355   0.21162   0.01094   0.09344   0.35078   2.96498   0.31499  
 30  1.1268  10572.454251  x:  0.00868   0.11572   0.02611   0.01803   0.01237   0.00000   0.01427   0.00897   0.01183   0.02315   0.04342   0.10090   0.20653   0.32055   0.17146   0.15609   0.05289   0.00000   0.05283   0.13002   0.03208   0.04700   0.15266   0.21142   0.01081   0.09280   0.35899   2.98346   0.31440  
 31  3.8175  10571.443261  x:  0.00792   0.11336   0.02620   0.01772   0.01213   0.00000   0.01403   0.00898   0.01172   0.02326   0.04319   0.10021   0.21487   0.32982   0.17195   0.15248   0.05252   0.00000   0.05238   0.13945   0.03167   0.04548   0.14959   0.21759   0.00967   0.09629   0.38119   3.07999   0.31221  
 32 60.7018  10570.476325  x:  0.00715   0.11399   0.02599   0.01742   0.01191   0.00000   0.01383   0.00892   0.01160   0.02335   0.04297   0.10409   0.22181   0.34108   0.16705   0.15113   0.05209   0.00000   0.05220   0.13596   0.03126   0.04418   0.16024   0.21909   0.01017   0.08770   0.37225   3.17096   0.31076  
 33 124.3786  10569.853018  x:  0.00678   0.11563   0.02613   0.01725   0.01175   0.00000   0.01370   0.00894   0.01153   0.02339   0.04285   0.10065   0.22313   0.34926   0.16493   0.15709   0.05153   0.00000   0.05240   0.13438   0.03102   0.04332   0.16083   0.21897   0.00914   0.09630   0.35741   3.23010   0.31103  
 34 185.8796  10569.731296  x:  0.00678   0.11531   0.02612   0.01721   0.01173   0.00000   0.01368   0.00892   0.01151   0.02341   0.04283   0.10169   0.22191   0.35099   0.16542   0.16085   0.05140   0.00000   0.05251   0.13693   0.03096   0.04310   0.15609   0.21940   0.00937   0.09386   0.35303   3.24152   0.31113  
 35 53.9800  10569.730591  x:  0.00679   0.11532   0.02612   0.01721   0.01173   0.00000   0.01368   0.00893   0.01151   0.02341   0.04283   0.10168   0.22154   0.35100   0.16532   0.16081   0.05139   0.00000   0.05250   0.13691   0.03096   0.04311   0.15615   0.22001   0.00937   0.09387   0.35299   3.24161   0.31112  
 36  1.6969  10569.451347  x:  0.00724   0.11503   0.02485   0.01760   0.01179   0.00000   0.01351   0.00902   0.01176   0.02334   0.04297   0.10152   0.21834   0.34525   0.16740   0.15814   0.04912   0.00000   0.05235   0.13662   0.03173   0.04513   0.15531   0.21809   0.01024   0.09403   0.35389   3.32981   0.31129  
 37  0.0874  10569.443324  x:  0.00694   0.11495   0.02511   0.01756   0.01183   0.00000   0.01359   0.00909   0.01175   0.02349   0.04299   0.10152   0.21810   0.34476   0.16733   0.15783   0.04956   0.00000   0.05240   0.13651   0.03143   0.04475   0.15520   0.21792   0.01006   0.09400   0.35412   3.33942   0.31138  
 38  0.0101  10569.443108  x:  0.00698   0.11495   0.02514   0.01756   0.01184   0.00000   0.01362   0.00908   0.01176   0.02349   0.04299   0.10152   0.21819   0.34495   0.16725   0.15787   0.04949   0.00000   0.05240   0.13649   0.03135   0.04479   0.15521   0.21796   0.01009   0.09399   0.35412   3.34069   0.31148  
 39  0.0013  10569.443102  x:  0.00696   0.11495   0.02514   0.01755   0.01184   0.00000   0.01363   0.00908   0.01176   0.02349   0.04300   0.10152   0.21819   0.34496   0.16726   0.15787   0.04949   0.00000   0.05240   0.13649   0.03136   0.04480   0.15521   0.21796   0.01008   0.09399   0.35413   3.34079   0.31150  
 40  0.0001  10569.443101  x:  0.00696   0.11495   0.02513   0.01755   0.01184   0.00000   0.01362   0.00908   0.01176   0.02349   0.04300   0.10152   0.21818   0.34496   0.16726   0.15787   0.04949   0.00000   0.05240   0.13649   0.03135   0.04480   0.15521   0.21796   0.01008   0.09399   0.35413   3.34074   0.31150  
 41  0.0000  10569.443101  x:  0.00696   0.11495   0.02513   0.01755   0.01184   0.00000   0.01362   0.00908   0.01176   0.02349   0.04300   0.10152   0.21818   0.34496   0.16726   0.15787   0.04949   0.00000   0.05240   0.13649   0.03135   0.04480   0.15521   0.21796   0.01008   0.09399   0.35413   3.34071   0.31150  
 42  0.0000  10569.443101  x:  0.00696   0.11495   0.02513   0.01755   0.01184   0.00000   0.01362   0.00908   0.01176   0.02349   0.04300   0.10152   0.21818   0.34496   0.16726   0.15787   0.04949   0.00000   0.05240   0.13649   0.03135   0.04480   0.15521   0.21796   0.01008   0.09399   0.35413   3.34071   0.31150  
 43  0.0000  10569.443101  x:  0.00696   0.11495   0.02513   0.01755   0.01184   0.00000   0.01362   0.00908   0.01176   0.02349   0.04300   0.10152   0.21818   0.34496   0.16726   0.15787   0.04949   0.00000   0.05240   0.13649   0.03135   0.04480   0.15521   0.21796   0.01008   0.09399   0.35413   3.34071   0.31150  
 44  0.0000  10569.443101  x:  0.00696   0.11495   0.02513   0.01755   0.01184   0.00000   0.01362   0.00908   0.01176   0.02349   0.04300   0.10152   0.21818   0.34496   0.16726   0.15787   0.04949   0.00000   0.05240   0.13649   0.03135   0.04480   0.15521   0.21796   0.01008   0.09399   0.35413   3.34071   0.31150  
 45  0.0015  10569.443101  x:  0.00696   0.11495   0.02513   0.01755   0.01184   0.00000   0.01362   0.00908   0.01176   0.02349   0.04300   0.10152   0.21818   0.34496   0.16726   0.15787   0.04949   0.00000   0.05240   0.13649   0.03135   0.04480   0.15521   0.21796   0.01008   0.09399   0.35413   3.34071   0.31150  
 46  0.0009  10569.443101  x:  0.00696   0.11495   0.02513   0.01755   0.01184   0.00000   0.01362   0.00908   0.01176   0.02349   0.04300   0.10152   0.21818   0.34496   0.16726   0.15787   0.04949   0.00000   0.05240   0.13649   0.03135   0.04480   0.15521   0.21796   0.01008   0.09399   0.35413   3.34071   0.31150  
 47  0.0015  10569.443101  x:  0.00696   0.11495   0.02513   0.01755   0.01184   0.00000   0.01362   0.00908   0.01176   0.02349   0.04300   0.10152   0.21818   0.34496   0.16726   0.15787   0.04949   0.00000   0.05240   0.13649   0.03135   0.04480   0.15521   0.21796   0.01008   0.09399   0.35413   3.34071   0.31150  
 48  0.0027  10569.443101  x:  0.00696   0.11495   0.02513   0.01755   0.01184   0.00000   0.01362   0.00908   0.01176   0.02349   0.04300   0.10152   0.21818   0.34496   0.16726   0.15787   0.04949   0.00000   0.05240   0.13649   0.03135   0.04480   0.15521   0.21796   0.01008   0.09399   0.35413   3.34071   0.31150  

Model 1: NearlyNeutral

TREE # 1

  0  0.0000  10525.667000  x:  0.00542   0.11205   0.02085   0.01480   0.01069   0.00000   0.01242   0.01131   0.01115   0.02492   0.04521   0.10220   0.20781   0.31127   0.17965   0.13978   0.01777   0.01238   0.03817   0.13382   0.02664   0.04938   0.14639   0.19667   0.01108   0.09526   0.35230   3.34071   0.87929   0.27339  
  1 99.0000  10525.665133  x:  0.00542   0.11205   0.02085   0.01480   0.01069   0.00000   0.01242   0.01131   0.01115   0.02492   0.04521   0.10220   0.20781   0.31127   0.17965   0.13978   0.01777   0.01238   0.03817   0.13382   0.02664   0.04938   0.14639   0.19667   0.01108   0.09526   0.35230   3.34071   0.87929   0.27339  
  2 1257.0540  10516.181568  x:  0.00125   0.11229   0.02223   0.01727   0.01068   0.00000   0.01283   0.00987   0.01347   0.02294   0.04416   0.10196   0.20844   0.31299   0.17889   0.14147   0.01955   0.00000   0.04213   0.13414   0.02835   0.04761   0.14735   0.19839   0.00934   0.09481   0.35234   3.34084   0.87525   0.26305  
  3 890.9146  10498.125436  x:  0.00873   0.11546   0.02545   0.01710   0.00859   0.00000   0.01153   0.01541   0.01194   0.01608   0.03767   0.10002   0.21360   0.32564   0.17350   0.15304   0.01180   0.00000   0.06430   0.13635   0.03031   0.03917   0.15387   0.21186   0.00813   0.09273   0.35296   3.34180   0.84348   0.18552  
  4 1237.6634  10493.075166  x:  0.00563   0.11616   0.02266   0.01352   0.01377   0.00000   0.01194   0.01363   0.01081   0.02477   0.03882   0.09950   0.21546   0.33095   0.17147   0.15702   0.01237   0.00000   0.06445   0.13665   0.02781   0.04070   0.15538   0.21658   0.01079   0.09278   0.35356   3.34216   0.82866   0.15895  
  5 1013.0306  10490.355130  x:  0.00439   0.11661   0.02003   0.01424   0.00765   0.00000   0.01178   0.01226   0.01094   0.02506   0.04154   0.09951   0.21671   0.33479   0.17026   0.15911   0.01366   0.00000   0.05877   0.13647   0.02544   0.04418   0.15562   0.21918   0.01200   0.09304   0.35427   3.34240   0.81617   0.14754  
  6 563.7442  10487.977692  x:  0.00514   0.11738   0.01955   0.01706   0.01131   0.00000   0.01190   0.01257   0.01196   0.01962   0.04415   0.09988   0.21839   0.34011   0.16884   0.16142   0.01331   0.00000   0.04944   0.13619   0.02460   0.04797   0.15558   0.22215   0.01118   0.09317   0.35548   3.34276   0.79768   0.13896  
  7 561.2510  10486.219855  x:  0.00438   0.11834   0.02470   0.01334   0.01065   0.00000   0.01250   0.01367   0.01075   0.02015   0.04213   0.10076   0.22020   0.34611   0.16769   0.16354   0.01349   0.00000   0.04489   0.13660   0.02828   0.04720   0.15588   0.22479   0.00847   0.09323   0.35720   3.34325   0.77724   0.13755  
  8 353.4509  10485.070444  x:  0.00567   0.11928   0.02465   0.01632   0.01043   0.00000   0.01105   0.01381   0.01303   0.02344   0.04021   0.10161   0.22194   0.35165   0.16724   0.16512   0.01266   0.00000   0.04656   0.13770   0.02871   0.04452   0.15657   0.22679   0.01022   0.09415   0.35930   3.34382   0.76006   0.13970  
  9 335.6334  10484.503472  x:  0.00490   0.11980   0.02235   0.01620   0.01066   0.00000   0.01331   0.01368   0.01138   0.02257   0.04040   0.10224   0.22308   0.35517   0.16748   0.16594   0.01288   0.00000   0.04990   0.13878   0.02766   0.04351   0.15727   0.22781   0.01169   0.09499   0.36101   3.34429   0.75105   0.14170  
 10 290.6308  10484.330575  x:  0.00455   0.12009   0.02163   0.01493   0.01086   0.00000   0.01183   0.01359   0.01162   0.02186   0.04141   0.10267   0.22363   0.35674   0.16800   0.16617   0.01317   0.00000   0.05165   0.13941   0.02729   0.04415   0.15770   0.22810   0.01162   0.09537   0.36206   3.34460   0.74852   0.14243  
 11 145.1377  10484.186407  x:  0.00492   0.12069   0.02234   0.01507   0.01083   0.00000   0.01251   0.01400   0.01216   0.02249   0.04342   0.10356   0.22459   0.35918   0.16946   0.16628   0.01287   0.00000   0.05349   0.14050   0.02739   0.04634   0.15846   0.22829   0.01059   0.09594   0.36417   3.34526   0.74708   0.14288  
 12 78.7525  10484.108576  x:  0.00473   0.12115   0.02280   0.01578   0.01088   0.00000   0.01197   0.01387   0.01106   0.02263   0.04346   0.10419   0.22540   0.36119   0.17086   0.16628   0.01284   0.00000   0.05368   0.14127   0.02754   0.04698   0.15905   0.22841   0.01055   0.09649   0.36615   3.34591   0.74695   0.14291  
 13 68.0395  10483.837453  x:  0.00460   0.12293   0.02291   0.01534   0.01090   0.00000   0.01237   0.01378   0.01193   0.02218   0.04145   0.10629   0.22874   0.36958   0.17679   0.16614   0.01298   0.00000   0.05254   0.14412   0.02759   0.04729   0.16134   0.22892   0.01146   0.09865   0.37472   3.34885   0.74760   0.14266  
 14 130.4218  10483.739595  x:  0.00471   0.12315   0.02191   0.01543   0.01088   0.00000   0.01232   0.01403   0.01181   0.02256   0.04221   0.10596   0.22975   0.37270   0.17835   0.16591   0.01297   0.00000   0.05186   0.14441   0.02746   0.04551   0.16181   0.22924   0.00979   0.09824   0.37803   3.35036   0.74796   0.14262  
 15 65.6986  10483.633131  x:  0.00487   0.12256   0.02288   0.01528   0.01088   0.00000   0.01238   0.01342   0.01184   0.02236   0.04392   0.10399   0.23011   0.37586   0.17834   0.16525   0.01288   0.00000   0.05182   0.14321   0.02801   0.04439   0.16139   0.22978   0.01117   0.09689   0.38163   3.35297   0.74837   0.14268  
 16 38.0303  10483.480862  x:  0.00456   0.12134   0.02273   0.01553   0.01090   0.00000   0.01227   0.01489   0.01183   0.02246   0.04274   0.10149   0.22983   0.37956   0.17683   0.16425   0.01354   0.00000   0.05249   0.14086   0.02794   0.04579   0.16022   0.23050   0.01132   0.09486   0.38597   3.35751   0.74878   0.14289  
 17 58.7697  10483.363603  x:  0.00516   0.12070   0.02256   0.01542   0.01093   0.00000   0.01241   0.01306   0.01181   0.02243   0.04155   0.10093   0.22926   0.38160   0.17524   0.16368   0.01308   0.00000   0.05302   0.13946   0.02759   0.04673   0.15935   0.23085   0.01042   0.09418   0.38840   3.36127   0.74897   0.14301  
 18 83.6649  10482.667180  x:  0.00550   0.11978   0.02362   0.01552   0.01101   0.00000   0.01240   0.01334   0.01182   0.02238   0.04231   0.10818   0.22359   0.38775   0.16405   0.16258   0.01408   0.00000   0.05383   0.13598   0.02633   0.04499   0.15526   0.23099   0.00934   0.09951   0.39604   3.38677   0.75011   0.14247  
 19 61.8724  10482.248371  x:  0.00615   0.12028   0.02095   0.01562   0.01101   0.00000   0.01250   0.01301   0.01168   0.02254   0.04274   0.10926   0.22128   0.38917   0.16027   0.16375   0.01425   0.00000   0.05387   0.13693   0.03144   0.04536   0.15497   0.23051   0.00955   0.10088   0.39776   3.40338   0.75023   0.14229  
 20 137.8390  10478.450404  x:  0.00788   0.12906   0.02425   0.01642   0.01158   0.00000   0.01300   0.01036   0.01160   0.02267   0.04213   0.09883   0.21102   0.38871   0.14920   0.18360   0.01920   0.00000   0.05372   0.15809   0.02906   0.04489   0.16459   0.22432   0.00831   0.09727   0.39590   3.55456   0.74642   0.14340  
 21 225.9522  10474.393409  x:  0.01019   0.11625   0.02516   0.01712   0.01214   0.00000   0.01354   0.00783   0.01136   0.02293   0.04210   0.10959   0.22980   0.37762   0.17222   0.18881   0.02459   0.00000   0.05813   0.14238   0.03136   0.04352   0.16554   0.22680   0.00834   0.09163   0.37853   3.71384   0.73699   0.14206  
 22 255.4981  10473.710874  x:  0.01004   0.12187   0.02547   0.01721   0.01224   0.00000   0.01361   0.00744   0.01129   0.02297   0.04197   0.10324   0.23433   0.37414   0.17709   0.17760   0.02543   0.00000   0.05939   0.13993   0.03174   0.04319   0.16269   0.22996   0.00673   0.10000   0.37427   3.73929   0.73429   0.14092  
 23 112.5499  10473.563220  x:  0.00988   0.12356   0.02544   0.01725   0.01226   0.00000   0.01363   0.00732   0.01129   0.02291   0.04187   0.10499   0.23410   0.37282   0.17794   0.16965   0.02574   0.00000   0.05952   0.14276   0.03180   0.04301   0.16219   0.23130   0.00715   0.09664   0.37349   3.74368   0.73315   0.14017  
 24 37.5072  10473.548258  x:  0.00999   0.12175   0.02551   0.01727   0.01226   0.00000   0.01363   0.00730   0.01129   0.02290   0.04185   0.10466   0.23270   0.37249   0.17867   0.16842   0.02581   0.00000   0.05950   0.14331   0.03182   0.04297   0.16306   0.23112   0.00703   0.09720   0.37370   3.74261   0.73275   0.13994  
 25  8.0271  10473.521524  x:  0.01000   0.12300   0.02547   0.01728   0.01226   0.00000   0.01363   0.00729   0.01129   0.02289   0.04183   0.10485   0.22968   0.37153   0.18065   0.16832   0.02590   0.00000   0.05971   0.14183   0.03186   0.04291   0.16339   0.23027   0.00706   0.09688   0.37467   3.73512   0.73214   0.13963  
 26  5.8731  10473.226138  x:  0.01034   0.12156   0.02574   0.01742   0.01234   0.00000   0.01371   0.00708   0.01129   0.02289   0.04175   0.10461   0.23101   0.36414   0.18205   0.17047   0.02688   0.00000   0.06054   0.14483   0.03215   0.04266   0.15682   0.23021   0.00670   0.09717   0.38083   3.63503   0.73178   0.13870  
 27 19.9912  10472.970073  x:  0.01048   0.12248   0.02584   0.01754   0.01242   0.00000   0.01379   0.00689   0.01129   0.02294   0.04182   0.10501   0.23443   0.36318   0.17830   0.16956   0.02765   0.00000   0.06044   0.14235   0.03233   0.04274   0.16455   0.23154   0.00664   0.09712   0.38066   3.54627   0.73322   0.13912  
 28 141.8078  10472.869431  x:  0.01068   0.12222   0.02587   0.01758   0.01244   0.00000   0.01381   0.00680   0.01129   0.02294   0.04180   0.10489   0.23255   0.37120   0.17915   0.16936   0.02791   0.00000   0.06052   0.14269   0.03239   0.04268   0.16281   0.23145   0.00668   0.09690   0.37308   3.51182   0.73500   0.13933  
 29 42.1144  10472.857767  x:  0.01068   0.12218   0.02587   0.01757   0.01243   0.00000   0.01381   0.00683   0.01128   0.02292   0.04177   0.10480   0.23327   0.37151   0.17890   0.16879   0.02793   0.00000   0.06057   0.14256   0.03239   0.04264   0.16270   0.22859   0.00670   0.09685   0.37299   3.51124   0.73472   0.13902  
 30  1.0314  10470.500012  x:  0.00910   0.12122   0.02481   0.01840   0.01231   0.00000   0.01410   0.01258   0.01197   0.02390   0.04445   0.10594   0.23355   0.37322   0.18340   0.16281   0.03623   0.00000   0.05304   0.14214   0.03159   0.04679   0.16141   0.23227   0.00843   0.09852   0.37632   3.50155   0.72867   0.14558  
 31  0.1994  10469.302882  x:  0.00699   0.12133   0.02348   0.01779   0.01203   0.00000   0.01401   0.00918   0.01201   0.02451   0.04541   0.10648   0.23024   0.38081   0.17620   0.16715   0.04290   0.00000   0.04789   0.14271   0.03011   0.04863   0.16082   0.22701   0.00904   0.09889   0.38655   3.60815   0.72593   0.14561  
 32  0.0850  10468.794607  x:  0.00551   0.12159   0.02417   0.01726   0.01210   0.00000   0.01373   0.00926   0.01182   0.02431   0.04399   0.10592   0.23011   0.38047   0.17503   0.16906   0.04840   0.00000   0.05306   0.14307   0.03081   0.04647   0.16158   0.23011   0.00785   0.09820   0.38482   3.61053   0.72449   0.13994  
 33  0.0092  10468.698295  x:  0.00416   0.12139   0.02427   0.01747   0.01204   0.00000   0.01381   0.00909   0.01184   0.02397   0.04416   0.10556   0.23045   0.37727   0.17738   0.16690   0.05118   0.00000   0.05233   0.14306   0.03096   0.04647   0.16129   0.22973   0.00803   0.09838   0.38220   3.58169   0.72715   0.14263  
 34  0.0222  10468.693950  x:  0.00385   0.12135   0.02429   0.01758   0.01200   0.00000   0.01384   0.00928   0.01191   0.02396   0.04418   0.10577   0.23077   0.37839   0.17737   0.16727   0.05145   0.00000   0.05231   0.14303   0.03103   0.04652   0.16149   0.22967   0.00798   0.09841   0.38278   3.58623   0.72687   0.14249  
 35  0.0040  10468.693640  x:  0.00378   0.12135   0.02430   0.01761   0.01200   0.00000   0.01385   0.00923   0.01192   0.02396   0.04419   0.10575   0.23074   0.37853   0.17733   0.16728   0.05140   0.00000   0.05236   0.14302   0.03104   0.04654   0.16145   0.22963   0.00802   0.09841   0.38286   3.58680   0.72673   0.14242  
 36  0.0005  10468.693596  x:  0.00377   0.12136   0.02430   0.01761   0.01200   0.00000   0.01385   0.00923   0.01192   0.02396   0.04419   0.10574   0.23073   0.37848   0.17734   0.16725   0.05134   0.00000   0.05236   0.14302   0.03104   0.04653   0.16145   0.22965   0.00799   0.09841   0.38280   3.58631   0.72675   0.14243  
 37  0.0004  10468.693595  x:  0.00377   0.12135   0.02430   0.01761   0.01200   0.00000   0.01385   0.00923   0.01192   0.02396   0.04418   0.10574   0.23074   0.37847   0.17734   0.16726   0.05133   0.00000   0.05235   0.14302   0.03104   0.04652   0.16145   0.22965   0.00800   0.09841   0.38279   3.58626   0.72675   0.14243  
 38  0.0001  10468.693595  x:  0.00377   0.12135   0.02430   0.01761   0.01200   0.00000   0.01385   0.00923   0.01192   0.02396   0.04418   0.10574   0.23074   0.37847   0.17734   0.16726   0.05133   0.00000   0.05235   0.14302   0.03104   0.04652   0.16145   0.22965   0.00800   0.09841   0.38279   3.58627   0.72676   0.14243  
 39  0.0000  10468.693595  x:  0.00377   0.12135   0.02430   0.01761   0.01200   0.00000   0.01385   0.00923   0.01192   0.02396   0.04418   0.10574   0.23074   0.37847   0.17734   0.16726   0.05133   0.00000   0.05235   0.14302   0.03104   0.04652   0.16145   0.22965   0.00800   0.09841   0.38279   3.58627   0.72676   0.14243  

Model 2: PositiveSelection

TREE # 1

  0  0.0000  10678.594800  x:  0.00523   0.11098   0.02071   0.01462   0.01051   0.00000   0.01321   0.01201   0.01212   0.02511   0.04415   0.10124   0.20623   0.31162   0.18055   0.14046   0.01858   0.01248   0.03907   0.13279   0.02682   0.04979   0.14484   0.19711   0.00979   0.09370   0.35040   3.58627   1.13559   0.52284   0.46449   2.44668  
  1 99.0000  10678.592588  x:  0.00523   0.11098   0.02071   0.01462   0.01051   0.00000   0.01321   0.01201   0.01212   0.02511   0.04415   0.10124   0.20623   0.31162   0.18055   0.14046   0.01858   0.01248   0.03907   0.13279   0.02682   0.04979   0.14484   0.19711   0.00979   0.09370   0.35040   3.58627   1.13559   0.52284   0.46449   2.44668  
  2 1304.0922  10667.763781  x:  0.00000   0.11304   0.02321   0.01771   0.01050   0.00000   0.01400   0.01051   0.01423   0.02444   0.04519   0.10305   0.20863   0.31473   0.18150   0.14386   0.02116   0.00060   0.04445   0.13501   0.02967   0.04966   0.14779   0.20072   0.01078   0.09532   0.35215   3.58682   1.13842   0.52208   0.45307   2.44570  
  3 902.6500  10667.179978  x:  0.00014   0.11315   0.02327   0.01773   0.01046   0.00000   0.01400   0.01052   0.01427   0.02441   0.04523   0.10314   0.20877   0.31490   0.18156   0.14405   0.02103   0.00000   0.04468   0.13513   0.02975   0.04966   0.14795   0.20092   0.01082   0.09540   0.35226   3.58685   1.13859   0.52204   0.45241   2.44565  
  4 2403.6774  10648.330832  x:  0.00011   0.12181   0.01982   0.00554   0.01338   0.00000   0.01118   0.01772   0.00580   0.02534   0.04579   0.10899   0.21947   0.32868   0.18604   0.15720   0.02086   0.00000   0.05443   0.14355   0.02365   0.05198   0.15928   0.21753   0.01477   0.10008   0.36080   3.58946   1.15235   0.51822   0.39662   2.44089  
  5 2101.1800  10628.125392  x:  0.00082   0.13120   0.00923   0.01186   0.01748   0.00000   0.00892   0.02786   0.00712   0.02957   0.04490   0.11420   0.23202   0.34526   0.19146   0.17105   0.02041   0.00000   0.05385   0.15208   0.00825   0.05688   0.17096   0.23721   0.01681   0.10341   0.37174   3.59276   1.17014   0.51313   0.32457   2.43476  
  6 3052.4835  10586.599451  x:  0.00061   0.14822   0.00437   0.01010   0.02044   0.00000   0.01658   0.04712   0.01420   0.04068   0.04041   0.12158   0.25659   0.37916   0.20259   0.19468   0.02113   0.00000   0.02937   0.16658   0.01656   0.07267   0.19034   0.27583   0.01459   0.10553   0.39566   3.59988   1.20951   0.50159   0.16604   2.42114  
  7 3678.4489  10580.255292  x:  0.00047   0.15135   0.01219   0.01160   0.01997   0.00000   0.01547   0.05016   0.01235   0.04216   0.04019   0.12285   0.26135   0.38602   0.20485   0.19876   0.02091   0.00000   0.02490   0.16917   0.01450   0.07538   0.19370   0.28315   0.01375   0.10563   0.40076   3.60135   1.21782   0.49922   0.13419   2.41818  
  8 4376.5103  10575.765849  x:  0.00000   0.15172   0.01022   0.01355   0.01585   0.00000   0.01164   0.04692   0.00881   0.03963   0.04234   0.12243   0.26346   0.39000   0.20611   0.19935   0.02135   0.00000   0.02849   0.17011   0.01611   0.07538   0.19435   0.28574   0.01239   0.10521   0.40435   3.60226   1.22330   0.49799   0.12016   2.41587  
  9 633.5668  10575.765849  x:  0.00000   0.15172   0.01022   0.01355   0.01585   0.00000   0.01164   0.04692   0.00881   0.03963   0.04234   0.12243   0.26346   0.39000   0.20611   0.19935   0.02135   0.00000   0.02849   0.17011   0.01611   0.07538   0.19435   0.28574   0.01239   0.10521   0.40435   3.60226   1.22330   0.49799   0.12016   2.41587  
 10 672.3540  10543.946933  x:  0.02339   0.15281   0.03689   0.02571   0.01243   0.00000   0.01959   0.02676   0.02233   0.03221   0.04841   0.12351   0.26452   0.39238   0.20653   0.19930   0.05094   0.00000   0.04658   0.17100   0.03615   0.07043   0.19458   0.28461   0.01241   0.10714   0.40634   3.60270   1.22613   0.49801   0.12387   2.41414  
 11 1456.3792  10535.945704  x:  0.01974   0.15144   0.03605   0.02316   0.01504   0.00000   0.01568   0.00883   0.01508   0.02800   0.05103   0.12399   0.26532   0.39520   0.20743   0.19980   0.05599   0.00000   0.05476   0.17151   0.03806   0.06512   0.19480   0.28385   0.01222   0.10933   0.40899   3.60316   1.22919   0.49803   0.12832   2.41237  
 12 579.9870  10532.647483  x:  0.00923   0.14792   0.03263   0.01997   0.01176   0.00000   0.02023   0.01271   0.01320   0.02506   0.05456   0.12489   0.26715   0.40211   0.20952   0.20077   0.06449   0.00000   0.06708   0.17201   0.03992   0.05425   0.19472   0.28179   0.01077   0.11374   0.41553   3.60440   1.23747   0.49792   0.13703   2.40765  
 13 281.9848  10531.505457  x:  0.00420   0.14614   0.03099   0.02139   0.01519   0.00000   0.01864   0.01309   0.01769   0.02796   0.05499   0.12542   0.26839   0.40663   0.21089   0.20125   0.06786   0.00000   0.07021   0.17196   0.03997   0.05102   0.19439   0.28051   0.01012   0.11588   0.41984   3.60528   1.24349   0.49769   0.14060   2.40433  
 14 322.1041  10529.842399  x:  0.00282   0.14358   0.03001   0.02490   0.01034   0.00000   0.01449   0.01309   0.01649   0.03306   0.05269   0.12674   0.27178   0.41804   0.21433   0.20211   0.07269   0.00000   0.06912   0.17130   0.03884   0.05228   0.19323   0.27764   0.00972   0.11957   0.43069   3.60767   1.26010   0.49672   0.14475   2.39543  
 15 220.1390  10526.816492  x:  0.00500   0.13922   0.02905   0.02592   0.01524   0.00000   0.01858   0.01405   0.01110   0.03585   0.04848   0.12928   0.27908   0.44289   0.22158   0.20370   0.07980   0.00000   0.06399   0.16992   0.03653   0.05742   0.19086   0.27177   0.00898   0.12600   0.45429   3.61312   1.29809   0.49430   0.15072   2.37522  
 16 655.1719  10523.668069  x:  0.00520   0.13609   0.02836   0.01945   0.01313   0.00000   0.02062   0.01120   0.01796   0.02910   0.04795   0.13134   0.28656   0.46987   0.22883   0.20505   0.08020   0.00000   0.05737   0.16902   0.03464   0.06257   0.18907   0.26642   0.00815   0.13034   0.47989   3.61953   1.34299   0.49113   0.15296   2.35161  
 17 838.7794  10520.988123  x:  0.00408   0.13701   0.03370   0.02248   0.01506   0.00000   0.01529   0.01446   0.01670   0.02222   0.05454   0.13144   0.29111   0.49084   0.23275   0.20509   0.07334   0.00000   0.05699   0.16974   0.03834   0.06173   0.18939   0.26422   0.00751   0.12896   0.49958   3.62565   1.38616   0.48768   0.14829   2.32927  
 18 539.5424  10518.263908  x:  0.00449   0.14120   0.03704   0.02254   0.01336   0.00000   0.02003   0.01187   0.01628   0.02967   0.06015   0.12974   0.29389   0.51063   0.23436   0.20402   0.06167   0.00000   0.06109   0.17174   0.04185   0.05641   0.19140   0.26449   0.00802   0.12345   0.51778   3.63288   1.43715   0.48340   0.14015   2.30307  
 19 661.4081  10516.244659  x:  0.01337   0.14827   0.03178   0.01968   0.01423   0.00000   0.01588   0.01387   0.01708   0.02995   0.05434   0.12638   0.29206   0.51938   0.23069   0.20166   0.05913   0.00000   0.06868   0.17423   0.04031   0.05099   0.19470   0.26911   0.00903   0.11618   0.52461   3.63930   1.48207   0.47988   0.13975   2.27987  
 20 332.4230  10514.117099  x:  0.01145   0.15482   0.02794   0.02795   0.01313   0.00000   0.01945   0.01186   0.01814   0.02533   0.04774   0.12291   0.28620   0.52209   0.22262   0.19836   0.05721   0.00000   0.07160   0.17599   0.03806   0.05227   0.19793   0.27647   0.00807   0.10902   0.52461   3.64697   1.53536   0.47597   0.14598   2.25209  
 21 418.8491  10509.195793  x:  0.00178   0.16419   0.03687   0.02060   0.01370   0.00000   0.01786   0.01267   0.01645   0.02747   0.04590   0.11836   0.26885   0.51769   0.20062   0.19095   0.06293   0.00000   0.06931   0.17668   0.03924   0.06091   0.20205   0.29251   0.01111   0.10160   0.51323   3.66508   1.66084   0.46711   0.16364   2.18618  
 22 649.8919  10503.713336  x:  0.00564   0.16004   0.02902   0.02135   0.01292   0.00000   0.01776   0.01131   0.01554   0.02801   0.06178   0.11775   0.24985   0.50131   0.17922   0.18576   0.07299   0.00000   0.05629   0.17090   0.03391   0.05333   0.19864   0.30116   0.00494   0.10860   0.48835   3.68679   1.81086   0.45681   0.17027   2.10642  
 23 708.8238  10499.259779  x:  0.00425   0.14386   0.02594   0.02285   0.01240   0.00000   0.01804   0.01020   0.01519   0.02488   0.05429   0.11905   0.23699   0.47887   0.16872   0.18485   0.07502   0.00000   0.05284   0.16206   0.03834   0.04510   0.18904   0.29674   0.01813   0.11981   0.45925   3.70681   1.94880   0.44811   0.16671   2.03148  
 24 909.2504  10493.269039  x:  0.00307   0.12172   0.02967   0.02007   0.01212   0.00000   0.01663   0.00948   0.01431   0.02364   0.04074   0.11919   0.22791   0.45014   0.16494   0.18577   0.07257   0.00000   0.05810   0.15142   0.04079   0.04230   0.17543   0.28245   0.00425   0.12360   0.42436   3.72831   2.09662   0.43992   0.16481   1.94920  
 25 1391.6190  10488.880816  x:  0.00760   0.10625   0.02907   0.02064   0.01179   0.00000   0.01598   0.00957   0.01488   0.02374   0.04660   0.11298   0.22808   0.41996   0.17170   0.18632   0.06722   0.00000   0.06987   0.14303   0.03293   0.04981   0.16138   0.25617   0.00857   0.11528   0.39265   3.74639   2.22055   0.43547   0.17747   1.87600  
 26 818.2681  10486.606596  x:  0.00671   0.11172   0.02766   0.01999   0.01143   0.00000   0.01577   0.00874   0.01413   0.02351   0.04530   0.10770   0.23360   0.39994   0.17988   0.18328   0.06825   0.00000   0.06156   0.14054   0.03875   0.04229   0.15582   0.23292   0.00886   0.10555   0.37722   3.75528   2.28200   0.43571   0.18739   1.83495  
 27 413.4240  10486.098621  x:  0.00420   0.11637   0.02910   0.01994   0.01141   0.00000   0.01596   0.00860   0.01393   0.02297   0.04470   0.10857   0.23579   0.39241   0.18198   0.17880   0.07182   0.00000   0.06183   0.14240   0.03397   0.04218   0.15819   0.22572   0.00901   0.10646   0.37576   3.75695   2.29461   0.43783   0.18372   1.82212  
 28 121.2255  10485.891315  x:  0.00361   0.11737   0.02676   0.01977   0.01143   0.00000   0.01591   0.00874   0.01389   0.02312   0.04519   0.10912   0.23659   0.38809   0.18278   0.17548   0.07287   0.00000   0.06276   0.14362   0.03607   0.04471   0.16017   0.22339   0.00848   0.10764   0.37641   3.75740   2.29883   0.44020   0.18218   1.81446  
 29 98.9835  10485.368267  x:  0.00564   0.11303   0.02813   0.01992   0.01137   0.00000   0.01578   0.00863   0.01406   0.02310   0.04463   0.11026   0.23728   0.37438   0.18475   0.16470   0.06917   0.00000   0.06216   0.14517   0.03625   0.04307   0.16492   0.22352   0.00811   0.11080   0.38310   3.75737   2.30409   0.45304   0.18556   1.78525  
 30 70.7973  10484.255119  x:  0.00318   0.10941   0.02721   0.01938   0.01123   0.00000   0.01575   0.00829   0.01353   0.02258   0.04479   0.10487   0.23384   0.35169   0.18916   0.16169   0.07460   0.00000   0.06110   0.13858   0.03536   0.04276   0.15723   0.23138   0.00850   0.10424   0.39551   3.75524   2.30682   0.49082   0.17909   1.70720  
 31 96.2745  10481.878782  x:  0.00490   0.12126   0.02711   0.01950   0.01107   0.00000   0.01554   0.00816   0.01382   0.02235   0.04448   0.11466   0.22297   0.32778   0.18515   0.17824   0.06873   0.00000   0.06387   0.13752   0.03568   0.04332   0.14700   0.23197   0.00725   0.11173   0.39595   3.74818   2.30355   0.58513   0.17697   1.51836  
 32 201.8844  10477.460760  x:  0.00409   0.10779   0.02701   0.01871   0.01065   0.00000   0.01507   0.00730   0.01320   0.02122   0.04355   0.10152   0.21549   0.31682   0.16511   0.19148   0.07139   0.00000   0.05905   0.14485   0.03471   0.04224   0.16212   0.22234   0.00756   0.10738   0.36729   3.73339   2.29134   0.76214   0.16255   1.16722  
 33 493.6863  10475.687984  x:  0.00294   0.10759   0.02587   0.01839   0.01046   0.00000   0.01492   0.00697   0.01299   0.02068   0.04347   0.11065   0.22044   0.32410   0.16318   0.17231   0.07206   0.00000   0.05981   0.13429   0.03449   0.04170   0.15608   0.22653   0.00810   0.10258   0.34261   3.72618   2.28510   0.83533   0.15675   1.02282  
 34 346.9851  10475.471184  x:  0.00289   0.10942   0.02624   0.01837   0.01045   0.00000   0.01491   0.00695   0.01303   0.02062   0.04331   0.10551   0.21966   0.32606   0.16724   0.16845   0.07136   0.00000   0.06014   0.13559   0.03447   0.04190   0.15316   0.22887   0.00759   0.10661   0.33790   3.72468   2.28442   0.84444   0.15620   1.00497  
 35 91.5811  10475.444842  x:  0.00283   0.10902   0.02615   0.01837   0.01045   0.00000   0.01492   0.00696   0.01301   0.02063   0.04338   0.10653   0.21808   0.32648   0.16999   0.16839   0.07170   0.00000   0.05979   0.13725   0.03447   0.04184   0.15356   0.22973   0.00768   0.10596   0.33696   3.72366   2.28454   0.84557   0.15605   1.00295  
 36 13.6509  10475.414642  x:  0.00287   0.10952   0.02618   0.01838   0.01046   0.00000   0.01492   0.00697   0.01302   0.02064   0.04341   0.10629   0.21666   0.32681   0.17161   0.16869   0.07157   0.00000   0.05989   0.13474   0.03447   0.04189   0.15569   0.22965   0.00766   0.10626   0.33679   3.71838   2.28521   0.84712   0.15605   1.00163  
 37  4.0803  10475.328346  x:  0.00289   0.10953   0.02619   0.01838   0.01046   0.00000   0.01491   0.00698   0.01302   0.02065   0.04340   0.10626   0.21644   0.32703   0.17154   0.16853   0.07152   0.00000   0.05988   0.13477   0.03446   0.04190   0.15556   0.22942   0.00767   0.10618   0.33700   3.70968   2.28631   0.84943   0.15591   1.00000  
 38 20.3792  10474.962357  x:  0.00272   0.11035   0.02627   0.01848   0.01057   0.00000   0.01494   0.00724   0.01303   0.02091   0.04362   0.10687   0.22865   0.32643   0.17432   0.17353   0.07122   0.00000   0.05941   0.13581   0.03449   0.04223   0.15910   0.23678   0.00769   0.10711   0.33625   3.63134   2.29748   0.87130   0.15474   1.00000  
 39 155.8710  10471.710385  x:  0.00459   0.11753   0.02737   0.01860   0.01120   0.00000   0.01452   0.00883   0.01300   0.02246   0.04492   0.10733   0.23433   0.35505   0.17878   0.17272   0.06359   0.00000   0.05646   0.14018   0.03438   0.04448   0.16322   0.23982   0.00850   0.10325   0.35819   3.78320   2.31617   1.24045   0.13609   1.00000  
 40  2.8798  10469.615612  x:  0.00416   0.12001   0.02689   0.01818   0.01167   0.00000   0.01387   0.00961   0.01237   0.02334   0.04388   0.10511   0.23768   0.37748   0.18086   0.17089   0.05806   0.00000   0.05543   0.14097   0.03270   0.04572   0.16181   0.23389   0.00774   0.09849   0.38842   3.77011   2.13703   0.76062   0.14168   1.00000  
 41  2.0909  10468.781476  x:  0.00360   0.12191   0.02566   0.01779   0.01198   0.00000   0.01409   0.00848   0.01207   0.02370   0.04499   0.10565   0.23246   0.38105   0.17779   0.16754   0.05129   0.00000   0.05380   0.14320   0.03201   0.04627   0.16191   0.22970   0.00777   0.09824   0.38732   3.58836   2.17497   0.83176   0.14307   1.00000  
 42  0.2764  10468.704780  x:  0.00395   0.12161   0.02477   0.01774   0.01202   0.00000   0.01389   0.00941   0.01207   0.02401   0.04419   0.10555   0.23085   0.37888   0.17710   0.16680   0.05145   0.00000   0.05237   0.14308   0.03130   0.04640   0.16142   0.22890   0.00798   0.09808   0.38406   3.57479   2.18281   0.84070   0.14279   1.00000  
 43  0.0347  10468.694834  x:  0.00385   0.12143   0.02424   0.01757   0.01201   0.00000   0.01382   0.00925   0.01190   0.02397   0.04417   0.10574   0.23074   0.37892   0.17730   0.16724   0.05155   0.00000   0.05248   0.14308   0.03104   0.04646   0.16145   0.22951   0.00800   0.09850   0.38337   3.58233   2.18462   0.85097   0.14235   1.00000  
 44  0.0160  10468.693639  x:  0.00377   0.12136   0.02430   0.01762   0.01200   0.00000   0.01385   0.00925   0.01191   0.02396   0.04419   0.10576   0.23072   0.37862   0.17735   0.16730   0.05133   0.00000   0.05236   0.14304   0.03104   0.04654   0.16146   0.22966   0.00799   0.09845   0.38289   3.58647   2.18611   0.85381   0.14240   1.00000  
 45  0.0076  10468.693599  x:  0.00378   0.12136   0.02430   0.01760   0.01200   0.00000   0.01385   0.00923   0.01192   0.02396   0.04418   0.10575   0.23074   0.37850   0.17735   0.16726   0.05133   0.00000   0.05235   0.14302   0.03104   0.04653   0.16145   0.22966   0.00800   0.09840   0.38280   3.58638   2.18642   0.85361   0.14242   1.00000  
 46  0.0005  10468.693595  x:  0.00377   0.12135   0.02430   0.01761   0.01200   0.00000   0.01385   0.00923   0.01192   0.02396   0.04419   0.10574   0.23074   0.37848   0.17735   0.16725   0.05134   0.00000   0.05236   0.14302   0.03104   0.04652   0.16145   0.22965   0.00800   0.09841   0.38279   3.58627   2.18641   0.85336   0.14243   1.00000  
 47  0.0004  10468.693595  x:  0.00377   0.12135   0.02430   0.01761   0.01200   0.00000   0.01385   0.00923   0.01191   0.02396   0.04418   0.10574   0.23074   0.37847   0.17734   0.16726   0.05133   0.00000   0.05235   0.14302   0.03104   0.04652   0.16145   0.22965   0.00800   0.09841   0.38279   3.58627   2.18640   0.85329   0.14243   1.00000  
 48  0.0001  10468.693595  x:  0.00377   0.12135   0.02430   0.01761   0.01200   0.00000   0.01385   0.00923   0.01192   0.02396   0.04418   0.10574   0.23074   0.37847   0.17734   0.16726   0.05133   0.00000   0.05235   0.14302   0.03104   0.04652   0.16145   0.22965   0.00800   0.09841   0.38279   3.58627   2.18640   0.85328   0.14243   1.00000  
 49  0.0000  10468.693595  x:  0.00377   0.12135   0.02430   0.01761   0.01200   0.00000   0.01385   0.00923   0.01192   0.02396   0.04418   0.10574   0.23074   0.37847   0.17734   0.16726   0.05133   0.00000   0.05235   0.14302   0.03104   0.04652   0.16145   0.22965   0.00800   0.09841   0.38279   3.58627   2.18640   0.85328   0.14243   1.00000  
 50  0.0000  10468.693595  x:  0.00377   0.12135   0.02430   0.01761   0.01200   0.00000   0.01385   0.00923   0.01192   0.02396   0.04418   0.10574   0.23074   0.37847   0.17734   0.16726   0.05133   0.00000   0.05235   0.14302   0.03104   0.04652   0.16145   0.22965   0.00800   0.09841   0.38279   3.58627   2.18640   0.85328   0.14243   1.00000  

Model 7: beta

TREE # 1

  0  0.0000  10613.623534  x:  0.00529   0.10820   0.02449   0.01606   0.01431   0.00000   0.01395   0.01467   0.01316   0.02444   0.04459   0.10268   0.20142   0.30369   0.17648   0.13843   0.01822   0.01164   0.03846   0.13094   0.02657   0.04867   0.14178   0.19405   0.01341   0.09260   0.34462   3.58627   0.25988   1.76622  
  1 99.0000  10613.621076  x:  0.00529   0.10820   0.02449   0.01606   0.01431   0.00000   0.01395   0.01467   0.01316   0.02444   0.04459   0.10268   0.20142   0.30369   0.17648   0.13843   0.01822   0.01163   0.03846   0.13094   0.02657   0.04866   0.14178   0.19405   0.01341   0.09260   0.34462   3.58627   0.25988   1.76622  
  2 1547.4660  10593.760988  x:  0.00026   0.10779   0.02334   0.01758   0.01302   0.00000   0.01421   0.01067   0.01488   0.02214   0.04272   0.10110   0.20164   0.30534   0.17529   0.13921   0.01626   0.00000   0.04049   0.13056   0.02694   0.04616   0.14211   0.19483   0.00988   0.09137   0.34460   3.58589   0.27968   1.76347  
  3 1873.4439  10573.041831  x:  0.01942   0.10897   0.02423   0.02307   0.02318   0.00000   0.02272   0.02477   0.02627   0.02321   0.03987   0.09629   0.20353   0.31227   0.17089   0.14231   0.00717   0.00000   0.04852   0.12988   0.02583   0.04238   0.14375   0.19925   0.01023   0.08974   0.34492   3.58420   0.34832   1.75207  
  4 1555.3742  10566.989179  x:  0.01069   0.10923   0.02901   0.02175   0.02807   0.00000   0.02224   0.03761   0.02960   0.02885   0.04462   0.09699   0.20472   0.31734   0.16922   0.14512   0.01599   0.00000   0.04878   0.13082   0.02687   0.04844   0.14527   0.20299   0.02104   0.09255   0.34597   3.58310   0.37116   1.74548  
  5 648.4983  10564.075833  x:  0.00974   0.11062   0.03040   0.01627   0.02496   0.00000   0.01543   0.04346   0.02181   0.02950   0.04815   0.09944   0.20651   0.32192   0.16883   0.14786   0.01237   0.00000   0.04674   0.13250   0.02711   0.05374   0.14708   0.20670   0.02624   0.09479   0.34748   3.58206   0.38123   1.73972  
  6 397.6361  10562.835287  x:  0.00904   0.11251   0.02895   0.02124   0.02112   0.00000   0.01824   0.04712   0.01674   0.02730   0.04985   0.10271   0.20894   0.32735   0.16913   0.15101   0.01229   0.00000   0.04434   0.13486   0.02606   0.05630   0.14934   0.21091   0.02685   0.09604   0.34970   3.58076   0.38393   1.73281  
  7 206.2860  10560.385077  x:  0.00895   0.11812   0.02369   0.01797   0.01698   0.00000   0.01820   0.05145   0.02316   0.02475   0.04854   0.11116   0.21685   0.34502   0.17078   0.16029   0.01355   0.00000   0.04133   0.14226   0.02575   0.05746   0.15628   0.22345   0.02091   0.09755   0.35758   3.57616   0.38418   1.70858  
  8 211.3236  10557.772953  x:  0.00880   0.12283   0.02845   0.02079   0.02378   0.00000   0.01509   0.04862   0.02065   0.03049   0.04627   0.11653   0.22532   0.36613   0.17234   0.16925   0.01345   0.00000   0.04406   0.14895   0.02745   0.05453   0.16278   0.23597   0.01400   0.09873   0.36756   3.56991   0.38249   1.67508  
  9 380.6469  10554.913740  x:  0.00979   0.12305   0.03176   0.01463   0.02660   0.00000   0.02378   0.03921   0.01800   0.02930   0.04733   0.11292   0.23160   0.38790   0.17263   0.17407   0.01222   0.00000   0.04918   0.15075   0.02697   0.05052   0.16503   0.24385   0.02034   0.10135   0.37889   3.56161   0.37947   1.62921  
 10 350.6974  10549.463074  x:  0.01558   0.11895   0.03066   0.02222   0.02576   0.00000   0.01703   0.02385   0.02460   0.02562   0.05277   0.09966   0.23849   0.42367   0.17133   0.17658   0.01009   0.00000   0.05187   0.14752   0.02750   0.05017   0.16318   0.25044   0.03441   0.10405   0.39838   3.54489   0.37308   1.53487  
 11 708.8719  10536.095711  x:  0.01846   0.10421   0.02352   0.01977   0.01917   0.00000   0.01953   0.02204   0.01832   0.04006   0.04194   0.07731   0.23769   0.48496   0.16402   0.16532   0.01063   0.00000   0.04059   0.12758   0.02828   0.05713   0.14673   0.24096   0.02609   0.09009   0.43299   3.50326   0.36060   1.29243  
 12 740.1270  10520.947083  x:  0.02062   0.09796   0.03746   0.01706   0.01730   0.00000   0.01514   0.02668   0.01496   0.02157   0.04661   0.08598   0.22673   0.53094   0.15654   0.14733   0.01406   0.00000   0.04920   0.11287   0.02437   0.05459   0.13228   0.21833   0.01213   0.08058   0.45882   3.45718   0.34734   1.01757  
 13 1648.9870  10506.790861  x:  0.02524   0.10613   0.02549   0.01762   0.01358   0.00000   0.01647   0.01511   0.01205   0.03022   0.04803   0.10758   0.21006   0.54950   0.15483   0.13284   0.01356   0.00000   0.05708   0.11664   0.03778   0.04891   0.13110   0.19227   0.01419   0.09122   0.46810   3.41298   0.33851   0.74529  
 14 1676.7542  10500.935513  x:  0.02561   0.11044   0.02374   0.01685   0.01933   0.00000   0.01446   0.00987   0.00999   0.02816   0.04357   0.10167   0.20616   0.54242   0.16034   0.13511   0.01468   0.00000   0.05170   0.12382   0.02500   0.04985   0.13796   0.18935   0.01384   0.09612   0.46326   3.39538   0.33498   0.63224  
 15 972.0322  10496.916510  x:  0.02665   0.11182   0.03167   0.01691   0.01211   0.00000   0.01478   0.01089   0.01049   0.02711   0.04220   0.08904   0.20718   0.53072   0.16668   0.14067   0.01502   0.00000   0.05231   0.12902   0.03016   0.04864   0.14462   0.19338   0.01099   0.09752   0.45630   3.38306   0.33122   0.55202  
 16 952.1143  10495.934603  x:  0.02657   0.10953   0.02793   0.01630   0.01503   0.00000   0.01477   0.01114   0.00880   0.02526   0.04581   0.08730   0.21082   0.52473   0.16797   0.14325   0.01551   0.00000   0.05417   0.12702   0.03384   0.04900   0.14441   0.19861   0.00963   0.09468   0.45330   3.37987   0.33018   0.53228  
 17 285.0228  10495.054958  x:  0.02710   0.10613   0.02751   0.01639   0.01301   0.00000   0.01495   0.00925   0.00923   0.02823   0.04783   0.09082   0.21699   0.51704   0.16799   0.14582   0.01532   0.00000   0.05701   0.12207   0.03139   0.04898   0.14193   0.20623   0.01054   0.09040   0.44993   3.37695   0.32964   0.51618  
 18 230.0276  10494.817296  x:  0.02681   0.10554   0.02713   0.01669   0.01295   0.00000   0.01421   0.00998   0.00869   0.02738   0.04440   0.09192   0.21984   0.51448   0.16696   0.14610   0.01547   0.00000   0.05751   0.12036   0.03179   0.04730   0.14035   0.20861   0.01230   0.09069   0.44936   3.37602   0.32944   0.51326  
 19 91.9366  10494.655055  x:  0.02714   0.10622   0.02832   0.01662   0.01352   0.00000   0.01461   0.00886   0.00894   0.02664   0.04352   0.09254   0.22255   0.51225   0.16478   0.14564   0.01542   0.00000   0.05575   0.11965   0.03293   0.04846   0.13871   0.20978   0.01201   0.09229   0.44945   3.37516   0.32984   0.51360  
 20 46.2818  10494.280189  x:  0.02689   0.10839   0.02793   0.01631   0.01290   0.00000   0.01438   0.00937   0.00854   0.02740   0.04547   0.09056   0.22882   0.50722   0.15882   0.14414   0.01569   0.00000   0.05567   0.12026   0.03183   0.04644   0.13607   0.21069   0.00969   0.09714   0.45112   3.37276   0.33065   0.51845  
 21 62.1074  10493.356698  x:  0.02739   0.10845   0.02700   0.01634   0.01180   0.00000   0.01395   0.00825   0.00749   0.02697   0.04307   0.08877   0.23519   0.49618   0.15228   0.14592   0.01607   0.00000   0.06118   0.12542   0.03162   0.05089   0.14016   0.20757   0.00996   0.09368   0.45772   3.36580   0.33363   0.54066  
 22 52.0235  10492.265399  x:  0.02869   0.10650   0.02819   0.01587   0.01140   0.00000   0.01335   0.00689   0.00646   0.02692   0.04516   0.08948   0.23606   0.48507   0.15371   0.15152   0.01656   0.00000   0.05503   0.12577   0.03316   0.04402   0.14445   0.20521   0.01152   0.08998   0.46465   3.35749   0.33857   0.56907  
 23 139.6501  10491.585642  x:  0.02943   0.10581   0.02776   0.01569   0.01069   0.00000   0.01318   0.00637   0.00579   0.02694   0.04428   0.08910   0.23037   0.48053   0.16334   0.15469   0.01698   0.00000   0.05768   0.12076   0.03296   0.04540   0.14246   0.20847   0.00884   0.09707   0.46629   3.35190   0.34179   0.58904  
 24 90.2655  10491.412046  x:  0.02942   0.10805   0.02773   0.01565   0.01053   0.00000   0.01303   0.00608   0.00557   0.02687   0.04429   0.08841   0.22792   0.48179   0.16633   0.14924   0.01708   0.00000   0.05766   0.12346   0.03303   0.04498   0.13988   0.21316   0.00941   0.09505   0.46200   3.35022   0.34259   0.59459  
 25 30.2365  10491.302842  x:  0.02964   0.10533   0.02780   0.01560   0.01045   0.00000   0.01299   0.00598   0.00550   0.02681   0.04421   0.08859   0.22952   0.48528   0.16706   0.14530   0.01712   0.00000   0.05740   0.12299   0.03304   0.04480   0.14315   0.21356   0.00908   0.09613   0.45394   3.34876   0.34283   0.59805  
 26 18.4051  10491.177626  x:  0.02953   0.10789   0.02767   0.01557   0.01037   0.00000   0.01292   0.00588   0.00544   0.02677   0.04422   0.08801   0.23217   0.49005   0.16744   0.14775   0.01708   0.00000   0.05773   0.12171   0.03306   0.04473   0.14200   0.21031   0.00945   0.09515   0.44293   3.34668   0.34281   0.60156  
 27 21.0884  10491.075716  x:  0.02988   0.10472   0.02772   0.01555   0.01034   0.00000   0.01290   0.00581   0.00544   0.02670   0.04409   0.08825   0.23051   0.49149   0.16496   0.15104   0.01708   0.00000   0.05766   0.12460   0.03309   0.04449   0.13926   0.21028   0.00921   0.09576   0.43809   3.34459   0.34276   0.60338  
 28 12.0438  10490.578285  x:  0.03006   0.10718   0.02735   0.01552   0.01029   0.00000   0.01275   0.00562   0.00559   0.02649   0.04383   0.08734   0.22062   0.49045   0.15314   0.15598   0.01718   0.00000   0.05791   0.12070   0.03312   0.04383   0.14312   0.21636   0.00921   0.09546   0.43033   3.33365   0.34245   0.60957  
 29 13.8533  10477.913333  x:  0.02942   0.11194   0.02333   0.01504   0.01170   0.00000   0.01115   0.00903   0.01253   0.02336   0.04265   0.09159   0.23532   0.39524   0.17960   0.16092   0.02295   0.00000   0.05532   0.13197   0.03313   0.04258   0.15112   0.23715   0.00800   0.09535   0.38281   3.03525   0.37550   0.75281  
 30 30.0062  10473.822307  x:  0.02993   0.11417   0.02222   0.01488   0.01154   0.00000   0.01057   0.00939   0.01379   0.02234   0.04215   0.09365   0.23737   0.38397   0.18237   0.16407   0.02509   0.00000   0.05498   0.13509   0.03329   0.04200   0.15420   0.24140   0.00686   0.09587   0.37560   3.54757   0.38904   0.76521  
 31 11.3542  10470.859961  x:  0.02553   0.11940   0.02587   0.01753   0.01258   0.00000   0.01662   0.01119   0.01138   0.02472   0.04327   0.10402   0.23312   0.36301   0.17623   0.17061   0.02797   0.00000   0.05053   0.14095   0.03022   0.04743   0.16031   0.24040   0.00820   0.09607   0.37078   3.53793   0.39916   0.76980  
 32  0.0598  10468.105967  x:  0.01615   0.12464   0.02270   0.01996   0.01336   0.00000   0.01554   0.00894   0.01257   0.02322   0.04574   0.10957   0.22638   0.36962   0.17661   0.16915   0.03517   0.00000   0.05670   0.14814   0.02986   0.04545   0.16601   0.22385   0.01105   0.10377   0.39448   3.53391   0.40426   0.74809  
 33  0.0368  10465.910966  x:  0.00587   0.12590   0.02498   0.01870   0.01257   0.00000   0.01263   0.01017   0.01208   0.02478   0.04418   0.11300   0.22346   0.38423   0.17498   0.16710   0.04337   0.00000   0.05165   0.14816   0.03057   0.04779   0.16572   0.22016   0.00696   0.09973   0.38543   3.51112   0.41587   0.76866  
 34  0.0337  10465.068564  x:  0.00183   0.12200   0.02484   0.01744   0.01190   0.00000   0.01396   0.00976   0.01262   0.02390   0.04394   0.10704   0.22880   0.37440   0.17719   0.16571   0.04775   0.00000   0.05192   0.14433   0.03142   0.04632   0.16274   0.22626   0.00909   0.09761   0.37924   3.51201   0.42671   0.80446  
 35  0.0459  10464.847969  x:  0.00468   0.11997   0.02447   0.01723   0.01171   0.00000   0.01403   0.00932   0.01262   0.02361   0.04397   0.10490   0.23065   0.37245   0.17793   0.16602   0.04806   0.00000   0.05170   0.14222   0.03166   0.04621   0.16101   0.22993   0.00832   0.09741   0.37959   3.50977   0.43326   0.82621  
 36  0.0302  10464.689657  x:  0.00378   0.12013   0.02440   0.01780   0.01240   0.00000   0.01348   0.00904   0.01201   0.02418   0.04435   0.10488   0.22930   0.37563   0.17740   0.16663   0.05160   0.00000   0.05246   0.14174   0.03107   0.04664   0.16058   0.23035   0.00792   0.09866   0.38225   3.49680   0.44788   0.86024  
 37  0.0220  10464.655475  x:  0.00388   0.12068   0.02449   0.01766   0.01188   0.00000   0.01381   0.00921   0.01180   0.02384   0.04424   0.10564   0.22883   0.37658   0.17719   0.16632   0.05243   0.00000   0.05237   0.14240   0.03130   0.04644   0.16104   0.22902   0.00840   0.09837   0.38143   3.49348   0.45269   0.86975  
 38  0.0110  10464.649974  x:  0.00393   0.12075   0.02457   0.01759   0.01202   0.00000   0.01389   0.00920   0.01182   0.02401   0.04402   0.10558   0.22923   0.37491   0.17734   0.16598   0.05257   0.00000   0.05245   0.14268   0.03134   0.04628   0.16128   0.22849   0.00832   0.09813   0.38159   3.49330   0.45450   0.87307  
 39  0.0039  10464.645875  x:  0.00406   0.12060   0.02467   0.01760   0.01209   0.00000   0.01378   0.00927   0.01191   0.02401   0.04428   0.10539   0.22945   0.37494   0.17737   0.16575   0.05245   0.00000   0.05234   0.14274   0.03134   0.04655   0.16133   0.22842   0.00853   0.09807   0.38112   3.49409   0.45707   0.87799  
 40  0.0031  10464.639941  x:  0.00407   0.12054   0.02453   0.01766   0.01206   0.00000   0.01390   0.00933   0.01207   0.02393   0.04422   0.10535   0.22923   0.37600   0.17724   0.16566   0.05218   0.00000   0.05243   0.14262   0.03132   0.04643   0.16121   0.22842   0.00824   0.09812   0.38133   3.49261   0.46049   0.88453  
 41  0.0042  10464.636746  x:  0.00403   0.12064   0.02456   0.01765   0.01199   0.00000   0.01381   0.00929   0.01206   0.02396   0.04409   0.10551   0.22898   0.37516   0.17692   0.16609   0.05181   0.00000   0.05242   0.14249   0.03130   0.04638   0.16116   0.22854   0.00836   0.09820   0.38181   3.48933   0.46215   0.88771  
 42  0.0031  10464.635463  x:  0.00401   0.12071   0.02457   0.01763   0.01205   0.00000   0.01386   0.00924   0.01197   0.02397   0.04409   0.10552   0.22910   0.37554   0.17709   0.16606   0.05159   0.00000   0.05249   0.14247   0.03133   0.04634   0.16116   0.22856   0.00839   0.09818   0.38115   3.48939   0.46285   0.88994  
 43  0.0017  10464.635141  x:  0.00401   0.12069   0.02456   0.01763   0.01202   0.00000   0.01385   0.00923   0.01192   0.02394   0.04414   0.10550   0.22916   0.37536   0.17717   0.16597   0.05157   0.00000   0.05243   0.14252   0.03134   0.04638   0.16117   0.22853   0.00834   0.09814   0.38135   3.48993   0.46316   0.89110  
 44  0.0013  10464.635106  x:  0.00402   0.12066   0.02455   0.01764   0.01202   0.00000   0.01384   0.00923   0.01192   0.02395   0.04412   0.10546   0.22912   0.37539   0.17715   0.16595   0.05156   0.00000   0.05244   0.14254   0.03133   0.04636   0.16118   0.22851   0.00834   0.09815   0.38137   3.49027   0.46319   0.89145  
 45  0.0004  10464.635102  x:  0.00402   0.12066   0.02455   0.01763   0.01202   0.00000   0.01384   0.00923   0.01192   0.02394   0.04412   0.10546   0.22911   0.37537   0.17713   0.16595   0.05156   0.00000   0.05244   0.14254   0.03133   0.04636   0.16118   0.22849   0.00834   0.09815   0.38135   3.49014   0.46319   0.89158  
 46  0.0001  10464.635102  x:  0.00402   0.12067   0.02455   0.01763   0.01202   0.00000   0.01384   0.00923   0.01193   0.02394   0.04412   0.10546   0.22911   0.37538   0.17713   0.16595   0.05156   0.00000   0.05244   0.14254   0.03133   0.04636   0.16117   0.22849   0.00834   0.09815   0.38136   3.49011   0.46319   0.89162  
 47  0.0000  10464.635102  x:  0.00402   0.12067   0.02455   0.01763   0.01202   0.00000   0.01384   0.00923   0.01193   0.02394   0.04412   0.10546   0.22911   0.37538   0.17713   0.16595   0.05156   0.00000   0.05244   0.14254   0.03133   0.04636   0.16117   0.22850   0.00834   0.09815   0.38136   3.49010   0.46319   0.89163  
 48  0.0000  10464.635102  x:  0.00402   0.12067   0.02455   0.01763   0.01202   0.00000   0.01384   0.00923   0.01193   0.02394   0.04412   0.10546   0.22911   0.37538   0.17713   0.16595   0.05156   0.00000   0.05244   0.14254   0.03133   0.04636   0.16117   0.22850   0.00834   0.09815   0.38136   3.49010   0.46319   0.89163  
 49  0.0000  10464.635102  x:  0.00402   0.12067   0.02455   0.01763   0.01202   0.00000   0.01384   0.00923   0.01193   0.02394   0.04412   0.10546   0.22911   0.37538   0.17713   0.16595   0.05156   0.00000   0.05244   0.14254   0.03133   0.04636   0.16117   0.22850   0.00834   0.09815   0.38136   3.49010   0.46319   0.89163  

Model 8: beta&w>1

TREE # 1

  0  0.0000  10531.732466  x:  0.00510   0.10982   0.02149   0.01697   0.01283   0.00000   0.01369   0.01293   0.01279   0.02497   0.04498   0.10123   0.20501   0.30984   0.17776   0.14023   0.01837   0.01269   0.03766   0.13253   0.02647   0.04916   0.14503   0.19613   0.01088   0.09326   0.34893   3.49010   0.90000   0.72833   1.19168   2.32763  
  1 99.0000  10531.730325  x:  0.00510   0.10982   0.02149   0.01697   0.01283   0.00000   0.01369   0.01293   0.01279   0.02497   0.04498   0.10123   0.20501   0.30984   0.17776   0.14023   0.01837   0.01269   0.03766   0.13253   0.02647   0.04916   0.14503   0.19613   0.01088   0.09326   0.34893   3.49010   0.90000   0.72833   1.19168   2.32763  
  2 1316.3440  10517.402474  x:  0.00000   0.11198   0.02330   0.01887   0.01259   0.00000   0.01413   0.01031   0.01423   0.02405   0.04526   0.10276   0.20760   0.31353   0.17897   0.14378   0.02048   0.00046   0.04316   0.13476   0.02911   0.04888   0.14792   0.19982   0.01032   0.09477   0.35093   3.49041   0.91595   0.72579   1.19302   2.32658  
  3 1112.0350  10516.837277  x:  0.00018   0.11207   0.02331   0.01888   0.01260   0.00000   0.01413   0.01038   0.01424   0.02403   0.04525   0.10281   0.20771   0.31368   0.17902   0.14392   0.02033   0.00000   0.04331   0.13485   0.02912   0.04887   0.14803   0.19998   0.01032   0.09482   0.35101   3.49042   0.91665   0.72567   1.19308   2.32653  
  4 2244.4904  10515.487865  x:  0.00000   0.11229   0.02293   0.01833   0.01263   0.00000   0.01396   0.01100   0.01371   0.02414   0.04514   0.10287   0.20804   0.31423   0.17911   0.14430   0.02044   0.00000   0.04323   0.13503   0.02835   0.04896   0.14832   0.20056   0.01064   0.09490   0.35132   3.49046   0.91921   0.72515   1.19333   2.32643  
  5 1203.6436  10509.883719  x:  0.00020   0.11268   0.01999   0.01731   0.01234   0.00000   0.01369   0.00416   0.01488   0.02513   0.04425   0.10189   0.20957   0.31788   0.17882   0.14556   0.01984   0.00000   0.03727   0.13507   0.02255   0.05051   0.14913   0.20428   0.01108   0.09362   0.35334   3.49066   0.93859   0.71991   1.19552   2.32636  
  6 849.2867  10507.872622  x:  0.00000   0.11252   0.01995   0.01824   0.01211   0.00000   0.01415   0.00463   0.01627   0.02514   0.04410   0.10141   0.20973   0.31871   0.17850   0.14554   0.02026   0.00000   0.03542   0.13482   0.02237   0.05100   0.14907   0.20503   0.01053   0.09292   0.35376   3.49069   0.94359   0.71825   1.19616   2.32651  
  7 1044.1324  10507.872622  x:  0.00000   0.11252   0.01995   0.01824   0.01211   0.00000   0.01415   0.00463   0.01627   0.02514   0.04410   0.10141   0.20973   0.31871   0.17850   0.14554   0.02026   0.00000   0.03542   0.13482   0.02237   0.05100   0.14907   0.20503   0.01053   0.09292   0.35376   3.49069   0.94359   0.71825   1.19616   2.32651  
  8 687.9011  10492.805346  x:  0.01808   0.11481   0.02281   0.01790   0.01197   0.00000   0.01441   0.01941   0.01223   0.02452   0.04426   0.10225   0.21138   0.32065   0.17896   0.14716   0.03780   0.00000   0.04118   0.13602   0.02705   0.05044   0.15055   0.20673   0.01061   0.09389   0.35465   3.49083   0.95210   0.71654   1.19698   2.32610  
  9 1461.9698  10481.017560  x:  0.01834   0.11766   0.02695   0.01806   0.01280   0.00000   0.01238   0.00580   0.01013   0.02422   0.04500   0.10455   0.21504   0.32608   0.18028   0.15201   0.05214   0.00000   0.05260   0.13922   0.03401   0.04887   0.15460   0.21164   0.01020   0.09644   0.35746   3.49117   0.97486   0.71172   1.19921   2.32512  
 10 640.6661  10474.028440  x:  0.00699   0.11955   0.02780   0.01806   0.01230   0.00000   0.01549   0.01089   0.01515   0.02424   0.04538   0.10664   0.21900   0.33250   0.18157   0.15743   0.05758   0.00000   0.06039   0.14227   0.03633   0.04686   0.15873   0.21721   0.00902   0.09881   0.36084   3.49151   0.99999   0.70552   1.20190   2.32419  
 11 800.0606  10473.013595  x:  0.00364   0.12024   0.02595   0.01762   0.01162   0.00000   0.01389   0.01258   0.01056   0.02400   0.04487   0.10699   0.22120   0.33640   0.18185   0.15994   0.05861   0.00000   0.06002   0.14310   0.03399   0.04591   0.16022   0.22007   0.00877   0.09939   0.36284   3.49161   0.99999   0.70105   1.20350   2.32394  
 12 249.2880  10471.561462  x:  0.00501   0.12180   0.02135   0.01752   0.01316   0.00000   0.01276   0.01213   0.01267   0.02426   0.04373   0.10698   0.22649   0.34626   0.18196   0.16510   0.05944   0.00000   0.05421   0.14404   0.02738   0.04505   0.16272   0.22643   0.00881   0.09980   0.36783   3.49178   0.99999   0.68863   1.20763   2.32356  
 13 258.0221  10470.430007  x:  0.00697   0.12271   0.02298   0.01821   0.01053   0.00000   0.01668   0.01153   0.01167   0.02434   0.04354   0.10663   0.23107   0.35606   0.18149   0.16905   0.05687   0.00000   0.04743   0.14428   0.02767   0.04657   0.16424   0.23173   0.00885   0.09939   0.37279   3.49189   0.99999   0.67485   1.21194   2.32335  
 14 334.4836  10469.637336  x:  0.00808   0.12273   0.02556   0.01809   0.01323   0.00000   0.01433   0.01251   0.01134   0.02434   0.04400   0.10605   0.23394   0.36367   0.18058   0.17110   0.05315   0.00000   0.04394   0.14409   0.03103   0.04831   0.16472   0.23488   0.00895   0.09859   0.37666   3.49192   0.99999   0.66266   1.21551   2.32332  
 15 369.7284  10469.160646  x:  0.00956   0.12189   0.02523   0.01725   0.01077   0.00000   0.01208   0.01272   0.01213   0.02389   0.04445   0.10525   0.23461   0.36822   0.17928   0.17085   0.05058   0.00000   0.04593   0.14356   0.03196   0.04845   0.16406   0.23526   0.00918   0.09768   0.37898   3.49186   0.99999   0.65301   1.21797   2.32348  
 16 195.8124  10468.250800  x:  0.01228   0.11936   0.02326   0.01681   0.01231   0.00000   0.01418   0.01246   0.01081   0.02355   0.04516   0.10343   0.23465   0.37729   0.17584   0.16875   0.04613   0.00000   0.05293   0.14199   0.03189   0.04748   0.16169   0.23426   0.00930   0.09562   0.38355   3.49164   0.99999   0.63064   1.22328   2.32403  
 17 376.6208  10467.668166  x:  0.01099   0.11775   0.02594   0.02017   0.01211   0.00000   0.01346   0.01226   0.01100   0.02505   0.04406   0.10339   0.23258   0.38188   0.17321   0.16584   0.04891   0.00000   0.05380   0.14048   0.03010   0.04604   0.15915   0.23113   0.00812   0.09536   0.38558   3.49132   0.99999   0.61318   1.22671   2.32466  
 18 180.6251  10467.102008  x:  0.00836   0.11677   0.02643   0.01676   0.01225   0.00000   0.01391   0.01165   0.01151   0.02397   0.04281   0.10390   0.22966   0.38510   0.17105   0.16283   0.05410   0.00000   0.05211   0.13926   0.03056   0.04568   0.15683   0.22722   0.00870   0.09624   0.38676   3.49089   0.99999   0.59538   1.22971   2.32540  
 19 265.0055  10466.965273  x:  0.00772   0.11730   0.02438   0.01799   0.01213   0.00000   0.01390   0.01150   0.01154   0.02336   0.04377   0.10419   0.22868   0.38500   0.17125   0.16251   0.05543   0.00000   0.05140   0.13954   0.03199   0.04641   0.15700   0.22619   0.00857   0.09683   0.38642   3.49068   0.99999   0.59020   1.23016   2.32564  
 20 99.3528  10466.849335  x:  0.00789   0.11931   0.02424   0.01734   0.01206   0.00000   0.01387   0.01134   0.01139   0.02512   0.04498   0.10480   0.22771   0.38308   0.17304   0.16338   0.05542   0.00000   0.05157   0.14101   0.03191   0.04691   0.15882   0.22568   0.00788   0.09761   0.38482   3.49028   0.99999   0.58439   1.22977   2.32595  
 21 52.8857  10466.724419  x:  0.00821   0.12122   0.02512   0.01759   0.01218   0.00000   0.01380   0.01123   0.01135   0.02379   0.04488   0.10525   0.22705   0.38065   0.17514   0.16461   0.05498   0.00000   0.05206   0.14252   0.03131   0.04671   0.16086   0.22567   0.00857   0.09826   0.38293   3.48979   0.99781   0.57876   1.22890   2.32626  
 22 97.8033  10466.696525  x:  0.00828   0.12108   0.02490   0.01758   0.01217   0.00000   0.01381   0.01116   0.01137   0.02374   0.04364   0.10506   0.22730   0.37965   0.17572   0.16510   0.05499   0.00000   0.05214   0.14261   0.03177   0.04639   0.16121   0.22621   0.00788   0.09787   0.38226   3.48956   0.99747   0.57721   1.22812   2.32633  
 23 32.3310  10466.672850  x:  0.00818   0.12045   0.02481   0.01772   0.01215   0.00000   0.01382   0.01112   0.01138   0.02418   0.04320   0.10472   0.22794   0.37828   0.17629   0.16571   0.05523   0.00000   0.05226   0.14243   0.03206   0.04616   0.16134   0.22723   0.00874   0.09747   0.38143   3.48920   0.99785   0.57523   1.22670   2.32637  
 24 32.1743  10466.643185  x:  0.00803   0.11939   0.02512   0.01763   0.01218   0.00000   0.01383   0.01104   0.01143   0.02372   0.04401   0.10434   0.22906   0.37638   0.17680   0.16645   0.05572   0.00000   0.05238   0.14196   0.03184   0.04614   0.16123   0.22881   0.00844   0.09681   0.38031   3.48860   0.99852   0.57248   1.22419   2.32639  
 25 46.8281  10466.623332  x:  0.00792   0.11884   0.02502   0.01757   0.01216   0.00000   0.01384   0.01106   0.01144   0.02402   0.04422   0.10451   0.23016   0.37567   0.17599   0.16639   0.05588   0.00000   0.05249   0.14134   0.03179   0.04667   0.16041   0.22984   0.00836   0.09714   0.38007   3.48794   0.99740   0.57118   1.22087   2.32627  
 26 18.0822  10466.568391  x:  0.00809   0.12018   0.02501   0.01766   0.01217   0.00000   0.01384   0.01115   0.01145   0.02378   0.04375   0.10594   0.23210   0.37401   0.17392   0.16603   0.05519   0.00000   0.05276   0.14126   0.03182   0.04654   0.15937   0.23118   0.00811   0.09931   0.37963   3.48545   0.99857   0.56499   1.20863   2.32581  
 27 32.5552  10466.385738  x:  0.00757   0.12251   0.02480   0.01756   0.01208   0.00000   0.01400   0.01154   0.01171   0.02404   0.04489   0.10442   0.23397   0.37351   0.16971   0.16582   0.05479   0.00000   0.05171   0.14252   0.03253   0.04343   0.15945   0.23102   0.00831   0.09712   0.38102   3.47643   0.99882   0.54651   1.16286   2.32382  
 28 60.8739  10466.153688  x:  0.00709   0.12324   0.02488   0.01763   0.01208   0.00000   0.01408   0.01190   0.01189   0.02394   0.04428   0.10339   0.23439   0.37387   0.16796   0.16628   0.05465   0.00000   0.05181   0.14348   0.03190   0.04541   0.16023   0.23031   0.00850   0.09555   0.38230   3.46860   0.99999   0.53023   1.12301   2.32208  
 29 373.0140  10465.724339  x:  0.00749   0.11767   0.02473   0.01767   0.01198   0.00000   0.01430   0.01280   0.01224   0.02405   0.04459   0.10554   0.23185   0.37924   0.17130   0.16940   0.05272   0.00000   0.05116   0.14166   0.03196   0.04436   0.16159   0.22869   0.00802   0.09861   0.38613   3.44690   0.99999   0.48663   1.01083   2.31716  
 30 317.1442  10465.632135  x:  0.00696   0.12081   0.02478   0.01770   0.01201   0.00000   0.01434   0.01277   0.01232   0.02407   0.04464   0.10486   0.23130   0.38371   0.17536   0.16784   0.05325   0.00000   0.05180   0.14042   0.03212   0.04446   0.15885   0.23169   0.00805   0.09824   0.38633   3.44256   0.99999   0.47870   0.98508   2.31598  
 31 57.8927  10465.590583  x:  0.00687   0.12009   0.02490   0.01773   0.01205   0.00000   0.01435   0.01252   0.01233   0.02411   0.04474   0.10592   0.23276   0.38741   0.17547   0.16597   0.05399   0.00000   0.05214   0.14269   0.03236   0.04449   0.16048   0.23350   0.00808   0.09816   0.38621   3.44130   0.99999   0.47656   0.97276   2.31522  
 32 23.2074  10465.577116  x:  0.00679   0.12040   0.02503   0.01774   0.01208   0.00000   0.01435   0.01236   0.01233   0.02412   0.04479   0.10504   0.23370   0.38874   0.17479   0.16734   0.05441   0.00000   0.05250   0.14212   0.03252   0.04448   0.16129   0.23314   0.00798   0.09900   0.38661   3.44153   0.99999   0.47630   0.96848   2.31464  
 33 10.9408  10465.572364  x:  0.00678   0.12061   0.02502   0.01775   0.01209   0.00000   0.01435   0.01229   0.01232   0.02412   0.04481   0.10583   0.23389   0.38904   0.17449   0.16843   0.05455   0.00000   0.05266   0.14200   0.03259   0.04449   0.16106   0.23291   0.00804   0.09853   0.38709   3.44209   0.99999   0.47627   0.96694   2.31415  
 34  7.1930  10465.567918  x:  0.00683   0.12043   0.02506   0.01775   0.01210   0.00000   0.01434   0.01224   0.01231   0.02413   0.04482   0.10558   0.23346   0.38875   0.17438   0.16904   0.05462   0.00000   0.05268   0.14289   0.03261   0.04449   0.16039   0.23325   0.00799   0.09879   0.38819   3.44407   0.99999   0.47606   0.96550   2.31276  
 35  3.3862  10465.548519  x:  0.00688   0.12067   0.02506   0.01775   0.01211   0.00000   0.01432   0.01212   0.01227   0.02414   0.04483   0.10580   0.23261   0.38720   0.17447   0.16827   0.05478   0.00000   0.05273   0.14197   0.03264   0.04452   0.16163   0.23449   0.00794   0.09879   0.39198   3.45556   0.99999   0.47452   0.95924   2.30477  
 36  7.9798  10465.480568  x:  0.00693   0.12049   0.02501   0.01773   0.01211   0.00000   0.01424   0.01195   0.01213   0.02415   0.04481   0.10570   0.23656   0.38647   0.17721   0.16684   0.05470   0.00000   0.05251   0.14248   0.03254   0.04457   0.16075   0.23146   0.00793   0.09881   0.39338   3.49882   0.99999   0.46796   0.93747   2.27425  
 37 22.2675  10465.400026  x:  0.00722   0.12035   0.02493   0.01770   0.01209   0.00000   0.01415   0.01180   0.01199   0.02414   0.04475   0.10557   0.23334   0.38849   0.17459   0.16794   0.05433   0.00000   0.05226   0.14211   0.03241   0.04464   0.16074   0.23271   0.00801   0.09856   0.38773   3.54995   0.99999   0.45994   0.91153   2.23731  
 38 57.2078  10465.002690  x:  0.00803   0.11952   0.02458   0.01755   0.01212   0.00000   0.01354   0.00987   0.01097   0.02410   0.04439   0.10527   0.23007   0.37994   0.17597   0.16554   0.05412   0.00000   0.05130   0.14129   0.03171   0.04544   0.15986   0.22935   0.00821   0.09818   0.38351   3.48200   0.99999   0.45485   0.87581   1.92000  
 39  1.1995  10464.742795  x:  0.00478   0.12077   0.02473   0.01767   0.01204   0.00000   0.01402   0.01021   0.01211   0.02397   0.04404   0.10535   0.22952   0.37451   0.17689   0.16585   0.05370   0.00000   0.05201   0.14270   0.03140   0.04647   0.16118   0.22852   0.00837   0.09793   0.38214   3.49133   0.99999   0.45922   0.86297   2.03039  
 40  0.2897  10464.653488  x:  0.00398   0.12073   0.02467   0.01764   0.01200   0.00000   0.01392   0.00928   0.01207   0.02395   0.04400   0.10560   0.22836   0.37376   0.17780   0.16573   0.05301   0.00000   0.05246   0.14265   0.03132   0.04663   0.16134   0.22798   0.00835   0.09830   0.38028   3.49217   0.99999   0.46840   0.90204   1.99721  
 41  0.0759  10464.635557  x:  0.00404   0.12067   0.02456   0.01763   0.01201   0.00000   0.01383   0.00924   0.01193   0.02394   0.04411   0.10550   0.22902   0.37508   0.17719   0.16595   0.05154   0.00000   0.05254   0.14257   0.03132   0.04639   0.16122   0.22837   0.00834   0.09819   0.38118   3.48933   0.99999   0.46279   0.89135   1.98701  
 42  0.0150  10464.635315  x:  0.00402   0.12066   0.02455   0.01763   0.01201   0.00000   0.01384   0.00923   0.01192   0.02394   0.04412   0.10547   0.22911   0.37540   0.17715   0.16595   0.05156   0.00000   0.05246   0.14253   0.03133   0.04636   0.16118   0.22850   0.00834   0.09816   0.38136   3.49027   0.99999   0.46325   0.89171   1.98686  
 43  0.0013  10464.635311  x:  0.00402   0.12067   0.02455   0.01763   0.01202   0.00000   0.01384   0.00923   0.01192   0.02394   0.04412   0.10546   0.22911   0.37537   0.17713   0.16595   0.05156   0.00000   0.05244   0.14254   0.03133   0.04636   0.16117   0.22850   0.00834   0.09815   0.38136   3.49010   0.99999   0.46320   0.89169   1.98665  
 44  0.0003  10464.635311  x:  0.00403   0.12067   0.02455   0.01763   0.01202   0.00000   0.01384   0.00923   0.01192   0.02394   0.04412   0.10546   0.22911   0.37538   0.17714   0.16595   0.05155   0.00000   0.05244   0.14254   0.03133   0.04636   0.16118   0.22849   0.00834   0.09815   0.38135   3.49012   0.99999   0.46321   0.89170   1.98617  
 45  0.0002  10464.635307  x:  0.00402   0.12067   0.02455   0.01764   0.01202   0.00000   0.01384   0.00923   0.01193   0.02394   0.04412   0.10547   0.22911   0.37538   0.17715   0.16595   0.05156   0.00000   0.05243   0.14254   0.03133   0.04637   0.16118   0.22849   0.00834   0.09816   0.38135   3.49015   0.99999   0.46319   0.89164   1.98231  
 46  0.0005  10464.635254  x:  0.00399   0.12068   0.02456   0.01764   0.01202   0.00000   0.01384   0.00923   0.01193   0.02394   0.04412   0.10548   0.22912   0.37541   0.17718   0.16597   0.05157   0.00000   0.05241   0.14255   0.03133   0.04639   0.16120   0.22850   0.00834   0.09817   0.38136   3.49033   0.99999   0.46312   0.89149   1.91875  
 47  0.0079  10464.635056  x:  0.00396   0.12069   0.02457   0.01765   0.01202   0.00000   0.01384   0.00924   0.01194   0.02394   0.04411   0.10549   0.22912   0.37544   0.17722   0.16598   0.05158   0.00000   0.05239   0.14257   0.03133   0.04643   0.16123   0.22850   0.00834   0.09818   0.38136   3.49053   0.99999   0.46307   0.89140   1.53374  
 48  0.1236  10464.634980  x:  0.00394   0.12070   0.02458   0.01765   0.01202   0.00000   0.01384   0.00924   0.01194   0.02394   0.04411   0.10550   0.22913   0.37546   0.17724   0.16599   0.05158   0.00000   0.05238   0.14258   0.03133   0.04645   0.16124   0.22851   0.00835   0.09819   0.38137   3.49062   0.99998   0.46304   0.89136   1.35619  
 49 483543.5736  10464.634712  x:  0.00397   0.12069   0.02457   0.01764   0.01202   0.00000   0.01384   0.00923   0.01193   0.02394   0.04411   0.10549   0.22913   0.37543   0.17720   0.16598   0.05158   0.00000   0.05240   0.14256   0.03133   0.04642   0.16122   0.22850   0.00834   0.09817   0.38137   3.49045   0.99997   0.46310   0.89151   1.13621  
 50  0.1598  10464.634224  x:  0.00408   0.12064   0.02453   0.01762   0.01201   0.00000   0.01385   0.00923   0.01191   0.02395   0.04414   0.10543   0.22911   0.37532   0.17705   0.16592   0.05154   0.00000   0.05249   0.14251   0.03133   0.04630   0.16112   0.22849   0.00834   0.09812   0.38136   3.48971   0.99995   0.46338   0.89214   1.35619  
 51  0.1617  10464.630907  x:  0.00416   0.12061   0.02451   0.01761   0.01201   0.00000   0.01384   0.00926   0.01190   0.02396   0.04415   0.10540   0.22907   0.37525   0.17697   0.16587   0.05147   0.00000   0.05253   0.14246   0.03132   0.04622   0.16105   0.22848   0.00834   0.09809   0.38131   3.48915   0.99976   0.46430   0.89495   1.44678  
 52  0.0113  10464.622072  x:  0.00434   0.12052   0.02444   0.01759   0.01201   0.00000   0.01384   0.00935   0.01186   0.02398   0.04417   0.10532   0.22897   0.37510   0.17681   0.16576   0.05129   0.00000   0.05259   0.14235   0.03129   0.04604   0.16090   0.22843   0.00833   0.09803   0.38121   3.48803   0.99903   0.46694   0.90343   1.22544  
 53  0.8448  10464.595879  x:  0.00459   0.12042   0.02436   0.01756   0.01201   0.00000   0.01383   0.00942   0.01182   0.02401   0.04420   0.10523   0.22885   0.37492   0.17658   0.16563   0.05107   0.00000   0.05270   0.14222   0.03124   0.04579   0.16070   0.22839   0.00831   0.09795   0.38110   3.48708   0.99729   0.47153   0.91923   1.44634  
 54  0.6627  10464.535858  x:  0.00523   0.12021   0.02415   0.01748   0.01200   0.00000   0.01383   0.00956   0.01172   0.02407   0.04428   0.10502   0.22863   0.37467   0.17608   0.16541   0.05056   0.00000   0.05295   0.14194   0.03113   0.04522   0.16029   0.22835   0.00824   0.09782   0.38096   3.48711   0.98935   0.48849   0.98103   1.48192  
 55  0.0636  10464.446234  x:  0.00581   0.12003   0.02397   0.01741   0.01200   0.00000   0.01383   0.00967   0.01163   0.02413   0.04435   0.10484   0.22844   0.37448   0.17564   0.16524   0.05011   0.00000   0.05317   0.14171   0.03102   0.04472   0.15993   0.22832   0.00817   0.09771   0.38084   3.48742   0.98133   0.50480   1.04149   1.25748  
 56  1.0907  10464.304466  x:  0.00522   0.12049   0.02424   0.01752   0.01201   0.00000   0.01383   0.00951   0.01178   0.02404   0.04425   0.10525   0.22905   0.37588   0.17665   0.16596   0.05060   0.00000   0.05278   0.14231   0.03111   0.04571   0.16078   0.22871   0.00815   0.09812   0.38157   3.49866   0.96623   0.52517   1.13570   1.11129  
 57  0.1206  10464.115548  x:  0.00364   0.12136   0.02477   0.01775   0.01203   0.00000   0.01384   0.00910   0.01208   0.02385   0.04404   0.10601   0.23009   0.37798   0.17850   0.16714   0.05185   0.00000   0.05204   0.14340   0.03134   0.04749   0.16232   0.22933   0.00819   0.09880   0.38277   3.51413   0.95567   0.53068   1.18356   1.19923  
 58  0.1591  10463.929257  x:  0.00335   0.12140   0.02457   0.01767   0.01203   0.00000   0.01388   0.00891   0.01198   0.02395   0.04420   0.10587   0.23022   0.37812   0.17807   0.16713   0.05185   0.00000   0.05238   0.14330   0.03132   0.04683   0.16205   0.22954   0.00811   0.09871   0.38308   3.51796   0.91206   0.57724   1.44298   1.07970  
 59  0.1043  10463.855748  x:  0.00454   0.12091   0.02442   0.01761   0.01205   0.00000   0.01386   0.00951   0.01188   0.02404   0.04429   0.10568   0.22982   0.37705   0.17740   0.16653   0.05122   0.00000   0.05266   0.14281   0.03128   0.04613   0.16138   0.22928   0.00824   0.09843   0.38262   3.51211   0.90108   0.57514   1.50846   1.06334  
 60  0.0379  10463.837069  x:  0.00441   0.12095   0.02446   0.01762   0.01205   0.00000   0.01386   0.00946   0.01190   0.02402   0.04426   0.10568   0.22983   0.37697   0.17746   0.16653   0.05127   0.00000   0.05260   0.14283   0.03128   0.04625   0.16142   0.22922   0.00824   0.09841   0.38255   3.51026   0.89285   0.58176   1.56665   1.02607  
 61  0.0940  10463.797190  x:  0.00374   0.12124   0.02459   0.01768   0.01201   0.00000   0.01385   0.00912   0.01198   0.02391   0.04412   0.10575   0.22999   0.37728   0.17789   0.16680   0.05154   0.00000   0.05231   0.14310   0.03126   0.04686   0.16179   0.22918   0.00818   0.09849   0.38257   3.50859   0.87509   0.60182   1.71233   1.01567  
 62  0.1487  10463.760976  x:  0.00364   0.12121   0.02457   0.01767   0.01202   0.00000   0.01386   0.00905   0.01197   0.02395   0.04417   0.10576   0.22999   0.37742   0.17778   0.16682   0.05173   0.00000   0.05239   0.14308   0.03131   0.04676   0.16178   0.22926   0.00817   0.09853   0.38268   3.50982   0.87264   0.60846   1.79523   1.01918  
 63  0.0389  10463.721000  x:  0.00382   0.12113   0.02451   0.01765   0.01204   0.00000   0.01386   0.00918   0.01195   0.02398   0.04421   0.10575   0.22998   0.37755   0.17765   0.16680   0.05163   0.00000   0.05246   0.14301   0.03130   0.04657   0.16168   0.22931   0.00817   0.09853   0.38271   3.51117   0.85894   0.63268   1.94774   1.00000  
 64  0.2160  10463.704382  x:  0.00393   0.12109   0.02449   0.01764   0.01204   0.00000   0.01386   0.00924   0.01194   0.02398   0.04421   0.10572   0.22996   0.37748   0.17758   0.16676   0.05152   0.00000   0.05247   0.14296   0.03127   0.04649   0.16161   0.22928   0.00817   0.09850   0.38263   3.51091   0.84778   0.65743   2.10037   1.00000  
 65  0.3493  10463.667074  x:  0.00429   0.12107   0.02444   0.01762   0.01204   0.00000   0.01385   0.00944   0.01190   0.02398   0.04420   0.10571   0.23001   0.37756   0.17758   0.16677   0.05116   0.00000   0.05248   0.14293   0.03119   0.04636   0.16154   0.22930   0.00816   0.09848   0.38265   3.51385   0.84741   0.69215   2.25143   1.00000  
 66  0.1794  10463.659383  x:  0.00403   0.12112   0.02447   0.01762   0.01203   0.00000   0.01386   0.00922   0.01193   0.02397   0.04420   0.10569   0.23000   0.37756   0.17752   0.16683   0.05142   0.00000   0.05249   0.14296   0.03124   0.04648   0.16159   0.22928   0.00813   0.09848   0.38259   3.51287   0.84218   0.71475   2.37507   1.00000  
 67  0.0892  10463.657792  x:  0.00393   0.12113   0.02448   0.01763   0.01203   0.00000   0.01385   0.00923   0.01193   0.02396   0.04418   0.10570   0.23000   0.37757   0.17758   0.16683   0.05141   0.00000   0.05243   0.14297   0.03123   0.04654   0.16162   0.22927   0.00813   0.09849   0.38255   3.51269   0.84211   0.71901   2.40502   1.00000  
 68  0.0172  10463.657293  x:  0.00399   0.12114   0.02448   0.01763   0.01203   0.00000   0.01385   0.00924   0.01193   0.02396   0.04419   0.10571   0.23003   0.37762   0.17758   0.16685   0.05138   0.00000   0.05245   0.14298   0.03123   0.04651   0.16162   0.22929   0.00813   0.09849   0.38261   3.51360   0.84034   0.72245   2.43324   1.00000  
 69  0.0225  10463.657279  x:  0.00400   0.12114   0.02447   0.01763   0.01203   0.00000   0.01385   0.00924   0.01193   0.02396   0.04419   0.10570   0.23003   0.37762   0.17757   0.16685   0.05139   0.00000   0.05246   0.14298   0.03123   0.04651   0.16161   0.22930   0.00813   0.09849   0.38262   3.51358   0.84045   0.72190   2.43104   1.00000  
 70  0.0024  10463.657279  x:  0.00400   0.12114   0.02448   0.01763   0.01203   0.00000   0.01385   0.00924   0.01193   0.02396   0.04419   0.10571   0.23003   0.37762   0.17758   0.16685   0.05139   0.00000   0.05246   0.14298   0.03123   0.04651   0.16162   0.22930   0.00813   0.09849   0.38262   3.51356   0.84045   0.72179   2.43066   1.00000  
 71  0.0004  10463.657279  x:  0.00400   0.12114   0.02448   0.01763   0.01203   0.00000   0.01385   0.00924   0.01193   0.02396   0.04419   0.10570   0.23003   0.37762   0.17758   0.16685   0.05139   0.00000   0.05246   0.14298   0.03123   0.04651   0.16162   0.22930   0.00813   0.09849   0.38262   3.51356   0.84045   0.72177   2.43054   1.00000  
 72  0.0001  10463.657279  x:  0.00400   0.12114   0.02448   0.01763   0.01203   0.00000   0.01385   0.00924   0.01193   0.02396   0.04419   0.10570   0.23003   0.37762   0.17758   0.16685   0.05139   0.00000   0.05246   0.14298   0.03123   0.04651   0.16162   0.22930   0.00813   0.09849   0.38262   3.51356   0.84045   0.72177   2.43054   1.00000  