     1    555    228


 1

     1      1    -2.5031089099   0.081830200035      45.4158  ---------A----AA
     2      1    -2.8462972665   0.058058900000      32.2227  --------E-------
     3      1    -8.1313422819   0.000294173072       0.1633  --PSPPPPPPPPPPPP
     4      1   -12.1439795383   0.000005320307       0.0030  -SAAATAAAAAAAAAA
     5     23    -3.3261921463   0.035929659799      19.9410  AAAAAAAAAAAAAAAA
     6      1    -9.1188355028   0.000109582211       0.0608  AAAAAAAAATAAAAAA
     7      1    -8.5657494232   0.000190520754       0.1057  AAAAAAAAATTTTTTT
     8      1   -21.8590722080   0.000000000321       0.0000  AAAAAAAAAVGVAAAA
     9      1    -8.6273857841   0.000179132324       0.0994  AAAAAAAATAAAAAAA
    10      1   -15.8238538670   0.000000134211       0.0001  AAAAAAAAVAGGGGGG
    11      1   -17.2515354178   0.000000032192       0.0000  AAAAAASTATTTTTTT
    12      1    -8.9686174717   0.000127344127       0.0707  AAAAATAAAAAAAAAA
    13      1   -18.5614852260   0.000000008687       0.0000  AAAAVTPAAAAAAAAA
    14      1   -13.6362466912   0.000001196336       0.0007  AAAAVVAATAAAAAAA
    15      1   -12.4577679332   0.000003887408       0.0022  AAAPAASAAAAAAAAA
    16      1    -7.7527570547   0.000429556595       0.2384  AAAVAAAAAAAAAAAA
    17      1    -7.6679616327   0.000467569932       0.2595  AAPPPPPPPPPPPPPP
    18      1   -13.0511595807   0.000002147600       0.0012  AAPTAAAAAAAAAAAA
    19      2    -6.9245448266   0.000983350611       0.5458  AASSSSSSSSSSSSSS
    20      1   -12.6047665617   0.000003355981       0.0019  AATAAAATAAAAAAAA
    21      1   -14.5839387602   0.000000463741       0.0003  ADDDDDDDDNNNNNNN
    22      1   -20.6226855474   0.000000001106       0.0000  AGESSSSSSGGGGGGG
    23      1   -15.5583202219   0.000000175028       0.0001  APAEEEEEEAAAAAAA
    24      1   -17.4662274231   0.000000025973       0.0000  ATPPPPPSPPPPPPPP
    25      1   -14.7540931396   0.000000391182       0.0002  ATTTTTTPTTTTTTTT
    26      1   -18.8318201301   0.000000006629       0.0000  ATVVVMVVVVVVVVVV
    27      9    -4.3329868397   0.013128276814       7.2862  CCCCCCCCCCCCCCCC
    28      1   -11.5117574365   0.000010011687       0.0056  CCCCCCCCCCCCCCSS
    29     13    -3.6420658323   0.026198167004      14.5400  DDDDDDDDDDDDDDDD
    30      1    -9.1056184845   0.000111040175       0.0616  DDDDDDDDDDDEDDDD
    31      1    -7.3723036342   0.000628418863       0.3488  DDDDDDDEDDDDDDDD
    32      1   -14.5034608243   0.000000502605       0.0003  DDDGAADDDDDDDDDD
    33      1   -22.6249947911   0.000000000149       0.0000  DDHSSSSSSKNNNNNN
    34      1   -13.1043301873   0.000002036394       0.0011  DEEEEEEEQEEEEEEE
    35      1   -13.1630130542   0.000001920331       0.0011  DGDDDDEDDDDDDDDD
    36      1    -9.1091457580   0.000110649196       0.0614  EAAAAAAAAAAAAAAA
    37      1    -7.6734024587   0.000465032874       0.2581  EEAAAAAAAAAAAAAA
    38      1   -12.8174775580   0.000002712940       0.0015  EEAAAAAAAVVVVVVV
    39      1   -11.6362461468   0.000008839801       0.0049  EEAAAASAAAAAAAAA
    40      1   -11.4702804036   0.000010435674       0.0058  EEDEDDEEEEEEEEEE
    41      1    -7.9009039504   0.000370408558       0.2056  EEEEDDEEEEEEEEEE
    42      1    -8.6136015629   0.000181618620       0.1008  EEEEEEEEEDEEEEEE
    43     23    -3.8192902593   0.021943369470      12.1786  EEEEEEEEEEEEEEEE
    44      1   -10.8203882742   0.000019987804       0.0111  EEEEEEEEEEKKKKKK
    45      1    -9.6590689841   0.000063843934       0.0354  EEEEEEEVEEEEEEEE
    46      1    -7.9364377776   0.000357477628       0.1984  EEEEEEQEEEEEEEEE
    47      1   -12.6079939873   0.000003345167       0.0019  EEEEQQQEEEEEEEEE
    48      1   -12.7503042758   0.000002901437       0.0016  EEEKEDEEEEEEEEEE
    49      1    -8.1114608809   0.000300080171       0.1665  EEEKEEEEEEEEEEEE
    50      1   -20.3485947392   0.000000001455       0.0000  EEEQQRQQHEEEEEEE
    51      1   -27.0906911847   0.000000000002       0.0000  EEERKKGGGGGGGGGG
    52      1   -14.7940715932   0.000000375852       0.0002  EEGGEEGGGGGGGGGG
    53      1    -8.2870124819   0.000251765494       0.1397  EEGGGGGGGGGGGGGG
    54      1    -8.1626446605   0.000285107385       0.1582  EEKEEEEEEEEEEEEE
    55      1   -11.1439009023   0.000014463231       0.0080  EEQQQQEQQQQQQQQQ
    56     13    -3.8219026512   0.021886119603      12.1468  FFFFFFFFFFFFFFFF
    57      1   -29.4793514279   0.000000000000       0.0000  FFIFSSTTIIIIIIII
    58      1    -2.8625252573   0.057124324353      31.7040  G-GGGGGGGGGGGGGG
    59      1   -22.1305922711   0.000000000245       0.0000  GACGGGRGGGGGGGGG
    60      1    -9.6457058078   0.000064702818       0.0359  GEGGGGGGGGGGGGGG
    61      1    -2.5174847831   0.080662234830      44.7675  GG--------------
    62      1    -7.3507852965   0.000642087933       0.3564  GGAAAAAAAAAAAAAA
    63      1   -24.1179350031   0.000000000034       0.0000  GGEGRRWRGGGGGGGG
    64      1   -20.9706005240   0.000000000781       0.0000  GGGGAAGRKGGGGGGG
    65      1    -8.9740137457   0.000126658794       0.0703  GGGGGGGEGGGGGGGG
    66      1    -2.8177073256   0.059742756501      33.1572  GGGGGGGGG-------
    67      1    -9.5475476718   0.000071376086       0.0396  GGGGGGGGGEEEEEEE
    68     24    -2.8789365968   0.056194488473      31.1879  GGGGGGGGGGGGGGGG
    69      1   -11.6836932072   0.000008430173       0.0047  GGGGGGGGGGGRGRRR
    70      1    -9.0108645181   0.000122076273       0.0678  GGGGGGGGGSGGGGGG
    71      1   -20.3201281713   0.000000001497       0.0000  GGVGVAGGGGGGGGGG
    72      1   -10.3174089757   0.000033052645       0.0183  GRRRRRRRRRRRRRRR
    73      1   -18.3465193711   0.000000010770       0.0000  GRSSSSNSSSSSSSSS
    74      1   -15.9054754444   0.000000123691       0.0001  GVGGGGGGGAAAAAAA
    75     10    -4.4962264998   0.011150995531       6.1888  HHHHHHHHHHHHHHHH
    76      1    -9.3280564249   0.000088894843       0.0493  HHHRHHHHHHHHHHHH
    77      1   -14.5267501014   0.000000491035       0.0003  HHPPPPPSPPPPPPPP
    78      1    -8.8860295427   0.000138307714       0.0768  HHQHHHHHHHHHHHHH
    79      1   -19.8266034681   0.000000002451       0.0000  HHRHRRRHRRRRRRRR
    80      1   -25.4493784875   0.000000000009       0.0000  HHRRQQHHHHYHHHHH
    81      1    -8.8053813327   0.000149924109       0.0832  HHRRRRRRRRRRRRRR
    82      1   -26.2462057397   0.000000000004       0.0000  HHSPRPSPPPPPPPPP
    83      1   -26.9881114385   0.000000000002       0.0000  HHYYCYHSYYYYYYYY
    84      1   -13.7494632326   0.000001068277       0.0006  HNNDNNNNNNNNNNNN
    85      1   -26.0496796692   0.000000000005       0.0000  HQHHRRHQHHHHQHHH
    86      5    -3.9958159784   0.018392432459      10.2078  IIIIIIIIIIIIIIII
    87      1    -9.7148758296   0.000060378599       0.0335  IIIIIIIIIIIIVIII
    88      1   -11.9335082310   0.000006566640       0.0036  IIIVVVVIVIIIIIII
    89      1   -14.3574130133   0.000000581641       0.0003  IIVVVVVVIIIIIIII
    90      1   -11.0007847255   0.000016688600       0.0093  IVIIIIVIIIIIIIII
    91      1    -7.8191629171   0.000401958014       0.2231  IVVVVVVVVVVVVVVV
    92      1   -12.3875901844   0.000004170018       0.0023  KKEEEEEEEQQQQQQQ
    93      1   -29.2904087006   0.000000000000       0.0000  KKEETTAREQEEEEEE
    94      1   -18.1954172999   0.000000012527       0.0000  KKGRRRRGRRRRRRRR
    95      1    -8.0600830967   0.000315900554       0.1753  KKKKKKEKKKKKKKKK
    96     15    -3.6658054287   0.025583557251      14.1989  KKKKKKKKKKKKKKKK
    97      1    -9.0367786429   0.000118953411       0.0660  KKKKKKKKKNNNNNNN
    98      1    -7.8026275543   0.000408659791       0.2268  KKKKKKKRKKKKKKKK
    99      1    -7.6166754103   0.000492175395       0.2732  KKKKKKRKKKKKKKKK
   100      1    -7.7349734498   0.000437263990       0.2427  KKQQQQQQQQQQQQQQ
   101      1   -27.9014243489   0.000000000001       0.0000  KKRGRGGGGMMMMMMM
   102      1   -12.5861041896   0.000003419199       0.0019  KKRLRRRRRRRRRRRR
   103      1   -18.7667261636   0.000000007075       0.0000  KRRRRRGQRRRRRRRR
   104      1    -8.3881148446   0.000227555852       0.1263  KRRRRRRRRRRRRRRR
   105      1   -13.2503114681   0.000001759798       0.0010  LIAAAAAAAAAAAAAA
   106      1    -8.0114289114   0.000331650481       0.1841  LLLFLLLLLLLLLLLL
   107      1    -8.7977551667   0.000151071826       0.0838  LLLLLLLLFLLLLLLL
   108     61    -3.0225366335   0.048677584431      27.0161  LLLLLLLLLLLLLLLL
   109      1   -10.2103638691   0.000036787080       0.0204  LLLLLLLLLLLLVLLL
   110      1   -10.2408424350   0.000035682777       0.0198  LLLLLLLLPLLLLLLL
   111      1   -10.1566113820   0.000038818587       0.0215  LLLLLLWLLLLLLLLL
   112      1   -14.9279095558   0.000000328769       0.0002  LLLLLLYFLLLLLLLL
   113      1    -8.6825498480   0.000169518270       0.0941  LLLLLVLLLLLLLLLL
   114      1   -28.1598097118   0.000000000001       0.0000  LLQKKKRRRGRRRRRR
   115      1    -7.2502691703   0.000709983257       0.3940  LLVVVVVVVVVVVVVV
   116      1    -9.3173156294   0.000089854791       0.0499  MMAAAAAAAAAAAAAA
   117      1    -7.4327003549   0.000591587856       0.3283  MMLLLLLLLLLLLLLL
   118      1   -13.9076938285   0.000000911938       0.0005  MMLMMMMMMTTTTTTT
   119      3    -4.9821941099   0.006858996643       3.8067  MMMMMMMMMMMMMMMM
   120      1   -26.3826427228   0.000000000003       0.0000  MMVVMIMMMMMMMMMV
   121      1    -8.3914151576   0.000226806085       0.1259  NNHHHHHHHHHHHHHH
   122      1    -9.1821518872   0.000102858954       0.0571  NNNHNNNNNNNNNNNN
   123      1   -13.5206198120   0.000001342980       0.0007  NNNHSSNNNNNNNNNN
   124      7    -4.3874415741   0.012432496187       6.9000  NNNNNNNNNNNNNNNN
   125      1    -8.9188400035   0.000133843413       0.0743  PPLLLLLLLLLLLLLL
   126      1   -17.5398627969   0.000000024129       0.0000  PPLPPP-PPPPPPPLL
   127      1    -9.4100139536   0.000081899805       0.0455  PPLPPPPPPPPPPPPP
   128      1   -15.1621772964   0.000000260106       0.0001  PPPLPSPPPPPPPPPP
   129      1   -22.0783241413   0.000000000258       0.0000  PPPPLLPRPPSPPPPP
   130      1   -15.2842357208   0.000000230219       0.0001  PPPPPLPAPPPPPPPP
   131      1   -12.4295520312   0.000003998657       0.0022  PPPPPPPPPPPPPLPP
   132     23    -3.5631631267   0.028349011230      15.7337  PPPPPPPPPPPPPPPP
   133      1   -12.1379007245   0.000005352747       0.0030  PPPPPPPPPPPPPTTT
   134      1   -10.1896085894   0.000037558585       0.0208  PPPPPPPPPPPSPPPP
   135      1   -10.3005274121   0.000033615361       0.0187  PPPPPPPPPRRRRRRR
   136      1   -23.1699962906   0.000000000087       0.0000  PPPRPPPPLPPPPPSS
   137      1   -18.1689438211   0.000000012863       0.0000  PPPSSSSPPPPPPPPP
   138      2    -8.2977372687   0.000249079791       0.1382  PPSPPPPPPPPPPPPP
   139      1   -13.7859542059   0.000001029997       0.0006  PPTSPPPPPPPPPPPP
   140      1   -14.2106114955   0.000000673612       0.0004  PPTTATTTTTTTTTTT
   141      1   -14.0444968473   0.000000795339       0.0004  QEQQQQQQQRRRRRRR
   142      1   -13.6852955257   0.000001139073       0.0006  QQEREEEEEEEEEEEE
   143      1   -28.6941308137   0.000000000000       0.0000  QQLLQQLLLLMVVVVV
   144      1   -10.5426600932   0.000026386446       0.0146  QQQQPPQQQQQQQQQQ
   145      1    -8.2294584076   0.000266680723       0.1480  QQQQQQQEQQQQQQQQ
   146     16    -4.3928247758   0.012365749369       6.8630  QQQQQQQQQQQQQQQQ
   147      1    -8.8811941209   0.000138978110       0.0771  QQQQQQRQQQQQQQQQ
   148      1   -10.0586516149   0.000042813734       0.0238  QQQQRQQQQQQQQQQQ
   149      1   -14.4557724953   0.000000527154       0.0003  QQQRQQPQQQQQQQQQ
   150      1   -11.5688925306   0.000009455703       0.0052  QQRKKKKKKKKKKKKK
   151      2    -8.0868904586   0.000307544594       0.1707  QQRRRRRRRRRRRRRR
   152      1   -24.6829160198   0.000000000019       0.0000  RHHRRRRRRRRCRRRR
   153      1   -10.2530197714   0.000035250890       0.0196  RLLLLLLLLLLLLLLL
   154      1   -31.9905449276   0.000000000000       0.0000  RQGRGGGAGRGGGGGG
   155      1   -14.6806588063   0.000000420989       0.0002  RRGRGGGGGGGGGGGG
   156      1   -13.8667482211   0.000000950053       0.0005  RRHHHHHRHHHHHHHH
   157      1   -14.4324861870   0.000000539574       0.0003  RRKRRRRRRRRSRRRR
   158      1   -29.2312436813   0.000000000000       0.0000  RRPLSPPPPPPQPQQQ
   159      1   -12.9857788003   0.000002292704       0.0013  RRQQQQQRQQQQQQQQ
   160      1   -14.5573693222   0.000000476228       0.0003  RRQRRRRRRQRRRRRR
   161      1   -16.5440479016   0.000000065315       0.0000  RRRGGGRGGRRRRRRR
   162      1   -12.9333096075   0.000002416212       0.0013  RRRKKKKRKRRRRRRR
   163      1    -7.4842350638   0.000561872802       0.3118  RRRKRRRRRRRRRRRR
   164      1    -9.4842208409   0.000076042296       0.0422  RRRLRRRRRRRRRRRR
   165      1    -9.9863410191   0.000046024301       0.0255  RRRQQQQQQRRRRRRR
   166      1   -15.6087447870   0.000000166421       0.0001  RRRQRRRRRRRRRRQQ
   167      1    -8.5651113671   0.000190642356       0.1058  RRRQRRRRRRRRRRRR
   168      1   -15.7436552304   0.000000145418       0.0001  RRRRPPQPRRRRRRRR
   169      1    -9.3831546327   0.000084129386       0.0467  RRRRRRGRRRRRRRRR
   170      1   -10.0258608102   0.000044240902       0.0246  RRRRRRRPRRRRRRRR
   171     29    -3.8927687250   0.020388816791      11.3158  RRRRRRRRRRRRRRRR
   172      1   -16.5803735772   0.000000062985       0.0000  RRRRRRRRRSSNSNNN
   173      1    -9.5888483294   0.000068488252       0.0380  RRRRRRRRRSSSSSSS
   174      1    -9.6180700178   0.000066515868       0.0369  RRRRRRRRSRRRRRRR
   175      1   -17.0520207793   0.000000039301       0.0000  RRRRSSRSRNNNNNNN
   176      1    -9.2869635843   0.000092623878       0.0514  SGSSSSSSSSSSSSSS
   177      1   -10.6073717904   0.000024733009       0.0137  SLSSSSSSSSSSSSSS
   178      1   -16.8125633848   0.000000049934       0.0000  SNGGGGSGGGGGGGGG
   179      1    -8.9545930661   0.000129142635       0.0717  SNSSSSSSSSSSSSSS
   180      1    -7.5076790226   0.000548853488       0.3046  SSASSSSSSSSSSSSS
   181      1   -17.6504799503   0.000000021602       0.0000  SSATAATATAAAAAAA
   182      1    -7.3152238279   0.000665332377       0.3693  SSGGGGGGGGGGGGGG
   183      1   -12.2126596225   0.000004967173       0.0028  SSGGGGSGGGGGGGGG
   184      1   -26.1884201663   0.000000000004       0.0000  SSGPRRSRPPPPPPPP
   185      1   -47.6309014822   0.000000000000       0.0000  SSGSCYDGGAGDDDDD
   186      1    -7.8054493428   0.000407508265       0.2262  SSPPPPPPPPPPPPPP
   187      1    -8.8563261243   0.000142477549       0.0791  SSPSSSSSSSSSSSSS
   188      1   -24.7046375229   0.000000000019       0.0000  SSQPPPPPPTATTTTT
   189      1   -17.0565650842   0.000000039123       0.0000  SSSCCSSSSSSSSSSS
   190      1   -18.3806871582   0.000000010408       0.0000  SSSCSSSTTSSSSSSS
   191      1   -22.6855980003   0.000000000141       0.0000  SSSSGGSGGSSSSGSS
   192      1   -14.1810034732   0.000000693855       0.0004  SSSSGSSSTSSSSSSS
   193      1   -19.5430176951   0.000000003255       0.0000  SSSSPSASPSSSSSSS
   194      1    -9.2231568048   0.000098726535       0.0548  SSSSSNSSSSSSSSSS
   195      1   -15.8897889816   0.000000125647       0.0001  SSSSSSNNNSSSSSSS
   196      1    -9.0282006506   0.000119978182       0.0666  SSSSSSSPSSSSSSSS
   197      1    -9.3449441743   0.000087406214       0.0485  SSSSSSSRSSSSSSSS
   198      1    -9.8296922937   0.000053829318       0.0299  SSSSSSSSSRRRRRRR
   199     17    -3.7621720317   0.023233222237      12.8944  SSSSSSSSSSSSSSSS
   200      1   -32.0643304183   0.000000000000       0.0000  SSTSGGSGSQYHHHHH
   201      1    -8.2838958268   0.000252551385       0.1402  STTTTTTTTTTTTTTT
   202      1   -13.0143008422   0.000002228235       0.0012  TTAATAAAAAAAAAAA
   203      1   -26.5499395327   0.000000000003       0.0000  TTAAVVFAAAAAASSS
   204      1   -36.7150002948   0.000000000000       0.0000  TTMVTMMTTTTTTTTM
   205      1   -14.4741311276   0.000000517565       0.0003  TTQPPPPPPPPPPPPP
   206      1   -28.2745700457   0.000000000001       0.0000  TTSSLLSSWLLLLLLL
   207      1   -13.2384818635   0.000001780739       0.0010  TTSSPPSPSSSSSSSS
   208      1   -12.4096661328   0.000004078970       0.0023  TTSSSSRSSSSSSSSS
   209      1   -12.0362522415   0.000005925460       0.0033  TTTATTATTTTTTTTT
   210      1    -8.8147182210   0.000148530799       0.0824  TTTITTTTTTTTTTTT
   211      1    -7.9688640779   0.000346071873       0.1921  TTTTSSTTTTTTTTTT
   212     15    -3.7072531115   0.024544852730      13.6224  TTTTTTTTTTTTTTTT
   213      1   -28.0018094419   0.000000000001       0.0000  TTVATTSTAAATAAAA
   214      1   -22.1769894463   0.000000000234       0.0000  VATSSSSSSSNSSSSS
   215      1    -7.7729976066   0.000420949533       0.2336  VIVVVVVVVVVVVVVV
   216      1   -12.8366620964   0.000002661390       0.0015  VLLILLLLLLLLLLLL
   217      1   -12.9473459255   0.000002382534       0.0013  VVAAAAAAAVAAAAAA
   218      1   -24.2186164129   0.000000000030       0.0000  VVAVVVILAAAAAAAA
   219      1   -17.5981180409   0.000000022763       0.0000  VVIIVVDVVVVVVVVV
   220      1    -7.0088676793   0.000903831436       0.5016  VVIVVVVVVVVVVVVV
   221      1   -19.6198219052   0.000000003015       0.0000  VVMMMMIMIIIIIIII
   222      1   -18.7308900061   0.000000007333       0.0000  VVVAAAAGVVVVVVVV
   223      1   -20.5108440001   0.000000001237       0.0000  VVVVIAVDVVVVVVVV
   224      1    -9.9633198832   0.000047096123       0.0261  VVVVVVVVMVVVVVVV
   225     21    -3.4986940102   0.030236846659      16.7814  VVVVVVVVVVVVVVVV
   226      6    -4.6109005684   0.009942860049       5.5183  WWWWWWWWWWWWWWWW
   227      1    -9.1963246435   0.000101411441       0.0563  YYSSSSSSSSSSSSSS
   228     11    -3.9176366347   0.019888041955      11.0379  YYYYYYYYYYYYYYYY