

TREE # 1

  0  0.0000   4194.976103  x:  0.00325   0.03610   0.00739   0.00438   0.00717   0.00752   0.01010   0.00300   0.00657   0.00505   0.01326   0.00859   0.01275   0.02039   0.05788   0.09199   0.03331   0.03197   0.01276   0.00455   0.00988   0.03687   0.02082   0.02431   0.05229   0.07024   0.00000   0.03816   0.06854  
  1 99.0000   4189.307847  x:  0.00266   0.03627   0.00667   0.00362   0.00653   0.00603   0.00932   0.00000   0.00527   0.00428   0.01281   0.00757   0.01272   0.02061   0.05873   0.09308   0.03315   0.03204   0.01466   0.00433   0.01299   0.03751   0.02129   0.02449   0.05292   0.07059   0.00614   0.03808   0.06893  
  2 1520.2465   4185.470505  x:  0.00079   0.03687   0.00508   0.00249   0.00525   0.00255   0.00749   0.00000   0.00253   0.00308   0.01172   0.00523   0.01269   0.02123   0.06104   0.09625   0.03271   0.03222   0.01809   0.00232   0.01819   0.03905   0.02249   0.02497   0.05476   0.07164   0.00405   0.03759   0.06991  
  3 790.7042   4183.474113  x:  0.00291   0.03776   0.00435   0.00358   0.00496   0.00396   0.00623   0.00000   0.00448   0.00396   0.01068   0.00427   0.01274   0.02201   0.06430   0.10085   0.03211   0.03246   0.02214   0.00095   0.02339   0.04104   0.02391   0.02553   0.05724   0.07312   0.00267   0.03699   0.07130  
  4 702.5117   4182.272040  x:  0.00186   0.03865   0.00572   0.00364   0.00636   0.00472   0.00771   0.00000   0.00430   0.00412   0.01068   0.00729   0.01280   0.02260   0.06784   0.10635   0.03149   0.03269   0.02470   0.00303   0.02596   0.04289   0.02489   0.02591   0.05984   0.07484   0.00185   0.03654   0.07289  
  5 489.1270   4181.065862  x:  0.00123   0.03919   0.00603   0.00264   0.00551   0.00465   0.00938   0.00000   0.00511   0.00372   0.01292   0.00525   0.01272   0.02242   0.07388   0.11702   0.03071   0.03294   0.02352   0.00291   0.02228   0.04479   0.02467   0.02574   0.06360   0.07785   0.00249   0.03603   0.07581  
  6 254.8594   4180.696657  x:  0.00184   0.03921   0.00559   0.00405   0.00571   0.00406   0.00850   0.00000   0.00401   0.00405   0.01270   0.00570   0.01274   0.02222   0.07586   0.12113   0.03056   0.03297   0.02254   0.00259   0.02060   0.04517   0.02436   0.02561   0.06472   0.07888   0.00288   0.03592   0.07682  
  7 369.6920   4180.570786  x:  0.00167   0.03905   0.00520   0.00339   0.00595   0.00437   0.00744   0.00000   0.00409   0.00397   0.01178   0.00622   0.01273   0.02210   0.07633   0.12291   0.03063   0.03294   0.02188   0.00242   0.02013   0.04501   0.02413   0.02553   0.06488   0.07920   0.00300   0.03599   0.07713  
  8 169.7325   4180.524181  x:  0.00160   0.03880   0.00559   0.00353   0.00580   0.00419   0.00749   0.00000   0.00432   0.00392   0.01091   0.00598   0.01278   0.02206   0.07610   0.12419   0.03085   0.03284   0.02139   0.00273   0.02038   0.04450   0.02393   0.02549   0.06455   0.07923   0.00299   0.03616   0.07714  
  9 66.4712   4180.489220  x:  0.00183   0.03847   0.00545   0.00337   0.00583   0.00442   0.00783   0.00000   0.00398   0.00406   0.01093   0.00590   0.01278   0.02203   0.07554   0.12563   0.03113   0.03271   0.02104   0.00271   0.02087   0.04378   0.02378   0.02547   0.06395   0.07914   0.00294   0.03634   0.07704  
 10 66.8601   4180.466005  x:  0.00169   0.03824   0.00532   0.00353   0.00590   0.00432   0.00779   0.00000   0.00421   0.00392   0.01135   0.00607   0.01277   0.02204   0.07497   0.12677   0.03131   0.03260   0.02096   0.00256   0.02117   0.04323   0.02375   0.02548   0.06341   0.07901   0.00292   0.03645   0.07691  
 11 83.8632   4180.458938  x:  0.00174   0.03825   0.00548   0.00345   0.00584   0.00426   0.00757   0.00000   0.00420   0.00403   0.01151   0.00605   0.01276   0.02207   0.07465   0.12722   0.03129   0.03258   0.02118   0.00267   0.02107   0.04311   0.02384   0.02551   0.06317   0.07891   0.00291   0.03644   0.07681  
 12 32.4317   4180.454767  x:  0.00169   0.03832   0.00547   0.00351   0.00585   0.00437   0.00759   0.00000   0.00414   0.00391   0.01143   0.00600   0.01275   0.02209   0.07435   0.12755   0.03122   0.03257   0.02144   0.00264   0.02088   0.04313   0.02396   0.02553   0.06299   0.07880   0.00292   0.03639   0.07670  
 13 24.6743   4180.453146  x:  0.00169   0.03837   0.00542   0.00348   0.00587   0.00430   0.00767   0.00000   0.00418   0.00398   0.01136   0.00603   0.01275   0.02210   0.07419   0.12769   0.03117   0.03258   0.02153   0.00259   0.02080   0.04319   0.02400   0.02554   0.06292   0.07873   0.00294   0.03636   0.07664  
 14 21.9749   4180.452573  x:  0.00173   0.03844   0.00543   0.00347   0.00585   0.00428   0.00767   0.00000   0.00418   0.00394   0.01136   0.00606   0.01276   0.02209   0.07409   0.12776   0.03112   0.03261   0.02148   0.00257   0.02082   0.04332   0.02398   0.02553   0.06292   0.07867   0.00293   0.03634   0.07658  
 15  6.2622   4180.452154  x:  0.00170   0.03850   0.00544   0.00348   0.00585   0.00431   0.00766   0.00000   0.00418   0.00397   0.01137   0.00604   0.01277   0.02208   0.07400   0.12782   0.03108   0.03264   0.02142   0.00257   0.02085   0.04344   0.02395   0.02552   0.06293   0.07862   0.00294   0.03632   0.07653  
 16 12.2369   4180.452123  x:  0.00170   0.03850   0.00543   0.00348   0.00586   0.00430   0.00766   0.00000   0.00418   0.00397   0.01137   0.00603   0.01276   0.02208   0.07399   0.12782   0.03109   0.03264   0.02142   0.00259   0.02085   0.04345   0.02395   0.02552   0.06293   0.07861   0.00294   0.03633   0.07652  
 17  2.1384   4180.452084  x:  0.00170   0.03848   0.00542   0.00348   0.00585   0.00430   0.00766   0.00000   0.00418   0.00397   0.01137   0.00604   0.01275   0.02209   0.07397   0.12783   0.03111   0.03264   0.02142   0.00259   0.02084   0.04346   0.02395   0.02553   0.06298   0.07859   0.00294   0.03634   0.07650  
 18  0.8909   4180.452059  x:  0.00170   0.03847   0.00543   0.00348   0.00586   0.00430   0.00766   0.00000   0.00418   0.00397   0.01137   0.00603   0.01275   0.02209   0.07397   0.12783   0.03113   0.03264   0.02143   0.00258   0.02084   0.04346   0.02395   0.02553   0.06301   0.07857   0.00294   0.03635   0.07648  
 19  1.8501   4180.452017  x:  0.00170   0.03847   0.00543   0.00348   0.00586   0.00430   0.00766   0.00000   0.00418   0.00397   0.01138   0.00603   0.01279   0.02208   0.07396   0.12784   0.03112   0.03263   0.02143   0.00259   0.02084   0.04344   0.02395   0.02552   0.06304   0.07855   0.00294   0.03635   0.07647  
 20  0.6357   4180.451827  x:  0.00170   0.03848   0.00543   0.00348   0.00586   0.00430   0.00766   0.00000   0.00418   0.00397   0.01137   0.00603   0.01274   0.02204   0.07397   0.12785   0.03105   0.03258   0.02142   0.00258   0.02085   0.04338   0.02397   0.02551   0.06312   0.07850   0.00294   0.03632   0.07642  
 21  0.8772   4180.450115  x:  0.00169   0.03862   0.00541   0.00348   0.00586   0.00429   0.00765   0.00000   0.00417   0.00397   0.01137   0.00603   0.01277   0.02233   0.07409   0.12788   0.03099   0.03269   0.02139   0.00259   0.02087   0.04320   0.02391   0.02555   0.06317   0.07836   0.00294   0.03619   0.07630  
 22  0.7570   4180.431218  x:  0.00162   0.03908   0.00542   0.00345   0.00585   0.00422   0.00762   0.00000   0.00411   0.00394   0.01135   0.00599   0.01275   0.02175   0.07497   0.12820   0.03135   0.03352   0.02161   0.00257   0.02107   0.04303   0.02395   0.02569   0.06293   0.07773   0.00281   0.03613   0.07589  
 23  2.6191   4180.351861  x:  0.00140   0.03833   0.00531   0.00332   0.00580   0.00391   0.00749   0.00000   0.00387   0.00384   0.01126   0.00582   0.01274   0.02231   0.07658   0.12928   0.03087   0.03249   0.02208   0.00256   0.02187   0.04419   0.02446   0.02528   0.06239   0.07720   0.00229   0.03686   0.07575  
 24  8.9182   4180.309615  x:  0.00127   0.03832   0.00527   0.00326   0.00577   0.00374   0.00742   0.00000   0.00374   0.00378   0.01121   0.00572   0.01273   0.02221   0.07567   0.12975   0.03104   0.03245   0.02253   0.00253   0.02227   0.04420   0.02387   0.02599   0.06334   0.07853   0.00203   0.03593   0.07669  
 25 17.1606   4180.303519  x:  0.00126   0.03854   0.00526   0.00325   0.00576   0.00372   0.00740   0.00000   0.00372   0.00377   0.01120   0.00570   0.01273   0.02226   0.07535   0.12980   0.03106   0.03273   0.02244   0.00251   0.02235   0.04404   0.02435   0.02564   0.06363   0.07892   0.00201   0.03602   0.07692  
 26 13.4749   4180.303291  x:  0.00126   0.03860   0.00526   0.00325   0.00576   0.00372   0.00741   0.00000   0.00372   0.00377   0.01120   0.00570   0.01273   0.02225   0.07533   0.12980   0.03099   0.03276   0.02247   0.00250   0.02235   0.04401   0.02428   0.02563   0.06365   0.07896   0.00200   0.03615   0.07693  
 27  2.5951   4180.303287  x:  0.00126   0.03860   0.00526   0.00325   0.00576   0.00372   0.00740   0.00000   0.00372   0.00377   0.01120   0.00570   0.01273   0.02225   0.07533   0.12980   0.03099   0.03276   0.02246   0.00250   0.02235   0.04401   0.02429   0.02565   0.06365   0.07896   0.00200   0.03616   0.07692  
 28  0.3567   4180.303285  x:  0.00126   0.03860   0.00526   0.00325   0.00576   0.00372   0.00740   0.00000   0.00372   0.00377   0.01120   0.00570   0.01273   0.02225   0.07534   0.12980   0.03099   0.03276   0.02246   0.00250   0.02235   0.04401   0.02429   0.02565   0.06365   0.07898   0.00200   0.03616   0.07691  
 29  0.0974   4180.302986  x:  0.00126   0.03846   0.00526   0.00324   0.00575   0.00372   0.00741   0.00000   0.00372   0.00377   0.01121   0.00569   0.01273   0.02225   0.07532   0.12980   0.03089   0.03287   0.02246   0.00251   0.02234   0.04402   0.02428   0.02564   0.06365   0.07899   0.00201   0.03614   0.07690  
 30  0.0027   4180.300936  x:  0.00124   0.03856   0.00523   0.00320   0.00564   0.00374   0.00747   0.00000   0.00373   0.00375   0.01127   0.00562   0.01275   0.02223   0.07522   0.12982   0.03098   0.03269   0.02238   0.00258   0.02224   0.04400   0.02425   0.02561   0.06370   0.07904   0.00203   0.03617   0.07696  
 31  0.5423   4180.300883  x:  0.00124   0.03855   0.00522   0.00320   0.00563   0.00373   0.00746   0.00000   0.00372   0.00375   0.01127   0.00563   0.01276   0.02223   0.07519   0.12979   0.03098   0.03269   0.02236   0.00257   0.02222   0.04399   0.02425   0.02562   0.06369   0.07903   0.00204   0.03617   0.07694  
 32  0.0001   4180.300881  x:  0.00124   0.03855   0.00522   0.00320   0.00563   0.00373   0.00746   0.00000   0.00372   0.00374   0.01127   0.00563   0.01275   0.02223   0.07519   0.12978   0.03098   0.03269   0.02236   0.00257   0.02223   0.04399   0.02425   0.02563   0.06369   0.07903   0.00204   0.03617   0.07694  
 33  0.0000   4180.300881  x:  0.00124   0.03855   0.00522   0.00320   0.00563   0.00373   0.00746   0.00000   0.00372   0.00374   0.01127   0.00563   0.01275   0.02223   0.07519   0.12978   0.03098   0.03269   0.02236   0.00257   0.02223   0.04399   0.02425   0.02563   0.06369   0.07903   0.00204   0.03617   0.07694  
 34  0.0000   4180.300881  x:  0.00124   0.03855   0.00522   0.00320   0.00563   0.00373   0.00746   0.00000   0.00372   0.00374   0.01127   0.00563   0.01275   0.02223   0.07519   0.12978   0.03098   0.03269   0.02236   0.00257   0.02223   0.04399   0.02425   0.02563   0.06369   0.07903   0.00204   0.03617   0.07694  